# {0} signal over time, extracted at r = 500 km
# All quantities are measured in a resting observer's frame at infinity
# cols=4 rows=712
#              time        luminosity               <e>             <e^2>
#               "s"           "foe/s"           "MeV^1"           "MeV^2"
  -4.5831459499e-04  1.0762102653e-06    7.092521155943   63.516032009739
  -4.0950215882e-04  1.0787374021e-06    4.670890071279   32.485288723873
  -3.9821174522e-04  1.0874554654e-06    4.473207940536   29.959345255725
  -3.8723529165e-04  1.0986159255e-06    4.321297972797   28.021127600495
  -3.7774416612e-04  1.1104108686e-06    4.211585471684   26.629207590960
  -3.6914077286e-04  1.1226284117e-06    4.126185666325   25.545798078823
  -3.6127519918e-04  1.1350102831e-06    4.057947897042   24.679111606244
  -3.5362374963e-04  1.1481152972e-06    3.999032590579   23.929937462695
  -3.4625808595e-04  1.1616859518e-06    3.948143323276   23.282230933866
  -3.3873917956e-04  1.1764808078e-06    3.901332900412   22.685414704744
  -3.2998751579e-04  1.1948763257e-06    3.852317853244   22.059726827360
  -3.2181420304e-04  1.2131813967e-06    3.811209951689   21.533740629747
  -3.1341093221e-04  1.2331309656e-06    3.772998663011   21.043570732781
  -3.0879918286e-04  1.2445657558e-06    3.753617522931   20.794261838450
  -3.0084666257e-04  1.2650899405e-06    3.722436749708   20.392226112354
  -2.9326288069e-04  1.2856294971e-06    3.695114697095   20.038296689221
  -2.8785105004e-04  1.3008592226e-06    3.676960330407   19.802279011149
  -2.8018087156e-04  1.3232679873e-06    3.652968167433   19.489202027122
  -2.7232059036e-04  1.3472466328e-06    3.630301885280   19.192091994440
  -2.6494158346e-04  1.3707280506e-06    3.610608602310   18.932930881585
  -2.5874926554e-04  1.3911985720e-06    3.595090426604   18.728296893296
  -2.5763085095e-04  1.3949723732e-06    3.592390659256   18.692624938970
  -2.5183480241e-04  1.4149109507e-06    3.578830717042   18.513207281083
  -2.4645780128e-04  1.4339856043e-06    3.566875248254   18.354631710909
  -2.4330085169e-04  1.4454476736e-06    3.560138704149   18.265060285597
  -2.3471707706e-04  1.4776097788e-06    3.542744809160   18.033098117828
  -2.3078157699e-04  1.4928411169e-06    3.535162851729   17.931773670284
  -2.2213609334e-04  1.5274061768e-06    3.519463776625   17.720951178798
  -2.1404714491e-04  1.5611209312e-06    3.505799815174   17.536479088069
  -2.0645223109e-04  1.5940010074e-06    3.493828287175   17.373888337959
  -1.9753611277e-04  1.6341259910e-06    3.480739389891   17.194947064958
  -1.9220362618e-04  1.6589153205e-06    3.473376580838   17.093642140653
  -1.8800260095e-04  1.6788883850e-06    3.467812164870   17.016680739848
  -1.8018998032e-04  1.7171070309e-06    3.457960036864   16.879792172205
  -1.7609480476e-04  1.7377024976e-06    3.453040848233   16.811101368913
  -1.7330257475e-04  1.7519692151e-06    3.449781563800   16.765467848898
  -1.6487027084e-04  1.7961702305e-06    3.440373443673   16.633094355089
  -1.5558137853e-04  1.8468139234e-06    3.430720409929   16.496206873441
  -1.4596786032e-04  1.9014030461e-06    3.421450836518   16.363575881819
  -1.3918466625e-04  1.9412601946e-06    3.415316100182   16.275082218872
  -1.3380263610e-04  1.9736815475e-06    3.410680426667   16.207808278383
  -1.2453064833e-04  2.0311946928e-06    3.403125106257   16.097289754985
  -1.2111689166e-04  2.0528971154e-06    3.400472388744   16.058179563612
  -1.1710881499e-04  2.0787483502e-06    3.397450758277   16.013478643689
  -1.1037528428e-04  2.1230752714e-06    3.392583695998   15.940992584392
  -1.0133467716e-04  2.1843938527e-06    3.386410194812   15.848323738565
  -9.8005714955e-05  2.2075225416e-06    3.384230083595   15.815427438934
  -9.4497230655e-05  2.2322254533e-06    3.381988928144   15.781502445656
  -8.6426874633e-05  2.2903352992e-06    3.377050227277   15.706253584671
  -7.8688004703e-05  2.3477500647e-06    3.372583261448   15.637584390025
  -7.1647885724e-05  2.4014317723e-06    3.368736254554   15.577914956200
  -6.5200931139e-05  2.4518115701e-06    3.365386295491   15.525499355792
  -5.8958845308e-05  2.5017070419e-06    3.362293322289   15.476691246169
  -5.2968351472e-05  2.5506302628e-06    3.359459897502   15.431573196212
  -4.7751911566e-05  2.5940644784e-06    3.357095252948   15.393602237617
  -4.2847022800e-05  2.6356138176e-06    3.354957468508   15.358985219722
  -3.7641415227e-05  2.6804664882e-06    3.352774850779   15.323348069871
  -3.2906070511e-05  2.7219446944e-06    3.350866488434   15.291903484458
  -2.8322596471e-05  2.7627098404e-06    3.349086332895   15.262314792714
  -2.3803329811e-05  2.8035004580e-06    3.347394360778   15.233941276707
  -1.9269029488e-05  2.8450245823e-06    3.345758017251   15.206241615963
  -1.5096704933e-05  2.8837639897e-06    3.344307365783   15.181430881583
  -1.0777143833e-05  2.9244092835e-06    3.342856250397   15.156394496580
  -6.2131261782e-06  2.9679508985e-06    3.341382984770   15.130667535893
  -2.0805536593e-06  3.0079087780e-06    3.340097178403   15.107975354091
   1.6721216676e-06  3.0446315436e-06    3.338971556033   15.087882280972
   5.5389016554e-06  3.0829107180e-06    3.337850405415   15.067655343106
   9.3540005028e-06  3.1211165507e-06    3.336783000373   15.048175708633
   1.3148690310e-05  3.1595513999e-06    3.335759762244   15.029263028945
   1.6800609611e-05  3.1969512199e-06    3.334809557022   15.011482345527
   1.9762721932e-05  3.2275829139e-06    3.334064288549   14.997366114474
   2.6121120461e-05  3.3395802446e-06    3.327441773254   14.933892011496
   3.9881687098e-05  3.4906844122e-06    3.324561456000   14.874431516553
   5.5978425696e-05  3.6740603728e-06    3.321851687895   14.812373977404
   7.2445296993e-05  3.8693933812e-06    3.319757565559   14.756378323423
   8.8424655373e-05  4.0666354524e-06    3.318345991114   14.708852608569
   1.0418318495e-04  4.2687511610e-06    3.317567387615   14.668602505289
   1.1989743174e-04  4.4781275732e-06    3.317337510008   14.634467126019
   1.3715371130e-04  4.7175327309e-06    3.317687299058   14.603596712817
   1.5326822199e-04  4.9505153303e-06    3.318567286339   14.580823357606
   1.7028154203e-04  5.2068242117e-06    3.320080619285   14.563088335785
   1.8587804226e-04  5.4514878035e-06    3.321983681832   14.552376002182
   2.0337229937e-04  5.7374238096e-06    3.324693537766   14.546520617095
   2.2010437425e-04  6.0227187030e-06    3.327841906996   14.546866223043
   2.3741517807e-04  6.3305159184e-06    3.331659446563   14.553198601355
   2.5577994942e-04  6.6716208298e-06    3.336317709217   14.566401080419
   2.7398072832e-04  7.0249927440e-06    3.341536092956   14.585907871800
   2.9281702281e-04  7.4072837215e-06    3.347549497076   14.612653419641
   3.1309019264e-04  7.8381546117e-06    3.354695320021   14.648679617948
   3.3367248705e-04  8.2967215889e-06    3.362636752061   14.692683111344
   3.5404166557e-04  8.7719404530e-06    3.371146384064   14.743330892366
   3.7567018880e-04  9.3002309034e-06    3.380851669688   14.804514871185
   3.9868022803e-04  9.8894109664e-06    3.391873115904   14.877495700795
   4.2313602929e-04  1.0546959067e-05    3.404246727211   14.963042388421
   4.4887360117e-04  1.1276953923e-05    3.417635897689   15.059390177817
   4.7644872058e-04  1.2120848928e-05    3.430658397931   15.158255936460
   5.0637772649e-04  1.3229494124e-05    3.434059470727   15.185669956667
   5.3367027951e-04  1.4832290665e-05    3.412257284970   14.986826196520
   5.6538102504e-04  1.8226809953e-05    3.326542600554   14.147410437181
   5.9940995092e-04  2.4562372417e-05    3.239765653323   13.194495025611
   6.3575444742e-04  3.5323512403e-05    3.199830193368   12.673400015122
   6.7514820781e-04  5.3249912371e-05    3.194625036281   12.449640761866
   7.1688235434e-04  8.2057390523e-05    3.227951201523   12.541257448787
   7.6132715435e-04  1.2777540657e-04    3.291221834316   12.935471020080
   8.0886342159e-04  1.9975624042e-04    3.363318933547   13.457373222055
   8.5829303533e-04  3.0957392873e-04    3.421007090487   13.931287312591
   9.1067543354e-04  4.8008435638e-04    3.449785944616   14.182558220042
   9.6342741099e-04  7.2992340088e-04    3.487978014129   14.472516697001
   1.0235877107e-03  1.1542467711e-03    3.540595125675   14.925178217009
   1.0953626465e-03  1.9597593828e-03    3.609227437054   15.518641453332
   1.1758959804e-03  3.4593386728e-03    3.679604596606   16.119383678975
   1.2622568933e-03  6.1991793247e-03    3.759335467530   16.811115176006
   1.3591880893e-03    0.011629099209    3.840486974191   17.527848410949
   1.4691442053e-03    0.022786139180    3.931780941529   18.336589603730
   1.5911091334e-03    0.045580675655    4.040052480696   19.306635953898
   1.7351136081e-03    0.093980615633    4.201383651178   20.815529310083
   1.8662484951e-03    0.162096100149    4.383797342555   22.654033741554
   2.0217292663e-03    0.273397034108    4.651912687454   25.582960448513
   2.1741268227e-03    0.416307624292    4.966088436129   29.265644973083
   2.3415659972e-03    0.618871231654    5.373122395669   34.429239603073
   2.5105235716e-03    0.886861630657    5.842555867485   40.883436946234
   2.6766890921e-03    1.228342550874    6.346571978184   48.383029226937
   2.8428546125e-03    1.651111173311    6.856546458967   56.537395083185
   3.0347608020e-03    2.224612904125    7.411489023725   66.017850749264
   3.2353775911e-03    2.885339101310    7.934615413852   75.567048463431
   3.4359943803e-03    3.567204313745    8.395261487121   84.493882639317
   3.6366111694e-03    4.237263257229    8.798830672648   92.769835331567
   3.8372279585e-03    4.874121203492    9.152198997257  100.412391226282
   4.0378447476e-03    5.464841552485    9.462556849293  107.467987036606
   4.2384615367e-03    6.005418144845    9.736106760067  113.980309866286
   4.4909847982e-03    6.614268527880   10.036796879211  121.493097928740
   4.7354927396e-03    7.130688464873   10.289884843111  128.138700214788
   4.9777819424e-03    7.575838226943   10.508432325614  134.146647474871
   5.2297324234e-03    7.968995753891   10.703947317183  139.771970312764
   5.4798986492e-03    8.284264156645   10.864447555095  144.624301701315
   5.7300648749e-03    8.538523907462   10.992325675075  148.686723400523
   5.9813499659e-03    8.757077224253   11.096496165762  152.119340624306
   6.2325967449e-03    8.966628632782   11.182326718976  155.010907460382
   6.4844615260e-03    9.180674845449   11.255269106463  157.487776875206
   6.7362094674e-03    9.400479091875   11.315970165979  159.559740981371
   6.9870674039e-03    9.622695756503   11.371309273114  161.412191960044
   7.2392065230e-03    9.843126909931   11.422061300704  163.083624007270
   7.4902292385e-03   10.069438761476   11.471398037562  164.667156391478
   7.7402580963e-03   10.310362969913   11.523250645777  166.282531101236
   7.9920066619e-03   10.576237502229   11.578544585599  167.967692371067
   8.2437552275e-03   10.873029759408   11.636349266385  169.701647508438
   8.4955037932e-03   11.198058703441   11.697838997877  171.521124893161
   8.7472523588e-03   11.548811125114   11.760574234101  173.371594679274
   8.9990009244e-03   11.913536176334   11.827522650728  175.346471928214
   9.2507494900e-03   12.296567042861   11.893438184674  177.288967497182
   9.5075221938e-03   12.687424989706   11.963483186618  179.364221417715
   9.7593952727e-03   13.080426475388   12.030036450517  181.331151135576
     0.010011268352   13.470954063926   12.094280809009  183.242123340726
     0.010263141431   13.868226116073   12.157096296673  185.096187610669
     0.010515014510   14.284005354116   12.214608197418  186.780043156709
     0.010766887589   14.696189777649   12.272710848681  188.502129276004
     0.011018760668   15.107862904443   12.328398019487  190.166463969904
     0.011270633746   15.530037974465   12.376387459015  191.578638300850
     0.011522506825   15.962174823688   12.428070983703  193.084049889705
     0.011774379904   16.393106912024   12.484324961648  194.748025924961
     0.012026252983   16.809763740438   12.529417402142  196.076777091455
     0.012278126062   17.223084385207   12.567481170338  197.167566018848
     0.012529999141   17.650717749203   12.614646192249  198.549179479559
     0.012781872220   18.076947925557   12.663991699492  200.033192443498
     0.013033745299   18.470612136828   12.699045711575  201.071279103089
     0.013289372972   18.859444881131   12.727143583180  201.855044672237
     0.013545337836   19.278110691717   12.766965240667  203.004612960573
     0.013801302699   19.675261014040   12.809446095500  204.296996419455
     0.014057267562   20.024246521182   12.838120144625  205.178144963774
     0.014313232425   20.368815786066   12.858903991391  205.758889653665
     0.014569197289   20.740473216423   12.881953206990  206.372585023326
     0.014825162152   21.103701917958   12.909832802264  207.211990761836
     0.015081127015   21.418491197704   12.938098428453  208.137277190098
     0.015337091878   21.711584641339   12.960342181194  208.833131115292
     0.015587603080   22.013762608638   12.977674143929  209.307355385569
     0.015843934363   22.339277229809   12.994126671250  209.736162990704
     0.016106382602   22.646204245358   13.014327727610  210.342302966281
     0.016363020764   22.907750945303   13.036099013053  211.050337347341
     0.016617256331   23.167345381332   13.056165388023  211.678597148508
     0.016875661423   23.445002650015   13.072881027288  212.140284949421
     0.017128972350   23.695920462748   13.078065533086  212.203200726303
     0.017379013557   23.927005127600   13.080970009110  212.234983635029
     0.017635789230   24.169206244291   13.096598976466  212.759942697714
     0.017891712241   24.413826301796   13.122228020933  213.639747480654
     0.018148485280   24.662950408353   13.144077304927  214.332462479855
     0.018399294818   24.877933738258   13.150058017638  214.457451278410
     0.018650104357   25.058504624543   13.146886955474  214.295967450260
     0.018900913896   25.244433373963   13.149402790119  214.347083988590
     0.019157771857   25.465835485110   13.166660477316  214.898082818654
     0.019411299274   25.695839671352   13.192842450859  215.765194121424
     0.019666212849   25.898727135595   13.208503668668  216.284411454674
     0.019918875061   26.061530532459   13.211034197551  216.363747857029
     0.020171537273   26.202891777217   13.210110779996  216.313799667538
     0.020424199484   26.337809336141   13.209375085125  216.270133062787
     0.020680022572   26.492927764173   13.212814401615  216.363700398992
     0.020933071952   26.680236226461   13.221307295208  216.584469791133
     0.021190134694   26.873454508559   13.228491096086  216.761127726841
     0.021447925211   27.045425123527   13.238386238857  217.123494047937
     0.021705715727   27.192625172749   13.247892042259  217.508959656832
     0.021963506244   27.329114310281   13.253082307087  217.738249400295
     0.022219138422   27.471862138856   13.257789624697  217.949545151069
     0.022471046637   27.625616014375   13.262216833999  218.113720776734
     0.022725858627   27.762906316008   13.255648972413  217.863385218868
     0.022977563113   27.892785445474   13.247610953379  217.600383282318
     0.023229267598   28.023662362368   13.245637869163  217.558083486715
     0.023480972084   28.159506041585   13.252831130128  217.840285534952
     0.023733041803   28.292705038346   13.263709143458  218.264272928670
     0.023985339794   28.436254041640   13.274550524256  218.675000350186
     0.024240529152   28.576862701494   13.278102883768  218.794739440565
     0.024491937899   28.693442330091   13.275650072366  218.713159194317
     0.024747213443   28.786523877470   13.272354760404  218.627511773973
     0.025000063295   28.851736653073   13.267157316677  218.488511363260
     0.025020564634   28.856537711707   13.266809973373  218.480991714960
     0.025020564634   30.335938935521   13.266810065353  218.480994744457
     0.026036755146   29.218845557242   13.281572204236  218.997434722578
     0.027047860488   29.402282903634   13.278011473072  219.356890612115
     0.028058839012   29.652310133613   13.287705976234  219.554309578674
     0.029061464713   29.784798470301   13.273163885565  219.033579159345
     0.030067038330   30.009727725321   13.301638571942  220.160892487094
     0.031068673219   30.138725725931   13.279070275093  219.441646368811
     0.032069207787   30.360251723144   13.291137835425  219.880657842783
     0.033069742354   30.620260884958   13.301089854901  220.121269088637
     0.034070276922   30.811355822498   13.330766560902  221.377670202491
     0.035070811490   30.915655073363   13.345875790220  221.985077791077
     0.036071346058   31.044662647600   13.337313493265  221.549319060283
     0.037071880626   31.151130083714   13.348605191561  222.052689099018
     0.038072415193   31.244591017597   13.356328772915  222.378442651249
     0.039072949761   31.487610974743   13.381428191761  223.234729225677
     0.040073484329   31.580761129196   13.392839742255  223.788293314238
     0.041074018897   31.711965292166   13.410713849749  224.551525587351
     0.042074553465   31.829923469241   13.413569740871  224.555630342337
     0.043075088032   31.713018926755   13.410653687951  224.610101241772
     0.044075622600   31.635050581377   13.415378759790  224.861015266118
     0.045076157168   31.798881431347   13.413780814994  224.635473432552
     0.046076691736   31.972556804135   13.442938791637  225.808913447751
     0.047077226304   31.811343083499   13.438170493428  225.720218337204
     0.048077760871   31.780122988469   13.444480351734  225.898596701533
     0.049078295439   31.864633484004   13.476744117857  227.000430701045
     0.050078830007   31.882823020678   13.507001816422  228.127044458390
     0.051079364575   31.942485752754   13.536612978747  229.127460270743
     0.052079899143   31.978520675562   13.553146578247  229.529491651551
     0.053080433710   31.910492669465   13.566361942241  230.072169592697
     0.054080968278   31.794342431228   13.569537370974  230.024718895834
     0.055081502846   31.733917396391   13.564376148165  229.751208041912
     0.056082037414   31.750887817479   13.583303723135  230.477050378534
     0.057082571982   31.587059834611   13.577822911547  230.155082687182
     0.058083106549   31.427214604114   13.561906043455  229.549083688916
     0.059083641117   31.560460610556   13.584083248304  230.390789320393
     0.060084175685   31.682582028285   13.609850239192  231.402777910276
     0.061084710253   31.673496230515   13.617681446720  231.757089486295
     0.062085244821   31.604488215153   13.616607534340  231.765101736291
     0.063085779388   31.507682204814   13.623601573440  232.146671723660
     0.064086313956   31.510729691672   13.643355225909  232.964113785015
     0.065086848524   31.476280900295   13.647519205730  232.976344200033
     0.066087383092   31.369062708217   13.638701293809  232.630472034145
     0.067087917660   31.308988234425   13.643107235954  232.825463494018
     0.068088452227   31.283939613575   13.654694467130  233.271038547515
     0.069088986795   31.263731966321   13.668803712930  233.828603768129
     0.070089521363   31.281088873668   13.684705195160  234.424108704384
     0.071090055931   31.317416830651   13.703191453914  235.116465353136
     0.072090590499   31.299536864723   13.714357035828  235.522812571150
     0.073091098166   31.258509251184   13.723421860942  235.882526807559
     0.074091592300   31.213031364593   13.733016926269  236.301347291332
     0.075092086435   31.179799444802   13.745869951917  236.847250968459
     0.076092580569   31.184337920144   13.761692466391  237.443973591298
     0.077093074704   31.179220014201   13.775533926934  237.964610146535
     0.078093568838   31.126877107727   13.785198695331  238.385174783752
     0.079094062973   31.044925332752   13.793790578921  238.794208391070
     0.080094557108   30.984485294241   13.803514034501  239.215840916033
     0.081095051242   30.992536588852   13.816758365297  239.705713519545
     0.082095545377   30.998117251364   13.829205235287  240.164806749887
     0.083096039511   30.883250784462   13.831029207639  240.257750039447
     0.084096533646   30.797645556381   13.838250709204  240.579832966967
     0.085097027780   30.777511639011   13.853461205288  241.281299068172
     0.086097521915   30.818704542185   13.881516324734  242.562429926951
     0.087098016050   30.778504152130   13.894242389584  243.091401058145
     0.088098510184   30.702720928215   13.900195510569  243.335483603673
     0.089099004319   30.643036320621   13.909608230115  243.727527531833
     0.090011219559   30.618604389613   13.920443435747  244.198700852660
     0.091011713694   30.533395503520   13.931072944261  244.658975363339
     0.092012207828   30.513475369863   13.934696547418  244.942393406424
     0.093012701963   30.475172130191   13.956978701777  246.025622691955
     0.094013196097   30.452663978118   13.976764432292  246.924560373441
     0.095013690232   30.311919570578   13.976291121688  246.986694612781
     0.096014184367   30.240088880452   13.982157144641  247.223392840856
     0.097014678501   30.134534116165   13.985507108175  247.416087980322
     0.098015172636   30.074970312023   13.994460687601  247.834085388961
     0.099015666770   29.966810054837   13.996033452058  247.909342041948
     0.100016160905   29.885784675270   14.000706974988  248.115733954474
     0.101035204984   29.791766725098   14.004427750861  248.277938653718
     0.102048499005   29.717134643447   14.008344245732  248.608469082759
     0.103061817986   29.653910391362   14.021890277380  249.075130733455
     0.104075136967   29.564939266664   14.034065477369  249.832207297301
     0.105088455949   29.469992630170   14.042643653599  250.255839263139
     0.106088663458   29.433471797994   14.052812041409  250.701245004699
     0.107089249614   29.321257012985   14.055209839755  250.844195219793
     0.108089835771   29.229118210936   14.058275476647  250.891044982982
     0.109090421927   29.134531070703   14.057016104637  250.881404524211
     0.110091008084   29.003147079063   14.056537122543  250.948676014866
     0.111091594240   28.917243053936   14.061787889318  251.221086226053
     0.112092180397   28.910812601471   14.084455018290  252.362290255131
     0.113092766553   28.807907991140   14.089603868667  252.632143500494
     0.114093352710   28.687585113939   14.086927220076  252.556937949849
     0.115093938866   28.628255046537   14.094572731734  252.875197099321
     0.116094525023   28.579531123150   14.102104276719  253.183372735308
     0.117095111179   28.412787956165   14.093565025938  252.860766742426
     0.118095697336   28.351484302360   14.108235557448  253.695000830038
     0.119096283492   28.320623638818   14.129210075922  254.718107303534
     0.120110902798   28.219743324548   14.130701816582  254.817723706958
     0.121125807486   28.109220882995   14.128440665876  254.723909875472
     0.122140712173   28.030938721895   14.128651878294  254.755275444673
     0.123155616861   27.900073264281   14.125584413339  254.664703532756
     0.124170521548   27.755877576911   14.121654878706  254.606760011760
     0.125171600777   27.752181139733   14.147642583937  255.981041586507
     0.126183706787   27.639247855383   14.151364024439  256.223605399405
     0.127185140922   27.534864432469   14.148568648838  256.119505406959
     0.128186575056   27.462890986558   14.150825835843  256.237362128151
     0.129188009191   27.323049775816   14.143475702244  255.949947732854
     0.130197239657   27.205552702467   14.139775433573  255.797747938815
     0.131210111381   27.163025880912   14.158304133529  256.941999965370
     0.132222983104   27.116875706223   14.175754991730  257.790506405448
     0.133230248108   27.015784477511   14.170642748153  257.542128156140
     0.134241220403   26.917453020511   14.169877572862  257.469290386650
     0.135252192698   26.835538109589   14.169698964422  257.479502103892
     0.136263164994   26.724980226704   14.170077873587  257.712595992617
     0.137265105366   26.701688015712   14.195559464488  259.034039437480
     0.138280010053   26.594659354054   14.192215308203  258.945606425059
     0.139294914741   26.515099750613   14.188252211360  258.783997197462
     0.140297708188   26.404886301449   14.181578493760  258.454517614834
     0.141302003617   26.305621054871   14.183031172324  258.505312533772
     0.142306299046   26.308358723358   14.210980571387  260.121969383800
     0.143310594475   26.204638538963   14.212286282280  260.202247542353
     0.144314889905   26.104781134056   14.205738438654  259.921758916189
     0.145319185334   26.014359678295   14.201903838908  259.738760600467
     0.146322099459   25.911658809058   14.198223074298  259.501245078833
     0.147323533593   25.886316007040   14.214152203208  260.602921858001
     0.148324967728   25.861116187928   14.230477716704  261.455678651702
     0.149326434927   25.753197969716   14.228291602293  261.325185920059
     0.150337561035   25.668533767942   14.226535364459  261.167749952304
     0.151348687143   25.528750402341   14.212351440542  260.560908544457
     0.152353973287   25.449638163032   14.211904572117  260.691646774787
     0.153367032693   25.440224041455   14.233174531938  262.168895463338
     0.154380092099   25.373028929166   14.237968230657  262.234879845476
     0.155393151506   25.257289740820   14.226730157095  261.718625432444
     0.156406210171   25.154159306214   14.219844829747  261.329238112579
     0.157419254752   25.081151755003   14.220127533395  261.434937988287
     0.158432299334   25.030778618970   14.235957594785  262.606581023254
     0.159445343915   24.949061051873   14.232089516912  262.378118030735
     0.160447513960   24.886797329510   14.230195015299  262.213061011048
     0.161448997407   24.812999126979   14.227935092210  261.990878749029
     0.162455576275   24.736446674429   14.224779246308  261.820078868694
     0.163462155143   24.665218427038   14.232248761158  262.708011521729
     0.164468734011   24.616536805919   14.245041481905  263.364236512037
     0.165471599755   24.541579725718   14.236705365366  262.905506532530
     0.166486504443   24.429486893101   14.225304792851  262.112723308097
     0.167500500179   24.445358837464   14.247685225612  263.847249257675
     0.168504694087   24.368991752063   14.248947336108  263.731424129905
     0.169508887994   24.310382773719   14.237061194076  263.212383043539
     0.170513081902   24.200170499502   14.229893957209  262.762403779762
     0.171517275809   24.131688490713   14.231085856010  262.828377960233
     0.172521469717   24.031690313671   14.224625440336  263.013117851951
     0.173522926447   24.042403801779   14.253843891778  264.671310330314
     0.174535985854   23.971589917836   14.255342555840  264.615663759603
     0.175550263493   23.921604464207   14.242176845210  264.225465346682
     0.176565168181   23.782525694333   14.232543213664  263.559509391712
     0.177580072868   23.743074162756   14.226976024411  263.266198903768
     0.178580596892   23.631040872584   14.220100177184  262.966409439196
     0.179595501579   23.599151433740   14.225050588778  263.610473327864
     0.180599468546   23.557393166625   14.245851728732  264.875628556809
     0.181602179118   23.512439847364   14.255718086236  264.804135126336
     0.182604995863   23.355076102958   14.204146090500  262.972204923005
     0.183612548422   23.296858917847   14.220220708499  263.804578461139
     0.184622846228   23.133866958860   14.181965635498  262.185664278790
     0.185628681404   23.064472306065   14.197226876969  262.665870902355
     0.186636382219   22.911566732008   14.186487281111  261.475084550814
     0.187642352801   22.796562625655   14.145485846414  260.643439749304
     0.188645167245   22.717036056004   14.162238758155  260.840235391227
     0.189613374899   22.514708365747   14.121195610272  258.616104530608
     0.190625971828   22.495141581243   14.137170082695  259.650062789208
     0.191551588734   22.321213198796   14.093261883328  257.648257632558
     0.192553805766   22.254566971865   14.108641804780  258.082051380811
     0.193562926499   22.057026342813   14.066720953788  256.728147150928
     0.194478275019   21.909249809749   14.037229891382  255.048446897294
     0.195486216192   21.764560508598   14.024244937384  254.385418449959
     0.196488860716   21.647333261715   14.000763050578  253.625144054202
     0.197489632515   21.479224407540   13.968676318568  251.992271954218
     0.197692630256   21.446761505625   13.963906421203  251.823205324105
     0.198699618333   21.312445439327   13.948933231333  251.154049608645
     0.199704835294   21.162083762075   13.909554541965  249.464193538407
     0.200721087624   21.050571437831   13.888273025914  248.550492433114
     0.201723324162   20.877491823652   13.858019755829  247.046621965553
     0.202725323160   20.829342899170   13.859143986381  247.356962619068
     0.203729270203   20.750310823938   13.856025587840  247.403617758712
     0.204744174890   20.690388274822   13.850202195222  247.083360289372
     0.205759079578   20.637272425005   13.851126412718  247.448717465588
     0.206773984265   20.572424655509   13.857452276153  247.794113359937
     0.207788888953   20.498543538195   13.849522705272  247.510940405184
     0.208803793640   20.423011569014   13.838497448497  246.901599709088
     0.209818698328   20.375887589145   13.839871411817  247.240047450319
     0.210833603015   20.344394297926   13.850472440069  247.756160794374
     0.211848507703   20.274443932910   13.838264444788  247.124905541058
     0.212858471625   20.220091681026   13.837117077544  247.285092226174
     0.213865417336   20.221722838609   13.852232036792  248.295447033499
     0.214873582977   20.175777709010   13.858885567868  248.095573848828
     0.215878596062   20.083814898372   13.841197574720  247.344279366126
     0.216885777817   20.091461647317   13.861571341363  248.805653036000
     0.217886167244   20.043312014460   13.868083360071  249.004493393265
     0.218888020334   19.992716583009   13.865574326355  248.752880928417
     0.219899406031   19.926113000310   13.855550316863  248.414231463682
     0.220904219006   19.886251466413   13.855959064681  248.362876860938
     0.221915125107   19.814822679640   13.846850224773  247.957871501532
     0.222917865662   19.763541816752   13.842527920812  247.809426331245
     0.223919824673   19.757141315381   13.861469335111  249.068654359894
     0.224926533788   19.712131309623   13.863307736242  248.865412350708
     0.225929365233   19.660020112215   13.851167631712  248.328897648233
     0.226940141941   19.595684501850   13.845510256811  248.196201972930
     0.227944789996   19.608025546650   13.870129091001  249.618512369494
     0.228951095936   19.559357820442   13.867019323497  249.363659711210
     0.229955249934   19.506899781786   13.850299478088  248.625881703839
     0.230962297374   19.467952062639   13.860177390585  248.753489179787
     0.231972325559   19.437777630755   13.859590247944  249.258461326727
     0.232978050885   19.418867807436   13.872051733438  249.869438965901
     0.233990775610   19.377668246209   13.866388279492  249.593979743179
     0.234992975127   19.325188671610   13.861664822440  249.062917118212
     0.235997871506   19.298142828835   13.859966776294  249.407404718922
     0.236998577757   19.319104428518   13.885449216783  250.903704538295
     0.238004987535   19.268964182317   13.878290175825  250.553422056246
     0.239008535026   19.226819214648   13.856677226492  249.914211858025
     0.240010787507   19.176694056319   13.895189444942  250.293595295919
     0.241011182478   19.125422112033   13.876784722753  249.623618520466
     0.242017106028   19.148265359912   13.858148648395  250.231056521046
     0.243023024429   19.111412952670   13.880077479032  250.517666182585
     0.244029417415   19.085143673265   13.882188791600  250.354202267895
     0.245037639667   19.025807937046   13.836552044646  249.393567474206
     0.246044435078   19.008353089704   13.903607429231  250.599108231131
     0.247030261169   18.956113707147   13.846462591857  249.687913092537
     0.248033851820   18.990222685805   13.915886568130  251.997247040053
     0.249036758628   18.945671710977   13.897330660423  251.128551143937
     0.250047977292   18.907132216989   13.885387217717  250.607471498819
     0.251053808381   18.914793656524   13.902056796888  251.575612070864
     0.252058555672   18.914177621487   13.928040394531  252.879647397667
     0.253061391110   18.897760375833   13.921371362405  252.723343633027
     0.254065876439   18.840726968461   13.912473010081  252.152919731686
     0.255069151504   18.806582625394   13.911774583266  251.866553581501
     0.256073230416   18.751609432187   13.896380694004  251.164484950356
     0.257081527171   18.718841674928   13.898838612031  251.193680323537
     0.258083395910   18.728466245198   13.915937039558  252.546935655642
     0.259086160333   18.703778327861   13.921068981284  252.855221251717
     0.260095093404   18.669015793786   13.925237222236  252.785610039437
     0.261102028120   18.645390314721   13.919366247727  252.632821645050
     0.262110779021   18.607858740486   13.918011466183  252.377948320475
     0.263118794084   18.584198966367   13.910277935871  251.984506520911
     0.264126857150   18.536286317665   13.916590401234  252.099144402917
     0.265128068912   18.565687204241   13.942583053637  254.050832743531
     0.265966692371   18.547299996049   13.948301589906  254.216562825376
     0.266745697696   18.524748177534   13.940188847175  253.969676134892
     0.267753566627   18.456142038406   13.948106560248  253.105568494478
     0.268764495528   18.401087546277   13.897126965960  251.136213379383
     0.269777248414   18.350067533342   13.887629903983  250.803092313774
     0.270787820021   18.333515283529   13.895654779176  250.973706239917
     0.271795156954   18.279776266347   13.886761005860  250.952138712162
     0.272802588926   18.335199095001   13.936455685618  253.488836690523
     0.273810397410   18.315974357823   13.934255131552  253.477199687714
     0.274812395046   18.258977668114   13.921176559004  252.416373577167
     0.275814443894   18.225378785838   13.905361817270  251.500343783062
     0.276815994426   18.157834128359   13.893875363604  250.960448911428
     0.277824214250   18.200319681040   13.921899699381  252.904250819642
     0.278837812329   18.211106679574   13.938719036188  253.706186599406
     0.279845982002   18.184463007329   13.941659864530  253.654906127803
     0.280849978885   18.180242664666   13.943001153965  253.817727325233
     0.281850154429   18.158690218538   13.946389438613  253.892969649082
     0.282857297056   18.134477146823   13.942374273806  253.685134384196
     0.283862158246   18.114007461955   13.943088722535  253.587337415342
     0.284863556761   18.077137435645   13.937136393052  253.138650025575
     0.285877409918   18.064848680578   13.942598684754  253.256886438558
     0.286890269065   18.057815650072   13.940541050028  253.677316136707
     0.287899647015   18.104101657513   14.003874711234  256.442378800386
     0.288905269833   18.097462279790   13.998931329784  256.665264799334
     0.289917796103   18.057011882169   14.000591153592  256.596879343434
     0.290921687576   18.039982700737   13.990683224397  256.573885810402
     0.291929287950   18.013396359974   14.011365601574  256.889455029518
     0.292930926021   17.987459147527   14.005848793987  256.833497559102
     0.293937401538   17.960131466506   13.990931286769  256.549761397188
     0.294925671723   17.946451808618   14.004627976467  256.612607569731
     0.295926367118   17.914142161630   14.001619765384  256.451912753585
     0.296933711702   17.878091193410   13.995557769864  256.269299075610
     0.297936962297   17.870835421117   13.995566074638  256.095018407797
     0.298933292926   17.848611971766   13.995067649412  255.938966504034
     0.299935805493   17.820548918549   13.990832707008  255.625631027956
     0.300925661997   17.818564087774   13.993165503293  255.599790314843
     0.301884894790   17.800496719512   13.997699655870  255.637849494362
     0.302791492602   17.781120524700   14.002496772846  256.073361545744
     0.303796464947   17.837144321556   14.049449866958  258.768509320376
     0.304806914582   17.824809873663   14.050985545181  259.038713006293
     0.305810283387   17.799761609141   14.046695708338  258.988126371192
     0.306801311001   17.780547386885   14.056611128295  259.185339884963
     0.307810770450   17.760273264930   14.055006753750  259.124522922708
     0.308813139489   17.736848225384   14.052831687895  259.089396872749
     0.309814170634   17.707754900794   14.053076661191  259.073976156190
     0.310818264776   17.678444373347   14.051050975608  258.989669430405
     0.311823571254   17.656480389127   14.047931677604  258.835096228356
     0.312825482636   17.627909896711   14.049401732593  258.719000592050
     0.313830957939   17.603751684302   14.044669130158  258.501757150231
     0.314833538755   17.583133918347   14.041512818757  258.297057956873
     0.315843747891   17.555669738617   14.038548567281  257.947621635230
     0.316852898915   17.518881683617   14.030847087062  257.493692963577
     0.317857813826   17.504365096039   14.035049336584  257.513899483495
     0.318859116889   17.548904899932   14.065787920935  259.772082507959
     0.319871031121   17.548966356211   14.081415368338  260.633307467398
     0.320873031259   17.526951180307   14.076279079609  260.413832658065
     0.321884053988   17.510658333616   14.082467330444  260.456833739558
     0.322890666343   17.488414965636   14.077920017453  260.256881821036
     0.323895243523   17.466496290868   14.077651305455  260.302895203373
     0.324747874319   17.458065825216   14.085553432959  260.453821686009
     0.325755184723   17.426366873519   14.077082738061  260.176646518272
     0.326758249247   17.404151072723   14.079384783213  260.098238531223
     0.327765192004   17.379909104675   14.074918099757  259.914440814408
     0.328767015577   17.355852551367   14.075630772547  259.884795386642
     0.329769597011   17.323556865587   14.070088345263  259.581123701564
     0.330777065962   17.300343943982   14.065063872405  259.192563372503
     0.331788294905   17.306246155889   14.075007123035  260.040264637776
     0.332790286973   17.360750857789   14.120442482523  262.637450518804
     0.333798259975   17.346420266049   14.116947516049  262.563165500944
     0.334805803802   17.333337188478   14.124891862514  262.772746255799
     0.335806146641   17.305924179012   14.117890972966  262.608561877091
     0.336817188734   17.280209579256   14.121254372765  262.585588738073
     0.337823881836   17.261129497319   14.118196561932  262.426222770129
     0.338832181656   17.231551175446   14.115538333623  262.045619699827
     0.339844297460   17.197945189677   14.110174336374  261.676274798750
     0.340852658713   17.168652888494   14.100570907741  261.039116661554
     0.341863684169   17.155490713971   14.101942566805  260.897792031145
     0.342864199701   17.157386544735   14.112612513455  261.909685935064
     0.343864715233   17.211168790047   14.159633557625  264.713365767865
     0.344865230765   17.195127741919   14.160848082350  264.801193913752
     0.345865746297   17.176691915098   14.163110914823  264.910436602143
     0.346866261829   17.160970080696   14.165379872264  265.002864944990
     0.347873667596   17.146255047515   14.167293197708  265.079359315286
     0.348882502991   17.130664176525   14.174341373959  265.244304944564
     0.349886028169   17.105857326059   14.162850690573  264.915693754665
     0.350896102629   17.098280909957   14.165415589452  265.062471884855
     0.351903547428   17.064103789938   14.163616543356  264.709151273758
     0.352910992226   17.077676395823   14.182382487777  266.070267771082
     0.353918437025   17.006461944772   14.153521271409  264.118821807786
     0.354926904791   16.999923650311   14.153380523387  264.114184626613
     0.355935812314   16.959760334777   14.140097018745  263.019919255178
     0.356938626992   16.942798503182   14.137232513271  262.844453687316
     0.357947534516   16.946287797098   14.154497164418  264.198986997986
     0.358956442039   16.996690793426   14.202414872622  266.914443314948
     0.359965349563   16.975176194410   14.197625577018  266.737207749902
     0.360974257086   16.948803188737   14.192751802492  266.434962690618
     0.361984274128   16.945300402420   14.192265250733  266.334252897375
     0.362992215228   16.933456551195   14.183522765706  266.084783511928
     0.364000044253   16.912213350974   14.185339674043  265.918553057057
     0.365002494769   16.880224062267   14.193135063364  265.769636382367
     0.366004945284   16.846809390753   14.177604213440  265.203403347162
     0.367007395799   16.841156874913   14.178158125725  265.053880863088
     0.368009846315   16.823871526478   14.181800822658  264.931058243674
     0.368965353904   16.798735913488   14.181025965702  265.011202183373
     0.369927238103   16.748989657204   14.176757688551  264.602937042521
     0.370732596185   16.833639940122   14.220707325747  267.784300727168
     0.371501050742   16.844759285490   14.244323816644  268.732135723851
     0.372509738171   16.812595940815   14.247825894588  268.708372934230
     0.373513109851   16.823672135537   14.238319258600  268.953808485989
     0.374516481531   16.798531901494   14.237925599009  268.908251539426
     0.375519787170   16.779834784972   14.242293177558  269.104416380325
     0.376522723289   16.752127033545   14.239238066487  268.966117114906
     0.377525509820   16.729265503466   14.236367693724  268.837126318572
     0.378533820963   16.707696579102   14.229748052276  268.419171946940
     0.379540652545   16.682005570159   14.231158590690  268.116520905261
     0.380547484127   16.640646122667   14.213952954062  266.897452441240
     0.381555917676   16.614880720329   14.205628393739  266.111665583851
     0.381690438679   16.611968920360   14.206113654477  266.091934372989
     0.382699346203   16.694603463050   14.248330018855  269.744303362277
     0.383708253726   16.705304751550   14.277745435387  270.989700549365
     0.384686121190   16.684749957156   14.273740166488  270.744576957553
     0.385611836655   16.668353723474   14.281870728788  270.690149574807
     0.386531659836   16.651258803826   14.268760427494  270.213449666863
     0.387363789925   16.638743534268   14.277873323880  270.544836700174
     0.388118083476   16.602046068787   14.267446096549  269.855909829326
     0.388821443374   16.582161348444   14.266908346988  269.419306131661
     0.389586294080   16.545833386115   14.262525339803  268.593136270441
     0.390448900503   16.533573846518   14.246123046880  267.946076185011
     0.391352356123   16.526002988986   14.246261584354  268.059306064396
     0.392288270947   16.506821067664   14.247389828541  268.177618451812
     0.393041770058   16.479199988663   14.244865199280  267.995239530680
     0.394000735825   16.468641257001   14.256426488361  268.449001056706
     0.394985249347   16.537362292036   14.298393985861  272.013099602265
     0.395952454091   16.536130195870   14.307056178227  272.445673065034
     0.396925897013   16.520299081704   14.313328035681  272.661438144449
     0.397877137920   16.501923770136   14.319429894227  273.060560549871
     0.398828034746   16.491657417394   14.323124478013  273.334849775151
     0.399773498163   16.468781346066   14.317934618104  272.974882867423
     0.400708857094   16.447375256092   14.314384816284  272.719007475564
     0.401662723627   16.433307863255   14.314104019547  272.723777281930
     0.402617081011   16.413165002129   14.305750579648  272.374797501886
     0.403578164995   16.395166530794   14.302077803359  272.006397084722
     0.404539248979   16.364979774747   14.294371236685  271.311395450608
     0.405408047919   16.318988592545   14.276950021106  270.083444922622
     0.406412326884   16.295789168271   14.274198753596  269.603493783131
     0.407409104831   16.383174849318   14.314868043381  273.556317143456
     0.408418012354   16.389712166765   14.349644022766  274.773328573279
     0.409420757535   16.264162625896   14.276499720815  270.167586518969
     0.410344279498   16.231510025063   14.272524095409  269.749227444767
     0.411281226969   16.254809763261   14.283556556313  271.200329147943
     0.412222410236   16.301446928565   14.337763991699  273.833916847879
     0.413231317760   16.283503646742   14.327749438825  273.617527110612
     0.414240225283   16.292232083380   14.334315783981  274.162653396009
     0.415174335241   16.295307943687   14.341713776117  274.818154011209
     0.416082352012   16.292396811327   14.376035543390  276.006378233318
     0.416926790148   16.267359029204   14.359485394564  275.031094080045
     0.417827357960   16.250945522437   14.348135866309  274.247811869425
     0.418697886203   16.213269637065   14.324880339691  272.463352180256
     0.419580478504   16.186503286966   14.319850069814  271.715364186827
     0.420397413926   16.169826078451   14.315324320178  271.508476278208
     0.421252745386   16.185836075378   14.333567693712  272.938146625395
     0.422120916307   16.250218725833   14.389188608819  276.393167414641
     0.423053315483   16.214077559623   14.371137687061  275.630421369028
     0.423834334941   16.234655337047   14.386766114078  276.998440758653
     0.424727514901   16.240645718257   14.419900001716  278.237233566665
     0.425620694862   16.189228539156   14.400038038366  277.264920364122
     0.426513874822   16.155847752481   14.385638512160  276.489631006442
     0.427431288516   16.149499666031   14.384247753171  276.305011207088
     0.428322354845   16.126407381568   14.368658031300  275.750604817387
     0.428679626829   16.133771934692   14.380365724858  276.500860545590
     0.429572806789   16.174217623210   14.423110134197  278.751053059245
     0.430465986750   16.115362686168   14.396620012689  276.987895252164
     0.431359166710   16.086441236146   14.390823563955  276.701024741150
     0.432252346670   16.049496667284   14.374862570947  275.671419107354
     0.433057331004   16.008682626066   14.348065692603  273.840385924094
     0.433963834414   15.987768268418   14.346184887970  273.104492263843
     0.434871851185   16.033656898519   14.369277803504  275.574833238627
     0.435779867956   16.065461870020   14.412741357353  277.833924181837
     0.436687884727   16.042315905341   14.408359393811  277.655344733096
     0.437595901499   16.025717796267   14.409896743437  277.736725737163
     0.438503918270   16.012729114012   14.408724924753  277.668283029110
     0.439411935041   15.995822146600   14.405354050983  277.523728946490
     0.440278192072   15.978710318082   14.403671108311  277.379591140730
     0.441143167658   15.953029848907   14.393217841596  276.542059238688
     0.442008143244   15.918008810296   14.373345390597  275.064962184027
     0.442831687353   15.876360073362   14.360494593016  273.902711661354
     0.443739704124   15.881164263711   14.366778286363  274.817767756335
     0.444647720895   15.955333937019   14.427779136127  278.704502160862
     0.445505021570   15.943562154100   14.430447663016  278.949156536505
     0.446362901287   15.956730558506   14.454372795468  280.266034767383
     0.447220781004   15.822138981776   14.373150327221  274.744071202648
     0.447976631396   15.781473126669   14.352771746697  273.791199052271
     0.448821333235   15.768367300238   14.366029219892  274.353228776218
     0.449686308821   15.848100527331   14.415022539314  277.993187370807
     0.450551284407   15.816162826304   14.399935099003  276.911689894377
     0.451416259993   15.844794729806   14.412584632717  278.610166034115
     0.452282517024   15.833925170293   14.436680131010  279.201137337147
     0.453243601009   15.827146596550   14.443350468414  279.408424260637
     0.454179155399   15.775221461381   14.395840147144  277.088987115491
     0.454908366134   15.812124338870   14.418632806713  279.045833301989
     0.455819899543   15.760765253541   14.442932661310  278.374485099957
     0.456669333482   15.722927793855   14.390573599940  276.814985694975
     0.457388265474   15.695902475268   14.387052837079  275.770975591607
     0.458230375601   15.682073971633   14.397784835135  275.760073419872
     0.458983030291   15.651754971955   14.375768877965  275.140847330261
     0.459807043016   15.644227430261   14.385304616565  275.451286900644
     0.460647380405   15.733081322118   14.442170261297  279.609596404217
     0.461458151073   15.732632398819   14.450092032670  280.164909843233
     0.462268662103   15.718007366669   14.463785204012  280.615978051826
     0.463079173134   15.713746553956   14.460331773012  280.497910646690
     0.463889684165   15.688384235064   14.445756803370  279.531095103649
     0.464700195195   15.675602398980   14.446665196174  279.606366312899
     0.465510706226   15.667935980175   14.447281950744  279.672823245914
     0.466321217256   15.660714838320   14.449587475066  279.619923862323
     0.467131728287   15.630573436674   14.431722803884  278.213627568850
     0.467942239318   15.607073322251   14.425004968914  277.621532218936
     0.468644423388   15.572442574108   14.414558519100  276.650246570121
     0.469476894172   15.562330875167   14.405397342865  276.409812398090
     0.470287405203   15.615203136444   14.442174036392  279.371755504760
     0.471097916234   15.663144380491   14.493984401638  282.105956959120
     0.471835481272   15.633268893585   14.477818681964  281.175197460435
     0.472625064907   15.608759856326   14.473765298980  281.025791842519
     0.473412881629   15.616973734900   14.490411892309  281.908671483918
     0.474200698351   15.602237620968   14.493358902978  282.122573972330
     0.474988515073   15.594947987214   14.500761437864  282.565134560012
     0.475776331794   15.574077624023   14.493809789874  282.176068217975
     0.476564148516   15.558823210266   14.490157461468  281.991946147915
     0.477351965238   15.552882666686   14.491709354426  282.065398169136
     0.478139781960   15.538497611803   14.487998548478  281.836458037642
     0.478927598681   15.528726869091   14.492501506133  282.079127786751
     0.479715415403   15.518342018920   14.491663193366  282.073112804927
     0.480503232125   15.488269279821   14.473389750540  280.814163959559
     0.481230289992   15.444447959870   14.447856972509  278.916974052297
     0.481986970635   15.410188946947   14.431977603111  277.559171254464
     0.482743651277   15.432781302408   14.449436322462  278.904216446093
     0.483469061394   15.536775411487   14.528112113830  284.197891178976
     0.484225742037   15.530137570140   14.543366973884  284.989985394150
     0.484982422680   15.465957340590   14.517314080284  282.424827064737
     0.485660705960   15.351260779823   14.437205963845  277.796768937929
     0.486399625626   15.331828454494   14.424746588791  277.103258424427
     0.487156306269   15.325405492102   14.435306068587  277.738778387797
     0.487912986911   15.402963373739   14.481424686593  281.480174399456
     0.488669667554   15.388658856613   14.477141069264  280.843349742986
     0.489426348196   15.367635757033   14.466363064352  280.281156626923
     0.490183028839   15.403397185676   14.495312944899  282.685238046201
     0.490939709482   15.392294793194   14.509145857138  283.171322436239
     0.491696390124   15.344132444695   14.479786001155  281.279145051799
     0.492453070767   15.372195114241   14.495707793682  282.705086249844
     0.493209751409   15.349098536229   14.504638793378  282.738670806262
     0.493966432052   15.336533582919   14.494775505533  282.282332808456
     0.494723112694   15.293788598975   14.472458434819  280.327315293501
     0.495479793337   15.267197723356   14.452313107106  278.918650682602
     0.496213583290   15.259980775319   14.452517387807  278.639262816296
     0.497030798384   15.249390205759   14.456419585506  278.741699976413
     0.497848013478   15.362270182527   14.529583223510  284.480921661407
     0.498665228572   15.354679636549   14.538986218370  284.760940324315
     0.499482443666   15.352876506679   14.546317170940  285.291274974096
     0.500021805628   15.359743405557   14.557560422170  285.978884578535
