# {0} signal over time, extracted at r = 500 km
# All quantities are measured in a resting observer's frame at infinity
# cols=4 rows=822
#              time        luminosity               <e>             <e^2>
#               "s"           "foe/s"           "MeV^1"           "MeV^2"
  -4.7340111737e-04  1.0201411558e-06    8.239605176054   78.313378725052
  -4.5676575351e-04  1.0196958279e-06    7.768563841359   72.625741371735
  -4.3176483495e-04  1.0178144222e-06    7.133969701094   64.935350214790
  -4.1212430242e-04  1.0160784086e-06    6.734736673807   60.078044954070
  -3.9495743642e-04  1.0149431400e-06    6.434865801365   56.415512904379
  -3.7975828093e-04  1.0147792595e-06    6.198559224024   53.509817084865
  -3.6559595545e-04  1.0156621421e-06    6.000116777537   51.060897359535
  -3.5229910499e-04  1.0175138575e-06    5.828628705862   48.936392336985
  -3.4061279752e-04  1.0200127332e-06    5.686240255376   47.168356442649
  -3.3227195621e-04  1.0223251617e-06    5.589197530696   45.961128955429
  -3.2606460977e-04  1.0243456912e-06    5.519388548841   45.091487644927
  -3.1790429793e-04  1.0274051831e-06    5.430682071606   43.984883580037
  -3.0962778026e-04  1.0309940148e-06    5.344611030944   42.912016402368
  -3.0185374839e-04  1.0347426712e-06    5.267295422025   41.949767832368
  -2.9423291889e-04  1.0387604550e-06    5.194266415972   41.039345255526
  -2.8759202066e-04  1.0425536126e-06    5.132824681597   40.272161069912
  -2.8122586737e-04  1.0464562771e-06    5.075813702179   39.559246271673
  -2.7626219349e-04  1.0496857734e-06    5.032624957741   39.018463258763
  -2.6938337755e-04  1.0544398506e-06    4.974566975093   38.290466695067
  -2.6063260413e-04  1.0609679906e-06    4.903654581203   37.399569257476
  -2.5108543274e-04  1.0687202446e-06    4.829937623133   36.471250416173
  -2.4201639840e-04  1.0767073313e-06    4.763313085252   35.630128592922
  -2.3368247000e-04  1.0845922741e-06    4.704898077138   34.890821198637
  -2.2441393527e-04  1.0939851792e-06    4.642964127101   34.104905972835
  -2.2328249051e-04  1.0951771812e-06    4.635615839406   34.011507196972
  -2.1396119600e-04  1.1053773171e-06    4.576777457952   33.262394593479
  -2.0475621763e-04  1.1161153085e-06    4.521555618549   32.557142470408
  -1.9679153069e-04  1.1259377331e-06    4.475987687137   31.973439278747
  -1.9450858909e-04  1.1288431605e-06    4.463293048016   31.810528783458
  -1.8913734755e-04  1.1358381047e-06    4.434051708296   31.434747336685
  -1.8323584932e-04  1.1437792459e-06    4.402913611276   31.033747981870
  -1.7952626489e-04  1.1489068542e-06    4.383857447469   30.787891644073
  -1.7822847143e-04  1.1507253478e-06    4.377283035055   30.702988926266
  -1.7268952913e-04  1.1586314041e-06    4.349750954106   30.346957893975
  -1.6451675973e-04  1.1707209189e-06    4.310645772833   29.839881521508
  -1.6038149056e-04  1.1770287104e-06    4.291526519892   29.591336080705
  -1.5341310863e-04  1.1879480149e-06    4.260285953884   29.184267670031
  -1.4523342669e-04  1.2012259704e-06    4.225123991436   28.724607565705
  -1.4173104483e-04  1.2070621868e-06    4.210548813593   28.533579801497
  -1.3767006573e-04  1.2139426106e-06    4.193998613728   28.316297512438
  -1.3246795647e-04  1.2229343820e-06    4.173332501113   28.044404386470
  -1.2419692303e-04  1.2376406716e-06    4.141668781143   27.626516076679
  -1.1993564330e-04  1.2454110784e-06    4.125907886613   27.417895904420
  -1.1495575664e-04  1.2546570373e-06    4.107948719143   27.179658924413
  -1.0608614800e-04  1.2715617234e-06    4.077144782759   26.769684845625
  -9.7001547817e-05  1.2894465481e-06    4.047093679443   26.368010385385
  -9.5565749675e-05  1.2923250269e-06    4.042477608436   26.306153955108
  -8.9473030305e-05  1.3046956426e-06    4.023280981015   26.048452970326
  -8.1959933286e-05  1.3202912009e-06    4.000454062337   25.741032289146
  -7.5326093009e-05  1.3343678703e-06    3.981041748001   25.478733226152
  -6.8584512773e-05  1.3489618365e-06    3.961997200233   25.220608865108
  -6.3726764510e-05  1.3596550631e-06    3.948684905426   25.039699518192
  -5.7770496414e-05  1.3729669693e-06    3.932814304641   24.823495246057
  -5.1966259586e-05  1.3861492817e-06    3.917811274384   24.618568593109
  -4.6924148754e-05  1.3977676064e-06    3.905135746212   24.445012680355
  -4.2141915153e-05  1.4089297280e-06    3.893410680374   24.284118558472
  -3.6866525550e-05  1.4214033901e-06    3.880801548164   24.110705462959
  -3.1503732724e-05  1.4342555927e-06    3.868321861232   23.938666856186
  -2.6777747666e-05  1.4457248532e-06    3.857597923910   23.790501113741
  -2.2432775423e-05  1.4563878962e-06    3.847958248691   23.657047362578
  -1.8027196181e-05  1.4673160694e-06    3.838393092874   23.524367242572
  -1.3715674108e-05  1.4781249139e-06    3.829230514084   23.397023424199
  -9.6590604490e-06  1.4883982350e-06    3.820784246399   23.279413504676
  -5.6873776466e-06  1.4985543726e-06    3.812674816564   23.166287323817
  -1.8222296293e-06  1.5085317952e-06    3.804931377409   23.058071525317
   1.8756546316e-06  1.5181646650e-06    3.797657061195   22.956232145333
   5.5174904115e-06  1.5277356304e-06    3.790618359627   22.857519859949
   9.3980662212e-06  1.5380267734e-06    3.783252242855   22.754028554087
   1.3008949822e-05  1.5476894726e-06    3.776519666701   22.659264462719
   1.6814266300e-05  1.5579640530e-06    3.769548827312   22.560964570719
   2.0371072313e-05  1.5676535414e-06    3.763146250619   22.470508201224
   2.0786240107e-05  1.5687900030e-06    3.762405930392   22.460038053273
   2.8043089121e-05  1.6045971837e-06    3.755496620401   22.388419383183
   4.1705355763e-05  1.6451524766e-06    3.732431176720   22.057012800169
   5.8921063601e-05  1.6981660532e-06    3.705526893143   21.665468217918
   7.6756124878e-05  1.7554996655e-06    3.679996899156   21.288090195616
   9.3533598310e-05  1.8118812714e-06    3.657992050961   20.957444039557
   1.1071721051e-04  1.8722749382e-06    3.637329995928   20.641496417019
   1.2723172630e-04  1.9329896398e-06    3.619142156487   20.358003000160
   1.4398346718e-04  1.9973776089e-06    3.602261213157   20.089272322504
   1.6028389646e-04  2.0628336383e-06    3.587264374149   19.844854998030
   1.7726099752e-04  2.1340228506e-06    3.573062007814   19.607125531099
   1.9292950651e-04  2.2025020612e-06    3.561171481545   19.402117260758
   2.1019000305e-04  2.2810608721e-06    3.549357208894   19.191422117058
   2.2673192668e-04  2.3594333338e-06    3.539235747849   19.003643431057
   2.4419324825e-04  2.4454367074e-06    3.529762408844   18.819698448049
   2.6275593616e-04  2.5405346368e-06    3.520983889389   18.639434415271
   2.8243885907e-04  2.6454649362e-06    3.513049331981   18.464634493590
   3.0108367879e-04  2.7486988459e-06    3.506761738179   18.313795343824
   3.2063160269e-04  2.8608951381e-06    3.501376083999   18.170285273681
   3.4134979202e-04  2.9842081704e-06    3.496926525265   18.033669952268
   3.6370820458e-04  3.1225227986e-06    3.493441081977   17.902803343732
   3.8783461185e-04  3.2804094252e-06    3.490945106295   17.775941531705
   4.0986010377e-04  3.4526612835e-06    3.487254460667   17.626475738799
   4.3385365295e-04  3.7332919088e-06    3.477168600688   17.266170288455
   4.5959483698e-04  4.2685523768e-06    3.427357856910   16.406232758613
   4.8697528040e-04  5.2768922777e-06    3.373787023842   15.366861789403
   5.1400103815e-04  6.8740924651e-06    3.318334959338   14.379932271546
   5.4198562453e-04  9.3780413695e-06    3.261802851749   13.537409942359
   5.7290590738e-04  1.3554289140e-05    3.222766596871   12.936887659550
   6.0764108055e-04  2.0831354054e-05    3.213165301999   12.643342408918
   6.4504346033e-04  3.3193819931e-05    3.226680865684   12.605280139236
   6.8391626562e-04  5.3331849585e-05    3.254415948625   12.723582327253
   7.2069662917e-04  8.2072430055e-05    3.293807846629   12.955578065052
   7.6142466170e-04  1.2868712073e-04    3.361013794618   13.398755402213
   8.0563869748e-04  2.0186022342e-04    3.441390894139   13.985157411019
   8.5360508993e-04  3.1594014994e-04    3.517992137491   14.611365043376
   9.0281491887e-04  4.8381924525e-04    3.554761190406   14.948421833760
   9.6074620391e-04  7.7508930788e-04    3.599267453691   15.323077114103
   1.0197866861e-03  1.2291138830e-03    3.648574923606   15.769077940275
   1.0866033846e-03  2.0210278275e-03    3.702930213451   16.254730682011
   1.1607437453e-03  3.4213077830e-03    3.763675025480   16.789585905972
   1.2379151146e-03  5.7907081434e-03    3.833566099183   17.403991474120
   1.3301994019e-03    0.010636088224    3.902279074381   18.024191127600
   1.4313783059e-03    0.020018858363    3.986201930461   18.794040857669
   1.5553714176e-03    0.041139105508    4.093484736186   19.773739640624
   1.6872182171e-03    0.081909594777    4.225325830714   21.013887507123
   1.8374619580e-03    0.157145206632    4.423416917831   23.026421191527
   1.9918151742e-03    0.267106058293    4.681709854412   25.872818155001
   2.1534226513e-03    0.419468639584    5.015974665633   29.840151742725
   2.3150301284e-03    0.617923441609    5.416906404806   34.965381700419
   2.5174905998e-03    0.957653419027    6.008121331283   43.237864160809
   2.7132420910e-03    1.405788010899    6.633581315433   52.839872077350
   2.9089935821e-03    1.965952613371    7.243592411826   62.986930762681
   3.1047450733e-03    2.601105366264    7.795779428688   72.847624076490
   3.3004965645e-03    3.263942454080    8.280222357049   82.063979045136
   3.4962480556e-03    3.916176713901    8.698474138809   90.486261976426
   3.6979307923e-03    4.547790279100    9.068362023149   98.353851090673
   3.9485203523e-03    5.250136148318    9.452300075941  107.008629419485
   4.1994028244e-03    5.854694221007    9.765409682940  114.496062798950
   4.4502852964e-03    6.369066124287   10.021448072265  120.955201314719
   4.7011677685e-03    6.806785103481   10.231669044920  126.524081615906
   4.9520502406e-03    7.178030788109   10.407705004395  131.391454283388
   5.2029327126e-03    7.497875045471   10.557091206084  135.683779713620
   5.4538151847e-03    7.778420808557   10.685255170073  139.499202855518
   5.7049425161e-03    8.033242906445   10.795006454304  142.871054308879
   5.9588389753e-03    8.270520471880   10.891115969574  145.895900100234
   6.2127354345e-03    8.496291555977   10.974118101831  148.556735411606
   6.4666318937e-03    8.709531019257   11.046297844074  150.898628574951
   6.7205283529e-03    8.927248434939   11.105170007497  152.835853086228
   6.9744248121e-03    9.152056215386   11.165996406875  154.771270071006
   7.2283212713e-03    9.384360915518   11.233680569048  156.880490882786
   7.4822177305e-03    9.633272474958   11.305245554047  159.093109700878
   7.7381516758e-03    9.900269505431   11.380849892601  161.415938556729
   7.9884045230e-03   10.178958097948   11.456601808490  163.742489644847
   8.2386573703e-03   10.468514935967   11.534581985734  166.140426165725
   8.4889102175e-03   10.774129858142   11.609771659359  168.455016753907
   8.7391630647e-03   11.089094414363   11.684679825812  170.757097288207
   8.9894159120e-03   11.419713244901   11.755311956845  172.915339986213
   9.2396687592e-03   11.752038922988   11.822179011443  174.967159250002
   9.4899216064e-03   12.085221121578   11.888956798876  177.012760780951
   9.7401744536e-03   12.425693882042   11.950169118697  178.870042426808
   9.9904273009e-03   12.760458297877   12.011589394214  180.720017839218
     0.010240680148   13.087846872416   12.065007407812  182.320098002948
     0.010492180562   13.414078884499   12.115244723402  183.806409559512
     0.010744180003   13.726910002051   12.163948696950  185.251268632925
     0.010996179443   14.028215389071   12.204737802300  186.449822562172
     0.011248178884   14.332106718616   12.246775861283  187.673561501564
     0.011500178324   14.612317614895   12.281373004753  188.678158818065
     0.011752177765   14.888071720662   12.309978121874  189.487146999317
     0.012004177205   15.158575092385   12.341591460650  190.419099570494
     0.012256176646   15.403742359449   12.370496158470  191.269393192899
     0.012508176086   15.661536427784   12.397112649285  192.001151167716
     0.012760175527   15.919393901395   12.424467535250  192.767829997440
     0.013012174968   16.147894842693   12.450015702028  193.506399465860
     0.013264174408   16.381170816490   12.471339421798  194.084809045994
     0.013520710777   16.624129083217   12.487048853934  194.465971365959
     0.013773692505   16.855274106787   12.506717195268  195.002307809093
     0.014029478812   17.089967642624   12.533410323705  195.787900106324
     0.014281376211   17.322033620890   12.553751100903  196.369248027694
     0.014541411991   17.546097118859   12.564426194472  196.623663147872
     0.014800567262   17.769040507689   12.576007100861  196.908684432696
     0.015051561550   18.011660633850   12.602382260911  197.709237407615
     0.015310251050   18.265136131466   12.631962748738  198.599993774015
     0.015566502823   18.483778873541   12.647001451049  199.027619515657
     0.015830373227   18.696925104304   12.658696511598  199.372409336436
     0.016088813806   18.923521624712   12.674278803201  199.792824102862
     0.016340372354   19.161194890031   12.692056962857  200.259399085153
     0.016591930903   19.384090449201   12.710505111665  200.810654800950
     0.016848455436   19.581134791010   12.728380741548  201.406808165415
     0.017099314400   19.764373408766   12.742207741487  201.870864095771
     0.017356015144   19.957591851609   12.756260546008  202.333244333074
     0.017612715889   20.132532932884   12.761372449528  202.460916569619
     0.017869416633   20.292246768733   12.760405014550  202.387653608412
     0.018125791173   20.463005671159   12.767665112075  202.615028167245
     0.018376814685   20.637410037262   12.783507305393  203.154166493804
     0.018635406423   20.803600981630   12.794925082633  203.557543360377
     0.018893998160   20.939348402976   12.793943332596  203.544356757913
     0.019152589898   21.061523429697   12.790685558071  203.430845532597
     0.019404254995   21.195916767371   12.793544720568  203.485053534567
     0.019659678384   21.356623248951   12.803587027781  203.773184827744
     0.019911977034   21.498677411102   12.814306077197  204.152578567496
     0.020164275684   21.605309419229   12.822130662380  204.469104725588
     0.020416574334   21.695165867799   12.826469466807  204.634853910826
     0.020668872983   21.794201463168   12.830954466238  204.753622911797
     0.020926542744   21.892636509204   12.834345024185  204.805292465340
     0.021178603572   21.959843607258   12.829964863882  204.630653528858
     0.021428961563   22.027416975299   12.827432333937  204.595563710681
     0.021679319554   22.118598354327   12.834348750208  204.915830344762
     0.021929677545   22.214373811873   12.847685438649  205.439952901885
     0.022180035536   22.283834965661   12.857254258140  205.770447514978
     0.022435840374   22.327039898327   12.856735245896  205.702450824952
     0.022690570147   22.362859328765   12.849047968858  205.408824629480
     0.022941527306   22.416093453553   12.846493575194  205.348548163987
     0.023192475308   22.484479469673   12.850568991607  205.541285185779
     0.023443369985   22.557531763376   12.856896064065  205.796818478509
     0.023694182157   22.630665174579   12.861602834907  205.960182345914
     0.023944923742   22.696326438819   12.861943372112  205.900704135876
     0.024195656430   22.744772823495   12.854674202581  205.537577533358
     0.024454183509   22.814031115046   12.852114353492  205.411836026830
     0.024710611477   22.916994741812   12.863232987695  205.855246886315
     0.024963734488   23.022672933434   12.882483072810  206.635829607545
     0.025014359090   23.041437586719   12.886325463347  206.793069570812
     0.026046784905   23.270962187864   12.901068256567  207.241741034578
     0.027063838577   23.432316025104   12.870407942764  206.573383863732
     0.028070971707   23.656735437550   12.901800254388  207.313414273166
     0.029078231836   23.807644521808   12.916173752463  208.051127662550
     0.030078256756   23.928639864026   12.908446421962  207.646344869311
     0.031097493985   23.982855568936   12.909097023491  207.690933068561
     0.032122963828   24.044210392515   12.924580896393  207.900411375807
     0.033142996723   24.168791796632   12.941621985736  208.813508444931
     0.034154265319   24.364226866446   12.961141861096  209.292062689611
     0.035162994508   24.423929238017   12.960204886120  209.595535695667
     0.036165232480   24.372387234232   12.955149237517  209.083277212844
     0.037180025699   24.325253775236   12.989498297855  210.068488974608
     0.038205220664   24.129196808085   12.981164399555  209.990162125051
     0.039214463095   24.082406614843   12.969383798813  209.559178662387
     0.040217018257   24.095306591071   12.999589035997  210.464561933185
     0.041266477755   23.966141453746   12.984342911959  209.752230836837
     0.042271162619   24.048203556768   12.986152361237  210.089670309844
     0.043280760413   24.199555331713   13.023502539045  211.471444811427
     0.044320760413   24.334100333222   13.060717985216  212.699514047024
     0.045329510413   24.387885278448   13.072368344490  213.089465507010
     0.046342207176   24.392844166117   13.114141556304  213.907496318186
     0.047360258301   24.330886337167   13.105412422855  213.632096227911
     0.048378136921   24.315983615111   13.110756804686  214.372536068338
     0.049408183259   24.292607557572   13.137959952597  214.886755508158
     0.050418057322   24.278311043389   13.126736990893  214.769455449414
     0.051448992922   24.286391601571   13.118517007760  214.949884581233
     0.052454259650   24.178418903555   13.138609297575  215.116113472808
     0.053457663015   24.027181959786   13.102086345806  214.015833750029
     0.054497663015   24.016106811001   13.080375393384  213.712908224336
     0.055543211015   24.101298578117   13.129607889238  215.025935886259
     0.056569814599   24.123957125856   13.134280263857  215.355675411476
     0.057598814599   24.067565516828   13.134946941881  215.379954046871
     0.058607681801   24.040924764816   13.137407105593  215.647274221690
     0.059641966715   24.000955400725   13.155559457081  216.223515563826
     0.060668863782   23.973663264005   13.173552972085  216.653215164993
     0.061706105670   23.942136611308   13.148803656767  216.334646813548
     0.062738577677   23.921417182308   13.171527026536  216.917451937131
     0.063752201959   23.903230180264   13.184882575844  217.321588028866
     0.064779143210   23.863229869312   13.190179867612  217.541685485198
     0.065814618641   23.852687557627   13.195974107970  217.872353232775
     0.066850839900   23.842822101726   13.210233796159  218.362798909019
     0.067886130411   23.854956732324   13.217491744777  218.694997273223
     0.068891021019   23.852738787944   13.236256299087  219.079754779602
     0.069916553428   23.833189917587   13.231534856639  219.071859888964
     0.070954857552   23.739298388356   13.233034687140  219.067808876401
     0.071985317401   23.708286710958   13.236896355463  219.326812530900
     0.072990175122   23.742373530450   13.263103839803  220.101696493843
     0.074002921023   23.712431175663   13.268685765770  220.484540585014
     0.075017005874   23.694261145190   13.292658155910  221.154797621758
     0.076048552147   23.690292339899   13.300794774354  221.614451783472
     0.077069220677   23.682004969105   13.309281526065  221.984929030408
     0.078094562314   23.664122285564   13.321012899849  222.402798727269
     0.079106631848   23.599781853652   13.326714434329  222.569459213643
     0.080119575614   23.549603734390   13.334937292972  222.876522737314
     0.081120065269   23.529914446585   13.349902721119  223.409977921473
     0.082137471195   23.514722962574   13.360751060920  223.903680759966
     0.083144810272   23.499291892148   13.365130526479  224.335836783302
     0.084146121473   23.438920099756   13.379524246440  224.538911591407
     0.085152147022   23.429313882746   13.393388902453  225.211981920139
     0.086153639598   23.342804775757   13.385962724168  225.146229456603
     0.087156521407   23.263352861091   13.390741620230  225.170527766879
     0.088159065658   23.190448991689   13.392768785130  225.260074253848
     0.089162585631   23.032573267541   13.380276064799  224.799369777407
     0.090014791617   22.876175266145   13.364306090931  224.317002005298
     0.091016751112   22.758548339752   13.368361122271  224.404466736560
     0.092021292900   22.706639980212   13.361446638559  224.174760375981
     0.093027432299   22.603249968960   13.356333144043  224.045378965691
     0.094045575707   22.568139564849   13.361608411146  224.183009119079
     0.095053876874   22.377375536540   13.323342958304  223.098371170438
     0.096055808978   22.274668139776   13.334712378772  223.128581635454
     0.097089747398   22.175475179903   13.336677018138  223.152089089197
     0.098090229101   22.082409099912   13.319529972659  222.817737813693
     0.099165458903   21.989089205561   13.325452902987  222.783794961744
     0.100180862903   21.874315391642   13.309364806316  222.545359070026
     0.101188234903   21.816124358644   13.314842100408  222.887788801891
     0.102228234903   21.753348458369   13.326392233350  223.281644713917
     0.103268234903   21.668978791216   13.329326166838  223.423023156480
     0.104308234903   21.594961069237   13.334910956574  223.662353894915
     0.105348234903   21.499342960663   13.335493681380  223.792204560800
     0.106368234903   21.408624470791   13.343597436457  223.985864595702
     0.107379576585   21.291572650693   13.334133936235  223.739937767423
     0.108389339302   21.168110311798   13.348596495126  223.890952915258
     0.109398808322   21.049857425926   13.336102386678  223.783783702636
     0.110409465848   20.935217250914   13.331569571452  223.691803955449
     0.111420514985   20.846263422071   13.331123374299  223.720338049762
     0.112428658606   20.750833701342   13.332035768084  223.817862609017
     0.113465213211   20.638474202412   13.325691161981  223.597423020406
     0.114498105429   20.536264704309   13.308392661090  223.296707192196
     0.115538105429   20.443080159658   13.306578890370  223.292044820955
     0.116542009122   20.352569851538   13.313964052157  223.375927626321
     0.117554009122   20.252789601290   13.309285578618  223.209758856603
     0.118605713122   20.153902097440   13.307056860220  223.123333116096
     0.119635433122   20.052533411228   13.303920409507  223.035881842135
     0.120640913589   19.962325635725   13.304981099417  223.022402642808
     0.121616091721   19.855481437303   13.303447949697  222.875197935240
     0.122589753257   19.743137290095   13.295918632660  222.638660769001
     0.123569740527   19.645787158801   13.286361590061  222.436172836502
     0.124524767390   19.566455073595   13.285974875452  222.474494636362
     0.125493904283   19.484367513074   13.284851410689  222.478517496529
     0.126502240366   19.397664429612   13.282769086227  222.445555617657
     0.127510199067   19.316104011750   13.282410744318  222.487876163998
     0.128514850377   19.240753511487   13.282807486540  222.550098467582
     0.129548715496   19.158419809370   13.282602881797  222.606456927446
     0.130567555324   19.090952268360   13.279606015197  222.727545540512
     0.131600829416   19.029851688599   13.284562990295  222.925010653488
     0.132641519192   18.961513813443   13.293556102072  223.137894881130
     0.133675527708   18.883862907075   13.287248317925  223.153758956227
     0.134724235053   18.815611596068   13.294051497771  223.344270943527
     0.135727918982   18.750064197602   13.291257741256  223.432467916651
     0.136554939268   18.686957854925   13.303169689937  223.636156422844
     0.137379111294   18.623077026792   13.304785063140  223.730684664099
     0.138205486245   18.546517251604   13.295656265078  223.589739401997
     0.139067677056   18.471459071748   13.293138892354  223.574634560642
     0.139932601718   18.419885077066   13.296048745470  223.725346761179
     0.140800051246   18.363335929371   13.297428891336  223.813258844771
     0.141712875623   18.306431033040   13.300113096173  223.964835223249
     0.142677245771   18.246464316408   13.301900730965  224.077620041795
     0.143633026418   18.173076629514   13.298350542997  223.977657517280
     0.144576938415   18.115346208802   13.300293569255  224.109064140609
     0.145558930925   18.058071131836   13.301973654781  224.206203163805
     0.146566472346   17.993307546111   13.303617623867  224.332856409785
     0.147568808744   17.940554485512   13.308917063206  224.595869237603
     0.148568875072   17.912675069237   13.320729714940  225.105853008914
     0.149591490596   17.850003913778   13.324052288560  225.295792767982
     0.150607788660   17.813027137235   13.325246724376  225.629732213081
     0.151627881069   17.758481566347   13.337857020602  225.989762799888
     0.152632404179   17.714325564114   13.337565672169  226.259553865220
     0.153636927290   17.656928684233   13.344576155632  226.572552804987
     0.154676093933   17.603080517377   13.350634116105  226.878577447313
     0.155677970065   17.538630907131   13.360995911290  227.151382849102
     0.156679846196   17.471645208133   13.348825671797  227.113650201925
     0.157681722326   17.407310548991   13.354446867444  227.231477999540
     0.158661976679   17.332712263582   13.351803918842  227.161738460340
     0.159542704563   17.262957331027   13.372143531128  227.425088399414
     0.160443317887   17.189012104675   13.354895948878  227.130555581705
     0.161299593914   17.118241462346   13.350667648807  227.026943807924
     0.162218315619   17.063917518907   13.352681844268  227.146679366422
     0.163154566521   16.997712985962   13.350805661658  227.146685471310
     0.164033992173   16.926764261494   13.346981280243  227.022926090930
     0.165041375351   16.864195202017   13.345820496825  227.009301773488
     0.166092084660   16.785896842688   13.334966042144  226.771601981883
     0.167127612618   16.731968377580   13.317419080784  226.587381025947
     0.168147081915   16.669687980804   13.327263022432  226.724640940258
     0.169152115780   16.598592546131   13.325107673029  226.630792649995
     0.169913279319   16.540906807609   13.349355981588  226.898352703656
     0.170683952630   16.477487878438   13.331109863865  226.514548393968
     0.171482731698   16.416360819241   13.322542789070  226.333910734190
     0.172323550816   16.360306904361   13.320010562447  226.255854629497
     0.173118982723   16.310756219880   13.318281142694  226.211768408288
     0.173924272798   16.256067877141   13.315237701067  226.106784575095
     0.174739092181   16.198449621650   13.312055103225  226.027425575514
     0.175587380331   16.145501439648   13.309689336309  225.962038696301
     0.176389674248   16.093117326546   13.306341175280  225.864941295683
     0.177180971369   16.041713024469   13.303690428873  225.779765176005
     0.177970780217   15.989010025102   13.300309539867  225.694697584000
     0.178795936847   15.938495923730   13.299079639649  225.701137721547
     0.179612998597   15.889541331042   13.297167537754  225.670174485480
     0.180431460186   15.846235543965   13.296021754045  225.646919309308
     0.181352765401   15.792628437628   13.293231132954  225.568284815539
     0.182270233338   15.741391245592   13.291724367707  225.579020799405
     0.183068410100   15.700770911465   13.293990494511  225.710429917106
     0.184073326015   15.652357854048   13.297072188777  225.889732596959
     0.185079583882   15.599214644253   13.280983031129  225.738025491741
     0.186085841748   15.560038962230   13.284934588350  225.845083637973
     0.187092099615   15.506474965448   13.285914214687  225.888963424860
     0.188098357482   15.449658319656   13.286047493705  225.960999141009
     0.189104615348   15.399590781260   13.286197367654  226.006090035133
     0.190115744111   15.344683453450   13.282315843582  225.920228988395
     0.191030717552   15.294932737606   13.289067351227  225.975982617723
     0.191755507805   15.257534532747   13.299637273183  226.169294937381
     0.192612926848   15.215331342057   13.296331621433  226.264524662721
     0.193413619087   15.180509234712   13.295001660482  226.405185209135
     0.194187243533   15.142757510512   13.297444518341  226.445653316789
     0.194987252768   15.108191267253   13.297231976962  226.481851069395
     0.195728716392   15.074428295745   13.297932316861  226.572039514937
     0.196487186394   15.042316365304   13.300984889812  226.721523338498
     0.197226764996   15.005836122292   13.301379451475  226.783319843975
     0.197967237589   14.967421914087   13.300764129721  226.823032956515
     0.198719117656   14.939450950083   13.304989042667  227.074170024593
     0.199493625818   14.904948101834   13.306444476040  227.168164247884
     0.200353783776   14.864994265768   13.305247011033  227.143720496517
     0.201197302099   14.820791878619   13.300658061562  226.980631361191
     0.202042236741   14.776094171516   13.296218170901  226.766769433575
     0.202950877652   14.733019504711   13.293574001607  226.692267422626
     0.203812742982   14.700476604026   13.296197118399  226.880001928806
     0.204632132415   14.667856079150   13.299222008818  227.058499249679
     0.205461111800   14.635910101304   13.302938309315  227.255760801660
     0.206325128393   14.595453496717   13.302038601366  227.271805238809
     0.207337367871   14.551525576604   13.300658841649  227.237179132705
     0.208370455292   14.503810631234   13.285960204199  227.013739432068
     0.209403542713   14.466017179522   13.274959412856  226.820901926064
     0.210404883135   14.423204233625   13.279144216521  226.820063580345
     0.211435874977   14.376698510211   13.281972417035  226.846155035472
     0.212468718189   14.332320963906   13.274262767956  226.851317154085
     0.213501561401   14.301307916604   13.280488039881  227.162880475186
     0.214519692598   14.260492113877   13.280113816966  227.077653309388
     0.215226683181   14.231810684327   13.275458464075  226.909045891361
     0.216242814289   14.189672617168   13.314375642678  227.494795502765
     0.217244633193   14.142323778154   13.261784458635  226.755208746893
     0.218252156844   14.118825400335   13.284881174236  227.380413200415
     0.219257561562   14.077168258592   13.289632702588  227.534009638133
     0.219939465866   14.046681743911   13.295392051260  227.495126356581
     0.220683504232   14.013020476746   13.291499638346  227.333969553278
     0.221441361331   13.980443532548   13.293635004130  227.283439760707
     0.222192869205   13.951210424943   13.288810762934  227.283665823161
     0.222903133857   13.938586346966   13.296981101243  227.706501328195
     0.223610001107   13.914770161452   13.301496878483  227.929335931120
     0.224307794223   13.887949758450   13.300239601251  227.875209326363
     0.225025260385   13.861872294126   13.298071137214  227.783461743888
     0.225773359015   13.828262289116   13.294754011951  227.662653027961
     0.226530564892   13.801909252369   13.292985909695  227.621981567606
     0.227237167951   13.771598917563   13.290943633321  227.547586631378
     0.227924941022   13.749558818208   13.292214429090  227.616214860890
     0.228635067959   13.721473860035   13.292735250953  227.678752573690
     0.229390845335   13.705409337840   13.301099790959  228.134263836928
     0.230110218255   13.681238382509   13.301360627086  228.182615554521
     0.230778446761   13.652610150925   13.293447111776  227.945244656999
     0.231543716991   13.624108810648   13.295093927971  227.823229216063
     0.232279484987   13.592787952068   13.288813910494  227.651658679550
     0.233089436008   13.571668070742   13.292866989351  227.828775291840
     0.233842113008   13.549690424717   13.296479184417  228.125764711997
     0.234585321085   13.533409031841   13.305903297002  228.560001897490
     0.235322874663   13.505865856839   13.304689290762  228.518281051836
     0.236059621788   13.477710480971   13.300632029985  228.370556666942
     0.236889506933   13.444448041007   13.296725423962  228.174754738561
     0.237686725303   13.416885755668   13.291737848378  228.006688766982
     0.238443364253   13.388671590941   13.291739691750  227.971130978170
     0.239218146379   13.365684659487   13.294311333166  228.115922342291
     0.239965126146   13.355646945298   13.304461666776  228.741199573109
     0.240730377648   13.330992146690   13.305357749855  228.783273910137
     0.241499765938   13.297959831646   13.300526540321  228.511301693893
     0.242320991028   13.270324660138   13.295105048594  228.329321068778
     0.243089107680   13.243038242962   13.292575016997  228.216717646320
     0.243936457379   13.221569971827   13.295214495201  228.289093443632
     0.244736327093   13.209897089216   13.303771789989  228.912464610731
     0.245744401163   13.186661967725   13.310658097846  229.115972453846
     0.246756766682   13.154559774090   13.270514382959  228.396885727568
     0.247769132200   13.128540723930   13.273949837839  228.372159387641
     0.248781497719   13.089815127184   13.273753483453  228.295733341425
     0.249795208189   13.054867166209   13.271994426566  228.211137425927
     0.250798397903   13.029109669949   13.292909075384  228.767784525702
     0.251801587617   13.012215077628   13.272470524107  228.674626839809
     0.252804777330   12.980209663761   13.274326885779  228.652435524892
     0.253807967044   12.948746093131   13.272455798977  228.532356507604
     0.254811156757   12.918831935180   13.269208995761  228.446759801149
     0.255830802769   12.884542996215   13.271246124671  228.449567346354
     0.256518452923   12.867563321683   13.271320551909  228.510572315965
     0.257211938434   12.858637938200   13.309242448190  229.527165571375
     0.258344227580   12.839743538300   13.316078771276  229.688771397309
     0.259358976750   12.826507999467   13.290891764710  229.469530856305
     0.260373725920   12.773248714304   13.273097549465  228.376468408425
     0.261388475090   12.737910719186   13.270777857653  228.276574466946
     0.262143500068   12.715576249788   13.267523872370  228.131411751325
     0.262776887954   12.706965551282   13.273201599098  228.323289064436
     0.263677237829   12.667650002429   13.283261273696  228.169217737385
     0.264360396464   12.652557834797   13.266049346349  228.131467176057
     0.265376394463   12.619244974265   13.279480498843  228.258353483569
     0.266194724975   12.599102812250   13.268920674750  228.171590282175
     0.266825572186   12.586949442478   13.269361695813  228.199285459478
     0.267485135450   12.570846275821   13.275068884742  228.275573003749
     0.268185333886   12.548679552254   13.281254505112  228.308498679128
     0.268948271957   12.520909074939   13.274680955707  228.170983102740
     0.269680211448   12.497366570062   13.270607023761  228.051557202059
     0.270424225151   12.479479039426   13.270200521558  228.001963597800
     0.271196435135   12.455746328661   13.267344353054  227.856781124886
     0.271961783606   12.431840939677   13.263784205276  227.721183134811
     0.272975235208   12.407939029305   13.261609151549  227.656636028949
     0.273985089189   12.381325583917   13.241772261512  227.280763303001
     0.274994943170   12.360421484199   13.248276358029  227.358925088868
     0.276004797151   12.337605864986   13.248167067827  227.358870429583
     0.277008029384   12.312869078131   13.248026611404  227.347883144914
     0.277912652278   12.289343018965   13.260822658810  227.525705159069
     0.278730531856   12.268792607438   13.261967861381  227.618511051758
     0.279734948325   12.245033332841   13.257694474553  227.577686702920
     0.280739656480   12.229953182786   13.257071038694  227.982785138358
     0.281628730243   12.218634803290   13.258734748228  228.323053844541
     0.282572289660   12.199612454348   13.281504847497  228.664602296695
     0.283126905910   12.180837803338   13.257808681941  228.344478474541
     0.283740851514   12.169741927954   13.283232553065  228.584476288201
     0.284349488937   12.149521323806   13.275853507816  228.449825131670
     0.285362971145   12.124053198803   13.272580270169  228.470602179344
     0.286143386652   12.105725573349   13.249124416960  228.145559570186
     0.286742687527   12.093304428860   13.256418410628  228.154262902105
     0.287367493150   12.072671554346   13.278939621765  228.288621350007
     0.287963681316   12.055095378871   13.264814355398  228.037717616828
     0.288559447028   12.040803206757   13.261592054985  227.964818913642
     0.289206975738   12.025726744725   13.260016598445  227.878828336772
     0.289894006596   12.007277865123   13.256553729302  227.734552697796
     0.290596419942   11.994911063205   13.256890953540  227.775288017396
     0.291368160252   11.976580065910   13.256071036955  227.756107832160
     0.292116158446   11.961274725180   13.255425229012  227.779535425988
     0.293130273970   11.939067671700   13.254265514593  227.717272196147
     0.294131843565   11.919735272386   13.237085920307  227.507830804383
     0.295133413160   11.907804914154   13.249104743650  228.003400081533
     0.296134982755   11.902331610089   13.264566722390  228.759614214516
     0.297136552350   11.885868437669   13.266633409751  228.870231807184
     0.298138121945   11.864279150988   13.265477620311  228.816649213118
     0.299139691540   11.844275850468   13.265342357821  228.861073246414
     0.300141261135   11.817886395275   13.262826942478  228.723173338707
     0.301142830730   11.794534070538   13.258627625295  228.511592867920
     0.302144400326   11.773622686091   13.257426434039  228.451111188687
     0.303145969921   11.755489110227   13.256426248612  228.444758221432
     0.304147539516   11.734929846740   13.256890133974  228.493303332642
     0.305054051983   11.714112025320   13.255201160442  228.440069404607
     0.306060548417   11.694279654941   13.267410624910  228.587496590109
     0.307047174975   11.666335686950   13.246882637412  228.194926628608
     0.307600727551   11.657014105524   13.237559944260  227.981649416616
     0.308185912803   11.649239274958   13.270847140517  228.484297905547
     0.308796307797   11.626947011017   13.265599117997  228.306774957128
     0.309409233495   11.613908446277   13.258894729219  228.214682608763
     0.310053182046   11.599159064308   13.258237853891  228.189182121376
     0.310704142290   11.590402866156   13.260073213308  228.247761728830
     0.311327674374   11.577817281551   13.259055034548  228.225100023717
     0.311934732576   11.565045023702   13.259761637005  228.339353560415
     0.312553789030   11.570200483078   13.275347002809  229.163481355282
     0.313146145066   11.563597598157   13.282132351113  229.515574128806
     0.313387659792   11.559109195144   13.281583101264  229.517404298716
     0.313968595741   11.551270898400   13.282785681500  229.558042107530
     0.314558844400   11.543177584212   13.283918645153  229.624525680760
     0.315142069115   11.531005622763   13.282510761757  229.566928739406
     0.315731702366   11.518964598565   13.280399543153  229.471552561458
     0.316381647220   11.509199398014   13.280858280978  229.479922318085
     0.317058827802   11.495620730161   13.280167630889  229.465128728184
     0.317703538553   11.479584919151   13.277315848942  229.314431472941
     0.318374915383   11.466703650077   13.275052144861  229.217318259024
     0.319058093619   11.456483702338   13.275621653337  229.255949366187
     0.319714076152   11.448361481813   13.277009251259  229.315478063886
     0.320397956599   11.430634116410   13.273895621992  229.182459471885
     0.321067960123   11.416703121006   13.272874757365  229.071303254449
     0.321729524857   11.403809483025   13.270972517943  229.071937905378
     0.322415175509   11.392533968844   13.271609507911  229.058771907755
     0.323095050571   11.379315471938   13.267903509349  228.914400744466
     0.323767048931   11.371569587547   13.270742327506  229.038709924784
     0.324466827517   11.362630008507   13.272857195857  229.146998372616
     0.325164776300   11.345906294761   13.270192831467  229.016220005015
     0.326169464507   11.323371723625   13.266290911960  228.793989802040
     0.327175411333   11.305191808335   13.255579913845  228.627157380916
     0.328181358158   11.295825431645   13.259199705349  228.848165586597
     0.329187304983   11.298348526938   13.277733404896  229.795961118780
     0.330193251808   11.262927474231   13.263652538387  228.965277835307
     0.331210311574   11.239476619951   13.256163242059  228.647068141935
     0.332217646648   11.226165640215   13.267620873086  229.088079875308
     0.332982813582   11.229831345177   13.270674062013  229.745152785814
     0.333526353547   11.222011040940   13.279260154525  229.839791937021
     0.334055170233   11.218432403939   13.286593267647  229.993909555296
     0.334565689405   11.205588619258   13.293826452839  230.040581153061
     0.335080149968   11.193552006477   13.287286730626  229.982474760785
     0.335653019297   11.184178893290   13.287795239516  230.039937406201
     0.336225483082   11.175463182962   13.288715305048  230.130659010167
     0.336751531642   11.163548924213   13.285898620593  230.025472522319
     0.337754308301   11.145713975063   13.284266035256  229.933229073681
     0.338532932836   11.138783213649   13.264700767383  229.796273852428
     0.339095099487   11.131003695158   13.289329072621  230.000592762283
     0.339648381958   11.115105295616   13.268191778708  229.496111257936
     0.340168002000   11.109899371682   13.285078724974  229.700480049498
     0.340669477159   11.104036427461   13.284768291108  229.814330597520
     0.341203272427   11.094526807581   13.283465225621  229.850616722917
     0.341751630933   11.082388753996   13.280845290814  229.690541372556
     0.342304575921   11.064703090246   13.274991756896  229.475330806812
     0.342873691346   11.063376858524   13.278727820584  229.659741046810
     0.343485913231   11.059246149502   13.282692442803  229.850003507389
     0.344082015005   11.045763539127   13.278335073304  229.660738818849
     0.344676291867   11.036048407142   13.276158810061  229.568160439487
     0.345323128727   11.022190522607   13.276176920706  229.525344341007
     0.346326128745   11.007275760163   13.273219029818  229.405906765337
     0.347332459232   10.993106918253   13.259897034200  229.222064211074
     0.348346336149   10.975267231842   13.250996365903  229.022887805015
     0.349360213066   10.969368969001   13.260674619748  229.609747514247
     0.350374089982   10.977170192992   13.280193439301  230.619554007675
     0.351387966899   10.963881167965   13.280269273862  230.571345278283
     0.352401843816   10.951920324495   13.280220974542  230.634930791185
     0.353401993440   10.940830541798   13.285342722589  230.876439785364
     0.354410036423   10.916518091218   13.295486364537  230.716617333902
     0.355332157988   10.904813484368   13.290835522074  230.919792315180
     0.355805931295   10.896776089480   13.292031989475  230.873532388810
     0.356780103877   10.880483838210   13.305980531233  230.860212877431
     0.357794334052   10.873535400481   13.289168798695  231.138274366812
     0.358513262336   10.856155982016   13.290746214561  230.917322827426
     0.359010888773   10.844890688693   13.280803649190  230.591872948227
     0.360032059920   10.831009465186   13.307461039179  230.905616394005
     0.360462802993   10.823149993816   13.296047384158  230.778931846897
     0.361317983669   10.811412315310   13.264085263467  230.229964302028
     0.361838490111   10.808940459330   13.273531396034  230.305703697384
     0.362477507754   10.800614538765   13.303730011218  230.782331138408
     0.362969523319   10.789823878875   13.305387329341  230.756676802554
     0.363428775668   10.779484998726   13.292621926309  230.499144212636
     0.364379134989   10.761667192859   13.293028241217  230.284491521894
     0.364879531971   10.755742370672   13.281297057313  230.168081756228
     0.365404255759   10.757240181124   13.279232629678  230.329873079004
     0.365927085160   10.756723155828   13.307402582525  230.809332400323
     0.366437449386   10.749342337192   13.299593828545  230.765991109303
     0.366986822315   10.733438235727   13.293503154127  230.556533241399
     0.367571010289   10.725561946222   13.293355742713  230.538765535273
     0.368156165290   10.718364679794   13.293976195425  230.627518916115
     0.368736362434   10.708149189753   13.291241853549  230.515305887451
     0.369290305116   10.696378288696   13.287500564070  230.283031867888
     0.369843422272   10.693183407117   13.288674307134  230.297452062550
     0.370417534419   10.686606952427   13.289692601636  230.334436308220
     0.371004714375   10.674703592491   13.287565958548  230.252579658118
     0.371590184166   10.663971082920   13.285646069611  230.199661146566
     0.372159194352   10.658873197598   13.287093839020  230.271231208878
     0.372760115185   10.648376834188   13.285941990814  230.212081490601
     0.373397421665   10.636626512919   13.284682712269  230.236087002001
     0.373990205497   10.647241708385   13.302877905322  231.293734381046
     0.374550412763   10.650043695764   13.313136641798  231.840816452602
     0.375136368964   10.649192742562   13.318176414800  232.027789634724
     0.375736694120   10.642584989696   13.319127383579  232.060007354365
     0.376342338423   10.630601429065   13.315082446911  231.887856330743
     0.376945004398   10.623273158633   13.314247755566  231.832597606658
     0.377529193243   10.618417082166   13.316623437444  231.961918147862
     0.378103455585   10.614221845913   13.320598295113  232.169133068374
     0.378694442091   10.603124776312   13.319966081065  232.140118459742
     0.379287739896   10.592219014522   13.317149199425  232.006624421161
     0.379870019465   10.584877361628   13.316108422695  231.985259136514
     0.380430930267   10.579953587988   13.316767463119  232.006313579641
     0.381023278210   10.569905888828   13.313915895674  231.839559608787
     0.382033486197   10.554541093348   13.309936088728  231.630224922866
     0.383048104977   10.543199579511   13.292657686416  231.511269372417
     0.384048325562   10.535650588497   13.301303808506  231.626986637891
     0.384862949536   10.527556764823   13.308298899739  231.760068522170
     0.385413220545   10.515338888446   13.309889694496  231.685487101722
     0.385906817987   10.507142028209   13.292571213106  231.414845419487
     0.386427458272   10.501464974648   13.322101401549  231.843358903640
     0.386925928220   10.492141416157   13.313200756660  231.752799979078
     0.387440324783   10.485447534070   13.313022335494  231.777158133879
     0.387921194452   10.477037937090   13.310496339237  231.712819119797
     0.388432231378   10.468465218492   13.309239594656  231.610770189293
     0.388915920868   10.463879651900   13.308336579177  231.607263360457
     0.389609865835   10.455849449072   13.308683834774  231.612743779060
     0.390095506111   10.449889506850   13.306932679930  231.510312685713
     0.390584799056   10.441088501313   13.294699088932  231.233667774127
     0.391083544555   10.436544880506   13.303576187409  231.247991226686
     0.391516211648   10.431791863936   13.305836709127  231.232331193345
     0.392001193084   10.425378396918   13.301366236700  231.165868041354
     0.392504350951   10.419584859308   13.302336123762  231.176945646569
     0.393318368758   10.412677847616   13.303463472583  231.265076872607
     0.394270126946   10.402130465934   13.295068009638  231.188513693015
     0.395089824309   10.398260619702   13.292396620855  231.189018295942
     0.395824218639   10.382309579531   13.310283254873  231.247097594183
     0.396360997635   10.376091900462   13.285140584852  231.079239903526
     0.396863398782   10.389106377057   13.312858623867  232.160992910003
     0.396951847591   10.391151207013   13.321522884907  232.386179075350
     0.397416253844   10.396898981138   13.341065361689  233.013118419919
     0.397909167521   10.389542847599   13.335079279637  233.001826279274
     0.398405182819   10.382728716845   13.335196458500  233.002688321891
     0.398899757096   10.379411864258   13.337480911480  233.162129235609
     0.399391032522   10.374415598608   13.340341580642  233.343184737185
     0.399907395913   10.363450824746   13.337630268457  233.189042554827
     0.400441165411   10.354623586397   13.335110569505  233.069532348335
     0.400979837680   10.352867854283   13.337446065674  233.225148239036
     0.401529596490   10.346398238354   13.337863421581  233.245023176716
     0.402063584228   10.337596401720   13.335092201769  233.116350054165
     0.402618421306   10.331556925921   13.336551793403  233.210954894018
     0.403186586360   10.326912103850   13.339223128928  233.312515231148
     0.403742917114   10.317618113606   13.335713819583  233.185868770610
     0.404294716952   10.311017791880   13.333803968370  233.070918683995
     0.404867905624   10.307839931511   13.335833962442  233.149624330160
     0.405776293257   10.295847777493   13.334622895279  233.103135462549
     0.406779633832   10.283655249966   13.323408799912  232.987047119510
     0.407782974407   10.279430149042   13.329151631794  233.197418711378
     0.408786314981   10.266179644501   13.326079946639  233.006509859676
     0.409789655556   10.256702157701   13.324368397649  232.896237074215
     0.410792996131   10.245248083206   13.324891958876  232.918340164925
     0.411705617638   10.231705765976   13.321123904930  232.727299942359
     0.412706248540   10.223911231693   13.330014151658  232.858194238206
     0.413706879442   10.206704435404   13.317033050312  232.540366190206
     0.414627811758   10.196786159783   13.316116543211  232.463668440912
     0.415628442660   10.188832185437   13.318885524128  232.523029668782
     0.416629073562   10.174916538132   13.310752563129  232.304302003447
     0.417629704464   10.165660368033   13.312801108016  232.225889815854
     0.418630335366   10.156813487855   13.313885586975  232.260238666999
     0.419630966268   10.144425858201   13.311545451061  232.091602096261
     0.420212314813   10.134723274294   13.308948497518  231.996973158524
     0.420649684503   10.134564676088   13.310838955172  232.053334200482
     0.421652295128   10.122801504834   13.330576596216  232.300711338999
     0.422334624497   10.117577925511   13.311225426601  232.141257682631
     0.423258729549   10.115462303537   13.319163340642  232.383975987071
     0.423998715953   10.098368400577   13.322970301568  232.295465082420
     0.424470586299   10.096495976996   13.307248071313  232.402915648949
     0.424935374027   10.112244449486   13.331797236520  233.367571024143
     0.425366335639   10.117035787614   13.361602444585  234.097835447930
     0.425848318006   10.111518151423   13.359470588564  234.221239419023
     0.426348533469   10.105060791714   13.357678326184  234.271772965824
     0.426859066156   10.101277114518   13.359952361372  234.416124318060
     0.427333587230   10.099141810474   13.360386875111  234.484126100868
     0.427799525283   10.092012931970   13.358848200571  234.401829815341
     0.428294278119   10.084518218595   13.358638913769  234.364572635099
     0.428811620110   10.080106059459   13.361380957375  234.471255688173
     0.429338392348   10.074342882795   13.360755311628  234.488320199026
     0.429821630428   10.067796672483   13.359428622849  234.448650742760
     0.430289204713   10.062798177165   13.359348596687  234.470896276195
     0.430779178622   10.059901877001   13.361845237290  234.539668719852
     0.431287776611   10.052828611070   13.360119180709  234.375326432478
     0.431813174299   10.042653218075   13.354557658195  234.158576173376
     0.432305222440   10.038585465272   13.354690927349  234.232291344266
     0.432754565708   10.035215335136   13.355795319385  234.294051588986
     0.433216737330   10.033489537514   13.358089550974  234.390520741282
     0.433716004258   10.027191030289   13.358825520406  234.389158511502
     0.434249184199   10.018855534110   13.356176275143  234.257860884832
     0.434798440175   10.010380710522   13.351921907518  234.098116754879
     0.435316921047   10.010030724550   13.353414062023  234.191301353756
     0.435803563502   10.011115680762   13.357323975847  234.383476541517
     0.436306686895   10.006609110212   13.358085539896  234.420999001732
     0.436828376050    9.997479589303   13.356501069020  234.281568616384
     0.437367985372    9.991360820216   13.356085588722  234.289193475009
     0.437884739119    9.987323589372   13.357767229807  234.419054735094
     0.438074700120    9.985844978727   13.358241766595  234.448879967169
     0.438579023805    9.980948863858   13.357097215871  234.384642020175
     0.439106209739    9.972785938913   13.354135038357  234.202759862140
     0.439665671544    9.967710236805   13.352848896546  234.122613173149
     0.440250897319    9.963421530359   13.352660389457  234.134265121942
     0.441260221708    9.954071245823   13.349440613793  233.979784865743
     0.442269516258    9.946214214663   13.336438675711  233.804679245911
     0.443278810809    9.933293383154   13.339715587721  233.728146367190
     0.444288105360    9.925128456412   13.339799158973  233.715590986065
     0.445297399911    9.918575968545   13.340456137788  233.746792953668
     0.446306694462    9.907914967377   13.341223108521  233.811014054898
     0.447315989012    9.893020889206   13.336060573850  233.504140682932
     0.448325283563    9.882684307492   13.331658284931  233.191799021149
     0.449334578114    9.875344814274   13.331083506708  233.136247977380
     0.450262156761    9.869188172739   13.333110323220  233.234614319328
     0.451167954930    9.859166425864   13.331875630785  233.175450238497
     0.451925732606    9.853092350796   13.341369649092  233.388481710285
     0.452352766014    9.847603872151   13.329512054008  233.219920210264
     0.453353603964    9.838617469314   13.347618187150  233.457266070442
     0.453790356914    9.831597020552   13.342012993554  233.317987333632
     0.454199530861    9.828562375308   13.325456381088  233.119653442499
     0.455201653733    9.832484469209   13.359258212062  234.016570858124
     0.455648689228    9.841783126562   13.364796072172  234.923851477516
     0.456075348970    9.845610031604   13.360647065236  235.367785017069
     0.457077417626    9.844348035678   13.395657452682  235.980515247486
     0.457498538450    9.832173183093   13.380371522393  235.721269927706
     0.457937222214    9.828122090126   13.366034651526  235.615818516329
     0.458619977677    9.823263191640   13.386144685081  235.688624406825
     0.459337400905    9.808257011614   13.379481133381  235.491610105191
     0.459784358653    9.806460636270   13.368883669755  235.507045601217
     0.460244277227    9.810258474751   13.369507248662  235.671416154405
     0.460674270792    9.808321153900   13.387607887551  235.826949890248
     0.461408796455    9.793742557800   13.380177266667  235.576886159755
     0.461875657483    9.793072574735   13.382409182023  235.712752434550
     0.462360974490    9.790836499611   13.371076860744  235.655115845984
     0.462838545028    9.787802775791   13.377834639700  235.711706882865
     0.463239511485    9.782086806456   13.388345137116  235.721932172149
     0.463710261108    9.775616078290   13.380937187820  235.675090691605
     0.464194209681    9.773700331870   13.382942298243  235.757775744507
     0.464726453513    9.768994429926   13.382983468143  235.727741502247
     0.465229223357    9.763809687071   13.379681681673  235.663411887292
     0.465709575712    9.758878464771   13.379480515384  235.646265160051
     0.466143949629    9.756454662988   13.380059691640  235.698295975739
     0.466597355653    9.753456045523   13.382389673895  235.738369776009
     0.467103435313    9.749029485113   13.382607987601  235.725698240658
     0.467604355710    9.743499916941   13.381817715043  235.685857479566
     0.468084315039    9.738887096348   13.380029781344  235.678616866414
     0.468545093114    9.735329910866   13.379967947269  235.684569453150
     0.469013346826    9.733500674700   13.381644528599  235.717207696409
     0.469486899644    9.728544909486   13.380872029807  235.661826546890
     0.469980191461    9.723556088122   13.378942026118  235.542759243356
     0.470481623424    9.715115464115   13.374220631229  235.324108913123
     0.470964358976    9.715084016432   13.375276572436  235.362553689136
     0.471443108412    9.714827544890   13.377630037705  235.498523078247
     0.471925051949    9.711914739344   13.378567785200  235.514952615350
     0.472403392475    9.703868094585   13.375981349879  235.373434013282
     0.472879135087    9.698739716370   13.374628333435  235.324520476072
     0.473361013550    9.694507424243   13.374306976127  235.309968752807
     0.473852867919    9.689743323648   13.373440373394  235.251113327181
     0.474315849515    9.684217566034   13.371589343694  235.152781386419
     0.474779171172    9.681947916543   13.371006344195  235.114801832710
     0.475177619925    9.678584896544   13.370214386695  235.065640076893
     0.475677865369    9.673471162213   13.370179084374  235.035949448599
     0.476203243483    9.668662798538   13.369938123039  235.060333593609
     0.476736614138    9.662731773941   13.368337009401  235.004915188298
     0.477266171240    9.657374804576   13.365585484901  234.853306978168
     0.477783656166    9.655047957537   13.365183544179  234.827192027724
     0.478309175914    9.653099145799   13.366667144590  234.883072023173
     0.478847137551    9.648822885651   13.367260977830  234.914573646131
     0.479388244173    9.644587013509   13.368370035447  234.992285109354
     0.480175411689    9.639102850923   13.369208751570  235.065176160487
     0.481178084537    9.629983576220   13.359704010022  234.780818994914
     0.482180757386    9.627185296029   13.360785967251  234.892171177979
     0.483183430235    9.617590397639   13.360798108643  234.871924447057
     0.484186102991    9.608489950157   13.358824441275  234.736002951553
     0.485188647548    9.598902217134   13.355891219241  234.558623596488
     0.486190967071    9.590660008261   13.355462502997  234.534551608782
     0.487193064742    9.581225762556   13.352817278292  234.375785319438
     0.488194935793    9.573012365507   13.350765021297  234.229019344966
     0.489031195968    9.568446447971   13.351832253354  234.264712919360
     0.490034161675    9.564192659568   13.355321257163  234.369338372244
     0.490669419659    9.564264863683   13.358235532550  234.501948677832
     0.491069493632    9.563388922914   13.353082170483  234.451666793106
     0.491700496921    9.564684675555   13.364418861897  234.732473799953
     0.492162959461    9.551978540331   13.376819734217  234.833057415013
     0.492606721741    9.554642421615   13.377400118786  235.429555250953
     0.493161981529    9.567406152312   13.394431127527  236.657277892518
     0.493601791032    9.569145716338   13.410695882176  236.976173844724
     0.494063147868    9.564708109375   13.404820902251  236.945212733800
     0.494492972269    9.559769738474   13.396332335968  236.850900576090
     0.494880560206    9.560019957228   13.410132800323  237.042862358638
     0.495312224658    9.560530667135   13.410463950814  237.202988251032
     0.495778076491    9.555399021306   13.409927514317  237.177320956310
     0.496237216861    9.549996886470   13.409582370538  237.137911549389
     0.496629939542    9.549835166759   13.410549972754  237.236902701302
     0.497033080222    9.544724325708   13.408571459849  237.122063042530
     0.497468133072    9.536534336419   13.403160387354  236.863913948594
     0.497924857439    9.533548545506   13.405426799182  236.931592322504
     0.498368483853    9.534919869609   13.409133724972  237.144065044643
     0.498788528255    9.531124993425   13.408206360439  237.156440760592
     0.499312612445    9.523070371275   13.403584153582  236.930733588623
     0.499735366179    9.521001780387   13.404172915864  236.927407846569
     0.500035689347    9.522097307559   13.407087846758  237.047573089335
