# {0} signal over time, extracted at r = 500 km
# All quantities are measured in a resting observer's frame at infinity
# cols=4 rows=703
#              time        luminosity               <e>             <e^2>
#               "s"           "foe/s"           "MeV^1"           "MeV^2"
  -4.8323806356e-04  1.0223429758e-06    8.418484791024   80.694738081848
  -4.7774462594e-04  1.0223053591e-06    8.264726705740   78.824562347890
  -4.6168046082e-04  1.0223086222e-06    7.854859941899   73.838721276655
  -4.3935757570e-04  1.0223717799e-06    7.362359800554   67.844393814236
  -4.1534273119e-04  1.0226782997e-06    6.902390004923   62.233241600359
  -3.9813544714e-04  1.0236660765e-06    6.604646707539   58.583487251371
  -3.8355078068e-04  1.0255271790e-06    6.370461184699   55.699430738698
  -3.6933121952e-04  1.0284625816e-06    6.158006588356   53.075689108505
  -3.5639838874e-04  1.0321864405e-06    5.977462291246   50.840168695182
  -3.4524830147e-04  1.0362593771e-06    5.831705103189   49.032326187493
  -3.3704553927e-04  1.0397175306e-06    5.731317680697   47.787781072750
  -3.3673486127e-04  1.0398553748e-06    5.727594835176   47.741585246093
  -3.2932954046e-04  1.0432961988e-06    5.640535837968   46.660390334552
  -3.2138577106e-04  1.0473321485e-06    5.550662897934   45.542362927385
  -3.1387791866e-04  1.0514921065e-06    5.468971812907   44.524344067895
  -3.0630859051e-04  1.0560519475e-06    5.389471578344   43.527259224980
  -2.9991773540e-04  1.0602719557e-06    5.324706321067   42.712625953582
  -2.9350438166e-04  1.0648518163e-06    5.261884038441   41.921479228989
  -2.8771234816e-04  1.0692722083e-06    5.207106603985   41.234520805130
  -2.8183905746e-04  1.0739718644e-06    5.153237773169   40.558133129637
  -2.7519983959e-04  1.0795515963e-06    5.094318454650   39.817109918646
  -2.6960710148e-04  1.0844693318e-06    5.046708323706   39.220764691131
  -2.6929964247e-04  1.0847439364e-06    5.044132195949   39.188480685728
  -2.6113156363e-04  1.0922072154e-06    4.977186835430   38.348542784788
  -2.5263248270e-04  1.1003320644e-06    4.910515903047   37.510098792307
  -2.4444292272e-04  1.1085289633e-06    4.849053137456   36.735311280776
  -2.3615868226e-04  1.1172084584e-06    4.789551469371   35.983431896057
  -2.2773073619e-04  1.1264588521e-06    4.731667157642   35.250130792501
  -2.1963368912e-04  1.1357627408e-06    4.678470942967   34.574458059649
  -2.1095475352e-04  1.1462069632e-06    4.623968385086   33.880272935278
  -2.0228059472e-04  1.1571498988e-06    4.571983780419   33.216169262200
  -1.9947749690e-04  1.1607959261e-06    4.555698290441   33.007693586668
  -1.9639182842e-04  1.1648719981e-06    4.538054121349   32.781582886732
  -1.9352507331e-04  1.1687183204e-06    4.521923287756   32.574636973525
  -1.8812648587e-04  1.1761171367e-06    4.492217362022   32.192942040826
  -1.8044190273e-04  1.1870020420e-06    4.451403546777   31.667200262832
  -1.7210645657e-04  1.1992804220e-06    4.409014678901   31.119432539671
  -1.6226794893e-04  1.2144080784e-06    4.361388203512   30.501677986572
  -1.5591106515e-04  1.2245484305e-06    4.331941059313   30.118403378337
  -1.4786188836e-04  1.2378023701e-06    4.296082122945   29.650193715708
  -1.4046973482e-04  1.2503657928e-06    4.264093203382   29.231340703656
  -1.3217752842e-04  1.2648950651e-06    4.229485003606   28.776724646963
  -1.2713902445e-04  1.2739528732e-06    4.209202328254   28.509457968912
  -1.2530889989e-04  1.2772859119e-06    4.201970865929   28.414013005359
  -1.1824743396e-04  1.2903654402e-06    4.174728983920   28.053680913416
  -1.0959429124e-04  1.3068669927e-06    4.142731206152   27.628795361074
  -1.0119228474e-04  1.3233871496e-06    4.113056411585   27.233066055477
  -9.5392735289e-05  1.3350744019e-06    4.093340341667   26.969192509471
  -8.7680989883e-05  1.3509728415e-06    4.068053941626   26.629597499996
  -8.0396047747e-05  1.3663635761e-06    4.045103668653   26.320184313249
  -7.3624001778e-05  1.3809903036e-06    4.024550450593   26.042088321839
  -6.7602393994e-05  1.3942501333e-06    4.006881586587   25.802243623896
  -6.1230608479e-05  1.4085372664e-06    3.988783088468   25.555803756213
  -5.5460179196e-05  1.4216996879e-06    3.972903558856   25.338927816478
  -4.9788765235e-05  1.4348406351e-06    3.957752439255   25.131419225346
  -4.4483083705e-05  1.4473154291e-06    3.943973515164   24.942200224987
  -3.9305929987e-05  1.4596553180e-06    3.930884372522   24.761998694394
  -3.4316223515e-05  1.4717035631e-06    3.918591313883   24.592344028515
  -2.9373553765e-05  1.4837874677e-06    3.906716246140   24.428068972092
  -2.4710535068e-05  1.4953231261e-06    3.895780432680   24.276441246598
  -2.0408981093e-05  1.5060807527e-06    3.885915955754   24.139376779177
  -1.6208638055e-05  1.5166926334e-06    3.876485113465   24.008073416544
  -1.1480662792e-05  1.5287643329e-06    3.866101449476   23.863198260034
  -7.4944497166e-06  1.5390463243e-06    3.857532678053   23.743397750712
  -3.6497044248e-06  1.5490539415e-06    3.849425031755   23.629832889684
   6.4329122973e-08  1.5588059968e-06    3.841736088538   23.521937953283
   3.8796144529e-06  1.5689109705e-06    3.833980653491   23.412912300708
   7.6106613049e-06  1.5788786242e-06    3.826533658000   23.308030372744
   1.1465009113e-05  1.5892653873e-06    3.818979905608   23.201446298295
   1.5287731001e-05  1.5996576928e-06    3.811624981963   23.097469021408
   1.8315612250e-05  1.6079539108e-06    3.805894120205   23.016310747930
   1.8354156708e-05  1.6230041841e-06    3.816715308942   23.163616495264
   2.5736611973e-05  1.6445029738e-06    3.803236080839   22.971206379448
   4.0524838099e-05  1.6886041887e-06    3.777558347201   22.600917007273
   5.7098127495e-05  1.7399297782e-06    3.750938747529   22.213525607578
   7.3435135775e-05  1.7926033780e-06    3.726714566306   21.856372274314
   9.0151455605e-05  1.8488064243e-06    3.703860202355   21.514565604134
   1.0769520531e-04  1.9104681101e-06    3.681836488822   21.179724461493
   1.2381063215e-04  1.9696538193e-06    3.663263524255   20.892192303147
   1.4098270930e-04  2.0355201996e-06    3.645113532024   20.605492404489
   1.5640451705e-04  2.0972138074e-06    3.630176073969   20.364241748088
   1.7399372353e-04  2.1705900953e-06    3.614628141177   20.106686840810
   1.9049144843e-04  2.2423769475e-06    3.601412224409   19.881192794939
   2.0806255227e-04  2.3220233792e-06    3.588715779247   19.657183585995
   2.2660019005e-04  2.4096308375e-06    3.576784175957   19.437964636482
   2.4408053040e-04  2.4956038858e-06    3.566836391100   19.246511945640
   2.6251303729e-04  2.5897775421e-06    3.557644133834   19.059884673354
   2.8210582197e-04  2.6938022453e-06    3.549253096650   18.877847760847
   3.0283603591e-04  2.8082170229e-06    3.541831500993   18.702668387436
   3.2320415004e-04  2.9249431169e-06    3.535905377294   18.547115999538
   3.4395518472e-04  3.0482624501e-06    3.531157564680   18.404572882930
   3.6588323568e-04  3.1837635437e-06    3.527388527567   18.269827302572
   3.8916355605e-04  3.3383974229e-06    3.524164502548   18.131353738248
   4.1397377492e-04  3.5534869114e-06    3.516230274756   17.893178203533
   4.4032987548e-04  3.9405997606e-06    3.483473996038   17.223910004122
   4.6868672529e-04  4.7170616841e-06    3.413661933129   16.043786610167
   4.9378221416e-04  5.8657603367e-06    3.359944470437   15.034197959094
   5.2328243111e-04  7.9568764680e-06    3.288060075711   13.955503253440
   5.5532362523e-04  1.1500858153e-05    3.234506021742   13.161894048274
   5.8959831564e-04  1.7468421139e-05    3.212960246192   12.730498136010
   6.2637752584e-04  2.7630205699e-05    3.218191900745   12.597731491152
   6.6598509424e-04  4.5043285080e-05    3.242075861123   12.667405030079
   7.0853046142e-04  7.4738749385e-05    3.282455079243   12.890265188683
   7.5376488044e-04  1.2399020261e-04    3.353360947675   13.345481797667
   8.0077007724e-04  2.0084955961e-04    3.443992376485   14.003754253131
   8.4792527343e-04  3.1225005915e-04    3.515009863977   14.587609107604
   8.9848523157e-04  4.8445133205e-04    3.561665244760   14.984517196807
   9.5491519071e-04  7.6790700004e-04    3.594529991631   15.284707793726
   1.0177153195e-03  1.2492343241e-03    3.644956388897   15.729664866974
   1.0937535053e-03  2.1921375823e-03    3.698302788502   16.193633679663
   1.1734714569e-03  3.8389212017e-03    3.765304361867   16.785724403354
   1.2599610399e-03  6.8728321739e-03    3.833881400434   17.391668895073
   1.3537725361e-03    0.012560586558    3.902915116254   18.006557545613
   1.4651526915e-03    0.024629650240    3.985815636689   18.737934218034
   1.5995297143e-03    0.051958402667    4.102351558618   19.774258471025
   1.7420732984e-03    0.102420459643    4.255095933012   21.218234940097
   1.8846168825e-03    0.175464937381    4.445123720572   23.175468456508
   2.0271604666e-03    0.267657008656    4.674188951021   25.729961285556
   2.1725768757e-03    0.380873428606    4.954877967998   29.071090402933
   2.3531937937e-03    0.556106989426    5.367222866716   34.348037704909
   2.5251401443e-03    0.772533086765    5.832233986893   40.834907173244
   2.6076743926e-03    0.897590204229    6.074149911464   44.412230929509
   2.6093938561e-03    0.900357692830    6.079276429707   44.489800944649
   2.7813402067e-03    1.211321341418    6.601406099448   52.662223138805
   2.9532865574e-03    1.587172139236    7.122462293163   61.404275294428
   3.1509817695e-03    2.088519666307    7.685756022429   71.507810552786
   3.3581969272e-03    2.669459003747    8.220206495846   81.755220756866
   3.5654120849e-03    3.280544856621    8.695159802406   91.457098415782
   3.7726272425e-03    3.894811796981    9.114499926404  100.561206332364
   3.9798424002e-03    4.485182991578    9.483563387543  109.046690084390
   4.1901794606e-03    5.042038239648    9.811674817747  117.008240073665
   4.4408323081e-03    5.641164866115   10.149500987217  125.677267171398
   4.6921837195e-03    6.168325543693   10.438772960570  133.533582722310
   4.7536251756e-03    6.285927316874   10.502870347331  135.333750044193
   5.0049765870e-03    6.724301837525   10.740593539659  142.217421398999
   5.2563279984e-03    7.102054976045   10.943329265944  148.374649185679
   5.5076794098e-03    7.428263791852   11.115028867133  153.827133144909
   5.7590308211e-03    7.714381987812   11.260901536802  158.647364562610
   6.0106030413e-03    7.969703100824   11.386545316199  162.935043912781
   6.2623960703e-03    8.206921743311   11.495215833772  166.737105885682
   6.5141890992e-03    8.436570356322   11.590386035055  170.123182790841
   6.7659821282e-03    8.670795158206   11.676217276719  173.189105444608
   7.0177751572e-03    8.914711483375   11.755928386396  176.020116072981
   7.2695681861e-03    9.177367702254   11.831687950411  178.669269591648
   7.5213612151e-03    9.453596267517   11.905170556274  181.204930051696
   7.7731542441e-03    9.754832093372   11.980185739412  183.731448042116
   8.0249472731e-03   10.075143801181   12.053915310639  186.170146052672
   8.2767403020e-03   10.419033880110   12.128021546980  188.569777578295
   8.3858763127e-03   10.574547889295   12.159775810829  189.589736764715
   8.6381833040e-03   10.940887851538   12.231962229176  191.899116905552
   8.8904902953e-03   11.332495698922   12.304541745954  194.176621554163
   9.1427972866e-03   11.730030365097   12.374075653072  196.350373955358
   9.3951042779e-03   12.129522730392   12.440798828782  198.422436947059
   9.6474112692e-03   12.534412084783   12.503351355273  200.352691561468
   9.8997182605e-03   12.921186962394   12.558101579921  202.040708328150
     0.010152025252   13.301233866726   12.609037209891  203.593960251425
     0.010404332243   13.659929155089   12.653779036888  204.931462464256
     0.010656639234   14.004109885166   12.693609750780  206.080558931107
     0.010908946226   14.333258417487   12.725921156024  206.982112218661
     0.011164417862   14.654282428178   12.754924958539  207.746441001725
     0.011419937051   14.967413854744   12.780824642165  208.395481426742
     0.011675456240   15.257404679622   12.802206164636  208.910107905093
     0.011930975429   15.548278367017   12.823409194693  209.398970577458
     0.012186494618   15.832269508594   12.841128847496  209.780158301325
     0.012442013807   16.102949110394   12.856086438475  210.078158144089
     0.012697532997   16.384323262692   12.872093762759  210.422898919427
     0.012953052186   16.657075112464   12.887280551638  210.761977090695
     0.013208571375   16.914595588377   12.902949390373  211.102793551783
     0.013464090564   17.189977653137   12.922866100011  211.574629960948
     0.013719609753   17.472370577037   12.940374426237  211.981026758976
     0.013975128942   17.728080192953   12.953040302095  212.242652531604
     0.014227449757   17.967592242572   12.967227256609  212.566349275507
     0.014478829820   18.223370779432   12.985239050501  213.024002057706
     0.014730551231   18.479426770931   12.999899271584  213.381468389759
     0.014990063748   18.720205653929   13.009830906867  213.586929976683
     0.015240860547   18.954688191334   13.023018368722  213.908602544103
     0.015491681415   19.210671433824   13.042483982676  214.427603163368
     0.015745958753   19.457091063416   13.056182387207  214.757258848666
     0.016002011569   19.670837666035   13.062385413269  214.883114273603
     0.016263113253   19.888600113184   13.074267996742  215.226694367403
     0.016273137805   19.897218895458   13.074939334570  215.246832301534
     0.016526373834   20.116653466401   13.095053990906  215.836344810036
     0.016776518950   20.308550341512   13.108020114788  216.142651651752
     0.017033196884   20.457550839067   13.108135762071  216.051069862443
     0.017289615048   20.593795762242   13.107764494791  216.006411242005
     0.017541760797   20.751194579098   13.118029306508  216.340550282304
     0.017792388174   20.922535092911   13.134376613637  216.808268862290
     0.018048706983   21.064599983758   13.137140854809  216.746742500184
     0.018303297265   21.184742467766   13.133283112936  216.549702298599
     0.018553863212   21.321251180228   13.136395053661  216.664266643251
     0.018808226196   21.486541253663   13.150067126323  217.101134259076
     0.019060904845   21.632135449207   13.153889786869  217.114714988517
     0.019313583494   21.760270670632   13.147828141793  216.842105324771
     0.019566262143   21.901736564748   13.147295855687  216.848363428632
     0.019818904814   22.056973797661   13.154672920569  217.111561822877
     0.020072823772   22.215115418234   13.165992551714  217.489290925257
     0.020327272549   22.343893444562   13.166112886383  217.444671933477
     0.020581721326   22.454266349307   13.156923245894  217.091274685253
     0.020836170103   22.573570633253   13.153294884070  216.978971829512
     0.021090618881   22.687725352556   13.155314566346  217.087997766919
     0.021346696786   22.800402595128   13.161053848512  217.340705806273
     0.021601608260   22.906195000943   13.165212371373  217.518421992069
     0.021852990034   22.979117903074   13.159422796375  217.299800760764
     0.022104371808   23.039900660798   13.153027893794  217.051055637936
     0.022355753582   23.100034944549   13.151312332051  216.993255165971
     0.022607135356   23.162996170223   13.153415418055  217.092404019353
     0.022684483594   23.184216226260   13.154894444868  217.151756188228
     0.022935865368   23.251526587665   13.159208849729  217.312353555351
     0.023188727592   23.295946103462   13.154688473618  217.139313259452
     0.023440796555   23.332451368717   13.147652888304  216.893764516550
     0.023692865517   23.389849549775   13.149240613296  217.003102026476
     0.023944934479   23.455861665613   13.157556791387  217.394340677931
     0.024197003441   23.504205819956   13.162513687343  217.641190577127
     0.024449072403   23.543445835017   13.161444202295  217.596249229197
     0.024701141366   23.584106539203   13.156326666360  217.368515253837
     0.024953210328   23.625112822255   13.148056073182  217.031664027951
     0.025019934465   23.638597616018   13.146737269524  216.982141981894
     0.025027348258   23.640190486105   13.146632705560  216.978455412784
     0.026046737131   23.925984681119   13.171713300765  218.063254301171
     0.027080012759   24.136669877913   13.150878371339  217.708932962411
     0.028106444675   24.281539620686   13.169263346022  218.108895879344
     0.029124789847   24.438520203254   13.174717102170  218.139405210314
     0.030167435117   24.544927837482   13.164844703657  218.172154414827
     0.031182423576   24.560022284686   13.149166064301  217.319593145206
     0.032199434347   24.628637000104   13.158525406375  217.716922500953
     0.033217640998   24.734070773293   13.192810555664  218.551004080038
     0.034235414098   24.860337777414   13.187736609914  218.778582814761
     0.035257376912   24.956188803380   13.192259719921  218.677924912684
     0.036259850673   24.911585851366   13.198783706721  218.621367476502
     0.037302502074   24.753368301332   13.182089286787  218.344808484969
     0.038307041526   24.635707923371   13.150618502600  217.313571442675
     0.039366476163   24.747135343907   13.179697862971  218.177330231345
     0.040414378418   24.604564308526   13.134197060947  216.907197725042
     0.041428837246   24.570760154739   13.140455835941  217.216322235492
     0.042435888892   24.623527039880   13.209110333627  219.070409858731
     0.043468926136   24.609226332508   13.218873404830  219.615287642817
     0.044491032804   24.564948959727   13.211042659203  219.185485562705
     0.045043376325   24.526152744022   13.220726999419  219.355232982362
     0.046051866307   24.499598426121   13.251304786609  220.323775927675
     0.047052165128   24.533890294341   13.282813950073  221.494613981632
     0.048083774887   24.595145612474   13.309675579193  222.085301189658
     0.049112118796   24.578932708301   13.294513810800  221.909738824382
     0.050156800569   24.528134303880   13.311454094473  222.394459647096
     0.051163785643   24.500780943435   13.314662596741  222.590254979557
     0.052184147591   24.461365523502   13.335126976325  222.998955504474
     0.053208647591   24.374326048304   13.285693611020  221.789818602876
     0.054242940868   24.411779815794   13.322822362485  222.788337438233
     0.055272054624   24.417576741196   13.329119550887  223.201836964101
     0.056338470624   24.348753519405   13.342855415953  223.622345162837
     0.057356202215   24.263920592620   13.342239732405  223.694173308147
     0.058372015194   24.220247667688   13.359322201632  224.132702098838
     0.059372332012   24.184654470988   13.355470183815  224.151183318586
     0.060377542012   24.131628561653   13.348145961304  224.044098331787
     0.061403944852   24.109129852972   13.367572437650  224.604707650223
     0.062432653168   24.095570910450   13.377424587259  225.085868108973
     0.063465713617   24.097976683995   13.399290671943  225.860689285297
     0.064497990314   24.003617838157   13.397585600421  225.896367873278
     0.065071660943   23.928803911061   13.390527940724  225.639565589365
     0.066100773467   23.937488671499   13.399513096923  225.985764147272
     0.067124943463   23.931064233116   13.422375373715  226.731013921207
     0.068131797257   23.857138304887   13.421508189143  226.815712805975
     0.069145998230   23.824163236693   13.420336755159  226.617447699044
     0.070161276178   23.789057139808   13.426264317254  226.764514418768
     0.071191640852   23.741530327833   13.426857626267  226.917469496383
     0.072210069142   23.658913770534   13.432336223495  227.084153706932
     0.073210386142   23.558222656978   13.432582119215  227.087592088209
     0.074217562233   23.561774259597   13.457229560833  228.019341987605
     0.075231322673   23.581761729122   13.480455520901  228.903977604551
     0.076252504078   23.564814014788   13.482923566999  229.213623390653
     0.077266900826   23.512512535644   13.486690825850  229.349646883591
     0.078267041808   23.435610591052   13.486713464899  229.381884609468
     0.079276186921   23.302567710348   13.485298315937  229.276592253287
     0.080278523466   23.253393434257   13.484787308595  229.258182090857
     0.081292345173   23.196186996964   13.483611483215  229.292899430884
     0.082327094068   23.102839842453   13.498535828115  229.851854649646
     0.083351976991   23.070708888749   13.498156247001  230.152217798151
     0.084353266360   23.071847482024   13.499230612340  230.029978737564
     0.085076652776   22.969820729412   13.507191168289  230.222548959639
     0.086082228040   22.857353351908   13.517209861585  230.502937667766
     0.087096338587   22.741664477097   13.494188542815  230.024049460721
     0.088104833545   22.570553224227   13.472476591090  229.318492120818
     0.089115923773   22.480061997609   13.487661629328  229.495383063170
     0.090002269304   22.346296210236   13.471533680587  228.973307081370
     0.090027725204   22.306962449580   13.470533093660  228.937700181229
     0.091048963299   22.103390365676   13.440339968494  227.924453225520
     0.092060461301   22.023525414651   13.420316485538  227.141030765523
     0.093077495396   21.939747532920   13.418956627661  227.127094909544
     0.094079863952   21.832352181861   13.410739938691  226.866881424650
     0.095105941720   21.639000993337   13.381808734629  225.813635118931
     0.096109369498   21.528982924578   13.381672878325  225.709805039945
     0.097132901463   21.419481176916   13.373021021974  225.468286869477
     0.098195450217   21.302339256746   13.361129653712  225.160219107972
     0.099201217750   21.217919737215   13.366951456712  225.379858646889
     0.100204022364   21.135881020177   13.376132551315  225.696937418441
     0.101207577765   21.015950610093   13.355406555278  225.213787149770
     0.102232926499   20.918211829769   13.363261572553  225.277950315173
     0.103257615771   20.855491607393   13.360599690409  225.413712300423
     0.104262253255   20.777457791083   13.367613106368  225.691589699048
     0.105288997294   20.678757426324   13.365140572142  225.570007210030
     0.106324489141   20.538765506255   13.349418781786  225.094013061261
     0.107346603790   20.437065348203   13.348505686089  225.087429773970
     0.108371295339   20.323011828495   13.334084762900  224.608007429115
     0.109398430991   20.219317127165   13.334658283868  224.562225269988
     0.110046980312   20.149005407625   13.332159674312  224.529148377636
     0.111060665079   20.052468039342   13.324073499006  224.313646376614
     0.112064517079   19.945631476429   13.312692773716  223.862281770939
     0.113082362343   19.835221842132   13.304662308605  223.602005243046
     0.114108926673   19.732709243312   13.303043405245  223.414583505885
     0.115134031344   19.641234338245   13.294496497719  223.143708857133
     0.116141678220   19.529737945797   13.284318262462  222.833825178062
     0.117192659527   19.441984508912   13.278045548837  222.714238035054
     0.118194982439   19.357532411601   13.274622203381  222.615376476762
     0.119214829142   19.269783384686   13.270915360425  222.521261569913
     0.120216189939   19.196549551074   13.266813891993  222.468917352601
     0.121240528985   19.108886400014   13.268691372262  222.477905383601
     0.122250875735   19.022116051873   13.263737295165  222.430748701041
     0.123290635591   18.949106975587   13.258188538604  222.373611898187
     0.124325729991   18.878251432017   13.262774086436  222.471921973031
     0.125382813985   18.806044641158   13.259137692728  222.463204497326
     0.126383610095   18.733444534478   13.254887365428  222.458450527670
     0.127404508795   18.663342816006   13.260993763855  222.596116921167
     0.128436753151   18.597650807329   13.257101235990  222.533810690052
     0.129479528579   18.522975434183   13.252366305562  222.398078871798
     0.130053125435   18.482372058748   13.250274127500  222.348232270519
     0.131070964832   18.420361203091   13.249420866853  222.380965618388
     0.132087210602   18.348234177692   13.248464039627  222.362138232443
     0.133114545218   18.258248077733   13.240341594894  222.109790812002
     0.134124709879   18.200252488276   13.238321477316  222.069840824183
     0.135126224431   18.140311377629   13.232789931845  221.964142136461
     0.136139840980   18.082589699204   13.234593285877  222.025127842881
     0.137175977175   18.023285272907   13.234571000969  222.033893131610
     0.138220589684   17.955970161484   13.228176827271  221.922129843507
     0.139232039099   17.898483292486   13.225383082728  221.945195340200
     0.140257919214   17.840467759298   13.233389484633  222.121834041043
     0.141268778309   17.786529112721   13.231817312261  222.124347116400
     0.142290175349   17.737069172753   13.227814655816  222.108236622063
     0.143317901768   17.685019541343   13.229537212250  222.210404210373
     0.144321166448   17.648441796304   13.233261714443  222.378421756335
     0.145323777423   17.608085698417   13.232951532776  222.441535548089
     0.146348481468   17.546219259720   13.240336581640  222.598267326598
     0.147395238658   17.497208953880   13.233030667777  222.583441163540
     0.148436541959   17.444988836496   13.230909268620  222.559783798732
     0.149439574025   17.389522618938   13.230765683937  222.617716026096
     0.150070881496   17.365505299395   13.232598065827  222.735196563797
     0.151103440870   17.319075011179   13.246666012001  222.978302053656
     0.152120348150   17.270480749807   13.233781092754  222.782792986160
     0.153154064292   17.225991553385   13.235948237085  222.863812147144
     0.154169271649   17.176793265383   13.234244130558  222.904353902303
     0.155170926567   17.128727904154   13.238685573323  223.064687972889
     0.156171858860   17.077683953632   13.239535792022  223.119363936986
     0.157182602862   17.026739351997   13.234735551400  223.030216587975
     0.158198164027   16.985891782888   13.235277965305  223.095516594717
     0.159209518585   16.934588987222   13.231648228642  223.050827756355
     0.160220873144   16.895045349258   13.235224749509  223.201193329832
     0.161232227702   16.852852934830   13.237648116016  223.295853076513
     0.162249399914   16.800044410525   13.233548541416  223.197693623799
     0.163255793987   16.763336836054   13.251281843967  223.518265662816
     0.164288927169   16.716106429120   13.232682575594  223.223829590816
     0.165303413359   16.663403023133   13.236444959158  223.299215568370
     0.166304190805   16.626130349820   13.238479743665  223.525405271246
     0.167325472874   16.573029695892   13.242809903323  223.608765692889
     0.168333105104   16.527821406212   13.232734555667  223.432016176804
     0.169340737334   16.483314709832   13.227357100671  223.258214245849
     0.170112967482   16.451981577714   13.228270859437  223.302302631626
     0.171119818432   16.404733088990   13.230626197439  223.398712599235
     0.172126778130   16.357583424633   13.238178536419  223.523089311358
     0.173126921563   16.328605605426   13.234013812953  223.548711472638
     0.174144861901   16.289955033686   13.237460190097  223.674297968355
     0.175167297469   16.256410518984   13.235982936530  223.651992558890
     0.176195728692   16.207359880094   13.232591453196  223.547968167895
     0.177203134210   16.168797302249   13.228418677471  223.549029424845
     0.178212256967   16.116057246902   13.226630868462  223.455778696721
     0.179220717364   16.090454418529   13.233479938350  223.674117406633
     0.180242198735   16.048663443612   13.234623511684  223.628198417964
     0.181271253350   16.010338845204   13.230132450689  223.567400149208
     0.182272603231   15.977533080047   13.238658206540  223.851379893810
     0.183279215558   15.934602595524   13.237009342908  223.909732978206
     0.184309993099   15.882952761606   13.225831266150  223.635100189152
     0.185351754935   15.844405954743   13.230874491803  223.722066641133
     0.186364577973   15.792045186591   13.217867907910  223.499970191532
     0.187397182471   15.758358483257   13.230502814995  223.745777948423
     0.188411205306   15.730398550840   13.221549588788  223.618212361438
     0.189413285578   15.698536786480   13.224815758259  223.675414974844
     0.190131058851   15.673428945953   13.231263555557  223.799602593534
     0.191140795223   15.645534908679   13.228305739166  223.923382824303
     0.192141053773   15.610097275478   13.227177373474  223.900916615568
     0.193150753707   15.577967594220   13.229023438617  223.864680270004
     0.194151073894   15.550704152261   13.225029588460  223.874230086996
     0.195167788231   15.514446068734   13.226260466993  224.021206108503
     0.196173761355   15.479148692313   13.237356095846  224.300400343422
     0.197216804744   15.446846182602   13.231828715528  224.228541163082
     0.198218655377   15.412742555809   13.221204504417  224.054024966219
     0.199220506009   15.397773574777   13.231099508436  224.440184412181
     0.200222356641   15.369846964019   13.234584285237  224.551287922426
     0.201246237881   15.348013413871   13.236059832450  224.539631187313
     0.202251527387   15.318517977232   13.246646308536  224.713695588684
     0.203268929447   15.292681555780   13.245762691674  224.679507086922
     0.204281922741   15.272666191197   13.243252433192  224.803166315295
     0.205282688675   15.242879261291   13.250085956337  225.027072296237
     0.206302646736   15.208741502317   13.252099794838  225.279288997761
     0.207321516260   15.179992587695   13.249110230187  225.346928706586
     0.208340385785   15.134547822985   13.249405993072  225.300093758953
     0.209359255310   15.100286035612   13.247839526877  225.256049817255
     0.210148379630   15.078212975497   13.247291671981  225.300594413258
     0.211159669035   15.048588344161   13.258245617740  225.439998312042
     0.212195895714   15.028281651088   13.251984019263  225.278352477324
     0.213216487748   14.993229517348   13.251376784917  225.172562140497
     0.214228893666   14.963236828183   13.242422259281  225.097178467776
     0.215244860428   14.936237334262   13.253888053530  225.515678555524
     0.216260827190   14.908364935050   13.256401110071  225.708526106114
     0.217276793953   14.890242875234   13.258899629091  225.875616036936
     0.218292760715   14.859562167130   13.259133367434  225.872011563082
     0.219297428085   14.837652005052   13.258975609348  225.873237728990
     0.220330127104   14.812642499014   13.266938831872  226.050427849010
     0.221342682324   14.793581438360   13.266642220500  225.980183454782
     0.222362266191   14.761164762351   13.257029395328  225.808885182769
     0.223386636423   14.734646252362   13.260213449906  226.045835546040
     0.224408172005   14.722252061407   13.268405387887  226.503083521642
     0.225418268538   14.692624755314   13.270744593921  226.432105746820
     0.226439686831   14.686863648767   13.275579894143  226.660202263552
     0.227442962107   14.648894439925   13.284206059415  226.734684957705
     0.228465454591   14.631394055451   13.275780947940  226.648297015610
     0.229482682919   14.590853699446   13.260148283140  226.343901055381
     0.230153489963   14.567923021380   13.269524755700  226.495265979637
     0.231185319709   14.536338623547   13.275173093439  226.703761399214
     0.232194227237   14.518312336367   13.270210495272  226.724953582896
     0.233196809891   14.500700207737   13.288527701778  227.273264676330
     0.234215833734   14.475991097888   13.277625873297  226.939647617124
     0.235234857577   14.450338787828   13.273528456841  226.954344918587
     0.236253881420   14.425294462305   13.276898187167  226.977895264625
     0.237269933991   14.405577881135   13.281263618108  227.178461430341
     0.238286365407   14.372580623042   13.282809147342  227.141109127438
     0.239288087518   14.366722056506   13.298870214414  227.605741045369
     0.240314363226   14.353138039451   13.289411443822  227.665682427929
     0.241339914153   14.331252826942   13.308270878435  228.014486862028
     0.242362704244   14.301246962885   13.284759757115  227.525236942813
     0.243385494335   14.269614313068   13.293777703526  227.714091391566
     0.244398039471   14.245672650230   13.294858053964  227.849931315157
     0.245406946999   14.233225834126   13.309303514181  228.283035388893
     0.246427313719   14.202017866216   13.299765384532  228.054549704266
     0.247453944979   14.182903312242   13.297062873972  228.228225904584
     0.248456319979   14.154010723367   13.309267440130  228.636851942808
     0.249458694979   14.130065066824   13.308045224257  228.570596452082
     0.250172507479   14.109589857923   13.304333377527  228.471418705061
     0.251174882479   14.083248119214   13.305569839818  228.335659066593
     0.252177257479   14.065511209843   13.299528797922  228.247325664902
     0.253180171771   14.038662418396   13.302189013397  228.222566043959
     0.254193509188   14.026394587735   13.308028418230  228.665487737735
     0.255196903308   14.011969567695   13.322422399834  229.101429387354
     0.256219528308   13.994354411310   13.306612388443  228.862106692747
     0.257248734558   13.959496617818   13.310172331814  228.903397582440
     0.258252567558   13.935433550197   13.317136661649  229.128453327666
     0.259256400558   13.903630294945   13.311995185739  229.030587803333
     0.260260233558   13.882509914448   13.313095094352  229.055958915809
     0.261277958058   13.852732987482   13.309731122908  228.874952300736
     0.262288920323   13.829357090696   13.312714996130  228.821703283236
     0.263289136314   13.809100474386   13.332143502961  229.142491856070
     0.264302343543   13.799805544854   13.305778273303  229.097609524608
     0.265312081443   13.807815479034   13.344355203749  230.094558769005
     0.266320579518   13.791498561845   13.328635974035  229.886673581808
     0.267341503603   13.769044504675   13.337999810562  230.119144432436
     0.268352991103   13.746325448363   13.340306029126  230.080520741151
     0.269364478603   13.705771743961   13.325491270461  229.670376155682
     0.270184603603   13.675667362795   13.322459522367  229.489181314548
     0.271209894028   13.645322878516   13.318909211114  229.290812173618
     0.272234171814   13.640988951327   13.322005618711  229.498867831156
     0.273263644857   13.618457757617   13.318384627108  229.530536747253
     0.274287680479   13.591711373527   13.331593334362  229.890842926438
     0.275290055479   13.583111660595   13.342638843406  230.557883109496
     0.276316903447   13.573323033237   13.337358979249  230.456512213325
     0.277328945921   13.556763039337   13.350926604638  230.662518834397
     0.278352881463   13.540460955403   13.336598316666  230.473892244929
     0.279360171275   13.514811073381   13.343759965828  230.606947164083
     0.280380690681   13.525533867587   13.355247757665  231.031144607982
     0.281385739103   13.484212935812   13.343629741029  230.660146130474
     0.282398534159   13.450402337548   13.345052254878  230.461783099692
     0.283411329216   13.433222466956   13.341821120440  230.344123338308
     0.284434956305   13.409034631244   13.338503075018  230.292954092582
     0.285462519897   13.391054510179   13.341715096154  230.557869600954
     0.286467892302   13.405183685171   13.375497999857  231.679000823088
     0.287468564579   13.386786261001   13.350275494445  231.268066117462
     0.288482232900   13.369040191615   13.360400698427  231.525848075441
     0.289486129574   13.354542504902   13.377331906237  231.846007345270
     0.290194980390   13.316077069232   13.371481167194  231.482400943124
     0.291199964856   13.300862103324   13.356003105011  231.052868595500
     0.291756764823   13.285137182686   13.354619698235  231.031084460415
     0.291764773856   13.285036887027   13.354602491772  231.033809620515
     0.292771054066   13.281394224560   13.376303276106  231.519728737175
     0.293778304297   13.253060521924   13.337643917287  231.210697908462
     0.294780448700   13.253097645386   13.382769364216  232.429780047377
     0.295786532488   13.200772042770   13.350093351991  231.162677180146
     0.296788755542   13.177104638253   13.353514103195  231.318277122675
     0.297811848962   13.189366759782   13.379382419597  232.240569493554
     0.298831132773   13.186136871587   13.379232534525  232.208764556221
     0.299836529043   13.148434896181   13.357226522181  231.472981670949
     0.300854091543   13.116276552375   13.366588370481  231.823923176936
     0.301864060293   13.093146916430   13.376066894925  231.881743571516
     0.302864196089   13.072908895850   13.367546952037  231.751205582134
     0.303868175777   13.064844034732   13.379031202508  232.245145871074
     0.304871318298   13.059185751648   13.395383670478  232.704601634111
     0.305891884344   13.053307399514   13.382785783270  232.672220170471
     0.306899507833   13.010475970537   13.410913667807  233.197653403745
     0.307920830150   13.008206139062   13.379697601185  232.251357111437
     0.308942152467   12.975784827768   13.379949852197  232.283037795494
     0.309946103584   12.963825574075   13.379107133589  232.375195024411
     0.310955241067   12.949201948927   13.387448337138  232.494222396889
     0.311770284167   12.932743933483   13.391690164061  232.717756925034
     0.312782290184   12.925087510248   13.410747832338  233.524249683145
     0.313784485655   12.914672647317   13.406083110980  233.424890932299
     0.314792137300   12.872599771752   13.387401626560  232.850619303405
     0.315810552310   12.860701019676   13.395975395872  232.881185707957
     0.316810731972   12.826775451476   13.377944742891  232.432181645139
     0.317833648053   12.814527989469   13.383561747120  232.537335936611
     0.318175163799   12.812105971668   13.405918752765  232.972059350850
     0.318199549909   12.825753650328   13.407512676122  233.002572977868
     0.319203781626   12.820956069901   13.369828534719  232.891404283998
     0.320206181723   12.789832197232   13.433825320338  233.867697263616
     0.321215263921   12.750682542464   13.376186514764  232.014607118663
     0.322232010252   12.731873201040   13.378446043496  232.049433416855
     0.323235811728   12.712015802491   13.379134460321  232.082814244424
     0.324238186728   12.669277461416   13.361990765895  231.188612785958
     0.325240561728   12.679044780459   13.371795864406  231.676748885727
     0.326242936728   12.661469710421   13.372907038737  231.660058568138
     0.327245311728   12.656460991636   13.374578579012  231.882032938299
     0.328258482369   12.643103302460   13.377380983382  231.902452915315
     0.329262676276   12.626881957775   13.380023200113  231.799293735729
     0.330266870184   12.618775172735   13.379193075968  231.877072633886
     0.331271064091   12.599925683074   13.381823435228  231.921275588218
     0.332276769829   12.584910708144   13.386461964029  232.213729589424
     0.333290201329   12.586086472490   13.398584060016  233.051359959707
     0.334294854454   12.579911121193   13.404696838649  233.424850457870
     0.335299507579   12.568620372440   13.413607743895  233.742101003274
     0.336304160704   12.546888258661   13.414205323266  233.769411932267
     0.337308813829   12.525678786951   13.409143593042  233.387918044654
     0.338190448204   12.484086122080   13.393238295516  232.502547387643
     0.339195101329   12.468996500869   13.388691933110  232.481294075134
     0.340201968468   12.475441526628   13.407112228733  233.391634481553
     0.341222767013   12.467383046717   13.412676978292  233.552792407147
     0.342236988263   12.462712068375   13.411489163208  233.576697064670
     0.343239363263   12.449093007738   13.414646503638  233.868837483642
     0.344241738263   12.417908868022   13.410262383237  233.689843037260
     0.345244113263   12.392402489160   13.407202639514  233.590624695115
     0.346263987771   12.372867561246   13.405985071152  233.434620136799
     0.347280368683   12.356150352694   13.403341529122  233.321698769313
     0.348298543285   12.345664280154   13.409069995002  233.423978951695
     0.349310141229   12.320332687245   13.402626371601  233.118936233944
     0.350321739172   12.320734515237   13.409858562058  233.536133077810
     0.351333337116   12.301392684749   13.407861448509  233.640096309847
     0.352344935059   12.310120298829   13.429179515171  234.822359539941
     0.353356533003   12.301882387392   13.436457078134  235.006641380422
     0.354369674297   12.284293052176   13.430833990383  234.838262898117
     0.355385112551   12.283739254847   13.448379221333  235.300377183636
     0.356400017238   12.261901785429   13.425424804255  234.905315780173
     0.357414921926   12.239369702684   13.443232120707  235.238361546843
     0.358208392863   12.224484449748   13.442675434042  235.315633719114
     0.359223297551   12.204572720752   13.440219490155  235.189910041452
     0.360238202238   12.183248059655   13.436594539613  235.015069833100
     0.361241791479   12.163434373682   13.436286050860  234.910850442509
     0.362258172391   12.150196383933   13.435681782953  234.882449150363
     0.363272846229   12.138200735283   13.432508761661  234.847636712535
     0.364279018104   12.117686098732   13.431051630554  234.648607947498
     0.365285189979   12.106144866974   13.433892261383  234.854533720853
     0.366291361854   12.092545559143   13.432650998539  234.762110231363
     0.367297533729   12.078864967803   13.433525219919  234.789809737316
     0.368314638695   12.064840348397   13.434239408084  234.768206025664
     0.369331385027   12.051412653847   13.433274772388  234.726531951906
     0.370348131358   12.035390609671   13.433012898717  234.795721758143
     0.371364877689   12.008214970218   13.430727256989  234.649631984560
     0.372381624021   11.987945080657   13.427744557885  234.475423613985
     0.373396628332   11.971608394924   13.428918362701  234.499159511486
     0.374406862863   11.992205559203   13.451481829351  235.854590581843
     0.375414933176   11.981055903052   13.454991087274  235.977094345323
     0.376423003488   11.963709748926   13.456258039683  236.073582164433
     0.376662206613   11.958713980736   13.457359084848  236.109375021698
     0.377670276926   11.947438235576   13.459882798535  236.184420255062
     0.378678347238   11.925126984665   13.458812938273  236.205476985616
     0.379680722238   11.912354925066   13.459358245197  236.160277247761
     0.380688792551   11.896539291973   13.454209658895  235.925368814212
     0.381696862863   11.877344959049   13.452014318218  235.748915945354
     0.382704933176   11.870994226083   13.450001349584  235.672524684213
     0.383713003488   11.856064760175   13.459065470914  236.045889300434
     0.384714040090   11.831337224961   13.450241259340  235.700604753462
     0.385728944777   11.828766007357   13.457173045519  236.151955125627
     0.386743849465   11.800332065826   13.449519239444  235.656407617266
     0.387758754152   11.788264173027   13.445149790012  235.624117933167
     0.388773658840   11.787634856165   13.457001267321  236.009887620882
     0.389782868215   11.760134759377   13.446627500424  235.531154334444
     0.390798910541   11.754242904104   13.453397825848  235.906578779079
     0.391811969947   11.722483103219   13.453224965515  235.607396335241
     0.392825029353   11.741714399825   13.469499040600  236.937788691163
     0.393838088760   11.732192689308   13.480344183391  237.368671399821
     0.393921126416   11.729728503602   13.479316537420  237.314198195976
     0.394934185822   11.718029329340   13.476260597804  237.196286974656
     0.395950161228   11.710886511731   13.484518536940  237.663260021743
     0.396958231541   11.691823622628   13.482051560939  237.515743304791
     0.397966301853   11.677803634388   13.481124159140  237.495334529303
     0.398974372166   11.658855032615   13.479711421558  237.424585793443
     0.399982442478   11.639105691185   13.476462276491  237.222727539458
     0.400990512791   11.631147858060   13.474254812167  237.137875396598
     0.402004705564   11.610169365576   13.471115697456  236.864334448405
     0.403015029144   11.606601475557   13.473308049584  237.038656557271
     0.404019223051   11.595301600758   13.479125040865  237.203693995574
     0.405023416959   11.564971255685   13.471833983621  236.925589374982
     0.406027610866   11.547893487470   13.475392798412  237.126054376359
     0.407031804774   11.526462717278   13.465028838124  236.563438948101
     0.408035998681   11.520565808202   13.469860622661  236.825583737876
     0.409040192589   11.507141566369   13.466313904903  236.625722404914
     0.410044386496   11.496209343965   13.469543792325  236.804059849219
     0.410226536323   11.494574989390   13.470519952896  236.838660691748
     0.411232765626   11.465638274986   13.466204483841  236.589876998619
     0.412245825032   11.474888417363   13.471473711173  237.427558234872
     0.413253610579   11.480981330743   13.491380600421  238.194002638858
     0.414268515266   11.463942655251   13.493879419899  238.147022112850
     0.415283419954   11.453534599323   13.497931150853  238.545647721881
     0.416298324641   11.437316118344   13.498048623971  238.487801906735
     0.417313229329   11.427411772367   13.496539371041  238.383399554890
     0.418328134016   11.405775451278   13.492846991395  238.129922978764
     0.419343038704   11.395447924661   13.487222268526  237.893679461534
     0.420357943391   11.390910203671   13.493185240397  238.059962625684
     0.421372848079   11.376190731549   13.488140616016  237.796410621459
     0.422387752766   11.368152014381   13.496595351947  238.278010398440
     0.422510771516   11.365399828435   13.496285752781  238.272616519517
     0.422526148860   11.365055895644   13.496245325531  238.271845049908
     0.423539914485   11.342821296007   13.492030347870  238.025811351512
     0.424542289485   11.337248950068   13.495527978396  238.181279985300
     0.425550359798   11.317392393251   13.477076178450  237.469778990007
     0.426553446712   11.306642678923   13.483779410559  237.771623524835
     0.427568351399   11.293009960699   13.489253871498  237.848010861521
     0.428583256087   11.274263792679   13.486224985829  237.804354347147
     0.429593330936   11.259091268881   13.484985595079  237.724366533518
     0.430601109648   11.244209174317   13.492193238035  237.972780762736
     0.431616014336   11.259170320371   13.507518327429  239.192121971101
     0.432630919023   11.242339298212   13.509355025649  239.315416916479
     0.433645823711   11.230249356960   13.511093336514  239.433326764258
     0.434660728398   11.220178534952   13.511052848571  239.370116025643
     0.435675633086   11.198964322608   13.504724364380  239.080807599483
     0.436690537773   11.185791449474   13.502880268519  238.945210659471
     0.437705442461   11.163953538579   13.496395824079  238.600220192262
     0.437966857304   11.161819782722   13.494699605499  238.562226639177
     0.438981761992   11.148930152512   13.494921871673  238.492509741967
     0.439996666679   11.143524595383   13.499081158428  238.769654796576
     0.441011571367   11.134194773701   13.503862168536  238.962026207250
     0.442018560656   11.111948712521   13.497513936883  238.616187249978
     0.443033465343   11.097133454403   13.489804130523  238.179089752382
     0.444048370031   11.091169704704   13.491529295851  238.358240062761
     0.445063274718   11.073640974879   13.491619662095  238.371236148632
     0.446078179406   11.058209646893   13.491707531172  238.357697207580
     0.447088547065   11.049983910435   13.491868979341  238.319427663014
     0.448089981199   11.027676915954   13.493922575439  238.240648912672
     0.449091415334   11.042647442052   13.507775559647  239.555803063130
     0.450092849468   11.045147880996   13.521375609563  240.142808164487
     0.451094283603   11.023509347917   13.514617597667  239.768226194045
     0.452095717737   11.023972724411   13.523435605707  240.232057801897
     0.453036076194   11.002701060930   13.514907884519  239.725746051026
     0.454046367679   11.002891283023   13.527330242076  240.368369621355
     0.455056659163   10.978031515761   13.519333368306  239.897353391171
     0.456066950647   10.966934940066   13.521912565939  240.117327605831
     0.457077242132   10.946500982304   13.514399154681  239.478802162343
     0.458087533616   10.940783389374   13.513443182964  239.569576211722
     0.459097825101   10.929710281747   13.519686790453  239.835654986622
     0.460108116585   10.908667865116   13.511870395727  239.628718905971
     0.461118408069   10.901948804449   13.515302605630  239.660619717506
     0.462128699554   10.885789599088   13.502871497133  238.948246687522
     0.463138991038   10.882958560238   13.513000810276  239.507998411859
     0.464149282522   10.867062452221   13.510514804951  239.318036393750
     0.465159574007   10.854462871445   13.506255310962  239.104027569192
     0.466169865491   10.853703155917   13.508183961643  239.472627451965
     0.466875685569   10.875752048731   13.532610879514  240.859055831986
     0.467885977054   10.869322635064   13.538237969991  241.149516121657
     0.468896268538   10.871932117992   13.553099440069  241.549729982726
     0.469906560022   10.855503602339   13.540649049525  241.066890529458
     0.470916851507   10.835819672810   13.544302717446  240.925628337427
     0.471927142991   10.830934542419   13.538606463962  241.078690293956
     0.472937434475   10.830479178314   13.546187561849  241.397900453589
     0.473947725960   10.810667881569   13.537446156673  240.983133710974
     0.474958017444   10.799404642704   13.540364334698  241.216269587826
     0.475968308929   10.783507416721   13.535049118551  240.792028455062
     0.476978600413   10.774029343014   13.529915491294  240.551242063823
     0.477988891897   10.771018084156   13.536459692617  240.859279311073
     0.478999183382   10.749524772364   13.526452895958  240.333946093644
     0.480009474866   10.743187813501   13.533695819352  240.720892186645
     0.480715294944   10.728545444651   13.530813933907  240.469763001319
     0.481722425530   10.724432385169   13.527251197541  240.406765658490
     0.482727270872   10.712418656250   13.530966591305  240.449324726124
     0.483735182072   10.704783173490   13.526937923191  240.150016569979
     0.484747523869   10.695897477038   13.538736361856  240.891388426488
     0.485759865665   10.704336517285   13.556727080673  242.121421524412
     0.486772207462   10.689489270714   13.559506426091  242.250352045519
     0.487784549259   10.682923579942   13.559370874553  242.274848636643
     0.488796891056   10.670947467451   13.559259751838  242.246243049248
     0.489809232853   10.655357307989   13.555608449050  242.111331785193
     0.490821574650   10.647139585649   13.557963747801  242.235299783744
     0.491833916447   10.632793219896   13.553988224816  242.016104838408
     0.492846258243   10.631177609465   13.562309285038  242.432762470108
     0.493615125431   10.623676858785   13.560101630705  242.286715355923
     0.494627467228   10.621886499264   13.567611717226  242.579771638240
     0.495639809025   10.600241579808   13.555985053114  242.022480033396
     0.496652150822   10.595304743894   13.560091885617  242.177183761682
     0.497664492618   10.567358900530   13.540885854928  241.074776381580
     0.498676834415   10.564167125138   13.547141890253  241.465344036505
     0.499689176212   10.542459604380   13.536566209124  240.873864929795
     0.500009537540   10.541089265494   13.536294238276  240.909908072381
     0.500009537540   11.369115884373   13.536294237932  240.909908060145
