# {0} signal over time, extracted at r = 500 km
# All quantities are measured in a resting observer's frame at infinity
# cols=4 rows=719
#              time        luminosity               <e>             <e^2>
#               "s"           "foe/s"           "MeV^1"           "MeV^2"
  -4.4551180059e-04  1.0845853814e-06    5.581848187370   44.855710085929
  -4.1243714736e-04  1.0312235914e-06    3.506558037155   18.772413830899
  -4.0073223618e-04  1.0278939821e-06    3.353737344605   16.851507285177
  -3.9239512210e-04  1.0308466289e-06    3.278579389083   15.906663097398
  -3.8369359749e-04  1.0387266795e-06    3.218366284069   15.149513334364
  -3.7551300652e-04  1.0506473086e-06    3.173515144832   14.585290705394
  -3.6768888915e-04  1.0661562001e-06    3.138352514722   14.142659049104
  -3.5932215295e-04  1.0871844363e-06    3.107051424955   13.748249345004
  -3.5132498482e-04  1.1115554463e-06    3.081844021414   13.430179487877
  -3.4263253627e-04  1.1427469924e-06    3.058542295007   13.135590042653
  -3.3390057578e-04  1.1789604139e-06    3.038562292223   12.882328363525
  -3.2446324592e-04  1.2235440726e-06    3.020067863479   12.647076025922
  -3.1584198552e-04  1.2691559425e-06    3.005468555881   12.460569696819
  -3.0700819054e-04  1.3206754968e-06    2.992389707933   12.292648835864
  -2.9834877835e-04  1.3758175874e-06    2.981123973012   12.147149473932
  -2.9007713010e-04  1.4327296485e-06    2.971587977487   12.023170299823
  -2.8556389450e-04  1.4655743032e-06    2.966829709998   11.960958933351
  -2.7881212925e-04  1.5176298020e-06    2.960242877496   11.874372306002
  -2.7244191483e-04  1.5701432096e-06    2.954563349525   11.799190172703
  -2.6713867865e-04  1.6164866794e-06    2.950108097875   11.740293002661
  -2.5974737567e-04  1.6851113433e-06    2.944156866941   11.662444017304
  -2.5690725935e-04  1.7128065807e-06    2.941820514437   11.633136543614
  -2.5164088930e-04  1.7660081869e-06    2.937633978264   11.580690102910
  -2.4516766589e-04  1.8346513258e-06    2.932775251149   11.519783830328
  -2.4388275522e-04  1.8486943736e-06    2.931863718516   11.508267121105
  -2.3722017730e-04  1.9239853810e-06    2.927116206085   11.450356595822
  -2.3192969711e-04  1.9864270564e-06    2.923611748041   11.407406242693
  -2.2895026331e-04  2.0225866321e-06    2.921757002727   11.384419400209
  -2.2061176535e-04  2.1275448547e-06    2.916949522103   11.324171992873
  -2.1313613226e-04  2.2261562904e-06    2.913110136804   11.274970816852
  -2.0533201554e-04  2.3334830604e-06    2.909518850528   11.227971154639
  -2.0316734598e-04  2.3640171377e-06    2.908590308999   11.215649657944
  -1.9620119084e-04  2.4644897603e-06    2.905793737611   11.178014262020
  -1.9099400351e-04  2.5417153227e-06    2.903886815045   11.151763562459
  -1.8594932659e-04  2.6182286580e-06    2.902167695380   11.127741587828
  -1.7732218549e-04  2.7528091355e-06    2.899513641255   11.089641992712
  -1.6901102492e-04  2.8867695735e-06    2.897262189512   11.056209791871
  -1.5981328288e-04  3.0397847061e-06    2.895071001551   11.022525521697
  -1.4924992048e-04  3.2214710328e-06    2.892921577425   10.987776624740
  -1.4015537176e-04  3.3828500633e-06    2.891344942582   10.960860802212
  -1.3226197850e-04  3.5265585292e-06    2.890158889341   10.939528682260
  -1.2311608889e-04  3.6972496874e-06    2.888983152191   10.917007354466
  -1.2124671601e-04  3.7326850825e-06    2.888764887288   10.912664003982
  -1.1514695564e-04  3.8496040156e-06    2.888110588653   10.899111535785
  -1.0781785329e-04  3.9927044704e-06    2.887420811577   10.883973629955
  -9.8179000920e-05  4.1852228845e-06    2.886690236900   10.865948302529
  -9.4384580831e-05  4.2623651484e-06    2.886442860069   10.859353976453
  -8.7346223991e-05  4.4074971673e-06    2.886052827143   10.847895490933
  -7.9750394057e-05  4.5670953204e-06    2.885732188932   10.836611527497
  -7.2277861831e-05  4.7271484787e-06    2.885506780911   10.826534862675
  -6.5138678701e-05  4.8829233157e-06    2.885360096147   10.817747623610
  -5.8647678978e-05  5.0271333383e-06    2.885271908846   10.810302380225
  -5.2526165724e-05  5.1654653842e-06    2.885224177676   10.803779538357
  -4.6860962333e-05  5.2955152212e-06    2.885222692302   10.798205857386
  -4.1332755025e-05  5.4243266759e-06    2.885255437072   10.793173387925
  -3.5618878186e-05  5.5594759728e-06    2.885319797622   10.788356346726
  -3.0606670641e-05  5.6797201784e-06    2.885406520199   10.784472133803
  -2.5680817997e-05  5.7994566773e-06    2.885513777064   10.780934825040
  -2.1009500952e-05  5.9144503460e-06    2.885633607139   10.777819281930
  -1.6673338531e-05  6.0224551036e-06    2.885762242339   10.775148155876
  -1.2005778888e-05  6.1400860887e-06    2.885918671891   10.772496705745
  -7.5404493552e-06  6.2539570144e-06    2.886085097633   10.770172429549
  -3.1438200142e-06  6.3673587189e-06    2.886265837811   10.768090865779
   1.0477069579e-06  6.4766614279e-06    2.886452626089   10.766287524263
   4.7891949184e-06  6.5752150220e-06    2.886631484086   10.764826396333
   8.4313449472e-06  6.6720475150e-06    2.886816481855   10.763538850012
   1.2547262014e-05  6.7825457469e-06    2.887038491440   10.762239938844
   1.6415713205e-05  6.8874386189e-06    2.887259499663   10.761167093431
   2.0355903958e-05  6.9953101083e-06    2.887499081360   10.760238378939
   2.7053595178e-05  7.2479693336e-06    2.884399670945   10.731149559378
   4.1589885923e-05  7.6610702500e-06    2.885526954948   10.730261717131
   5.8018045869e-05  8.1433212363e-06    2.887069442644   10.732068312066
   7.5517057780e-05  8.6751168406e-06    2.889020576770   10.737168137446
   9.3563398460e-05  9.2433648853e-06    2.891368373918   10.745820134051
   1.1023326221e-04  9.7863686169e-06    2.893839165324   10.756820955961
   1.2764994088e-04  1.0372769892e-05    2.896722984402   10.771300838496
   1.4403620340e-04  1.0942716362e-05    2.899725872069   10.787742595518
   1.6101466690e-04  1.1552333154e-05    2.903134836388   10.807647540053
   1.7706673269e-04  1.2146921573e-05    2.906636512426   10.829136573136
   1.9403124418e-04  1.2795011009e-05    2.910631616764   10.854654334254
   2.1006807184e-04  1.3426679311e-05    2.914685231270   10.881411580789
   2.2768835714e-04  1.4142529314e-05    2.919447951580   10.913746176162
   2.4382599533e-04  1.4818612427e-05    2.924090968815   10.946033713296
   2.6227127328e-04  1.5615921435e-05    2.929724293579   10.986049378990
   2.7952906142e-04  1.6386122226e-05    2.935305866004   11.026463891843
   2.9890865214e-04  1.7279586476e-05    2.941927146762   11.075245835705
   3.1963842986e-04  1.8269487046e-05    2.949416129325   11.131359013434
   3.3907593282e-04  1.9230419236e-05    2.956811153987   11.187610916144
   3.5990268675e-04  2.0295847498e-05    2.965125568830   11.251728022546
   3.8190525147e-04  2.1462234494e-05    2.974335048153   11.323693787791
   4.0528976716e-04  2.2748270638e-05    2.984583469332   11.404808154465
   4.3023638868e-04  2.4173047041e-05    2.996012724742   11.496398016585
   4.5688460944e-04  2.5754835817e-05    3.008748729637   11.599699068877
   4.8533643825e-04  2.7510556607e-05    3.022892365283   11.715770628822
   5.1460634980e-04  2.9386233114e-05    3.037957616559   11.840793487480
   5.4321232209e-04  3.1283729640e-05    3.053103078378   11.967769573375
   5.7549333093e-04  3.3495561343e-05    3.070584895379   12.115774728304
   6.1011048121e-04  3.5941822285e-05    3.089645705550   12.278739147943
   6.4651683251e-04  3.8585778018e-05    3.109865333889   12.453264753708
   6.8545762595e-04  4.1479793322e-05    3.131487669536   12.641640291406
   7.2787662620e-04  4.4691373285e-05    3.154810039976   12.846733336722
   7.6874204757e-04  4.7826116769e-05    3.176861569892   13.042409233174
   8.1417670028e-04  5.1340384862e-05    3.200731526295   13.256122144280
   8.6252602883e-04  5.5096763808e-05    3.225253450151   13.477729408426
   9.1464265356e-04  5.9150368835e-05    3.250585144302   13.708851288103
   9.7179553063e-04  6.3589992185e-05    3.277020308624   13.952403024384
   1.0349878985e-03  6.8484815411e-05    3.304635305282   14.209308795965
   1.1047373514e-03  7.3870576131e-05    3.333238411717   14.477801220145
   1.1867792216e-03  8.0731536164e-05    3.368003347778   14.799092068747
   1.2727714640e-03  1.0431744749e-04    3.582370938172   16.462720253734
   1.3628489037e-03  1.8584264384e-04    4.089951023298   20.372590332643
   1.4677728910e-03  4.0254627696e-04    4.402507413778   22.720870721058
   1.5801466075e-03  9.0067021361e-04    4.528172953344   23.766158376716
   1.6895970659e-03  1.8662257516e-03    4.566997731162   24.184705669190
   1.8305383850e-03  4.4153539003e-03    4.609402997430   24.689300712719
   1.9654528093e-03  8.8402999832e-03    4.692032851629   25.598997976997
   2.1173670514e-03    0.015419129468    4.873441279937   27.664210859519
   2.2797652374e-03    0.022143355542    5.144366859537   30.980028052079
   2.4500091016e-03    0.027743609857    5.459426224228   35.186371842698
   2.6255902720e-03    0.032313247251    5.778739583172   39.828031599050
   2.7956289764e-03    0.036111348917    6.055311678842   44.176985647231
   2.9656676808e-03    0.039564272825    6.291674872544   48.135318295723
   3.1576207833e-03    0.043327665715    6.517255131784   52.100700317886
   3.3649621506e-03    0.047673292857    6.727262922534   55.910586554758
   3.5723035179e-03    0.052850379093    6.920274911450   59.454043076558
   3.7796448851e-03    0.059446467931    7.112127299247   62.971652505916
   3.9869862524e-03    0.068105824439    7.314956867925   66.676353438199
   4.1943276196e-03    0.079567013119    7.536013857387   70.719535374010
   4.3970922432e-03    0.094322455573    7.771631565310   75.066787516273
   4.6249182664e-03    0.116296061043    8.055596893190   80.395131813231
   4.8582409525e-03    0.146284756325    8.359139280438   86.227637663925
   5.1086154555e-03    0.188950839310    8.684992903067   92.656596062645
   5.3615654028e-03    0.245285509624    8.999975012865   99.053897577631
   5.6134873893e-03    0.316760244394    9.291539469984  105.180842501613
   5.8646764880e-03    0.404525756184    9.553157354386  110.884234302604
   6.1170884021e-03    0.510063515440    9.779588136855  115.973184484713
   6.3673863651e-03    0.634331498585    9.970759476524  120.366187031725
   6.6186939486e-03    0.780815759071   10.136434615458  124.243912624215
   6.8705764817e-03    0.951572313157   10.283820469157  127.757820746336
   7.1214694976e-03    1.145153968645   10.411170838817  130.836699662503
   7.3716152338e-03    1.360205273352   10.518020979678  133.445399580267
   7.6232617119e-03    1.593587117094   10.605092285551  135.577170946096
   7.8737123224e-03    1.843061667206   10.677799012955  137.340813048416
   8.1242953974e-03    2.100321611391   10.731628586388  138.596601244669
   8.3751434017e-03    2.363659545492   10.768644088539  139.422886429056
   8.6259914060e-03    2.633365529340   10.792042735616  139.895866755772
   8.8768394102e-03    2.907162473594   10.796827363662  139.874427255694
   9.1276874145e-03    3.189837169758   10.794328885475  139.646402923121
   9.3785354187e-03    3.489318964160   10.792776480771  139.466854442634
   9.6293834230e-03    3.797011463998   10.791154724747  139.293332199433
   9.8802314272e-03    4.112286591495   10.789543931625  139.128824676793
     0.010131079432    4.441394167702   10.794891455234  139.189513504589
     0.010381927436    4.771304414428   10.803538328301  139.350671397231
     0.010632775440    5.091693609954   10.802190584201  139.239086745157
     0.010883623444    5.408619003088   10.793897820905  138.948961191953
     0.011134471449    5.732102747068   10.793787144671  138.873981434968
     0.011385319453    6.062997347924   10.799914220580  138.972145830135
     0.011642191443    6.406405982774   10.802461187907  139.011342022928
     0.011893159413    6.749161266631   10.806881851481  139.098132135077
     0.012144127384    7.095155358956   10.817384781192  139.321214972308
     0.012395095354    7.438880654304   10.824668508411  139.456543716149
     0.012646063325    7.785262767600   10.827899663879  139.500119631618
     0.012897031296    8.137773689452   10.835168731042  139.663177144059
     0.013147999266    8.481352558947   10.844614932290  139.895902949570
     0.013398967237    8.819134337493   10.850818104695  140.050022314088
     0.013649935207    9.160598751489   10.855171249099  140.147422623357
     0.013900903178    9.513932962944   10.865164474600  140.386470550828
     0.014151871149    9.867889408098   10.877861747514  140.695362570555
     0.014402839119   10.212422907173   10.885265439760  140.869578160634
     0.014653807090   10.561195160647   10.891719809405  141.017994871667
     0.014904775060   10.928507620678   10.902850938991  141.280195034439
     0.015155743031   11.310977731715   10.918163757107  141.649346591769
     0.015406711002   11.686554507993   10.932354969061  142.007340093695
     0.015657678972   12.049103424407   10.943191480465  142.288039447528
     0.015908646943   12.421681087431   10.954341736307  142.561403166381
     0.016159614913   12.812976745796   10.968905633452  142.910356174906
     0.016410671336   13.209116233490   10.983499484097  143.276306851772
     0.016666961168   13.608233306652   10.997383404587  143.657189173444
     0.016923251000   14.007759136640   11.014359368378  144.129824738230
     0.017179540833   14.419252599753   11.033608795743  144.642264480217
     0.017435830665   14.851438331944   11.056206640426  145.237918239303
     0.017693777525   15.292961340242   11.077359746261  145.818399709514
     0.017947022697   15.715037403998   11.093248560096  146.306154448818
     0.018197117153   16.128265538527   11.110789595940  146.834174332203
     0.018455443940   16.549079564244   11.132494490208  147.430942419594
     0.018715910461   16.958652845742   11.155661760097  148.048751394646
     0.018967968393   17.347725878689   11.177960121895  148.639338568464
     0.019223291279   17.736262741055   11.196315226508  149.148299382866
     0.019480693693   18.122225786643   11.212457567301  149.649033237882
     0.019735914627   18.505081494140   11.228950316678  150.150231429652
     0.019988848204   18.865478607035   11.241097707514  150.434418175469
     0.020243290732   19.201609857241   11.248875989548  150.536413217322
     0.020497928350   19.542829887989   11.257279946321  150.705564373136
     0.020754332099   19.899105656753   11.269112729139  151.056671743782
     0.021010259935   20.260571864880   11.284273466557  151.545035323550
     0.021266187771   20.614586220165   11.297353003345  151.956084395431
     0.021521313990   20.937285379539   11.301132569109  152.039077446015
     0.021786618987   21.272401522386   11.305550734629  152.068835629557
     0.022036704200   21.607159600861   11.311982568504  152.127264376948
     0.022289490052   21.965234517392   11.322678135023  152.395186388407
     0.022547409498   22.363853414249   11.341370367239  152.976056871932
     0.022805328943   22.775863665491   11.362292573424  153.618182638220
     0.023063248389   23.164967364737   11.377559840216  154.068400139634
     0.023321167834   23.511419438154   11.385111820413  154.255989837279
     0.023576037284   23.830708554281   11.385440111929  154.150980726946
     0.023832584961   24.183379163463   11.386964870588  154.087064958894
     0.024083267517   24.590607151371   11.401229270317  154.480004229462
     0.024339655659   25.042183532390   11.427153111171  155.271818676586
     0.024591920897   25.476151340897   11.456873845380  156.200204837601
     0.024844186135   25.863171821742   11.481252828325  156.958943039231
     0.025021453600   26.113263319304   11.493991336560  157.348698765654
     0.026022614594   27.309775291464   11.512952730235  157.614169839212
     0.027029008089   28.469578571682   11.535813088395  158.291145825754
     0.028044295616   29.455854552005   11.562965831078  158.991506431408
     0.029051441264   30.497155625411   11.591562740299  159.850875160483
     0.030054935324   31.586467842876   11.617571420839  160.581647360159
     0.031058064690   32.588383638240   11.655756158786  161.719571144506
     0.032059340331   33.725707753162   11.692780781018  162.665047940710
     0.033061524448   34.696152826546   11.724449891864  163.649460778253
     0.034063904972   35.604245684184   11.776786844123  165.220041847640
     0.035068875480   36.464466538459   11.805881542220  165.988234896152
     0.036087113668   37.454763172893   11.849957461099  167.414414675503
     0.037105351855   38.141917494571   11.872233462900  168.085175087993
     0.038123590043   38.950060418131   11.888861476069  168.459047065683
     0.039141828230   39.890293982046   11.912603284090  169.162250058664
     0.040160066418   40.716684433378   11.930661024598  169.801761820282
     0.041178304606   41.935850995980   11.989881961267  171.644775101602
     0.042196542793   42.681940315599   12.016087448665  172.334397644374
     0.043214780981   42.591404156240   12.014444745229  172.402767922912
     0.044233019168   42.682690908030   12.028295619537  172.830682316627
     0.045251257356   42.998302903260   12.026558170498  172.746435164996
     0.046269495544   43.464049501398   12.034370707527  172.971147421654
     0.047287733731   44.331934733559   12.069776217593  174.044694342191
     0.048305971919   45.392454187099   12.112578789766  175.176320152959
     0.049324210106   46.038096151259   12.131585892964  175.707218621303
     0.050342448294   46.493549111606   12.152154023969  176.386222294855
     0.050455585870   46.551245235591   12.155209402881  176.488726755180
     0.051473824058   47.066178511888   12.193032704764  177.741752989463
     0.052492062245   47.246184918190   12.207161758191  178.206902476887
     0.053510300433   47.354008637187   12.204567755288  177.984792551882
     0.054528538621   47.664618078734   12.218628075378  178.471419598427
     0.055546776808   48.092134926973   12.238634919727  179.113715075325
     0.056565014996   48.544504568670   12.257006111479  179.690616319411
     0.057583253183   49.057025616443   12.286391490052  180.582311433871
     0.058601491371   49.557419217583   12.317808524878  181.478624074612
     0.059619729558   49.943291154073   12.341614117867  182.275164667655
     0.060637967746   50.104515704677   12.357576354059  182.837483828102
     0.061656205934   49.930053104615   12.350129491491  182.645894596307
     0.062674444121   49.788556661835   12.347864897546  182.444805637250
     0.063692682295   49.789033099685   12.352300194998  182.567238144055
     0.064710920387   50.038006894014   12.370921159472  183.153495325125
     0.065729158479   50.624354427952   12.402730427312  184.121741931692
     0.066747396571   51.255547640990   12.437380023085  185.190811529829
     0.067765634663   51.585807004215   12.453473264355  185.672895016549
     0.068783872755   51.773206429762   12.470283713155  186.193789566993
     0.069802110847   52.081344677800   12.495244464884  187.012077908110
     0.070820348939   52.404013560155   12.521434635599  187.866878253875
     0.071838587031   52.584335507878   12.538257186728  188.420674983884
     0.072856825123   52.759015591828   12.556693236263  188.995847724195
     0.073875063215   53.048936801160   12.583788235333  189.838147041490
     0.074893301307   53.313422661318   12.602718959259  190.340594950945
     0.075911539399   53.664977806136   12.627964412444  191.113969400677
     0.076929777491   53.886566038438   12.650493948046  191.846644399284
     0.077948015583   53.813215528179   12.658739857049  192.108103850808
     0.078966253675   53.843154415570   12.673658665914  192.564371498886
     0.079984491767   54.037749079020   12.696433183992  193.285343353747
     0.081002729859   54.493845322692   12.729065397064  194.309426142337
     0.082020967951   55.040809003727   12.765892737056  195.458753860021
     0.083039206043   55.323692661283   12.794931274642  196.389701492150
     0.084057444135   55.452157348805   12.823053866587  197.399004204565
     0.085075682227   55.543405968915   12.848291593132  198.220826384931
     0.086093920319   55.735408356875   12.874545073559  199.107830437150
     0.087112158411   56.115386886358   12.909409582407  200.242461113463
     0.088130396503   56.345156038607   12.937638900737  201.141700022931
     0.089148634595   56.158579723440   12.946790322914  201.424480253213
     0.090016022600   55.926199032684   12.953481702901  201.653404026918
     0.091034260692   55.807570338335   12.970683399032  202.237236374703
     0.092052497001   56.249592067781   12.992299418163  202.914861675667
     0.093054415802   56.416238474159   13.018441121620  203.744022002880
     0.094062486114   56.576009790309   13.052504923624  204.984029484543
     0.095070556427   56.412121542929   13.070916180207  205.599111954629
     0.096078626739   56.363123195847   13.085171866713  206.031898223590
     0.097086697052   56.556407021908   13.115425647210  207.060721616579
     0.098094767364   56.791826531368   13.152391725186  208.291830678030
     0.099102837677   56.696083436106   13.171162085766  208.884546709422
     0.100110907989   56.380009171848   13.176874448444  209.057787930215
     0.101118978302   56.230114576946   13.196602319725  209.759702085355
     0.102127048614   56.133966836852   13.215534079375  210.400298677412
     0.103137966583   56.201523326057   13.238200015956  211.190304744324
     0.104146036896   56.271251716858   13.271234569130  212.451579832726
     0.105154107208   56.220450963591   13.294933122711  213.226398144103
     0.106165025177   56.052412343178   13.306833404991  213.630528587411
     0.107173095489   56.102071688539   13.327917984063  214.298908013901
     0.108181165802   56.140357069941   13.357420896818  215.285467686295
     0.109189236114   55.971836625483   13.374421377521  215.844113594908
     0.110197306427   55.767959978590   13.384704445613  216.184908528441
     0.111205376739   55.794754113843   13.416535377649  217.456609455318
     0.112213447052   55.780758669526   13.447970367090  218.589346689241
     0.113214975715   55.656413654627   13.464399306349  219.116072899765
     0.114224079779   55.530768129541   13.480422772669  219.683941139319
     0.115233183844   55.515621626206   13.502480194299  220.436406217355
     0.116242287908   55.265442590187   13.519318125494  221.000890314232
     0.117251391972   54.939281208788   13.523367530070  221.103343745125
     0.118257664340   54.984220650195   13.550680518081  222.011487664696
     0.119272569027   54.888200340220   13.572763726012  222.787654871572
     0.120287473715   54.749890496399   13.598123728453  223.808628387842
     0.121302378402   54.477373114570   13.617139886899  224.577582675054
     0.122317283090   54.416034180604   13.637761202390  225.266423659129
     0.123332187777   54.154818707172   13.653909842301  225.877358602948
     0.124347092465   53.729010295589   13.654258142197  225.878868040139
     0.125361997152   53.594893261682   13.670237159126  226.399329958679
     0.126369153700   53.475991214924   13.685901094965  226.916052493210
     0.127383575549   53.380370783017   13.705391924729  227.510735980683
     0.128394743025   53.400241475761   13.735281786710  228.904957202816
     0.129405787257   53.480555158241   13.775848980761  230.389315037168
     0.130416759629   53.231403986977   13.786661264609  230.728296293665
     0.131427732000   52.956737619206   13.800379886738  231.208431855450
     0.132438704372   52.688040788542   13.814615868688  231.712555055363
     0.133449676744   52.496747820676   13.828458087614  232.110583747101
     0.134460413229   52.336439324800   13.850830269149  232.929510842154
     0.135468483541   52.240726310519   13.880990649892  234.288130816576
     0.136476553854   52.125275719071   13.898443626478  234.882380806312
     0.137483485104   51.814972832602   13.904794447521  235.013541237329
     0.138498389791   51.839124916764   13.932335622317  235.959554969906
     0.139513294479   52.152157830996   13.986206522095  238.160880732170
     0.140528188950   51.899371248656   13.994990814617  238.339968333395
     0.141543003012   51.771522454312   14.011748229127  238.897539456694
     0.142557817074   51.751501267087   14.052092707518  240.774477191368
     0.143559409658   51.610719398325   14.067233949596  241.256041175854
     0.144574314346   51.481608757558   14.083327576613  241.792842906362
     0.145580106533   51.274494775863   14.096312135811  242.187139471741
     0.146588176846   50.919495503627   14.097600357859  242.297927814705
     0.147596247158   50.941260790026   14.138700400072  244.215839376829
     0.148604310200   50.703728280291   14.148436588118  244.512133574871
     0.149612249319   50.591957529766   14.161337308767  244.856844668822
     0.150624904133   50.359610584536   14.177008998285  245.351075947654
     0.151637963539   50.256282114785   14.198469021524  246.417151577907
     0.152651022945   50.067530686881   14.219660678179  247.356661379719
     0.153664082352   50.059414596716   14.234706429135  247.722889078453
     0.154677141758   49.955933375801   14.252965285779  248.305368041524
     0.155690201164   49.728686683991   14.270998173678  249.466480235564
     0.156690942903   49.688731076898   14.290708250271  250.211455508359
     0.157696507635   49.566351936438   14.308119060037  250.672872850944
     0.158709567042   49.355000078503   14.308898796211  250.570968361470
     0.159722626448   49.262290603739   14.334384980870  252.213888930069
     0.160735685854   49.272032803745   14.360294892452  253.063201733908
     0.161748745260   49.098007456129   14.368680900912  253.204608789222
     0.162764939314   48.852974993700   14.380316391033  253.628867429025
     0.163769688038   48.559377419586   14.389309986893  253.767400248290
     0.164774436763   48.374990262073   14.408293252725  255.233897355423
     0.165779185488   48.415549675508   14.429224915647  255.875114954810
     0.166788963727   48.409415499817   14.445733485804  256.235119935776
     0.167801485326   47.942357936217   14.440219248268  256.345180716765
     0.168804520983   48.153767736883   14.486486461710  258.460930733407
     0.169819425670   47.942134581338   14.484674413091  258.418377735984
     0.170831311842   47.676846371146   14.478567233389  257.861532452892
     0.171846216529   47.880224804964   14.528103651555  260.379721949996
     0.172861121217   47.887221363215   14.547048471528  260.894727632176
     0.173871517168   47.807694393373   14.562237099032  261.243191453352
     0.174885503649   47.682432980724   14.583801324728  262.537541699422
     0.175900260225   47.528317269137   14.547263130378  262.375645074000
     0.176913319631   47.238431393801   14.606991013600  263.422260371340
     0.177927281744   47.084839577719   14.608683937259  263.239274177889
     0.178940341151   47.059093825489   14.636164497701  264.171430625206
     0.179956766401   47.063751940504   14.655974260821  265.523237949460
     0.180961189891   46.896795004249   14.664821671049  265.253879275106
     0.181965613381   47.033040612201   14.679600914904  266.968171661046
     0.182970036871   47.018279750199   14.696946095015  267.414078676566
     0.183974937447   46.815404763294   14.695242653197  267.075868557262
     0.184990837235   46.661182201907   14.712426323925  267.389294542157
     0.185999473184   46.668724618799   14.736462462826  269.248242065518
     0.187008109133   46.428978141677   14.735271747657  269.279929055197
     0.188017261598   46.361176375027   14.748073181936  269.815357661584
     0.189028381569   46.025942807914   14.704920572156  268.205130835405
     0.190033106634   46.192426933015   14.733930374491  269.203812433176
     0.191048011321   46.014836837945   14.792559587561  271.459399706904
     0.192062916009   45.958086178510   14.808878674506  272.508321586266
     0.193077820696   45.711853849461   14.807269588727  272.425787016879
     0.194089589072   45.588957408079   14.812158635583  272.706890777571
     0.195102648478   45.310125467863   14.780828444779  271.840238757855
     0.196106686510   45.168137171788   14.792756455826  272.231163014376
     0.197119618693   44.918642808801   14.782423129455  271.288820481110
     0.198121538893   44.978848309975   14.777944839846  271.512092266487
     0.199124918845   44.783640512096   14.846995799153  273.901716146099
     0.200139823533   44.688910331936   14.845607593653  274.321234408748
     0.201154728220   44.411930247373   14.848684485880  274.616855414895
     0.202169632908   44.253790886560   14.855744908618  274.867096674699
     0.203187451452   44.112282144772   14.859066141280  275.088321639548
     0.204192074035   43.782653494854   14.844010334960  274.216677856366
     0.204426413059   43.718060271254   14.829882731301  273.700774198638
     0.205438452017   43.737801942772   14.869554617462  274.757970490647
     0.206438920232   43.841692843561   14.875337079923  275.859760373725
     0.207445729228   43.882065113864   14.918840474285  276.717206835097
     0.208452538224   44.047423624760   14.960719184162  279.210978599758
     0.209459347219   43.956427516189   14.965259459428  279.367682637351
     0.210459849826   43.739846575491   14.961649897513  279.172986721488
     0.211465064053   43.593092868314   14.928826284622  278.262584892620
     0.212479310162   43.497760266193   14.946505361770  278.716470669574
     0.213487846892   43.205276221304   14.910489510501  277.612118633026
     0.214502751579   43.072418337630   14.927050577624  278.212011416492
     0.215507551351   42.949776142073   14.943999884933  278.578478863453
     0.216510176206   42.685149230158   14.963103871142  279.032542151909
     0.217512801060   42.835115086458   14.975133576775  280.735999244278
     0.218515425915   42.876087640049   14.984317089663  280.528903336017
     0.219519287218   42.719511958589   14.986456715898  280.608814421707
     0.220522109843   42.488777886346   14.960818119336  279.754489174328
     0.221524727781   42.459203697578   15.013580257100  281.627202522311
     0.222528663889   42.746873375240   14.999885041723  281.688778740973
     0.223529608259   42.874271452696   15.086364838075  284.839557631896
     0.224543246544   42.872050918953   15.101830932952  286.207020982173
     0.225545105684   42.440727526143   15.054033668165  284.418548641673
     0.226403180092   42.591496300862   15.049385748971  284.531235415577
     0.227413002880   42.569838527578   15.117748778295  285.442189281581
     0.228423576869   42.744097326015   15.093873278752  286.015426997959
     0.229435228847   42.852979311234   15.112163588336  286.238191494555
     0.230443660137   42.606288257136   15.113427483486  286.898512064563
     0.231444092547   42.357060682027   15.136739844309  287.729277762599
     0.232449528270   42.130085013160   15.160548421968  288.315015216080
     0.233452509390   41.567167847956   15.080757823170  285.579306581879
     0.234453730490   41.128395523822   15.100914955671  286.395113403099
     0.235456688511   40.593818675069   14.999734370691  282.408829938947
     0.236363542288   40.288381770438   15.022748830175  283.446724058857
     0.237073903486   39.945522909823   15.056203858832  283.333435902467
     0.238074034180   39.356617551336   15.020996692136  281.998088072434
     0.239089150854   38.417038112203   14.917155241615  278.944317115675
     0.240094580377   37.911665397853   14.812797837439  275.281958767791
     0.240931843345   37.699648369145   14.833259948919  275.469140099798
     0.241936708615   37.551523100599   14.907380324735  276.969932861097
     0.242653276889   37.580003283522   14.888757766051  277.081416172239
     0.243206956757   37.306710152461   14.894925136286  277.658747562437
     0.244068336233   36.668476371761   14.888237248875  276.859683993397
     0.245082156831   35.853059244689   14.780335434985  273.483569056292
     0.246097393503   35.047274271797   14.685424509918  269.844946620733
     0.247098229766   34.763414570303   14.679489402867  269.519757794916
     0.248099041100   34.621798667541   14.676112961652  269.064613797352
     0.249107046506   34.338659894676   14.685359587672  269.060179076063
     0.249865212829   34.233161332706   14.688207403687  270.088658827643
     0.250366672079   33.990952669529   14.726586334025  270.671935613297
     0.250930470145   33.548338345434   14.650528804241  268.616034790254
     0.251594067935   32.910339134272   14.678874456313  268.282344337358
     0.252436961243   32.340980449678   14.600366483445  265.491606092367
     0.253441929306   31.407014829582   14.502586588909  261.850588395810
     0.254446375698   31.036203525836   14.446835989655  260.219937329645
     0.255449323616   30.505027911303   14.406704740765  258.134451079688
     0.256456923357   30.227736791859   14.348760551287  256.375573929297
     0.257458131480   29.924020780744   14.342943952214  255.795392641350
     0.258471190886   29.704411466545   14.330699903664  255.824539964882
     0.258736911386   29.689858987974   14.330124513478  256.147203304423
     0.259755345686   29.617177142958   14.348316782120  256.888919256683
     0.260761373179   29.620483652590   14.389225523770  257.123138277395
     0.261767171263   29.463176295809   14.347831296060  256.033427462624
     0.262775931281   29.372844537291   14.361766807602  256.400535391183
     0.263776314565   29.287183323822   14.380583643614  256.947629040041
     0.264785784895   29.350511970817   14.406989550163  258.286109324063
     0.265796962085   29.488379854230   14.424003396213  258.828094383749
     0.266800040800   29.542333934413   14.428712589678  258.860329904509
     0.267807092677   29.605333690179   14.444597230804  259.544920303490
     0.268813380467   29.552130573069   14.448671020451  260.085995202866
     0.269815897654   29.446484234432   14.449563514323  260.435422258489
     0.270825769103   29.476967200983   14.458242228804  260.858436152926
     0.271771927652   29.367549389085   14.451145562207  260.430691571977
     0.272779646244   29.358704622226   14.453956826405  260.345211500991
     0.273789793595   29.302255520589   14.455439718085  260.344121627189
     0.274793411312   29.292655741479   14.468087866752  260.798145597482
     0.275795721074   29.177396538728   14.471120499280  260.867706041131
     0.276803555481   29.027312523581   14.477370418643  261.019392507089
     0.277813272792   28.946659674185   14.484231366392  262.037587025271
     0.278819462807   28.923252365952   14.512586619531  263.238656263391
     0.279828556786   28.859961497108   14.519991012056  263.382865628783
     0.280838936353   28.716415996035   14.513000802195  263.178219286464
     0.281848161390   28.686477319267   14.510282449131  263.011240090618
     0.282831894677   28.695720984657   14.512834672267  262.980206001376
     0.283835124169   28.722578754948   14.516963785388  263.059990595923
     0.284845563999   28.757524854178   14.520532767674  263.146187929390
     0.285845969388   28.782205342590   14.528724651981  263.383085206119
     0.286854965391   28.776885400289   14.531102758513  263.529847051208
     0.287855240192   28.824673960708   14.545734143965  264.477026325711
     0.288862365590   28.890396426454   14.572848618555  265.880607474847
     0.289866396143   28.942545812195   14.588474728794  266.429022153577
     0.290877256985   28.903344854891   14.588022761320  266.361932496766
     0.291882535894   28.811129085816   14.589047396390  266.373681093491
     0.292887746918   28.799204718743   14.591855338583  266.447464148031
     0.293895901815   28.812263378161   14.595892920697  266.496626934885
     0.294901586358   28.773472118359   14.594191943835  266.371082092587
     0.295912807348   28.784135469889   14.598469998889  266.475388638560
     0.296917414711   28.791180704995   14.598782917555  266.387226681486
     0.297925322431   28.810115907844   14.608870254915  266.865661176892
     0.298931179427   28.941063598644   14.648798947364  269.143250087284
     0.299941771981   28.983456388066   14.658764365034  269.560016247521
     0.300950889643   28.967336174764   14.661838331465  269.646804388652
     0.301956052495   28.979554985269   14.666072594917  269.759767689800
     0.302963411317   28.962685207433   14.662177893293  269.653810137291
     0.303972007819   28.964715489668   14.660789066201  269.558481495344
     0.304983011755   28.944524691608   14.657261576247  269.358354170210
     0.305983038116   28.990321745257   14.667178485342  269.602946707516
     0.306992530064   28.991789866165   14.672712688317  269.674168163270
     0.307998403450   28.960293292935   14.675516634723  269.738567858539
     0.309007274280   28.975422670769   14.685994712817  270.075908928770
     0.309968852308   28.896809858495   14.687664877104  270.127252080227
     0.310977229917   28.846542604003   14.699167833000  270.530473632724
     0.311977721267   28.842793804102   14.711095446474  271.578373917901
     0.312981160849   28.878814657360   14.738673054556  273.047582552157
     0.313982779527   28.856673948704   14.749913541629  273.449916639387
     0.314983678259   28.798166365407   14.751001521267  273.563654783810
     0.315992585782   28.774985411709   14.757456379883  273.754473985792
     0.317001493305   28.707088894650   14.755396101142  273.635497279501
     0.318008269813   28.678315937233   14.757669793482  273.735505983892
     0.319015832120   28.669527159265   14.761697498106  273.842129292164
     0.319172773291   28.660131264787   14.760566456238  273.796705579902
     0.320181680814   28.649078881254   14.762673674279  273.842173626974
     0.321190588337   28.671043373411   14.775403641561  274.261518284804
     0.322199495861   28.625591096202   14.776693946624  274.278379456882
     0.323208403384   28.609380249023   14.774555878502  274.246653272494
     0.324217310908   28.583674027882   14.771660297883  274.072339195820
     0.325226218431   28.630329776904   14.782751113093  274.407166884868
     0.326235125955   28.642990728976   14.784311969896  274.352844929148
     0.327244033478   28.658531893077   14.789809690464  274.508626589868
     0.328252941002   28.681092806142   14.795742031678  274.698450138248
     0.329259225667   28.696091872080   14.800552732694  274.957475767208
     0.330264259345   28.813823746146   14.834851916062  277.210541222842
     0.331269173031   28.904537869330   14.851348414111  277.905185802124
     0.332273226269   28.897741083448   14.856941662090  278.124119486091
     0.333281631673   28.867766528831   14.859936341056  278.243407480660
     0.334290037077   28.849358148752   14.864532355352  278.422695335080
     0.335298442481   28.853419145505   14.872393461013  278.715685067822
     0.336304616623   28.871617547152   14.877549187381  278.911646666359
     0.337314772731   28.827199912640   14.876790791868  278.832858629914
     0.338323178135   28.783965423494   14.882107448633  279.035125991485
     0.339331583539   28.773303360060   14.893555509745  279.394249081426
     0.340338053140   28.780713194956   14.901790459488  279.602349674141
     0.341347725259   28.775478098907   14.902626253268  279.599182586446
     0.342354556841   28.729822253609   14.902781321715  279.590600273012
     0.343361388423   28.712149893250   14.909355524350  279.867807644997
     0.344368220005   28.741645070153   14.912515628125  279.897463959062
     0.345375051587   28.778670571505   14.913669506359  279.805890167118
     0.346378247068   28.767248385594   14.915760534664  279.780173075559
     0.347382405702   28.788851816368   14.921498664015  279.940036888944
     0.348373100629   28.792015132681   14.930437659056  280.262430392877
     0.349369188948   28.860487793377   14.965895451536  282.519829944943
     0.350365277266   28.910857426011   14.988564895316  283.667299286912
     0.351361365585   28.910044969352   14.992976018654  283.862910820049
     0.352341669912   28.854481529977   14.993074099349  283.894070534531
     0.353342300814   28.832009669396   14.993500270462  283.931660175377
     0.354342931716   28.824001981366   14.992885265534  283.943810040492
     0.355343562618   28.867727354085   15.003833679003  284.339237551205
     0.356323588197   28.871997159077   15.010361189261  284.549798028385
     0.357305835507   28.840687482120   15.010080941532  284.517333925656
     0.358266919491   28.926985682476   15.030859463347  286.000485640543
     0.359228003476   28.958189549856   15.040781365311  286.441694082920
     0.360189087460   29.024375636676   15.053892096807  286.838955746627
     0.361150171444   28.991415444683   15.052464496091  286.605895112904
     0.362111255429   28.957078556539   15.050767527790  286.403301167183
     0.363072339413   28.969769139919   15.054770617296  286.363481306679
     0.363996216452   29.036666127024   15.062588994338  286.409010875859
     0.365002371676   29.044158324718   15.062340340465  286.286143416055
     0.366008526900   29.009308120838   15.055972303792  286.182154552016
     0.367014682124   28.967896460885   15.057376274327  286.112570673054
     0.368020837347   28.906091390317   15.063541010032  286.067170508071
     0.369018356842   28.809094921427   15.064018629496  285.902464355581
     0.369952530475   28.745222418882   15.067898480641  286.064529669721
     0.370886704108   28.858337997734   15.112098837181  288.932655207636
     0.371820877741   28.953227964598   15.126406730443  289.631752871921
     0.372755051373   28.984315546964   15.128541105434  289.723206850839
     0.373689225006   28.980030722333   15.130036830252  289.769942668308
     0.374623398639   28.993606174525   15.134016701288  289.946333564880
     0.375342712336   29.042682302865   15.138415847275  290.131307543813
     0.376311728467   29.029322815684   15.137735762850  290.064344922686
     0.377318560049   29.044900001066   15.142630634651  290.313161459122
     0.378325391631   28.997977805301   15.138711255614  290.205047326781
     0.379333696875   29.037661096660   15.152001681254  290.769229658036
     0.380340528457   29.053500994175   15.160876828238  291.798514940594
     0.381347360039   29.058747174795   15.175607541910  292.419066640612
     0.382354191621   29.001224058810   15.172689648860  292.362638229240
     0.383361023203   28.951853624847   15.170705720592  292.218789026291
     0.384367854785   28.917889759616   15.175335347064  292.395824728235
     0.385374686367   28.902877028716   15.179472271109  292.371856162190
     0.386381517949   28.915416471675   15.185018305358  292.286058537532
     0.387388349532   28.904509730761   15.183014788193  291.792670387751
     0.388395181114   28.911175911387   15.184562473745  291.512039425671
     0.389388237479   28.894712788859   15.186321569085  291.317459222310
     0.390397145002   28.875658462059   15.197555372281  291.663587683448
     0.391406052526   28.986723366889   15.239697756772  294.690688946379
     0.392414960049   29.030934075354   15.252790445258  295.279662261298
     0.393423867573   29.024910935700   15.254729899278  295.418239494411
     0.394432775096   29.014671538742   15.250383970469  295.268371848538
     0.395441682619   29.004094605366   15.251067615010  295.277735920732
     0.396450590143   29.021199635392   15.259216205851  295.590430445704
     0.397459497666   28.986794146861   15.256948453902  295.523892429737
     0.398468405190   29.021909373478   15.265155375716  295.847585841322
     0.399410932308   29.025105168121   15.261858797668  295.613564619533
     0.400275907894   29.082081146194   15.267346211673  295.814210080018
     0.401140883480   29.102123639008   15.278456156642  295.949340980400
     0.402005859066   29.119196403091   15.282983904176  296.035634102523
     0.402870834652   29.063512555460   15.284774527628  296.034264495878
     0.403735810238   29.066447653218   15.294256174364  296.583224293852
     0.404361091134   29.082960110890   15.296976721403  296.565582843503
     0.404808267916   29.052518835560   15.298163267429  296.520385221864
     0.405626521064   29.098515094506   15.315376922445  296.778806538330
     0.406552232177   29.112180948344   15.315550048818  297.475742714359
     0.407477943289   29.248140348430   15.358776593888  299.978708775604
     0.408403654402   29.304168697142   15.367344036616  300.370013832626
     0.409329365515   29.308750786304   15.371340801577  300.534370596890
     0.410255076628   29.282328953869   15.374651211674  300.658432828320
     0.411180787741   29.250889479808   15.375990754204  300.728466337279
     0.412106498854   29.202369907361   15.378248284191  300.801626079931
     0.413032209967   29.139102017715   15.375502561772  300.688901230435
     0.413957921080   29.110535647042   15.377351343568  300.768279521900
     0.414883632193   29.132885074290   15.379476379448  300.882811800793
     0.415809343306   29.188681178497   15.382386266082  300.906356629329
     0.416735054419   29.223347148460   15.389282217196  301.160009081619
     0.417627067428   29.194040630878   15.391184929848  301.282408877133
     0.418427970748   29.145391456079   15.389975572270  301.281249865735
     0.419280962673   29.136626005505   15.393151048190  301.029406535526
     0.420290293984   29.193002919248   15.412519111318  301.895837658502
     0.421299625295   28.946467744279   15.370733527985  300.895107780885
     0.422308956605   28.902839774121   15.383669443155  301.015604152752
     0.423318287916   28.841194130713   15.379777236419  300.627452391332
     0.424321234465   28.859041503688   15.393867001986  300.785792942010
     0.425099712492   28.939330820412   15.406118180987  301.472099004355
     0.425878190520   29.099879338951   15.460448196956  303.903537005091
     0.426656668547   29.158701247206   15.469500113800  304.813219133078
     0.426897996735   29.218724644135   15.475907850018  305.140136252888
     0.427898679399   29.271100274318   15.480965169124  305.352966743464
     0.428903266683   29.253883935786   15.449377898661  304.826276866881
     0.429907853968   29.240748233842   15.465445973080  305.325596131449
     0.430912441252   29.166152222855   15.463428624881  305.241259802388
     0.431917028537   29.131402507266   15.465224522454  305.355643964635
     0.432921615821   29.132533343665   15.470383509934  305.653025071790
     0.433926203106   29.111069826095   15.477845058043  305.842869670229
     0.434930790390   29.156413573672   15.482749811666  305.993623462355
     0.435935377675   29.186899274044   15.481363159301  305.809430764096
     0.436939964959   29.216312924654   15.490073877767  306.033264413361
     0.437944552244   29.180176691624   15.487655117885  305.742860708924
     0.438949139528   29.214594776620   15.489526018133  305.912162574525
     0.439865233092   29.218353993644   15.496806018917  305.850313258364
     0.440604629195   29.171402981925   15.490565922486  305.446594382269
     0.441383107222   29.160695723811   15.513182304484  305.536623707371
     0.442161585250   29.293620640419   15.532446307228  307.266640919493
     0.442940063277   29.451477979492   15.568283804988  309.454544354417
     0.443718541304   29.492182998870   15.575383203878  309.829915297411
     0.444443269406   29.515667673757   15.579577315399  310.074906376419
     0.445202745328   29.531293779775   15.582139694740  310.024921833956
     0.445955897227   29.476852933129   15.573787044325  309.752860927912
     0.446734375255   29.447573123001   15.577080438250  309.883032638717
     0.447512853282   29.444676128938   15.577270821948  309.861115659631
     0.448291331309   29.457089209043   15.580196005466  310.024212828526
     0.449064667537   29.484386794717   15.587497899191  310.334433029356
     0.449843145565   29.509268895932   15.591995683739  310.402273057207
     0.450621623592   29.562313682325   15.595739978014  311.108601568513
     0.451400100254   29.631049226398   15.620000099940  312.171521661007
     0.452178490968   29.589418997587   15.623577398612  312.337332755351
     0.452956704002   29.562863039785   15.632475844868  312.781530291106
     0.453734721447   29.510251759138   15.632570816666  312.782955772652
     0.454512522958   29.457815666693   15.639572739037  313.050507856803
     0.455290125025   29.357192214512   15.635274957050  312.908063994657
     0.456067527844   29.321334813461   15.633810181393  312.875760719510
     0.456844729808   29.323535647256   15.630373343163  312.648497667518
     0.457621721204   29.325636826674   15.634711923596  312.572155728502
     0.458123935617   29.301466043483   15.634631510386  312.313033026185
     0.458424384991   29.278227576267   15.632210734310  312.027010897439
     0.458750877468   29.276911558855   15.632839090786  311.839227872981
     0.459265669142   29.264556835129   15.632104070570  311.567500711533
     0.459910472452   29.268699195539   15.657261626465  311.528257433828
     0.460625372216   29.295853507869   15.634814622436  310.935387974431
     0.461340271980   29.384914041917   15.662981482452  313.117158266041
     0.462055171745   29.507112976715   15.695128144241  315.168669444003
     0.462770071509   29.539052854075   15.704765802584  315.633580277935
     0.463484971273   29.503333000431   15.703709165875  315.646481038459
     0.464199871037   29.467784353898   15.704798505967  315.625308568456
     0.464914770802   29.406628993421   15.699608565127  315.289388974414
     0.465629670566   29.378248286537   15.697274717944  315.175544697190
     0.466344570330   29.383896972285   15.695294998959  315.273620359551
     0.467059470094   29.402264391260   15.705474916591  315.734768780467
     0.467774369858   29.389513494294   15.705937225561  315.712797998792
     0.468489269623   29.416181954306   15.710398135531  315.959249890920
     0.469204169387   29.392771361448   15.706679011468  315.729191419161
     0.469919069151   29.463355492988   15.710768531800  316.354944600867
     0.470613631214   29.572139606205   15.722656900298  316.817264859955
     0.471314261439   29.572392710792   15.718784022299  316.564043427324
     0.471552475715   29.618194503463   15.726437839077  316.858227816788
     0.472305022639   29.569701323407   15.728386617683  316.718073984724
     0.473061703282   29.552529816524   15.739095870038  316.840614011751
     0.473773269409   29.486857413377   15.740074335223  316.610758133790
     0.474460298914   29.355288304525   15.734871166840  316.068073430268
     0.475229831046   29.330055631821   15.751289860836  316.332674894585
     0.475996295524   29.287013935136   15.747393071719  316.347903867763
     0.476722547647   29.188227686271   15.739515947587  316.069691703760
     0.477462561075   29.059538303779   15.732134553750  315.634037269764
     0.478219241717   29.031017470258   15.751101640272  316.570976921619
     0.478975922360   29.161883846762   15.779635387568  319.460773178058
     0.479732603003   29.241421248493   15.797701645850  320.530463157129
     0.480489283645   29.226613102153   15.799566364187  320.664634894629
     0.481245964288   29.195940529494   15.800087591012  320.704882354967
     0.482002644930   29.184168986165   15.802474046538  320.791603739263
     0.482759325573   29.198380394089   15.805182545445  320.874443819390
     0.483516006216   29.219150206464   15.811285962224  321.129880951817
     0.484272686858   29.208100571183   15.815147873616  321.331611129093
     0.485029367501   29.214215982669   15.824539705368  321.727459257073
     0.485786048143   29.210465022925   15.825950465978  321.777441961331
     0.486542728786   29.224336430977   15.831139510130  321.976159005349
     0.487299409428   29.242141832122   15.835104109680  322.188411457054
     0.488056090071   29.234054697439   15.838929341345  322.373960465130
     0.488812770714   29.219899216725   15.841224648623  322.465343128118
     0.489569451356   29.206622184385   15.837103360470  322.304278999423
     0.490326131999   29.214867604451   15.835922288503  322.266065542440
     0.491082812641   29.224833983347   15.835180363059  322.182837241258
     0.491839493284   29.259008827215   15.832337096730  322.053385522736
     0.492596173926   29.287799911489   15.834946626257  321.905821228284
     0.493352854569   29.285622724774   15.836251985010  321.385156619725
     0.494109535212   29.296359071738   15.841119370324  321.032554579873
     0.494799569870   29.302565804182   15.847623686999  320.918931906937
     0.495500200094   29.305665538468   15.856310641172  321.170458624205
     0.496200830319   29.308585276031   15.874488173543  322.661601171138
     0.496901460544   29.377289565766   15.898627548935  324.822077443962
     0.497602090768   29.375377710081   15.907219327481  325.257111438835
     0.498302720993   29.327137395417   15.903495261000  325.097120908287
     0.499002563129   29.294420908129   15.904362084953  325.221036897499
     0.499723376117   29.260147371291   15.898003934208  324.955895959539
     0.500018909442   29.264221725798   15.897548052362  324.958878837576
