# {0} signal over time, extracted at r = 500 km
# All quantities are measured in a resting observer's frame at infinity
# cols=4 rows=967
#              time        luminosity               <e>             <e^2>
#               "s"           "foe/s"           "MeV^1"           "MeV^2"
    -0.227437666075  3.5030331289e-12    3.915965369204   17.250721833957
    -0.226434236288  3.1068171595e-03    3.329988164991   12.991454395420
    -0.225395010429    0.010669103650    3.356743381586   13.269846468812
    -0.224367280977    0.015617888509    3.325023314274   13.061813365229
    -0.223322883171    0.018639887474    3.317076833582   13.027723822664
    -0.222278485366    0.019751785481    3.334971858779   13.158960140692
    -0.221240530949    0.020118002571    3.349971953728   13.262665294323
    -0.220230237371    0.020067808815    3.362803137710   13.357120504890
    -0.219219943793    0.019678765590    3.385710198781   13.528426618159
    -0.218209650216    0.019671100410    3.402875638739   13.651508516177
    -0.217199356638    0.020005665733    3.404866003399   13.667227427747
    -0.216163639895    0.020384025214    3.406602721775   13.684739980000
    -0.215123639895    0.020722826855    3.412176488725   13.728971593347
    -0.214083639895    0.021027943947    3.419544798159   13.785029095832
    -0.213043639895    0.021308454571    3.428050813434   13.848753423589
    -0.212003639895    0.021588868884    3.436950518880   13.915191898564
    -0.210963639895    0.021897859603    3.445100054849   13.976538599788
    -0.209923639895    0.022241715748    3.452212222194   14.031060725873
    -0.208883639895    0.022606941197    3.459073154148   14.084314670415
    -0.207843639895    0.022981354712    3.466365110376   14.140825496457
    -0.206803639895    0.023361545110    3.474285440602   14.201669564651
    -0.205763639895    0.023750893307    3.482619872418   14.265656950050
    -0.204723639895    0.024155601717    3.491303393752   14.332385318269
    -0.203683639895    0.024608685847    3.501266818186   14.408777615515
    -0.202643639895    0.025071038602    3.512230566267   14.493188983355
    -0.201603639895    0.025529610497    3.524059982462   14.584327301623
    -0.200563639895    0.025984824761    3.535856998053   14.675342480985
    -0.199523639895    0.026445663535    3.546494626879   14.758144089396
    -0.198483639895    0.026925611201    3.556273163005   14.834884294322
    -0.197443639895    0.027418015260    3.565411041898   14.906985727969
    -0.196403639895    0.027929793757    3.574135549202   14.976080200557
    -0.195363639895    0.028459591531    3.582727610531   15.044442027188
    -0.194323639895    0.029008122470    3.591218741868   15.112323324576
    -0.193283639895    0.029579123448    3.599337318962   15.177608597972
    -0.192243639895    0.030174163412    3.607157944486   15.240732744449
    -0.191203639895    0.030795420096    3.614927977874   15.303557871665
    -0.190163639895    0.031443903803    3.622781116504   15.367285411634
    -0.189123639895    0.032115165643    3.630682851967   15.431725545853
    -0.188083639895    0.032804718910    3.638563715181   15.496253555739
    -0.187043639895    0.033512160195    3.646445923787   15.560998015743
    -0.186003639895    0.034248138617    3.654414691474   15.626415255310
    -0.184963639895    0.035042465249    3.663764448996   15.701799840209
    -0.183923639895    0.035809343333    3.672772509756   15.775240914195
    -0.182883639895    0.036562386810    3.681321039091   15.845429803760
    -0.181843639895    0.037355710088    3.689405738620   15.912700258997
    -0.180803639895    0.038204090698    3.697406709957   15.979966077124
    -0.179843639895    0.039022784555    3.705282443449   16.046294558596
    -0.178803639895    0.039954677211    3.714446524042   16.123387434038
    -0.177763639895    0.040917387116    3.723659293640   16.201433648678
    -0.176723639895    0.041928917585    3.733273458024   16.283100584132
    -0.175683639895    0.043000004058    3.743818700539   16.372531536771
    -0.174643639895    0.044098588055    3.754877112600   16.466275682109
    -0.173603639895    0.045213826341    3.766126575836   16.561693063172
    -0.172563639895    0.046357840113    3.777271216059   16.656588340568
    -0.171523639895    0.047538419712    3.788042859578   16.748916285211
    -0.170483639895    0.048769311389    3.798564436989   16.839586408334
    -0.169443639895    0.050058909650    3.809006538285   16.929973228052
    -0.168403639895    0.051406756997    3.819511220434   17.021301744221
    -0.167363639895    0.052801198932    3.830118460715   17.113838557910
    -0.166323639895    0.054241915361    3.840837641110   17.207569125171
    -0.165283639895    0.055724923857    3.851701122162   17.302682116656
    -0.164243639895    0.057246053222    3.862657986050   17.398854354086
    -0.163203639895    0.058816007001    3.873702586685   17.496102543177
    -0.162163639895    0.060439456495    3.884838594516   17.594407030768
    -0.161123639895    0.062113828688    3.896089242088   17.693981348856
    -0.160083639895    0.063839896074    3.907433801782   17.794700997334
    -0.159043639895    0.065607905490    3.918531238608   17.893962324275
    -0.158003639895    0.067432422056    3.929457515795   17.992240532652
    -0.156963639895    0.069339678071    3.940695748409   18.093142940145
    -0.155923639895    0.071325642793    3.952558403154   18.199257042991
    -0.154883639895    0.073363530941    3.964794347134   18.308783622287
    -0.153843639895    0.075443839210    3.977033370828   18.418759693127
    -0.152803639895    0.077576658587    3.989047847951   18.527343771941
    -0.151763639895    0.079773330704    4.000835382063   18.634503576525
    -0.150723639895    0.082050007149    4.012527009160   18.741244350498
    -0.149683639895    0.084409608977    4.024231305416   18.848432976783
    -0.148883639895    0.086272312301    4.033240976776   18.931247797164
    -0.147843639895    0.088755958776    4.044986477653   19.039569313542
    -0.146803639895    0.091311067784    4.056763659212   19.148402568972
    -0.145763639895    0.093940240745    4.068512057905   19.257211511697
    -0.144723639895    0.096636041498    4.080018292598   19.364545854626
    -0.143683639895    0.099394501326    4.090980466491   19.468017945650
    -0.142643639895    0.102258425742    4.101879626227   19.571147298644
    -0.141603639895    0.105243317968    4.113029556519   19.676593534673
    -0.140563639895    0.108327351854    4.124562214043   19.785642733000
    -0.139523639895    0.111493401826    4.136428594967   19.897804240152
    -0.138483639895    0.114744639951    4.148444903898   20.011749074183
    -0.137443639895    0.118078654124    4.160559828632   20.126998803054
    -0.136403639895    0.121505128213    4.172777241963   20.243537184540
    -0.135363639895    0.125030141960    4.185062190316   20.361120680174
    -0.134323639895    0.128675900363    4.197423294316   20.479633998881
    -0.133283639895    0.132454130968    4.209890684402   20.599259906349
    -0.132243639895    0.136380870328    4.222747670723   20.722397853437
    -0.131203639895    0.140405699858    4.235924482802   20.848707008543
    -0.130163639895    0.144509030388    4.248708109623   20.972436466510
    -0.129123639895    0.148741776880    4.261131323552   21.093882144194
    -0.128083639895    0.153148233319    4.273644300119   21.216689703057
    -0.127043639895    0.157705445499    4.286442034161   21.342459383211
    -0.126003639895    0.162399484342    4.299555693616   21.471493797382
    -0.124963639895    0.167282870687    4.313090632942   21.604896249522
    -0.123923639895    0.172428038410    4.327343848266   21.745455471561
    -0.123843639895    0.172836371138    4.328470233562   21.756572512652
    -0.122803639895    0.178301239648    4.343382966836   21.904043683327
    -0.121763639895    0.184010769622    4.358371528124   22.053279690543
    -0.120723639895    0.189969199538    4.373274361168   22.202656017789
    -0.119683639895    0.196191331997    4.388285688459   22.353883147423
    -0.118643639895    0.202659916208    4.403609679423   22.508795158567
    -0.117603639895    0.209377151578    4.419399242520   22.668486652316
    -0.116563639895    0.216353707466    4.435693640233   22.832924364008
    -0.115523639895    0.223602113375    4.452387547952   23.001316861639
    -0.114483639895    0.231114690356    4.469315208242   23.172690203283
    -0.113443639895    0.238901802267    4.486513282536   23.347455092929
    -0.112403639895    0.246943386670    4.503702704947   23.523396429376
    -0.111363639895    0.255229270527    4.520507904731   23.697213564394
    -0.110323639895    0.263800343981    4.537368117744   23.872377594105
    -0.109283639895    0.272639326533    4.554101596238   24.047200875106
    -0.108243639895    0.281794731000    4.570887773238   24.223287234758
    -0.107203639895    0.291311874906    4.587905869167   24.401962162460
    -0.106163639895    0.301196218930    4.605471661812   24.586255900859
    -0.105123639895    0.311403589575    4.623718262265   24.777679686474
    -0.104083639895    0.321905494934    4.642435016364   24.974541559769
    -0.103043639895    0.332722486692    4.660810571124   25.169464198213
    -0.102003639895    0.343905035920    4.678618861110   25.360190711473
    -0.100963639895    0.355549870957    4.696024974395   25.547958325025
    -0.099923639895    0.367658518277    4.713535313456   25.737372657294
    -0.098883639895    0.380212669098    4.731569437038   25.932553572747
    -0.097843639895    0.393241427679    4.750622347145   26.138432685128
    -0.096803639895    0.406703527398    4.770668742043   26.354895123622
    -0.095763639895    0.420538486106    4.791131000085   26.576233095746
    -0.094723639895    0.434734640134    4.811309699529   26.796018291263
    -0.093683639895    0.449319905434    4.830260165419   27.005678127514
    -0.092643639895    0.464584350588    4.849024670385   27.214881066397
    -0.091603639895    0.480610546278    4.868473384076   27.431545043739
    -0.090563639895    0.497345580524    4.889679112221   27.665668491761
    -0.089523639895    0.514584275241    4.911673687260   27.908968182501
    -0.088483639895    0.532358922217    4.933933820954   28.156399513881
    -0.087443639895    0.550794593147    4.956334804478   28.406587823707
    -0.086403639895    0.569678627112    4.977444584363   28.645904673604
    -0.085763639895    0.581650962340    4.989941097095   28.789014033229
    -0.084723639895    0.602027223561    5.010895543610   29.028771266083
    -0.083683639895    0.623577022721    5.033227754924   29.283419951873
    -0.082643639895    0.646105724768    5.056728110094   29.550532838671
    -0.081603639895    0.669490825443    5.080805359442   29.824288944892
    -0.080563639895    0.693708412863    5.105344496953   30.104348317697
    -0.079523639895    0.718731505762    5.129612537586   30.383579830305
    -0.078483639895    0.744788151649    5.152483661451   30.651275251375
    -0.077443639895    0.772358955150    5.176034544083   30.926979806322
    -0.076403639895    0.801279597696    5.200596061321   31.213866421139
    -0.075363639895    0.831483714711    5.226193430787   31.512848845734
    -0.074323639895    0.862897857037    5.252544844371   31.820902762864
    -0.073283639895    0.895580976779    5.279378380082   32.135990942757
    -0.072243639895    0.929589035435    5.304511756048   32.436819596083
    -0.071763639895    0.945893904577    5.316019553891   32.575413057343
    -0.070723639895    0.982575472689    5.341543747814   32.882567594952
    -0.069683639895    1.021040959320    5.368746482227   33.208146959430
    -0.068643639895    1.061230055409    5.397905112645   33.556219431960
    -0.067603639895    1.103427862568    5.426397004673   33.900119185172
    -0.066563639895    1.147933847756    5.450956824774   34.206115263637
    -0.065523639895    1.195241032785    5.476832610924   34.527936742084
    -0.064483639895    1.245073803930    5.505132490872   34.876762286518
    -0.063443639895    1.297274112671    5.536086761496   35.254126875398
    -0.062403639895    1.352496426151    5.568882590421   35.653408995398
    -0.061363639895    1.412147418373    5.598031536358   36.018123526049
    -0.060323639895    1.475091461354    5.629005901499   36.404485756420
    -0.059283639895    1.541132595122    5.660730419364   36.802201711075
    -0.058723639895    1.578029113473    5.676980728469   37.009098279343
    -0.057683639895    1.649882746485    5.710097388753   37.426396009993
    -0.056643639895    1.726681422466    5.745243452321   37.868152740516
    -0.055603639895    1.808658905199    5.780416260478   38.312351875039
    -0.054563639895    1.895840669816    5.811807854192   38.717516622849
    -0.053523639895    1.987578215378    5.844034430108   39.133417467172
    -0.052483639895    2.083264264490    5.878592606648   39.577240322746
    -0.051443639895    2.183414895047    5.915249204109   40.047376726719
    -0.050403639895    2.290044966865    5.951080182465   40.511861604935
    -0.050323639895    2.298527902852    5.953727952577   40.546489977428
    -0.049283639895    2.411814856045    5.988297208925   40.999173248310
    -0.048243639895    2.530940481417    6.023778291208   41.463961598528
    -0.047203639895    2.656244774015    6.060853956783   41.950874460183
    -0.046163639895    2.789732537764    6.098216168961   42.445166532832
    -0.045123639895    2.932071019435    6.134824225939   42.934062919214
    -0.044083639895    3.082061696738    6.173662881518   43.451872965787
    -0.043043639895    3.240104556314    6.214009285147   43.992112188275
    -0.042003639895    3.408682429328    6.254540152198   44.539855363078
    -0.041283639895    3.532542425069    6.281882196308   44.913890479770
    -0.040243639895    3.720397105173    6.322775049924   45.474572004944
    -0.039203639895    3.919150079766    6.365204547435   46.057549024595
    -0.038163639895    4.133008952336    6.407348253847   46.641964354896
    -0.037123639895    4.364214851533    6.450539046415   47.246381963663
    -0.036083639895    4.612489334122    6.496238875393   47.886899761603
    -0.035523639895    4.754348026350    6.521028526279   48.236605153354
    -0.034483639895    5.035384035992    6.565799073257   48.875537678119
    -0.033443639895    5.341623949814    6.613243503558   49.554783528332
    -0.032403639895    5.668713670415    6.662690917671   50.263113684691
    -0.031363639895    6.019627630265    6.712052093264   50.973186069486
    -0.030323639895    6.394207306650    6.761639245638   51.689042200383
    -0.030243639895    6.424142038272    6.765499581723   51.744835174710
    -0.029203639895    6.830622804324    6.815844985912   52.475523247681
    -0.028163639895    7.270004822204    6.865806049614   53.207056411383
    -0.027123639895    7.748920346434    6.916685468011   53.957422231922
    -0.026083639895    8.269131584373    6.969714155901   54.742673405127
    -0.025603639895    8.524972576454    6.994337631360   55.109076009639
    -0.024563639895    9.118464597489    7.047361325592   55.904311297021
    -0.023523639895    9.771806498467    7.102229575807   56.731718099877
    -0.022483639895   10.496727453384    7.158207359339   57.583940129419
    -0.021923639895   10.918902810430    7.189298651213   58.058610037167
    -0.020883639895   11.767762300882    7.247503647735   58.953074116938
    -0.019843639895   12.716221229371    7.306404003551   59.869574220528
    -0.018803639895   13.786289223831    7.367635589100   60.831441625356
    -0.018403639895   14.235660158602    7.391478938579   61.208834579969
    -0.017363639895   15.510451020628    7.454508031136   62.212957605685
    -0.016323639895   16.951164406346    7.517233342227   63.221618352647
    -0.016003639895   17.428965860708    7.536699271570   63.536080204382
    -0.014963639895   19.111544216851    7.599334590201   64.555548883721
    -0.013923639895   21.010951914490    7.661668502692   65.578382289065
    -0.013863639895   21.128055983459    7.665185311063   65.636511143854
    -0.012843639895   23.266620220795    7.724629245337   66.627647762384
    -0.011883639895   25.582976223939    7.779944123512   67.566783644792
    -0.010848639895   28.499494904457    7.837329723557   68.560157833787
    -0.010398639895   29.933341028158    7.861477505371   68.985371033385
  -9.3636608837e-03   33.715381939558    7.913911821274   69.929212446547
  -9.0486608837e-03   35.021691971045    7.928784173752   70.204163719919
  -8.0474108837e-03   39.754121225063    7.970740477244   71.008504610343
  -7.9124108837e-03   40.468884643702    7.975650259513   71.107242998198
  -7.0011627183e-03   45.841740944777    8.003216924156   71.696192180219
  -6.2080377183e-03   51.377291912259    8.017667444233   72.069983552689
  -5.4739752183e-03   57.356573486411    8.023361857201   72.303568695744
  -4.8728033433e-03   62.980869602737    8.024964581538   72.456164522675
  -4.3602252183e-03   68.312220801096    8.027400973759   72.611974171771
  -3.8666314683e-03   73.877806140471    8.033187816526   72.824755137847
  -3.4252447495e-03   79.159529222498    8.045024769884   73.132687411078
  -3.0408111558e-03   83.896133012519    8.063179723038   73.539868901474
  -2.7062115464e-03   88.053224585229    8.086223537812   74.023301944783
  -2.4072076402e-03   91.728733592033    8.112809443353   74.562919230659
  -2.1402398667e-03   94.915401236948    8.140868145685   75.123631329877
  -1.9026385484e-03   97.633529921018    8.169147491485   75.684320599249
  -1.6903991685e-03   99.936639107863    8.197100351165   76.235555106252
  -1.5041891465e-03  101.846659600853    8.223642108916   76.757378067512
  -1.3359994492e-03  103.475758617211    8.249191791009   77.259111019006
  -1.1888334641e-03  104.820554357933    8.272732855949   77.721438026059
  -1.0581861100e-03  105.943302143905    8.294570482131   78.150480140379
  -9.4105399941e-04  106.886785054511    8.314899202750   78.549964845803
  -8.3905109963e-04  107.654225446583    8.333187037273   78.909350660351
  -7.4596519283e-04  108.307578703138    8.350357904905   79.246783618862
  -6.6580788420e-04  108.832296023804    8.365491120452   79.544247853385
  -5.9340773446e-04  109.274477359542    8.379414620640   79.818062529939
  -5.3070403336e-04  109.631698311836    8.391658334081   80.058976552569
  -4.8551706769e-04  109.873616404276    8.400584299388   80.234692472444
  -4.5141612448e-04  110.047248362631    8.407376460817   80.368448418846
  -4.4551180059e-04  110.076659094985    8.408561986917   80.391796150766
  -4.1243714736e-04  110.237156419064    8.415232551103   80.523185088315
  -4.0073223618e-04  110.292151936097    8.417605048900   80.569922651631
  -3.9239512210e-04  110.330720776437    8.419298774253   80.603290606839
  -3.8369359749e-04  110.370432719760    8.421069968242   80.638186496733
  -3.7551300652e-04  110.407256402884    8.422738322896   80.671057837021
  -3.6768888915e-04  110.442008802256    8.424336865669   80.702555096998
  -3.5932215295e-04  110.478663243904    8.426049372445   80.736299392179
  -3.5132498482e-04  110.513205921463    8.427689214626   80.768613314352
  -3.4263253627e-04  110.550202782288    8.429474886209   80.803802499981
  -3.3390057578e-04  110.586790542919    8.431272080205   80.839220439562
  -3.2446324592e-04  110.625680259272    8.433218224051   80.877575709734
  -3.1584198552e-04  110.660611986440    8.434999466365   80.912682791241
  -3.0700819054e-04  110.695812447276    8.436827936180   80.948722435525
  -2.9834877835e-04  110.729733742365    8.438623520021   80.984115606888
  -2.9007713010e-04  110.761593169295    8.440341633077   81.017983327005
  -2.8556389450e-04  110.778777885084    8.441279834774   81.036478198884
  -2.7881212925e-04  110.804231335942    8.442685275254   81.064184363228
  -2.7244191483e-04  110.827932196918    8.444012783432   81.090354760669
  -2.6713867865e-04  110.847427157301    8.445119168919   81.112166068228
  -2.5974737567e-04  110.874232257710    8.446663077321   81.142602559572
  -2.5690725935e-04  110.884418047629    8.447256952359   81.154310039063
  -2.5164088930e-04  110.903133778996    8.448359053008   81.176036296161
  -2.4516766589e-04  110.925831358327    8.449715420335   81.202774480836
  -2.4388275522e-04  110.930296207863    8.449984869253   81.208086074237
  -2.3722017730e-04  110.953228242716    8.451383224817   81.235651136291
  -2.3192969711e-04  110.971175695629    8.452495054319   81.257567502566
  -2.2895026331e-04  110.981180068084    8.453121731418   81.269920355154
  -2.2061176535e-04  111.008780504750    8.454877770514   81.304534042596
  -2.1313613226e-04  111.033023658455    8.456454726981   81.335616939532
  -2.0533201554e-04  111.057823199286    8.458103600006   81.368116664352
  -2.0316734598e-04  111.064610049480    8.458561418700   81.377140293831
  -1.9620119084e-04  111.086175962294    8.460036074486   81.406205636171
  -1.9099400351e-04  111.102024158759    8.461139702240   81.427957914693
  -1.8594932659e-04  111.117154957769    8.462209953025   81.449052305660
  -1.7732218549e-04  111.142520996972    8.464042610447   81.485173670021
  -1.6901102492e-04  111.166349906764    8.465810888639   81.520026528576
  -1.5981328288e-04  111.192023730195    8.467770848021   81.558658218119
  -1.4924992048e-04  111.220604028252    8.470025626631   81.603102372004
  -1.4015537176e-04  111.244434094051    8.471970062108   81.641430872267
  -1.3226197850e-04  111.264532438811    8.473659991444   81.674743940420
  -1.2311608889e-04  111.287137522580    8.475620702864   81.713396614127
  -1.2124671601e-04  111.291668056012    8.476021805979   81.721304041311
  -1.1514695564e-04  111.306234787462    8.477331363739   81.747121556954
  -1.0781785329e-04  111.323302106161    8.478906480306   81.778175729741
  -9.8179000920e-05  111.345019528606    8.480980602331   81.819070206932
  -9.4384580831e-05  111.353341578309    8.481797915800   81.835185467553
  -8.7346223991e-05  111.368433693640    8.483315135933   81.865102095779
  -7.9750394057e-05  111.384217833907    8.484954273917   81.897424224283
  -7.2277861831e-05  111.399232218799    8.486568557670   81.929257788275
  -6.5138678701e-05  111.413097542810    8.488112436336   81.959704382204
  -5.8647678978e-05  111.425294754526    8.489517503817   81.987414684036
  -5.2526165724e-05  111.436438058563    8.490843777646   82.013572057323
  -4.6860962333e-05  111.446437807332    8.492072207841   82.037800578905
  -4.1332755025e-05  111.455904025300    8.493271880960   82.061462705581
  -3.5618878186e-05  111.465383492710    8.494512826676   82.085939686860
  -3.0606670641e-05  111.473442734463    8.495602203981   82.107427719933
  -2.5680817997e-05  111.481128521877    8.496673556885   82.128560808424
  -2.1009500952e-05  111.488201354229    8.497690232070   82.148615873137
  -1.6673338531e-05  111.494577905937    8.498634560505   82.167244266835
  -1.2005778888e-05  111.501237620886    8.499651699480   82.187309442602
  -7.5404493552e-06  111.507409900290    8.500625386978   82.206517903130
  -3.1438200142e-06  111.513296423016    8.501584686727   82.225442954929
   1.0477069579e-06  111.518731402614    8.502499781924   82.243496327015
   4.7891949184e-06  111.523436431753    8.503317073435   82.259620502468
   8.4313449472e-06  111.527883405541    8.504113072653   82.275324887346
   1.2547262014e-05  111.532750090300    8.505013094520   82.293081880330
   1.6415713205e-05  111.537170328670    8.505859474389   82.309780854382
   2.0355903958e-05  111.541518656616    8.506722013122   82.326798949264
   2.7053595178e-05  111.711501703633    8.508084833979   82.353803102836
   4.1589885923e-05  111.719981364565    8.511242686822   82.416134452660
   5.8018045869e-05  111.726866009767    8.514816595776   82.486680674370
   7.5517057780e-05  111.731056651470    8.518630708271   82.561973936752
   9.3563398460e-05  111.731984867846    8.522572736070   82.639801503387
   1.1023326221e-04  111.729776126306    8.526222011680   82.711859913647
   1.2764994088e-04  111.724307918043    8.530042799077   82.787317592584
   1.4403620340e-04  111.716195395117    8.533644709375   82.858465108550
   1.6101466690e-04  111.704724483604    8.537383744819   82.932334007436
   1.7706673269e-04  111.690978503621    8.540924868107   83.002304327932
   1.9403124418e-04  111.673344402694    8.544673324290   83.076382402500
   2.1006807184e-04  111.653699635233    8.548222168745   83.146524817771
   2.2768835714e-04  111.628731297553    8.552127085349   83.223713586727
   2.4382599533e-04  111.602716346753    8.555708379546   83.294511754079
   2.6227127328e-04  111.569250101232    8.559807559685   83.375553780957
   2.7952906142e-04  111.534302608691    8.563648393154   83.451492376970
   2.9890865214e-04  111.490830152253    8.567967878565   83.536897892605
   3.1963842986e-04  111.439346596855    8.572595970663   83.628407687075
   3.3907593282e-04  111.386374884189    8.576942839674   83.714358282104
   3.5990268675e-04  111.324557042825    8.581608700634   83.806616945629
   3.8190525147e-04  111.253557561838    8.586548149935   83.904285405396
   4.0528976716e-04  111.171676691485    8.591810176010   84.008331957362
   4.3023638868e-04  111.077004598833    8.597438817313   84.119627208889
   4.5688460944e-04  110.967469405108    8.603469818984   84.238878112143
   4.8533643825e-04  110.840830148776    8.609931196296   84.366639277275
   5.1460634980e-04  110.699942128064    8.616603130885   84.498565540627
   5.4321232209e-04  110.551651940201    8.623148261100   84.627987860467
   5.7549333093e-04  110.371428150482    8.630563073964   84.774613558881
   6.1011048121e-04  110.162586619462    8.638547176646   84.932507526887
   6.4651683251e-04  109.925094262820    8.646979327014   85.099277702378
   6.8545762595e-04  109.650277456095    8.656038297800   85.278466558378
   7.2787662620e-04  109.325715390181    8.665948507389   85.474522618155
   7.6874204757e-04  108.987511027191    8.675533020171   85.664167358817
   8.1417670028e-04  108.581322335738    8.686227750340   85.875818812206
   8.6252602883e-04  108.113465853333    8.697649651545   86.101909165630
   9.1464265356e-04  107.567242518709    8.710001585971   86.346468867195
   9.7179553063e-04  106.917565746236    8.723586654471   86.615524196796
   1.0349878985e-03  106.137068194173    8.738644234829   86.913857393572
   1.1047373514e-03  105.199589165325    8.755291580733   87.243844786155
   1.1867792216e-03  103.994764306831    8.774879969202   87.632332498776
   1.2727714640e-03  102.612882018108    8.795380149485   88.039097955004
   1.3628489037e-03  101.032274400838    8.816765031765   88.463664404959
   1.4677728910e-03   99.014635140706    8.841500336308   88.955331182412
   1.5801466075e-03   96.641179019924    8.867853142255   89.479969845788
   1.6895970659e-03   94.126483435451    8.893706615220   89.994409712199
   1.8305383850e-03   90.625522712152    8.928028255891   90.673245949504
   1.9654528093e-03   87.058731314671    8.962193103618   91.342860578463
   2.1173670514e-03   82.926490100968    8.999590426143   92.076993812519
   2.2797652374e-03   78.660767986776    9.030625475198   92.708226448293
   2.4500091016e-03   74.865467313603    9.043857979512   93.026563269246
   2.6255902720e-03   72.381425614899    9.036733357784   92.962916171805
   2.7956289764e-03   72.040300083622    9.026237182173   92.811331418314
   2.9656676808e-03   74.270744079073    9.040228570234   93.120597656825
   3.1576207833e-03   80.396027035469    9.119027582935   94.758933217845
   3.3649621506e-03   91.825187889909    9.300826960698   98.660042781146
   3.5723035179e-03  108.527093654376    9.573096812756  104.701852613235
   3.7796448851e-03  130.309606343368    9.905762670569  112.339620529858
   3.9869862524e-03  156.423555533330   10.267417097390  120.941538528703
   4.1943276196e-03  185.703598593334   10.631756201773  129.900797670537
   4.3970922432e-03  216.147668668226   10.974261999769  138.579378947927
   4.6249182664e-03  250.857513938561   11.330966617149  147.876017796970
   4.8582409525e-03  285.100864951987   11.658171945203  156.632606148717
   5.1086154555e-03  318.403349715246   11.959337659185  164.887770773210
   5.3615654028e-03  346.661174598176   12.208538093618  171.866062256571
   5.6134873893e-03  367.815421773225   12.403551486912  177.444590806937
   5.8646764880e-03  380.326218467558   12.545354070290  181.630145949522
   6.1170884021e-03  384.110160438916   12.639543994975  184.543884910799
   6.3673863651e-03  381.069124063086   12.690681989517  186.276705119211
   6.6186939486e-03  373.912393290817   12.708376767392  187.069752928064
   6.8705764817e-03  364.566923041918   12.701512785093  187.153454240621
   7.1214694976e-03  354.210771237778   12.675296919367  186.666585376366
   7.3716152338e-03  343.589210824745   12.635739857340  185.772969607507
   7.6232617119e-03  332.977866012715   12.588129150781  184.610937420874
   7.8737123224e-03  322.443264641528   12.532816616050  183.206847958447
   8.1242953974e-03  312.407549890305   12.474327282719  181.675025473858
   8.3751434017e-03  302.359982668137   12.410476938428  179.978387798920
   8.6259914060e-03  292.221382151220   12.342153770590  178.157745460867
   8.8768394102e-03  282.448322644693   12.267604095546  176.144843066705
   9.1276874145e-03  273.170306459737   12.194865573525  174.166262474469
   9.3785354187e-03  264.144679043929   12.117912116214  172.074731606648
   9.6293834230e-03  255.955972541830   12.045387504018  170.081771886240
   9.8802314272e-03  248.253329074329   11.977679219421  168.236554954029
     0.010131079432  241.143913516019   11.909786020906  166.398554449301
     0.010381927436  234.840325456013   11.850859719040  164.786224871284
     0.010632775440  228.640252835525   11.793965250941  163.251653793203
     0.010883623444  222.417988571421   11.730246947350  161.574729824599
     0.011134471449  216.917814694594   11.672190794986  160.038655225789
     0.011385319453  211.651978559101   11.619395417822  158.634562703098
     0.011642191443  205.751800756627   11.554774040512  156.957553507662
     0.011893159413  200.801084739493   11.494533159402  155.393951148070
     0.012144127384  196.429979286307   11.443977745029  154.067134867494
     0.012395095354  191.536994822893   11.387653197557  152.605608800690
     0.012646063325  186.886471044025   11.328248264827  151.086855421775
     0.012897031296  183.117313683047   11.278380371378  149.821947326573
     0.013147999266  179.198792357967   11.230923953708  148.630242230648
     0.013398967237  174.789787477487   11.175867029054  147.269335946593
     0.013649935207  170.676436952362   11.119339300469  145.879167446356
     0.013900903178  167.181774904137   11.070397265316  144.658334803267
     0.014151871149  163.547004421307   11.021624998055  143.418073984730
     0.014402839119  159.525479804678   10.964977108705  141.992888352295
     0.014653807090  155.955333639302   10.910910392465  140.645047731407
     0.014904775060  153.032116854503   10.865339858436  139.496265919940
     0.015155743031  150.061227929318   10.821283848800  138.376720441039
     0.015406711002  146.892392667507   10.774408685332  137.199164405868
     0.015657678972  143.955590502419   10.729840858826  136.094667919855
     0.015908646943  141.353545563958   10.689860859301  135.111263989988
     0.016159614913  138.983837849220   10.653264628838  134.201380774563
     0.016410671336  136.356145937749   10.611978320751  133.174871670572
     0.016666961168  133.459635252448   10.564630941000  132.009570725642
     0.016923251000  131.061406199441   10.526755472087  131.078086689512
     0.017179540833  129.146162225793   10.499371928062  130.415311323259
     0.017435830665  127.182134016174   10.472069390167  129.761675230661
     0.017693777525  124.804429591006   10.435500821224  128.882284364565
     0.017947022697  122.325891772833   10.393830021396  127.905975102235
     0.018197117153  120.199735888233   10.359069689981  127.116040414534
     0.018455443940  118.330337191558   10.331638345953  126.493784563927
     0.018715910461  116.674320219292   10.309455761462  125.986526745343
     0.018967968393  115.041982484368   10.287487548308  125.468233463527
     0.019223291279  112.987525117289   10.253243825239  124.640485013494
     0.019480693693  110.798024324392   10.211928672107  123.654764655076
     0.019735914627  108.987694754443   10.177188738377  122.844746086079
     0.019988848204  107.600933983679   10.151460588749  122.249974121569
     0.020243290732  106.373680056902   10.130709456944  121.763484313024
     0.020497928350  104.943695203051   10.104945798450  121.157432247088
     0.020754332099  103.304924433150   10.071843079113  120.393420742825
     0.021010259935  101.732536722766   10.038870783754  119.648215934703
     0.021266187771  100.326398263919   10.008926063848  118.982575023324
     0.021521313990   99.191497128686    9.984699569801  118.456578508009
     0.021786618987   98.311375861978    9.970253899146  118.152464991722
     0.022036704200   97.294487975723    9.950789210969  117.669765100930
     0.022289490052   95.925108212156    9.921430143058  116.958709423501
     0.022547409498   94.447164111211    9.889724288687  116.231800001101
     0.022805328943   93.125699202517    9.860493170109  115.574007453617
     0.023063248389   92.112307660204    9.836865620184  115.049332417825
     0.023321167834   91.349549853037    9.821643793961  114.724827545900
     0.023576037284   90.502185567167    9.806666413868  114.386999322334
     0.023832584961   89.420733044303    9.784082989595  113.863605954336
     0.024083267517   88.488815786482    9.763624854551  113.406776458690
     0.024339655659   87.728806286117    9.747465439630  113.055970130202
     0.024591920897   86.993604389990    9.732937568260  112.748944935569
     0.024844186135   86.209634860928    9.716657001660  112.396196560985
     0.025021453600   85.699881659147    9.705302205544  112.141928026969
     0.026022614594   83.054129748018    9.648044105020  110.820593097762
     0.027029008089   79.705666837316    9.565854920940  109.140852967000
     0.028044295616   77.246239915042    9.508217792464  107.886684221685
     0.029051441264   74.972095555817    9.454777246787  106.795511970687
     0.030054935324   72.349184800165    9.390696384185  105.435567655896
     0.031058064690   70.601563623914    9.358090691908  104.786301295088
     0.032059340331   68.851885250505    9.316782124180  103.841965790431
     0.033061524448   67.636998511179    9.293432196855  103.431369788459
     0.034063904972   66.881924037921    9.284308914754  103.269218983369
     0.035068875480   65.619717673404    9.255456915017  102.627416859703
     0.036087113668   64.611641284812    9.234653640636  102.272510539042
     0.037105351855   64.336015989648    9.229311015806  102.158955425904
     0.038123590043   63.909606985665    9.219158295587  101.891527020811
     0.039141828230   63.356321779998    9.206076513160  101.625266886287
     0.040160066418   62.977723892029    9.204098100034  101.669697314990
     0.041178304606   62.205920042517    9.203325046770  101.768849196336
     0.042196542793   61.319537500281    9.189506035661  101.474831333097
     0.043214780981   60.500659951437    9.175364950797  101.247344921710
     0.044233019168   59.812567895248    9.168052103920  101.139301696076
     0.045251257356   58.703591592907    9.143927774073  100.662371785241
     0.046269495544   57.954786119329    9.133603405776  100.464841070240
     0.047287733731   57.708152664038    9.150210038329  100.904843921637
     0.048305971919   57.743779769367    9.168609331477  101.283965850667
     0.049324210106   58.078478370578    9.197240159641  101.937817863813
     0.050342448294   58.124437649375    9.219882475733  102.480711238102
     0.050455585870   58.097822200685    9.221614379631  102.525524017079
     0.051473824058   57.670613000123    9.234677010846  102.875931431987
     0.052492062245   57.284749133016    9.245631692614  103.144451002264
     0.053510300433   56.950844854520    9.248205758048  103.099895624180
     0.054528538621   56.487416746903    9.259801272772  103.399802216600
     0.055546776808   56.016653674147    9.276119845326  103.792309297430
     0.056565014996   55.857726287818    9.303267559196  104.424504003325
     0.057583253183   56.036668411107    9.345487960336  105.397549174010
     0.058601491371   56.323488947182    9.392356134646  106.460118870461
     0.059619729558   56.196025164632    9.432573310062  107.463434228393
     0.060637967746   55.704813840678    9.453629843501  107.988167899379
     0.061656205934   55.313416811233    9.465867571517  108.303076920686
     0.062674444121   55.417817674094    9.485884147555  108.715170230590
     0.063692682295   55.616373297684    9.512661784273  109.370432582045
     0.064710920387   55.705982636411    9.536901262552  109.974481895038
     0.065729158479   55.930901743088    9.564514424499  110.661505991649
     0.066747396571   56.507070279973    9.596926822435  111.490940458212
     0.067765634663   57.303205230410    9.626078833389  112.229319454958
     0.068783872755   58.175199300244    9.656192223788  112.984789838008
     0.069802110847   58.664354049965    9.675754949819  113.521594976955
     0.070820348939   58.891476746520    9.686663726530  113.866727800995
     0.071838587031   59.033011184461    9.692153532673  114.075631704352
     0.072856825123   59.201732717591    9.697066138396  114.250928994537
     0.073875063215   59.481394465268    9.709051463249  114.595264739683
     0.074893301307   59.603605674678    9.719772861167  114.870501822603
     0.075911539399   59.505297447758    9.726817150233  115.080758707633
     0.076929777491   59.418502502834    9.731725140250  115.245204952386
     0.077948015583   59.332698619958    9.736684745771  115.394487254662
     0.078966253675   59.283504520649    9.746935386499  115.660217056158
     0.079984491767   59.273249866176    9.767347256328  116.178428500954
     0.081002729859   59.263117755992    9.797357425570  116.936352707892
     0.082020967951   59.378229070511    9.832854805833  117.827803518994
     0.083039206043   59.636342557239    9.872314044706  118.833040367020
     0.084057444135   59.891830717382    9.909841203687  119.831671723589
     0.085075682227   60.097222756379    9.942832699687  120.654734143952
     0.086093920319   60.208026952233    9.977080869006  121.545002276928
     0.087112158411   60.299826652001   10.013570903646  122.465249723151
     0.088130396503   60.291764015473   10.044189133014  123.216589848727
     0.089148634595   60.175939428929   10.064843035499  123.706478957002
     0.090016022600   60.030719117530   10.080613150942  124.083618044399
     0.091034260692   59.781176621619   10.104821350242  124.695850300937
     0.092052497001   59.850762720383   10.130350178203  125.316268624298
     0.093054415802   59.711329046003   10.160665083708  126.070551714416
     0.094062486114   59.865235536826   10.202917886217  127.207887812773
     0.095070556427   59.974789197902   10.246453817473  128.322778239125
     0.096078626739   59.927775396105   10.277560929469  129.073636364254
     0.097086697052   59.981622879886   10.317939574115  130.137626892824
     0.098094767364   60.136694568204   10.362873142461  131.316828415193
     0.099102837677   60.202391988812   10.399541461425  132.261453638834
     0.100110907989   59.997782862863   10.423130767304  132.876236815943
     0.101118978302   59.904713007757   10.452162612935  133.677224162063
     0.102127048614   59.817904510781   10.484021829542  134.552346280668
     0.103137966583   59.752753245671   10.512290428820  135.328065062407
     0.104146036896   59.918429109411   10.554619164807  136.561525293804
     0.105154107208   60.062551630295   10.588780973113  137.470329726677
     0.106165025177   60.082039217551   10.615897954463  138.205271915109
     0.107173095489   59.997222871025   10.639939096090  138.818089240323
     0.108181165802   60.138997489675   10.675846282328  139.789982385581
     0.109189236114   60.180097928656   10.703681022376  140.542124344857
     0.110197306427   60.017359732422   10.722275657687  141.042412319949
     0.111205376739   60.012368863794   10.753229814101  142.004149914946
     0.112213447052   60.087200588345   10.790286127669  143.065086569348
     0.113214975715   60.060623278455   10.815196673326  143.733587660259
     0.114224079779   59.990635295768   10.843258798917  144.537099554750
     0.115233183844   59.855276298382   10.867049868523  145.202738710437
     0.116242287908   59.787420042684   10.890615133508  145.859539498074
     0.117251391972   59.553023639870   10.906028425460  146.275770833219
     0.118257664340   59.488598230771   10.932015928988  146.999986083341
     0.119272569027   59.426695477841   10.961140507695  147.839088779470
     0.120287473715   59.408637453528   10.988776025425  148.717666433481
     0.121302378402   59.304610208236   11.016082731740  149.574261156432
     0.122317283090   59.056443866036   11.034952719467  150.088917838059
     0.123332187777   58.908161883775   11.056627043149  150.745750213363
     0.124347092465   58.593159211579   11.067578508418  151.051642648127
     0.125361997152   58.401333127578   11.085412835497  151.541223052316
     0.126369153700   58.315915449893   11.108472830588  152.191370353050
     0.127383575549   58.317028211449   11.135787273441  152.928879964120
     0.128394743025   58.432589268601   11.172834184059  154.218827564289
     0.129405787257   58.602857985014   11.212585549234  155.431186383550
     0.130416759629   58.417269072578   11.230981249045  155.958228302595
     0.131427732000   58.210632061703   11.245230463184  156.381685725956
     0.132438704372   57.962017737378   11.260323209937  156.847367769455
     0.133449676744   57.710994453902   11.274492437594  157.216179774587
     0.134460413229   57.659774511102   11.300830892207  158.012075776818
     0.135468483541   57.642094636514   11.333637649060  159.168550068253
     0.136476553854   57.530916520787   11.353087075526  159.719862536858
     0.137483485104   57.482561156162   11.370156774768  160.177771683280
     0.138498389791   57.517841934367   11.402397183359  161.115423402936
     0.139513294479   57.832549245858   11.451541626712  162.757637532892
     0.140528188950   57.807349336762   11.472140491182  163.293501552454
     0.141543003012   57.690228202549   11.489900202760  163.778969454118
     0.142557817074   57.753925160788   11.527754472043  165.198164912996
     0.143559409658   57.623071842729   11.545553152525  165.690701353857
     0.144574314346   57.502871406902   11.564917760705  166.245313163201
     0.145580106533   57.356466085498   11.580680962886  166.669810183634
     0.146588176846   57.052608608374   11.587786130356  166.945546533867
     0.147596247158   57.069874087619   11.620060276125  168.237674448832
     0.148604310200   56.847827576960   11.634043045147  168.652679974136
     0.149612249319   56.752075214863   11.648782156343  169.025021044228
     0.150624904133   56.651597492825   11.670338957730  169.658481084195
     0.151637963539   56.508825849596   11.691625658306  170.466684058620
     0.152651022945   56.504734212636   11.715408339952  171.337653148772
     0.153664082352   56.415158730689   11.733660473982  171.784034279950
     0.154677141758   56.352531059346   11.754119593565  172.360204330096
     0.155690201164   56.263846048506   11.776734748437  173.394045617282
     0.156690942903   56.110258506696   11.793862195396  173.934126463404
     0.157696507635   56.043649055895   11.816498321568  174.518038380983
     0.158709567042   55.794104839910   11.823682089479  174.636966931243
     0.159722626448   55.798138784265   11.850688709525  175.963858351422
     0.160735685854   55.742415825192   11.872744421903  176.628763075723
     0.161748745260   55.542276526909   11.881623271883  176.829230061342
     0.162764939314   55.370239527069   11.895053911394  177.285154284829
     0.163769688038   54.978112068921   11.902361849328  177.377936969151
     0.164774436763   54.989713766553   11.924099778122  178.581613583047
     0.165779185488   54.939605038834   11.947491208438  179.271788601618
     0.166788963727   54.910293547883   11.964670253513  179.632072870290
     0.167801485326   54.679604989150   11.971587107595  180.082361500955
     0.168804520983   54.625457072563   12.004030174330  181.381022313800
     0.169819425670   54.568127963022   12.010482602991  181.632160344179
     0.170831311842   54.219953917615   12.009243090380  181.385237958835
     0.171846216529   54.483834209524   12.054418364616  183.311083536203
     0.172861121217   54.494485117242   12.072931753823  183.815644026016
     0.173871517168   54.450128454262   12.093095918564  184.278365908341
     0.174885503649   54.348595093684   12.122668296536  185.476353750793
     0.175900260225   54.175175153897   12.114833005079  185.892585237021
     0.176913319631   53.827701214945   12.137156378799  186.013214392802
     0.177927281744   53.701514775202   12.140253109666  185.990528526101
     0.178940341151   53.628030877700   12.169460207548  186.847915144409
     0.179956766401   53.747994175466   12.189710716496  187.964568525631
     0.180961189891   53.614090408804   12.205088322866  188.008907896825
     0.181965613381   53.737067520623   12.225877019072  189.461891019061
     0.182970036871   53.698492144156   12.243636898579  189.928477617506
     0.183974937447   53.479550226987   12.245582024261  189.786712024447
     0.184990837235   53.205432506134   12.261517048010  190.057936174046
     0.185999473184   53.214232786952   12.288294565785  191.531703066533
     0.187008109133   52.894107221231   12.288424113639  191.633392723124
     0.188017261598   52.707728504063   12.296677239733  191.949383322051
     0.189028381569   52.384975069045   12.270400184992  191.137700136007
     0.190033106634   52.467231289634   12.296715148475  191.946434146752
     0.191048011321   52.402598174031   12.347608181525  193.638592225086
     0.192062916009   52.199999236259   12.359330674930  194.281533440013
     0.193077820696   51.893039965403   12.361193444803  194.329398074698
     0.194089589072   51.627950469230   12.368909100776  194.627437820970
     0.195102648478   51.259021903829   12.363725192285  194.549252424255
     0.196106686510   51.081184687088   12.362337157386  194.621931981876
     0.197119618693   50.694402343644   12.352300682852  193.984326560264
     0.198121538893   50.772541651624   12.357356141334  194.450619829213
     0.199124918845   50.633142547407   12.406795136783  195.959453021686
     0.200139823533   50.524152132888   12.412786540678  196.426935633660
     0.201154728220   50.246802950985   12.410705000522  196.506967774780
     0.202169632908   50.042044896969   12.415954494033  196.715719631688
     0.203187451452   49.899339995388   12.421556019482  196.983537609085
     0.204192074035   49.532498867528   12.409303099348  196.392966302761
     0.204426413059   49.438803585962   12.398680789688  196.055433885965
     0.205438452017   49.521176858906   12.436203657719  197.028193262853
     0.206438920232   49.648002550688   12.457496633684  198.235832078513
     0.207445729228   49.700440188447   12.493072009660  198.909599720915
     0.208452538224   49.950298356929   12.536742425777  200.924245437615
     0.209459347219   49.781230021036   12.540360555592  201.039694999972
     0.210459849826   49.567144340329   12.536182728471  200.867024002286
     0.211465064053   49.291512534272   12.515858694466  200.413047763671
     0.212479310162   49.216472122188   12.530137181216  200.800126102708
     0.213487846892   48.784668163222   12.503895696806  200.096951338355
     0.214502751579   48.604645523695   12.516330852533  200.529168269013
     0.215507551351   48.397522392121   12.530714885779  200.800730169648
     0.216510176206   48.105919541260   12.546607430973  201.151660325211
     0.217512801060   48.242841312611   12.568194871690  202.662096745966
     0.218515425915   48.184405470027   12.577033578034  202.644124680745
     0.219519287218   48.018217467639   12.583467908410  202.840944767670
     0.220522109843   47.659147062922   12.565472452109  202.318974598146
     0.221524727781   47.675291878736   12.611240951533  203.750034238616
     0.222528663889   47.838590352878   12.621517728651  204.359671248261
     0.223529608259   48.109015326349   12.681328883540  206.445371826441
     0.224543246544   47.973886672398   12.704649004970  207.594353889702
     0.225545105684   47.473214844555   12.668799793219  206.394991618474
     0.226403180092   47.567681241342   12.679951673363  206.903549652370
     0.227413002880   47.607362104555   12.724685601174  207.343348295960
     0.228423576869   47.826519465648   12.723829396565  208.295968133273
     0.229435228847   47.899313207709   12.737170927069  208.498830812622
     0.230443660137   47.597082567751   12.729052687661  208.696639865208
     0.231444092547   47.258200849817   12.739682590908  208.989954634930
     0.232449528270   47.006441754563   12.751073746353  209.170969866533
     0.233452509390   46.443010495610   12.685743313183  207.248833341134
     0.234453730490   45.908716897587   12.693212624378  207.518790440343
     0.235456688511   45.253609754492   12.616725729864  204.916047191180
     0.236363542288   44.864658661042   12.619402260828  205.232603175629
     0.237073903486   44.428978887993   12.639475056299  204.899609472884
     0.238074034180   43.678401441712   12.605892510853  203.760514027234
     0.239089150854   42.526483108323   12.515470888401  201.401838981267
     0.240094580377   41.869244886776   12.424752039363  198.789144527063
     0.240931843345   41.572228551818   12.426944217420  198.619550602176
     0.241936708615   41.400483259286   12.490497570557  199.780977763011
     0.242653276889   41.430539667989   12.489089976969  200.293378063585
     0.243206956757   41.146007353263   12.485613234917  200.461082247556
     0.244068336233   40.357963766048   12.462717539176  199.257603820394
     0.245082156831   39.324743880390   12.363454338750  196.480805413025
     0.246097393503   38.376051829409   12.269394492293  193.486479926434
     0.247098229766   37.930024259654   12.253799502159  193.072842340157
     0.248099041100   37.761707200349   12.259496653970  193.088963281760
     0.249107046506   37.433639893476   12.265768776303  193.083031481851
     0.249865212829   37.369273330415   12.271364424552  193.953538175144
     0.250366672079   37.054723047111   12.287421247693  193.895385730148
     0.250930470145   36.510622726689   12.216037604678  192.105427613553
     0.251594067935   35.868581979473   12.213291639052  191.015046746216
     0.252436961243   35.123543161938   12.140252722565  188.712637660098
     0.253441929306   34.183273286744   12.042152434860  185.602083538820
     0.254446375698   33.631670182052   11.989471635786  184.300958626598
     0.255449323616   32.986506069270   11.941213381394  182.421879779866
     0.256456923357   32.641902533827   11.901476306004  181.466392013297
     0.257458131480   32.244202468056   11.890184628463  180.915280498186
     0.258471190886   31.983358779148   11.879581942840  180.948873493273
     0.258736911386   31.950740601446   11.877624549043  181.147716246607
     0.259755345686   31.895807629943   11.890207758320  181.733794467189
     0.260761373179   31.892062214651   11.931799442240  182.128380249532
     0.261767171263   31.754366503796   11.905105071706  181.630057289397
     0.262775931281   31.630943766937   11.921882510277  182.083103950549
     0.263776314565   31.564822039404   11.942295662304  182.601208987983
     0.264785784895   31.633812194528   11.973987913513  183.805676422438
     0.265796962085   31.741962655390   12.007219801316  184.779735104022
     0.266800040800   31.728746631481   12.025028186319  185.242374610303
     0.267807092677   31.697520288679   12.048177838404  186.020548189861
     0.268813380467   31.547494836532   12.053428179946  186.445247683039
     0.269815897654   31.307978402268   12.047802653937  186.463984373783
     0.270825769103   31.245916255137   12.059665952738  186.931872803975
     0.271771927652   31.092752681457   12.053882938460  186.642791871706
     0.272779646244   31.021490365273   12.061887865873  186.741487564981
     0.273789793595   30.988700276209   12.066897119338  186.913540217402
     0.274793411312   31.000209104244   12.077907439152  187.316815810500
     0.275795721074   30.902795710374   12.075128046614  187.218075640012
     0.276803555481   30.818453379290   12.077480459432  187.248931125392
     0.277813272792   30.827781636433   12.082945974625  187.981168337714
     0.278819462807   30.826763232966   12.101738698399  188.685637512728
     0.279828556786   30.777669957239   12.110262460345  188.851515561217
     0.280838936353   30.690602220527   12.107025792997  188.753052290610
     0.281848161390   30.628248260473   12.109579081322  188.777914191957
     0.282831894677   30.594899095682   12.120437066080  189.023347138103
     0.283835124169   30.577107998794   12.131403165333  189.322989863994
     0.284845563999   30.548701423330   12.140872759421  189.593141265863
     0.285845969388   30.515488207070   12.153574168458  189.941465663769
     0.286854965391   30.476131036352   12.161684230640  190.224519861644
     0.287855240192   30.429707087871   12.174259104372  190.912727170080
     0.288862365590   30.474798472037   12.196699268501  191.943574418325
     0.289866396143   30.527897998779   12.210785120356  192.412532949389
     0.290877256985   30.458725214966   12.207605306261  192.273379314352
     0.291882535894   30.416302277857   12.208730004591  192.293231095037
     0.292887746918   30.435593964467   12.215846888214  192.490384177836
     0.293895901815   30.438773557039   12.223330880896  192.660347207364
     0.294901586358   30.389047974763   12.226002559859  192.688360090779
     0.295912807348   30.372492438222   12.234694301610  192.920259308454
     0.296917414711   30.335764756499   12.240092037808  193.016818311688
     0.297925322431   30.334413232192   12.252581375460  193.496449842428
     0.298931179427   30.428641021061   12.285504413813  195.111221651064
     0.299941771981   30.441801254885   12.296673098405  195.506150966550
     0.300950889643   30.408068450743   12.300551092954  195.620262173154
     0.301956052495   30.378238418878   12.309453578416  195.841040569956
     0.302963411317   30.316974973643   12.310561394890  195.885835995629
     0.303972007819   30.237323797933   12.313901061211  195.954894144449
     0.304983011755   30.151710400044   12.313799821387  195.904716684274
     0.305983038116   30.151353662064   12.323294025657  196.172808518308
     0.306992530064   30.127041120676   12.330841883573  196.316763889215
     0.307998403450   30.112104626024   12.336568118788  196.467561191645
     0.309007274280   30.101001185988   12.347336554994  196.793569737790
     0.309968852308   30.048073245767   12.347077851123  196.797242312229
     0.310977229917   30.031711785773   12.355223350458  197.046222292605
     0.311977721267   30.055329269345   12.367355035016  197.840146823596
     0.312981160849   30.100831040521   12.387618857234  198.825134186664
     0.313982779527   30.114718089510   12.398981260837  199.188082084409
     0.314983678259   30.081627003341   12.403116564342  199.354364106889
     0.315992585782   30.031611119957   12.405292706966  199.414733507406
     0.317001493305   29.972860373746   12.404698316915  199.354958130555
     0.318008269813   29.950185043917   12.411540919440  199.578712245770
     0.319015832120   29.933199203672   12.420121161366  199.808221698115
     0.319172773291   29.922263903836   12.419870078123  199.795463038225
     0.320181680814   29.893279093316   12.424980524231  199.959075477490
     0.321190588337   29.893295123026   12.435548620828  200.293194449480
     0.322199495861   29.849868086246   12.437870984811  200.328919505566
     0.323208403384   29.811970804334   12.445284874470  200.544892169437
     0.324217310908   29.743931822506   12.447829548917  200.574447517331
     0.325226218431   29.737960920801   12.459391650878  200.929758420707
     0.326235125955   29.719799413683   12.468065701615  201.089197738036
     0.327244033478   29.709332546554   12.478041444054  201.375814883085
     0.328252941002   29.672808410983   12.486870363417  201.635965254990
     0.329259225667   29.634654628707   12.494705452841  201.935717791816
     0.330264259345   29.708282716625   12.526435567618  203.629063500334
     0.331269173031   29.731151840368   12.542514733214  204.219293309944
     0.332273226269   29.699026236162   12.546721139540  204.368972162968
     0.333281631673   29.662956797623   12.550499772076  204.486030798088
     0.334290037077   29.642055609806   12.555897825677  204.671122141217
     0.335298442481   29.632212807723   12.563001889362  204.916740565221
     0.336304616623   29.628504285909   12.570762059300  205.158957837797
     0.337314772731   29.578418252564   12.571002112416  205.130298184880
     0.338323178135   29.556465466681   12.573605311483  205.260965147609
     0.339331583539   29.584672855006   12.579753389140  205.452846988626
     0.340338053140   29.643058134339   12.589457746891  205.696636565358
     0.341347725259   29.658959687847   12.598171723127  205.900992867230
     0.342354556841   29.629257292226   12.599801063827  205.953617751176
     0.343361388423   29.636818360875   12.606888758638  206.212320088727
     0.344368220005   29.638594516189   12.616335478980  206.431144598186
     0.345375051587   29.609709261640   12.623632375381  206.557495987093
     0.346378247068   29.579611634554   12.627097785311  206.604765101588
     0.347382405702   29.583935075570   12.638442886385  206.916363801932
     0.348373100629   29.577340923316   12.646453857194  207.192126596119
     0.349369188948   29.672332710951   12.671673180503  208.717162947832
     0.350365277266   29.738546435012   12.690280678518  209.499581008834
     0.351361365585   29.735336672660   12.695649834910  209.684220339119
     0.352341669912   29.679207781070   12.696300097005  209.703720216166
     0.353342300814   29.626673826725   12.701510308659  209.857473916660
     0.354342931716   29.581454928663   12.704690437609  209.991232591640
     0.355343562618   29.585349815275   12.712277780180  210.276218631152
     0.356323588197   29.577955334685   12.716654673167  210.408493442311
     0.357305835507   29.561703410844   12.717984371344  210.433788769270
     0.358266919491   29.659460833232   12.740003668931  211.660800706564
     0.359228003476   29.689221176524   12.752740463463  212.109216791341
     0.360189087460   29.711098611916   12.762211151072  212.392135827665
     0.361150171444   29.687280852330   12.760606747738  212.203227501567
     0.362111255429   29.691106822455   12.765472313122  212.250530128610
     0.363072339413   29.733662881983   12.776424697990  212.461241873688
     0.363996216452   29.759358378926   12.788821294787  212.682329794505
     0.365002371676   29.711919901645   12.791646264956  212.682020653657
     0.366008526900   29.657871509312   12.787698226900  212.660431123679
     0.367014682124   29.612379843677   12.788084049098  212.597289778278
     0.368020837347   29.576549662791   12.786124025665  212.383237044574
     0.369018356842   29.562881014123   12.785450355431  212.223900704072
     0.369952530475   29.574444319702   12.792427926489  212.439086878785
     0.370886704108   29.723782272481   12.832149875642  214.578619686940
     0.371820877741   29.765254598960   12.850557614946  215.260333666457
     0.372755051373   29.722074766815   12.854786324728  215.406068002698
     0.373689225006   29.657443551506   12.857681591412  215.496545308769
     0.374623398639   29.636858626413   12.863441597042  215.711110132032
     0.375342712336   29.638744920983   12.871249200757  215.963017667479
     0.376311728467   29.595908221478   12.873160476243  215.986388009655
     0.377318560049   29.586766568977   12.880066760497  216.272688303872
     0.378325391631   29.533026516812   12.876455851339  216.222721365481
     0.379333696875   29.562741663210   12.887144712302  216.647769912770
     0.380340528457   29.598000836427   12.890491424334  217.280047179497
     0.381347360039   29.593103169608   12.900711207361  217.661053832502
     0.382354191621   29.531911899397   12.899566909598  217.631835130020
     0.383361023203   29.456842532184   12.897212757533  217.529105566619
     0.384367854785   29.438919644535   12.899805842376  217.647267586320
     0.385374686367   29.450785606470   12.905935582634  217.725717069411
     0.386381517949   29.488120336674   12.916518767605  217.844144949046
     0.387388349532   29.481672305751   12.921550034576  217.688546429792
     0.388395181114   29.483361499633   12.929436359264  217.696899886836
     0.389388237479   29.479024386924   12.934777611776  217.695943914078
     0.390397145002   29.488249791461   12.944434873676  217.969442421809
     0.391406052526   29.611632780502   12.978514076667  220.125139975998
     0.392414960049   29.644532393640   12.991689491852  220.613031178451
     0.393423867573   29.618906141096   12.996625620520  220.795381894496
     0.394432775096   29.549515561403   12.997718873266  220.812917841682
     0.395441682619   29.486567538939   12.999114103512  220.862426923209
     0.396450590143   29.459063777833   13.005360354129  221.101923733328
     0.397459497666   29.406375479637   13.003942429482  221.065518337571
     0.398468405190   29.432282714416   13.015105393142  221.449674778825
     0.399410932308   29.407222312452   13.017615586724  221.419917461547
     0.400275907894   29.425744897790   13.028936085935  221.788630303109
     0.401140883480   29.440652897212   13.044653975916  222.069575161299
     0.402005859066   29.417614450931   13.044001707416  222.046033945063
     0.402870834652   29.399962509739   13.042153178004  221.954297183740
     0.403735810238   29.469850782044   13.054052399977  222.475691475419
     0.404361091134   29.490442598692   13.057565887712  222.504121161117
     0.404808267916   29.489516058636   13.058750676167  222.490289657777
     0.405626521064   29.538777516589   13.079024457651  222.853320780236
     0.406552232177   29.570678925463   13.088409316176  223.592307982518
     0.407477943289   29.696607347522   13.121051996834  225.365662091907
     0.408403654402   29.715424495651   13.131206853846  225.762221336800
     0.409329365515   29.678196049732   13.134490231981  225.886409911554
     0.410255076628   29.645197420352   13.134967831116  225.911412591461
     0.411180787741   29.611134142317   13.135568909235  225.934929576594
     0.412106498854   29.572677538161   13.135794578458  225.931606925046
     0.413032209967   29.515648031233   13.133621723850  225.854382329055
     0.413957921080   29.494547282717   13.135445989997  225.934361706194
     0.414883632193   29.513939052739   13.143199078480  226.195456280178
     0.415809343306   29.541915786980   13.153011931453  226.448954599518
     0.416735054419   29.535575748120   13.161461153473  226.738770894552
     0.417627067428   29.477771393547   13.161548559240  226.778296147453
     0.418427970748   29.418849395298   13.159985887404  226.751506633883
     0.419280962673   29.387407289222   13.167168787680  226.682740151078
     0.420290293984   29.438821886575   13.182408171990  227.351821105583
     0.421299625295   29.242251382187   13.127494789439  226.034380529706
     0.422308956605   29.284654774815   13.135327961875  226.082858391751
     0.423318287916   29.334110368017   13.135780083986  225.917557960958
     0.424321234465   29.406203540742   13.157568072858  226.341220576419
     0.425099712492   29.488056815625   13.179001922099  227.186274515408
     0.425878190520   29.593577626779   13.230587731346  229.128600725730
     0.426656668547   29.569314460248   13.243363636270  229.868471392659
     0.426897996735   29.599891905846   13.250956457855  230.182997561631
     0.427898679399   29.570324717714   13.259854023038  230.492956311186
     0.428903266683   29.472195140246   13.232350460190  230.132435360244
     0.429907853968   29.422491852451   13.236122189655  230.283244600945
     0.430912441252   29.371504125948   13.231904535245  230.127911590969
     0.431917028537   29.371593215219   13.236514747318  230.304991938838
     0.432921615821   29.382829091325   13.239979895046  230.525644260256
     0.433926203106   29.406247613424   13.242812440548  230.582419053886
     0.434930790390   29.464790874002   13.256237824584  230.973903694580
     0.435935377675   29.450647558633   13.262639009600  231.080271740465
     0.436939964959   29.458973551725   13.269076666609  231.248038143263
     0.437944552244   29.433749666749   13.270032657310  231.103754053700
     0.438949139528   29.472754518654   13.275062698308  231.364474744731
     0.439865233092   29.464416729549   13.285377591582  231.442425382634
     0.440604629195   29.397115285990   13.284260423843  231.243224775210
     0.441383107222   29.370017307773   13.312748927326  231.531523057832
     0.442161585250   29.473836061804   13.343316693471  233.208810399443
     0.442940063277   29.557059318184   13.371398033717  234.786522914907
     0.443718541304   29.531836157531   13.378218728353  235.102948086859
     0.444443269406   29.496276744059   13.383615009713  235.332934048375
     0.445202745328   29.425631817806   13.389623828032  235.411605468945
     0.445955897227   29.330034508113   13.382603527970  235.179974169274
     0.446734375255   29.300635006656   13.384430660438  235.256398200382
     0.447512853282   29.292545177353   13.385025666366  235.274948585968
     0.448291331309   29.286015091376   13.387457077347  235.421500758658
     0.449064667537   29.314045734016   13.394891405459  235.718437427804
     0.449843145565   29.342904832061   13.402924564619  235.908883265682
     0.450621623592   29.402012397611   13.408012664826  236.515362363209
     0.451400100254   29.474321528633   13.421916911686  237.144947644452
     0.452178490968   29.477528551471   13.420792619488  237.138467874563
     0.452956704002   29.520513280871   13.429844668181  237.501775716268
     0.453734721447   29.491136524717   13.426593410884  237.394382057150
     0.454512522958   29.467550312176   13.429456404449  237.493567101087
     0.455290125025   29.411084577387   13.424053700539  237.313006517227
     0.456067527844   29.399939527784   13.426227563197  237.371863728924
     0.456844729808   29.390445610413   13.425747327598  237.307102311895
     0.457621721204   29.394564139297   13.429118715344  237.267127766588
     0.458123935617   29.392420846732   13.430088881322  237.119317587521
     0.458424384991   29.377228021861   13.428548408892  236.923697502184
     0.458750877468   29.378093536326   13.430635494566  236.836172058669
     0.459265669142   29.376295341945   13.434802374799  236.785766801583
     0.459910472452   29.386731290745   13.464016123910  236.947820730680
     0.460625372216   29.421429699821   13.458817256255  236.923229252841
     0.461340271980   29.508838330658   13.484401791947  238.627338059370
     0.462055171745   29.583482181328   13.507359021957  240.040233959899
     0.462770071509   29.573000915260   13.513556675746  240.332152060653
     0.463484971273   29.522289441938   13.511792850122  240.295146103172
     0.464199871037   29.465707719978   13.511963340842  240.247193364055
     0.464914770802   29.388775439771   13.507396079031  239.987658197288
     0.465629670566   29.346867653461   13.506271201758  239.934379693263
     0.466344570330   29.337899999892   13.506892743065  240.087716170758
     0.467059470094   29.351419704318   13.514713094521  240.429492834276
     0.467774369858   29.327445675282   13.515109446114  240.420133554432
     0.468489269623   29.331793660426   13.522315355268  240.715869887148
     0.469204169387   29.292291636925   13.519988166419  240.565598459216
     0.469919069151   29.350218031842   13.527904562166  241.192420803533
     0.470613631214   29.423293998310   13.543141102936  241.729139846648
     0.471314261439   29.388609993359   13.540862737933  241.592225436253
     0.471552475715   29.415573646494   13.548058706355  241.848707778992
     0.472305022639   29.413074098514   13.547291321431  241.683504409608
     0.473061703282   29.457033459867   13.547520580680  241.555203626501
     0.473773269409   29.471450576262   13.541760873818  241.181286071625
     0.474460298914   29.483734058641   13.536698273109  240.748811622579
     0.475229831046   29.576058605174   13.556448152485  241.114231631836
     0.475996295524   29.595401944426   13.554062202343  241.139703625465
     0.476722547647   29.514021067365   13.542418826491  240.760957963752
     0.477462561075   29.418063219340   13.530544771746  240.249606894292
     0.478219241717   29.425994826886   13.546777988438  240.960430025004
     0.478975922360   29.577593517371   13.569941147024  243.071575817769
     0.479732603003   29.632034794131   13.583697659938  243.835690614889
     0.480489283645   29.570908681171   13.584084853582  243.889918423987
     0.481245964288   29.508388763975   13.586546825484  243.952735459366
     0.482002644930   29.481181756610   13.590342373359  244.067861611536
     0.482759325573   29.473758994310   13.592567025709  244.160329282017
     0.483516006216   29.486773441756   13.598433682273  244.392464099242
     0.484272686858   29.489755237837   13.602317656739  244.564620869435
     0.485029367501   29.500593331758   13.608956031580  244.836779058753
     0.485786048143   29.497719867565   13.611513646973  244.916509890395
     0.486542728786   29.514127945893   13.616532099259  245.102339616823
     0.487299409428   29.546349212071   13.623444184239  245.370929986967
     0.488056090071   29.547814013376   13.627602534549  245.535344842990
     0.488812770714   29.518797068177   13.631744174436  245.666141717915
     0.489569451356   29.473697585073   13.631750143703  245.645680721209
     0.490326131999   29.457041071499   13.633053808066  245.700186565122
     0.491082812641   29.453154923641   13.632515648934  245.667641183042
     0.491839493284   29.463506344368   13.635658869213  245.750846976194
     0.492596173926   29.467435681185   13.638464641439  245.701249475551
     0.493352854569   29.481655651512   13.642191861222  245.408620918575
     0.494109535212   29.509883544949   13.652312640735  245.345768026240
     0.494799569870   29.537358635271   13.664424953627  245.461360351919
     0.495500200094   29.569715877719   13.676249691108  245.782224625297
     0.496200830319   29.572253885415   13.692700860891  246.897341258299
     0.496901460544   29.614591296019   13.708070251341  248.319170607276
     0.497602090768   29.607284675645   13.711120709671  248.511672381468
     0.498302720993   29.543422446767   13.704423968380  248.292487810440
     0.499002563129   29.495902412699   13.705551149585  248.386635962146
     0.499723376117   29.446677410014   13.702270574775  248.240272990067
     0.500018909442   29.443501954841   13.703674635907  248.300067841741
