# {0} signal over time, extracted at r = 500 km
# All quantities are measured in a resting observer's frame at infinity
# cols=4 rows=724
#              time        luminosity               <e>             <e^2>
#               "s"           "foe/s"           "MeV^1"           "MeV^2"
  -4.7511333860e-04  9.6237811937e-07    5.587997026121   45.556170198621
  -4.6509698698e-04  9.5763782317e-07    4.614041770085   33.485756124072
  -4.4824802860e-04  9.5630344090e-07    3.896127027888   24.588269929196
  -4.2605620798e-04  9.6741151070e-07    3.477948317747   19.404137448154
  -3.8704334444e-04  1.0232505955e-06    3.156284441271   15.410597487042
  -3.6355903705e-04  1.0797816834e-06    3.054744191120   14.144973126612
  -3.4770844481e-04  1.1279528612e-06    3.004811287909   13.519898605023
  -3.4708937573e-04  1.1300002101e-06    3.003084900815   13.498235597093
  -3.3138402911e-04  1.1861694616e-06    2.963839372197   13.004450867915
  -3.1546610826e-04  1.2514474448e-06    2.931443644186   12.594211676135
  -2.9956130941e-04  1.3251396130e-06    2.904756976275   12.253433213190
  -2.8447880648e-04  1.4028960053e-06    2.883582942037   11.980252861405
  -2.7413767459e-04  1.4606585508e-06    2.870980972368   11.815978865905
  -2.6431621183e-04  1.5188862390e-06    2.860251143125   11.674765710474
  -2.6427072500e-04  1.5191635142e-06    2.860204029618   11.674142445459
  -2.5771907590e-04  1.5598438212e-06    2.853651575079   11.587141422979
  -2.5012374333e-04  1.6088457872e-06    2.846605037991   11.492789590810
  -2.4081117146e-04  1.6716337349e-06    2.838704589969   11.385818231140
  -2.3112507962e-04  1.7401118956e-06    2.831274166442   11.283782665278
  -2.2002967630e-04  1.8225524488e-06    2.823654861933   11.177296016965
  -2.0868729179e-04  1.9112720269e-06    2.816755746156   11.078736488435
  -1.9809652185e-04  1.9982040135e-06    2.811049453489   10.995163170552
  -1.8798520735e-04  2.0849251094e-06    2.806206771153   10.922283871556
  -1.7787245322e-04  2.1753395576e-06    2.801907578877   10.855568568558
  -1.6764066639e-04  2.2706092580e-06    2.798069713378   10.793842529495
  -1.5518576633e-04  2.3917971361e-06    2.794039020820   10.725891441088
  -1.4300652857e-04  2.5159206842e-06    2.790724003221   10.666426788773
  -1.2930857709e-04  2.6622797805e-06    2.787674723111   10.607067887639
  -1.1639422216e-04  2.8069279801e-06    2.785405282947   10.557771696934
  -1.0627569544e-04  2.9248468421e-06    2.784007658407   10.523316886179
  -1.0360363180e-04  2.9566664050e-06    2.783691630762   10.514797331899
  -9.4080969595e-05  3.0724018037e-06    2.782738506272   10.486318407470
  -8.4596355500e-05  3.1913337165e-06    2.782047403655   10.460754309115
  -7.6156375906e-05  3.3002711081e-06    2.781638766348   10.440236708138
  -6.8253040670e-05  3.4049612179e-06    2.781424734298   10.422840799706
  -6.1138573871e-05  3.5014376753e-06    2.781366246242   10.408623162005
  -5.5176011915e-05  3.5839374115e-06    2.781411888350   10.397722281006
  -4.8919465891e-05  3.6721295048e-06    2.781549939621   10.387247855109
  -4.2901139241e-05  3.7585432756e-06    2.781767442959   10.378076125272
  -3.6637470166e-05  3.8501362908e-06    2.782079667270   10.369444582666
  -3.1143779648e-05  3.9318684244e-06    2.782423682032   10.362620064635
  -2.6060259988e-05  4.0086698001e-06    2.782799053082   10.356910385591
  -2.0629662732e-05  4.0919668777e-06    2.783259315072   10.351438686680
  -1.5337667031e-05  4.1743890975e-06    2.783765415666   10.346715994876
  -1.0533297763e-05  4.2502921057e-06    2.784273053858   10.342937686903
  -5.8056096141e-06  4.3259888554e-06    2.784816463167   10.339682979101
  -9.7391232579e-07  4.4043872900e-06    2.785415941178   10.336822118648
   3.5567257806e-06  4.4788576560e-06    2.786017802827   10.334558604644
   8.1658245994e-06  4.5555738529e-06    2.786668844121   10.332664405306
   1.2630814407e-05  4.6308160047e-06    2.787336129607   10.331215145459
   1.6771393507e-05  4.7014085684e-06    2.787986576203   10.330204581658
   2.5275980775e-05  4.9011498400e-06    2.790200609111   10.334181302724
   3.9586900075e-05  5.1638765457e-06    2.792901480114   10.335574798304
   5.7864285100e-05  5.5141469244e-06    2.796787508838   10.342201323165
   7.5100786765e-05  5.8595627559e-06    2.800885242310   10.353245047083
   9.2009642513e-05  6.2128725556e-06    2.805296621054   10.368404651121
   1.1041932550e-04  6.6140859627e-06    2.810516788671   10.389527955722
   1.2794784987e-04  7.0124518867e-06    2.815864866173   10.413846837271
   1.4597163604e-04  7.4390553973e-06    2.821719854237   10.442854927179
   1.6320177958e-04  7.8632566390e-06    2.827627538909   10.474125878532
   1.8086573790e-04  8.3150271633e-06    2.833973485926   10.509536490855
   1.9801980292e-04  8.7703124094e-06    2.840393910066   10.546959117379
   2.1622888119e-04  9.2716170609e-06    2.847464514413   10.589741987723
   2.3448284589e-04  9.7928959434e-06    2.854794976786   10.635587087434
   2.5294221453e-04  1.0339174811e-05    2.862434506698   10.684763176096
   2.7278652160e-04  1.0947835754e-05    2.870880651089   10.740582414885
   2.9177225651e-04  1.1550705226e-05    2.879169313209   10.796665348692
   3.1281054399e-04  1.2241811675e-05    2.888573220190   10.861679160977
   3.3525148888e-04  1.3005023637e-05    2.898837229908   10.934129686171
   3.5565313732e-04  1.3721384124e-05    2.908358129517   11.002571960321
   3.7874690586e-04  1.4557011859e-05    2.919330765953   11.082768172449
   4.0366569759e-04  1.5486479980e-05    2.931371705516   11.172221827256
   4.2684894043e-04  1.6375290399e-05    2.942727536459   11.257826931934
   4.5350771891e-04  1.7423548345e-05    2.955924465199   11.358667716589
   4.8188456998e-04  1.8566835528e-05    2.970075962838   11.468260482197
   5.1216022274e-04  1.9813606597e-05    2.985219448021   11.587045822643
   5.4450405646e-04  2.1171157844e-05    3.001363345783   11.715251238495
   5.7930800323e-04  2.2655446208e-05    3.018601312336   11.853812805414
   6.1675868058e-04  2.4273009709e-05    3.036898713377   12.002684114869
   6.5478707797e-04  2.5930779794e-05    3.055132954645   12.152836477727
   6.9401704939e-04  2.7651587897e-05    3.073526289031   12.306114172181
   7.3627362863e-04  2.9512731547e-05    3.092839447956   12.469048735763
   7.8116948923e-04  3.1495403402e-05    3.112793675363   12.639571825906
   8.2985826220e-04  3.3649833061e-05    3.133802254568   12.821511513101
   8.7859073355e-04  3.5810437283e-05    3.154206329328   13.000522369204
   9.3287676951e-04  3.8223570986e-05    3.176234358661   13.196166127693
   9.8914796882e-04  4.0734009701e-05    3.198296742589   13.394306288678
   1.0551329468e-03  4.3690525130e-05    3.223135889462   13.619532397625
   1.1278332155e-03  4.6960356395e-05    3.249129145647   13.857002079849
   1.2074755399e-03  5.0725153965e-05    3.277421700169   14.113622915613
   1.2943247300e-03  6.1729768205e-05    3.435330635815   15.344939121195
   1.4012324181e-03  1.1368577962e-04    3.994818893044   19.652341543834
   1.5081401062e-03  2.4037844867e-04    4.307387370055   21.904371823214
   1.6150477942e-03  5.0456109085e-04    4.439933925170   22.962877613745
   1.7480781525e-03  1.1929785303e-03    4.491021570836   23.429700518740
   1.8774264009e-03  2.5437347464e-03    4.535878758768   23.934155649881
   2.0067746492e-03  4.7265796472e-03    4.627542918992   24.911606812201
   2.1480187130e-03  7.6073892085e-03    4.804394711345   26.901102838858
   2.3052135033e-03    0.010586973581    5.046987421644   29.842723181585
   2.4616754000e-03    0.013043368195    5.304396769002   33.242417795873
   2.6181372968e-03    0.015182263641    5.558482523617   36.859251840979
   2.7745991935e-03    0.017213859150    5.799335665452   40.529558980156
   2.9310610902e-03    0.019247619109    6.021884929553   44.112610341916
   3.0875229869e-03    0.021353167106    6.226284093704   47.540326731666
   3.2807507967e-03    0.024171996108    6.458463785950   51.551577994689
   3.4697708643e-03    0.027341265247    6.671412870267   55.296065228717
   3.6587909319e-03    0.031154133184    6.879645092235   58.989085967225
   3.8478109995e-03    0.035915708965    7.091960622517   62.773186492872
   4.0368310671e-03    0.042008807263    7.315069973117   66.773860064518
   4.2258511347e-03    0.049872818068    7.551899796034   71.064599897280
   4.4665120635e-03    0.063208980744    7.869539285823   76.919255803159
   4.7189586452e-03    0.082240336931    8.208130465199   83.312888026570
   4.9714052268e-03    0.107591072436    8.534771005426   89.653583660855
   5.2238518084e-03    0.140300984156    8.833014483201   95.610765494014
   5.4762983900e-03    0.181426583236    9.095902056400  101.011687269068
   5.7287449717e-03    0.232033952428    9.324531821343  105.836971365244
   5.9811915533e-03    0.292372408414    9.515654883922  109.981728193341
   6.2336381349e-03    0.362955919475    9.675082460584  113.538333488181
   6.4860847165e-03    0.443933943724    9.806348108824  116.543755717147
   6.7385312982e-03    0.536402996096    9.917781520887  119.177505467954
   6.9909778798e-03    0.639993311360   10.008819823082  121.389367689102
   7.2426103458e-03    0.756192789202   10.092828779765  123.456299560452
   7.4944159819e-03    0.883959930501   10.170607859342  125.384649355748
   7.7462216179e-03    1.020968855482   10.232964928830  126.928829195471
   7.9969475795e-03    1.165645035122   10.284534893939  128.212128517612
   8.2489186323e-03    1.321059993000   10.327461807548  129.248345531381
   8.5007977738e-03    1.490991539126   10.373506837909  130.353027806576
   8.7524103158e-03    1.675806172131   10.424683503936  131.593038154694
   9.0040205287e-03    1.877578556016   10.482771013138  133.031344545961
   9.2573502912e-03    2.093288183962   10.535821495105  134.325783064894
   9.5131030465e-03    2.321172744565   10.579582917619  135.367032485492
   9.7688558019e-03    2.562388909337   10.625414255685  136.475016035115
     0.010024608557    2.813860767354   10.667631948557  137.480766851721
     0.010280361313    3.074803426086   10.704006441557  138.343157105370
     0.010536114068    3.342656410075   10.728820158494  138.888410506493
     0.010791866823    3.622502228953   10.744353955094  139.161090122185
     0.011047619579    3.925782731007   10.767773082136  139.660684272627
     0.011299037398    4.244125642329   10.797148760979  140.349785789167
     0.011551618597    4.578251680804   10.828349177395  141.074591306086
     0.011804189665    4.920795102586   10.855991501919  141.680118104017
     0.012058999119    5.270453310136   10.877639835929  142.123225406188
     0.012311094960    5.626312647999   10.901159378002  142.644061978054
     0.012561554897    5.992821354697   10.932018019384  143.404265867427
     0.012817331226    6.362117708789   10.958734492919  144.081243982930
     0.013072900879    6.720170570800   10.976650115262  144.512169537020
     0.013328412908    7.079680722757   10.994808934424  144.912412044510
     0.013583884549    7.436621684134   11.012964463391  145.304107450865
     0.013839162054    7.782127258014   11.025620642431  145.578642144868
     0.014097871715    8.127312896214   11.036851240226  145.819889623879
     0.014356601933    8.466489638626   11.048391521025  146.042423919329
     0.014615332151    8.787650279865   11.054754422670  146.126389574820
     0.014874062370    9.100548539094   11.059952821462  146.204781193976
     0.015132792588    9.423681185804   11.070551788733  146.438623902614
     0.015391522807    9.753697873256   11.081586173985  146.703801684457
     0.015650253025   10.083150401102   11.091020460986  146.954042636831
     0.015908983243   10.419493739295   11.102620357712  147.240504235430
     0.016167713462   10.765266798076   11.116058831055  147.539748341896
     0.016426443680   11.104329394386   11.125265383805  147.720111095372
     0.016685173899   11.430992619112   11.130590259496  147.820057448869
     0.016943904117   11.771366466079   11.139170733285  148.009925961005
     0.017202634336   12.141720455044   11.153429720858  148.328132040923
     0.017461364554   12.524330167609   11.168243936100  148.662552681157
     0.017720094772   12.899308371843   11.179674166086  148.937448558385
     0.017978824991   13.281700833957   11.194439525323  149.313730551786
     0.018237555209   13.677601824808   11.215312542678  149.862819380146
     0.018496285428   14.065546411497   11.237645297288  150.463370033123
     0.018755015646   14.435745236408   11.255894585710  150.968300649767
     0.019010696222   14.796829816362   11.271040013244  151.416280885593
     0.019270575356   15.173464832778   11.288291089746  151.906054813629
     0.019521478248   15.541720823432   11.306642747683  152.386044786901
     0.019776548137   15.903470318376   11.325912499053  152.887535517546
     0.020028023418   16.235852969977   11.342539962969  153.332012448407
     0.020280969536   16.550237700294   11.354792432134  153.682923656065
     0.020538452975   16.870549610879   11.368761518163  154.115137545820
     0.020789531599   17.189319168507   11.387258215322  154.700722406797
     0.021040607469   17.494083234445   11.404460150822  155.220856539977
     0.021302656627   17.782644394713   11.412640462505  155.375912588817
     0.021564281022   18.066926152509   11.414679350327  155.308095850538
     0.021815690137   18.352086215545   11.418141212053  155.350366015813
     0.022072894717   18.651258058632   11.428873383580  155.696750071645
     0.022323819187   18.944603617395   11.443580030376  156.191149440322
     0.022574743656   19.231797152806   11.457263229638  156.625585796825
     0.022828524672   19.503003038558   11.464577286130  156.798611521816
     0.023085494701   19.757967067219   11.463980417267  156.668501619590
     0.023337854027   20.013867884437   11.459388406093  156.415134873386
     0.023597300736   20.315147606832   11.464180323963  156.534079494014
     0.023848411899   20.643594191915   11.480690246985  157.063978229028
     0.024103168052   20.984834786219   11.500466738046  157.698691180760
     0.024357924206   21.308184612547   11.517724636592  158.238953754539
     0.024612680359   21.599943202099   11.529096404773  158.549327663603
     0.024866808124   21.857076495597   11.534117158557  158.626230007510
     0.025017051734   22.001097790463   11.534554923903  158.563143334362
     0.026021047382   23.073523615828   11.573707517040  159.694741361082
     0.027026286097   23.958011742583   11.582069548242  159.843682838183
     0.028028010962   24.850218210819   11.603805298718  160.454245977396
     0.029040382467   25.855792388376   11.646190648476  161.671636865808
     0.030055322790   26.960444708684   11.680611782224  162.545134344128
     0.031070263113   28.138063260011   11.741702266539  164.393545237003
     0.032078852061   29.079661870347   11.786230689453  165.751218386363
     0.033101333721   29.920586320011   11.815471017270  166.736548941123
     0.034116990611   30.523273038544   11.836953027575  167.399364061265
     0.035133593971   31.079875067374   11.858803370728  168.056434613128
     0.036150197331   31.723230865863   11.857520394201  168.008028431734
     0.037182216121   32.471076523901   11.888010329806  168.975680331912
     0.038214552549   33.103434247121   11.911345626386  169.667055238987
     0.039175014663   33.515328797078   11.910462150986  169.812353315609
     0.040193504696   33.680252085343   11.912721820529  169.873127499923
     0.041201989916   33.994110815338   11.914916387291  169.777523458058
     0.042209966890   34.411090981053   11.928598053471  170.200261154196
     0.043226965717   34.836280630954   11.936144308765  170.472666539740
     0.044243966566   35.265284626185   11.947282302165  170.769540370919
     0.045273541416   35.703537562499   11.962438421464  171.440795203089
     0.046327024186   36.127704082806   11.990516377562  172.158511573260
     0.047351230452   36.628889810963   12.022609916713  173.114649858421
     0.048356029775   37.038988669479   12.054730803903  174.169451353821
     0.049376152094   37.293903865389   12.047688878914  173.978441923142
     0.050409176957   37.676002684398   12.077050785270  174.857853424704
     0.051434636957   38.208686098250   12.120430324889  176.069691523232
     0.052452880037   38.571647659439   12.121725943001  176.187667256320
     0.053502735356   38.922677694228   12.162529567627  177.273344997054
     0.054562541442   39.140375156236   12.168595850215  177.670434755405
     0.055604594411   39.389014336890   12.191098292097  178.178084733997
     0.056623280228   39.857611427846   12.214255781742  178.831445246611
     0.057664428471   40.604969871454   12.263030354679  180.406598053162
     0.058696253842   40.744696834910   12.273154486799  180.839837226994
     0.059710564030   40.529019263182   12.285178849659  180.957492829141
     0.060722248336   40.658526226787   12.308069910716  181.775158125790
     0.061735226501   40.912077798035   12.333838281191  182.582399063900
     0.062742418609   40.918367751017   12.340163594476  182.556417068759
     0.063773649460   40.949593040787   12.355736271468  183.299558411640
     0.064779052314   40.774964621670   12.360512153735  183.224821788864
     0.065811215858   40.518051755440   12.310228810626  182.066707233348
     0.066859215858   40.858007152296   12.351644812042  183.247614210007
     0.067936583263   41.174720597623   12.391663639702  184.392388042192
     0.068951208263   41.293285610524   12.389568648258  184.355594204896
     0.069979032362   42.004588805313   12.463669062624  186.000228763361
     0.071009297189   42.759817274798   12.480004575831  186.989402370837
     0.072024238841   43.224473141681   12.525618732528  188.361713976433
     0.073075487971   43.698859398647   12.569500006171  189.807170888087
     0.074095487971   43.879463610709   12.582619493628  190.410066285288
     0.075114796511   43.935189562789   12.593695359042  190.940405777496
     0.076174796511   44.132558257328   12.645105719837  192.295882190601
     0.077186268511   44.289077303687   12.661445743049  192.949573076841
     0.078200957785   44.621109793857   12.677357909246  193.490968254905
     0.079232222265   44.975199669743   12.713163733709  194.644354747377
     0.080278354633   45.155160696301   12.749233926305  195.545321212546
     0.081280105185   45.262152061384   12.779782826440  196.274361102410
     0.082350934000   45.642284037965   12.779965115736  196.989868177859
     0.083392108240   45.980658497079   12.826680509827  198.414474738782
     0.084398008216   46.276401794648   12.891191278940  200.044704614149
     0.085410355076   46.358427629470   12.883681738074  200.092886944519
     0.086433891769   46.274990713309   12.900045709150  200.640515050130
     0.087459177231   46.221271441872   12.925872798715  201.259351111754
     0.088505279768   46.349674218531   12.941692844738  201.997526563158
     0.089509592316   46.568318303865   12.985950138719  203.324815192118
     0.089964981155   46.628981501805   12.979536682292  203.436137615731
     0.090967950031   46.609817313149   13.015052939087  204.382769255322
     0.092025866247   46.786321436907   13.036239850721  204.853998565736
     0.093080735611   47.030813651161   13.011939321351  204.897372708375
     0.094123090131   47.152150937907   13.074697183981  206.535491544467
     0.095134597766   47.009883116265   13.096482150427  207.170987181059
     0.096140417916   46.933329785477   13.144819354322  208.097995847354
     0.097185289066   47.067224010209   13.168113513065  209.159612242498
     0.098203417719   47.242897891649   13.165527860702  209.801506864354
     0.099263972716   47.250953550067   13.224348736360  211.178987434750
     0.100311889036   46.905029018356   13.192353960980  210.461270148834
     0.101334984201   46.721774416132   13.203371553571  211.121365498173
     0.102342721334   46.883323729726   13.259477992781  212.510184905913
     0.103362971379   47.158401847679   13.310427610373  213.804297406444
     0.104375245558   47.022653317463   13.305907464712  214.177980376726
     0.105380358698   46.596001758012   13.300698691609  213.874602477826
     0.106389504049   46.731541085152   13.362268063815  215.740952907360
     0.107422234971   46.848876112652   13.387142903123  216.738117118555
     0.108434840182   46.590423634043   13.399832315923  217.231435055188
     0.109440692538   46.387781299878   13.417179396004  217.930849435867
     0.110451896363   46.452363880624   13.419124015514  218.297116103019
     0.111457800141   46.451682227395   13.432465537794  218.867172351141
     0.112506632198   46.410103958585   13.484298770157  220.051703931217
     0.113561475752   46.292931440354   13.476811894695  220.296295404765
     0.114569171566   46.259250829720   13.530620363468  221.886225910648
     0.115602182247   46.394233127872   13.566493175982  223.100244245457
     0.116639520133   46.331529767400   13.555153139258  223.232055075026
     0.117654361369   46.181866381402   13.588663448662  223.961786301138
     0.118677387017   46.111064362919   13.607431249422  224.815134942371
     0.119717092997   46.043189237150   13.657120152785  226.404865052062
     0.120728341900   46.024509805960   13.669054557851  227.126652920687
     0.121770816565   45.782534536163   13.685314412536  227.699190420161
     0.122780979618   45.617165971141   13.677414115691  227.681012677979
     0.123791142638   45.533416333086   13.702754188108  228.435347294873
     0.124792957383   45.383559495560   13.724516046029  229.131101484099
     0.125806525857   45.328172415745   13.764932216131  230.517810834974
     0.126825579457   45.251862094763   13.786256550688  231.443072695650
     0.127856116816   45.277745712670   13.835252846955  232.658476624234
     0.128873654682   45.173977377866   13.843568652879  233.005042804597
     0.129898371818   45.006583083694   13.860497911649  233.945956794418
     0.130900692306   44.976610489425   13.871045498784  234.679208384267
     0.131918874795   44.986502969962   13.900696171918  235.847809818985
     0.132946012467   44.671384211692   13.911120996814  235.910815755431
     0.133955186098   44.363120113273   13.909772797826  236.075743239163
     0.134960575435   44.283643515174   13.930589057786  236.745367683027
     0.135974990970   44.143215087319   13.972331020292  238.138069704842
     0.136994128580   44.018467029499   13.979661077709  238.789839236675
     0.138004881342   43.827808896188   13.996511548893  239.141785400100
     0.139013455234   43.689925242430   14.008684350204  239.770030789406
     0.140030833103   43.513140529371   14.048407789805  241.042909757494
     0.141034735488   43.282892553264   14.082382007733  242.864679113314
     0.142041973180   43.204247992987   14.092513387839  242.904774351001
     0.143063693813   42.971476837643   14.091367979837  243.171996396343
     0.144064927911   42.640255862169   14.111064004707  243.753953356577
     0.145082388803   42.187720573448   14.099737307063  243.537683642337
     0.146083152293   41.954835165896   14.138656701231  244.409483166718
     0.147084812165   41.405902464399   14.098407947967  243.072222346994
     0.148093493173   40.939919103310   14.087066049636  242.946630477167
     0.149107485285   40.380141610867   14.096211940009  243.048431328933
     0.150117775648   40.127368972810   14.100737685472  243.357935558371
     0.151122297687   39.709581124248   14.081346090052  242.586530639428
     0.152131785490   39.147023225795   14.095855263078  242.805565431808
     0.153156206713   38.673229646779   14.091544147137  243.038446787782
     0.154166673672   38.075157487817   14.104390522472  242.889589606861
     0.155173307681   37.378633664889   14.074330051617  242.193577786080
     0.156176515441   36.759426976618   14.082919565043  241.966235541468
     0.157181321851   36.093530509183   14.018237167235  240.264431291894
     0.158187106468   35.692119674460   14.036428589196  240.712889193085
     0.159197739410   35.075734161448   14.011126252456  239.813465378350
     0.160222070290   34.887113052115   14.038807780859  240.704171399665
     0.161235557599   34.580251977542   14.023373795814  240.536304247164
     0.162238179016   34.243258995310   14.032138843290  240.808215688880
     0.163252518295   33.829931847249   14.037328877813  240.818126070988
     0.164262590916   33.499167657845   14.024017508098  240.609707872041
     0.165274850420   33.245398908630   14.038596676807  241.007622863225
     0.166284462495   33.121171878359   14.054803452344  241.515310067997
     0.167285091788   32.799349934922   14.042345020508  241.185776087793
     0.168287594259   32.606911018544   14.041992018606  241.203297086380
     0.169302703027   32.378864079196   14.078134564438  242.202359944441
     0.170313717375   32.352571575412   14.097719512745  243.322146673157
     0.171323389264   32.224593028163   14.111686474912  243.722198319399
     0.172326963001   32.133454291072   14.137837278113  244.766425469893
     0.173337493021   31.986244465763   14.152562574176  245.679035463215
     0.174360961652   31.760912451542   14.166883482989  245.911002332158
     0.175371103347   31.463243091647   14.161910329581  245.780923889460
     0.176377470038   31.430534427344   14.186626183562  247.039456704337
     0.177388375350   31.267095261205   14.197545022183  247.537229528164
     0.178390204424   31.089074727898   14.218708650853  247.847404868598
     0.179412994515   30.877458198180   14.207011970510  248.234274803717
     0.180435784606   30.852739732708   14.239104120760  249.220448139530
     0.181438396223   30.674857298701   14.238939359678  249.081068847384
     0.182454097479   30.535958705728   14.246965305798  249.760994904849
     0.183469037184   30.433357594545   14.265690620793  250.515541340377
     0.184473589390   30.220779571806   14.250042597250  250.063874563748
     0.185482941995   30.148650748923   14.264353362272  250.292036979385
     0.186483017810   30.000306013687   14.254347281215  250.727376122666
     0.187503984841   29.971432623875   14.276995019096  251.510997079196
     0.188512738591   29.827109252416   14.286551926797  251.646564860093
     0.189521492341   29.709838371291   14.284162751165  251.731484277625
     0.190532030623   29.606181384703   14.295383855433  252.104482537782
     0.191550625873   29.332490161208   14.301736828862  252.467160443635
     0.192564128054   29.295726476340   14.310127046851  253.056323254879
     0.193580200739   29.272236892131   14.335847520931  253.529846300787
     0.194581503772   29.189076811422   14.354028837417  254.084785779452
     0.195590931574   29.190375013464   14.349348696957  254.718138400131
     0.196609944358   29.162423410818   14.374994089377  255.367950636614
     0.197626325271   29.067236742002   14.392343352331  255.747945289812
     0.198642706183   28.977307911838   14.396060624314  256.650118273666
     0.199659087096   28.996119430683   14.408545353351  256.920484725458
     0.200675468008   28.846160828113   14.400427580579  256.485186004313
     0.201680028251   28.859918214515   14.422694357515  257.455694073164
     0.202688308691   28.823973362003   14.446636721942  258.505244797549
     0.203706727350   28.724603930567   14.437324765166  258.365556822499
     0.204720582091   28.569392044203   14.405846015374  257.238797023306
     0.205734681699   28.407704615349   14.411816749181  257.465452068049
     0.206746279642   28.409830328441   14.449504806800  258.999942900555
     0.207757877586   28.267611976118   14.450800803513  259.081162990428
     0.208770911746   28.223670834847   14.466736927385  259.591458872181
     0.209780091933   28.003670147590   14.472812220809  259.441264946088
     0.210792357101   27.919340442592   14.488019503367  259.886188456509
     0.211798946257   27.923427697119   14.451688228195  259.730131572292
     0.212807065226   27.870016927683   14.486230817548  260.304529758628
     0.213815470629   27.933124807224   14.522203283451  261.589614137514
     0.214823876033   27.878036864583   14.524241928633  262.342786080664
     0.215825065859   27.814087067974   14.535179929640  262.859849436940
     0.216840628553   27.747264353681   14.534335124582  262.592114653757
     0.217855932786   27.648714195760   14.569234372050  263.521987682338
     0.218861439923   27.645936112209   14.530903981029  262.362829702261
     0.219876458517   27.543550139133   14.533169502442  262.161129056439
     0.220884528830   27.649838029290   14.550584525006  263.610279194950
     0.221892599142   27.688380452218   14.559942743755  263.838592161438
     0.222902310105   27.667578772550   14.566404906402  263.952985695867
     0.223906404809   27.627779963022   14.572991493344  264.008675220882
     0.224918914101   27.605479569919   14.591577213390  264.561438070864
     0.225924356187   27.663603426271   14.576912576825  265.344269186117
     0.226925192450   27.698513363855   14.630741453960  266.815857129835
     0.227522465704   27.621588273192   14.627981867883  266.670181208448
     0.228523301967   27.575353158021   14.643172007077  267.488775318230
     0.229524138230   27.349049597262   14.625027872332  266.770930205741
     0.230524974493   27.336178121911   14.628848072974  266.936797953119
     0.231536930889   27.340536187090   14.630675704969  266.758123701035
     0.232553666347   27.335641925990   14.633452700099  266.495111930898
     0.233571376366   27.382054876286   14.644386494568  267.475921553900
     0.234581604790   27.427892321316   14.633717718755  267.750078010487
     0.235582725902   27.457377719987   14.668028880912  268.707561497446
     0.236583039044   27.415723605533   14.696851007616  269.485278208278
     0.237596486475   27.309776467907   14.704560328848  269.606026660912
     0.238609933906   27.223453337621   14.694859563203  269.398634282006
     0.239623381337   27.157876306404   14.698870796877  269.385371632502
     0.240624307395   27.073356390626   14.699313553498  269.225212361277
     0.241625205707   27.118859248236   14.712268312917  270.527627927961
     0.242625702717   27.199321118922   14.724444608816  270.914238333968
     0.243627567661   27.227547755749   14.721090759001  270.581839535421
     0.244634946157   27.336243171967   14.731816056673  271.921871515881
     0.245636380291   27.333086583993   14.754808645623  272.990873135409
     0.246637814425   27.315581951379   14.789146850943  273.855567525852
     0.247639248560   27.285269707026   14.789830622875  273.929802903636
     0.248653556077   27.246366829908   14.788861463570  273.942224974025
     0.249654990211   27.230152934757   14.788218075401  273.926693835901
     0.250660880358   27.218777478294   14.780748423105  273.550486307778
     0.251661013646   27.231273215210   14.793964648375  273.574385436686
     0.252665120358   27.180344840826   14.809445830791  273.824545039602
     0.253672464883   27.322913214515   14.851537809336  276.562220795404
     0.254679066114   27.211054779228   14.846238019231  276.330462360733
     0.255684141331   27.142031166683   14.846611234689  276.493756013362
     0.256694432816   27.200920382621   14.854380288969  276.656326885711
     0.257704724300   27.188817089641   14.843982025307  276.069773322740
     0.258715015784   27.176431454590   14.852244730195  276.127120978922
     0.259171722894   27.135078871827   14.851252425539  275.889226253840
     0.260174667381   27.265488088609   14.881028900513  277.924832443565
     0.261175065307   27.321079029902   14.945935386582  278.294590803305
     0.262183972830   27.063607207730   14.889596055482  276.147308189234
     0.263192880353   27.259445666330   14.921833576918  277.702217276189
     0.264201787877   27.290572916554   14.958555135491  279.608923033514
     0.265097384242   27.381418517433   14.982617418891  280.676668150448
     0.265684131249   27.239498526157   14.971407462585  280.226034234382
     0.266524703375   27.200491453681   14.971085701482  280.344492998503
     0.267528525130   27.024723785304   14.960462472873  279.750778904751
     0.268535429971   26.829386002075   14.932389082589  279.333368278057
     0.269547035154   26.804882555438   14.957668320167  280.105573229779
     0.270257923893   26.698659725460   14.955044179561  279.669025936484
     0.271130176616   26.722714358908   14.970642475332  280.169721143008
     0.271864222839   26.651331535958   14.956858117896  279.626608259956
     0.272816828891   26.733039546523   14.985021454612  280.460988575298
     0.273818891787   26.726560921331   14.983034513012  280.333550839570
     0.274771587002   26.772045384426   14.998437615110  280.892346410904
     0.275774455261   26.714349058333   14.992437719585  280.705009227801
     0.276387667927   26.832779530906   15.013416201580  281.071934059421
     0.277392816679   26.720917169752   15.005524888747  280.860907666424
     0.278126266782   26.913508799675   15.047234453044  282.523551089792
     0.279139139323   26.862739139333   15.037593365117  282.318958787728
     0.280012626745   26.694187821098   15.029630140342  282.296239636247
     0.280950097160   26.850989805729   15.045350926361  282.707394763312
     0.281827123484   26.545274723562   14.980465090139  280.140287941609
     0.282838691641   26.585937174966   14.989574981788  280.538320896316
     0.283847097045   26.848251575023   15.033123591575  283.232448624277
     0.284854227230   26.969100124964   15.058818260507  284.335005463580
     0.285743677652   26.849556720977   15.049526568073  284.116551215890
     0.286690358200   27.024499963529   15.078149037086  284.923542180906
     0.287696012674   27.047715357481   15.072205708880  284.689355482817
     0.288394561587   26.997549064156   15.074971217501  285.100244083976
     0.289398888953   27.130708685884   15.093445594877  285.531364201215
     0.290070352944   26.981691673870   15.066555492199  284.650469350838
     0.291076057988   27.080876039459   15.097891627307  285.709092090673
     0.291789291649   27.031320311514   15.071043384506  284.804163338585
     0.292617505585   27.102554639705   15.092917323198  285.789453674027
     0.293621486423   27.138555558248   15.103075740018  285.767566064864
     0.294500954266   27.094003097597   15.091589075913  285.385887174115
     0.295300346919   27.079112038568   15.114907354050  286.068541660331
     0.296304114816   27.099142006859   15.116186020732  286.081272086517
     0.297062445707   27.102579763707   15.118193916894  286.023174620871
     0.297969873413   27.153781153102   15.121665861343  286.224022671680
     0.298979840788   27.179559740303   15.130085150568  286.397540714191
     0.299897767195   27.182130006662   15.142278702167  286.853965863117
     0.300659156245   27.283026886121   15.186089742575  289.356411761042
     0.301326873603   27.272021914016   15.203368110263  290.174848363631
     0.302280614045   27.309611606337   15.207358666829  290.565091248203
     0.303139656683   27.265993663031   15.198053684985  290.220615819194
     0.303838320777   27.293191316609   15.216868226591  290.680884841895
     0.304738009665   27.327350248362   15.215971431212  290.764666850430
     0.305383694570   27.298997935656   15.199457226326  290.498130058309
     0.306140974122   27.303093749409   15.214363698342  290.735054899156
     0.307119383146   27.284579848280   15.210622096748  290.650521515151
     0.307768922768   27.316495262033   15.231999515574  291.270353121985
     0.308773250135   27.322174509790   15.237840988382  291.428977862075
     0.309777577501   27.219727203007   15.217181954368  290.720995132796
     0.310781904868   27.315048553095   15.230791712786  291.140709967403
     0.311786232234   27.497855456798   15.244472965933  291.719321060414
     0.312790559600   27.600911205756   15.250639468394  291.926969524043
     0.313013743460   27.582567719576   15.248065469386  291.937279716295
     0.314023889532   27.620353230809   15.246884509492  291.908652442446
     0.315031045499   27.618324664433   15.241088123946  291.510308129124
     0.316039373396   27.634329909376   15.241035588747  291.210422790037
     0.317046204978   27.797900186645   15.275289123167  293.388472978392
     0.318053036560   27.958834610982   15.312903875434  295.229563501721
     0.319059868142   27.939465769392   15.312909141939  295.247694544440
     0.320066699724   27.962721339207   15.323256687942  295.658381021612
     0.321073531306   27.955171375938   15.327382235177  295.800684612857
     0.322080362888   27.993023570480   15.339479771619  296.300977495365
     0.323087194470   27.967378426283   15.342615154927  296.443715506249
     0.324094026052   27.946968747984   15.348303154673  296.684105889917
     0.325100857634   27.890358520593   15.351126831068  296.799222906225
     0.326107689216   27.863353366158   15.357039418616  297.025262313123
     0.327114520798   27.832541311802   15.359912660551  297.055533397845
     0.328121352380   27.868386815614   15.372708725672  297.520663447966
     0.329128183962   27.840764047055   15.373297460954  297.381582375104
     0.330135015544   27.870753150521   15.385567707132  297.893198941448
     0.331141847126   27.744854275061   15.373034665367  297.239060696452
     0.332145106680   27.792170677576   15.384766779743  297.492772051767
     0.333151938262   27.853482423393   15.408085306568  298.245371328605
     0.334158769844   27.972551537689   15.455869654771  301.617640756177
     0.335165601426   27.977926835696   15.471798278172  302.291934390605
     0.336172433008   27.922380417165   15.475475207355  302.677058151183
     0.337179264590   27.834668654146   15.474276581680  302.554567129905
     0.338186096172   27.803734906587   15.475446050025  302.492170670980
     0.339192927754   27.843707324712   15.478137109269  302.459984591006
     0.340199759336   27.904713682280   15.494306409683  303.017421267358
     0.341206590918   27.859645282511   15.502668041884  303.422204900233
     0.342213422500   27.879448936165   15.513340882747  303.795434524610
     0.343220254082   27.843932964760   15.512997418376  303.678818307962
     0.344227085664   27.846592770874   15.521601084164  303.838736714307
     0.345233917246   27.847087638396   15.529298399027  303.862909243190
     0.346240748828   27.830235093947   15.539414891883  304.031482177394
     0.347247580410   27.834794118516   15.551417102240  304.418972053341
     0.348254411992   27.854275132579   15.565603305870  305.831451170898
     0.349261243574   27.977392068961   15.610213705249  308.434698329470
     0.350268075156   27.929458016907   15.609928763941  308.456681046105
     0.351274906738   27.851312635363   15.620202069193  309.189505267556
     0.352281738320   27.723288856095   15.614687749055  308.555075248590
     0.353288569902   27.713493210739   15.622619026517  309.143555836181
     0.354295401484   27.732679641403   15.631265308725  309.419712934191
     0.355302233066   27.689406611497   15.633791451463  309.445863868786
     0.356308953532   27.700239496845   15.640386593538  309.601069951357
     0.357315106679   27.698297012162   15.645306177275  309.693071196966
     0.358320662026   27.707277510671   15.653073566284  309.956205045443
     0.359325615685   27.653412286424   15.654973094893  310.049385500223
     0.360329980742   27.594679201997   15.652534951152  309.804008070405
     0.361333749643   27.622293432155   15.656839640514  309.804595701484
     0.362337178823   27.641064170979   15.661466586331  309.965387248199
     0.363340603042   27.565728587124   15.656866342285  309.716963627576
     0.364316101310   27.552678357450   15.661156200333  309.655508906361
     0.365181076896   27.590401092891   15.683039758679  310.199168478302
     0.366046052482   27.689864507169   15.734733241961  313.689044774623
     0.366911028068   27.797094174289   15.760129905447  314.899052185234
     0.367776003654   27.730644635813   15.750808480013  314.612442422884
     0.368519882658   27.721989685486   15.754651086850  314.970270423271
     0.369384858244   27.727536451723   15.759598901207  315.176120470088
     0.370249833830   27.705218457060   15.759905746462  315.175683177322
     0.371114809416   27.712249105444   15.769031209882  315.678416116121
     0.371942781346   27.626582069858   15.770544813242  315.811611339885
     0.372783537616   27.592910121159   15.786631307297  315.986309166096
     0.373624293885   27.422275844623   15.731687982188  312.639287404243
     0.374479394602   27.067613163423   15.692873920829  310.849903264548
     0.375343893530   27.248742902689   15.725394472348  312.391209336694
     0.376207971784   27.493144041930   15.778592986797  315.142031314101
     0.377071627330   27.545515642559   15.790586226562  315.390203010156
     0.377934853049   27.558214670724   15.798055944735  315.764119315020
     0.378797663610   27.504446058607   15.793179934443  315.204889494322
     0.379660083639   27.739325506940   15.836131826929  318.062883215787
     0.380486856201   27.859580201999   15.873672781547  320.163101106877
     0.381327612470   27.804800343441   15.879489964624  320.818630586685
     0.382168368740   27.554210273950   15.848193922544  318.071085929702
     0.383009125009   27.420096225147   15.817139384224  316.497986806839
     0.383849881279   27.441886041688   15.837080639632  317.746153515905
     0.384690637548   27.535779810834   15.879983382977  320.398567939416
     0.385531393818   27.519684565167   15.875343124540  320.100402548545
     0.386372150087   27.632486332226   15.887666002459  320.471622918630
     0.387212906357   27.745111572983   15.894905885594  320.475084067582
     0.388053662626   27.800716963962   15.907841459164  320.923828802551
     0.388894418896   27.719826438076   15.903445877557  320.802288029750
     0.389735175165   27.672243629237   15.902258379126  320.906869529955
     0.390575931435   27.616757957404   15.902886643389  321.185084883270
     0.391416687704   27.523089676540   15.894977613393  320.884340427836
     0.392257443974   27.517582474101   15.893721519214  320.652773017271
     0.393098200243   27.527629106170   15.901641556236  320.554280916606
     0.393938956513   27.536465860689   15.911892868696  320.881533723727
     0.394779712782   27.458860059917   15.908924766855  320.749466852600
     0.395585305667   27.451695892632   15.917682377728  320.913167715899
     0.396402520761   27.501975959104   15.938159572399  321.876908715643
     0.397219735855   27.700733062656   15.994134348503  325.756133333300
     0.398036950949   27.692798441552   15.998554379087  326.005931232679
     0.398854166043   27.669149600164   16.003788116223  326.690218570128
     0.399671381137   27.657406840493   16.003684458155  326.708492054816
     0.400488596231   27.667552663841   16.002780054481  326.657658567396
     0.401305811324   27.689409481211   16.006142976694  326.836821319711
     0.402123026418   27.682496248564   16.017551722946  327.180019664461
     0.402940241512   27.645882125999   16.025672595452  327.421407288339
     0.403757456606   27.644314875023   16.029652671663  327.614551633899
     0.404574671700   27.616287112999   16.029324733639  327.487443537691
     0.405391886794   27.606977229711   16.030058577595  327.411130447738
     0.406209101888   27.610436185328   16.029333050501  327.239367768863
     0.407026316982   27.619459564581   16.032689021587  327.171528554081
     0.407843532076   27.602324539522   16.031124441380  326.875908447815
     0.408660747170   27.610775022061   16.033301712325  326.787412351284
     0.409477962264   27.605205172173   16.033162288931  326.691898888820
     0.410295177358   27.582080967576   16.028825492748  326.343476437911
     0.411112392452   27.625389926093   16.035713804011  326.617632987311
     0.411929607546   27.543260495059   16.030487118175  326.489620352407
     0.412737152769   27.415351276933   16.011601939744  325.641044676162
     0.413275236782   27.457553165405   16.023550736182  325.751066193478
     0.414115993051   27.640717357469   16.072155905575  329.802034998551
     0.414956749321   27.683766083271   16.099702733061  330.878571464027
     0.415797505590   27.721663935271   16.108841311054  331.334238797013
     0.416638261860   27.696924025005   16.109192644187  331.636679864079
     0.417479018129   27.663678098339   16.122575244933  332.534015858374
     0.418319774399   27.608639964714   16.111137758643  331.943639782975
     0.419160530669   27.676062060172   16.114422651108  332.003246933734
     0.420001286938   27.674017464966   16.112288332861  331.703968399965
     0.420842043208   27.692113806292   16.120214843908  332.108275301857
     0.421682799477   27.685395560689   16.125933300531  332.106041946404
     0.422523555747   27.716898314094   16.120541180398  331.468389410026
     0.423364312016   27.823496169513   16.129637351900  331.442327476643
     0.424179562398   27.790238425263   16.125595631778  331.239562397046
     0.424980465719   27.766144505992   16.129172268983  331.100528114432
     0.425781369039   27.794000505331   16.149961263977  331.443238438820
     0.426582272359   27.951406609428   16.208664342591  336.309026563280
     0.427383175679   27.846807911675   16.229033028184  337.342040602627
     0.428184079000   27.599468074768   16.200075546366  334.033052313811
     0.428948140767   27.413261314356   16.151310651272  331.620260744302
     0.429668953756   27.426986185170   16.155026793379  331.679594357262
     0.430389766744   27.488720468391   16.175491094205  333.914412246345
     0.431110579732   27.619024560090   16.223838585005  336.953538747784
     0.431831392720   27.628646536991   16.232199029936  337.579838845622
     0.432552205709   27.632983503208   16.245671833440  338.199012314271
     0.433273018697   27.545175046914   16.234785605432  337.419500424834
     0.433993831685   27.385749878930   16.192407625049  333.496499807714
     0.434714644674   27.281262285811   16.162001347341  332.239185898603
     0.435435457662   27.535193118471   16.218529613155  336.841698754459
     0.436156270650   27.675131512622   16.238531418449  337.216924993906
     0.436877083638   27.667254180364   16.233392017155  337.236231878635
     0.437597896627   27.648387261854   16.236739056075  337.300254096132
     0.438318709615   27.668866503972   16.246738929818  337.880041121175
     0.439039522603   27.650832193121   16.258199292802  338.652291968766
     0.439760335592   27.541737737856   16.254828602437  338.455671232913
     0.440481148580   27.499866434106   16.261778017556  338.871648662768
     0.441201961568   27.486196829284   16.263335644201  339.081157550096
     0.441922774556   27.449407862093   16.261710975136  339.022516828157
     0.442643587545   27.452334285466   16.259858548999  338.777078362030
     0.443364400533   27.491023868319   16.267002074816  338.586825067535
     0.444085213521   27.454185603135   16.256648163193  337.363895264829
     0.444806026510   27.492430924039   16.263036015787  337.173890557991
     0.445526839498   27.523145596141   16.270967953112  337.552087674113
     0.446247652486   27.744862272336   16.324269072172  341.946063470696
     0.446968465474   27.852622731082   16.343983305852  342.480183664665
     0.447689278463   27.882291550701   16.350470346185  342.890416345004
     0.448410091451   27.830405482237   16.361724318483  343.889907317005
     0.449130904439   27.718207671461   16.355894541078  343.617066023362
     0.449851717428   27.684584573278   16.353669162305  343.458967214400
     0.450572530416   27.713673209566   16.360626775020  343.800993391897
     0.451293343404   27.630742897637   16.368377486976  344.076438764774
     0.452014156392   27.449081392272   16.368866016160  343.847462288904
     0.452734969381   27.398231451065   16.357896852723  343.424643280108
     0.453455782369   27.565967324086   16.392932207679  345.099414981241
     0.454176595357   27.405169365863   16.371016675257  344.266119614129
     0.454897408346   27.424506297271   16.374054238041  344.120639903651
     0.455618221334   27.462103476950   16.365509430792  344.025668855353
     0.456339034322   27.559022451902   16.380707329435  344.534469698900
     0.457059847310   27.576938635446   16.385724135739  344.749446960818
     0.457780660299   27.506770720570   16.380484913762  344.262439980204
     0.458501473287   27.507267539726   16.378822245525  344.112127859667
     0.459108160525   27.488660695126   16.374080953854  343.542645786345
     0.459139430241   27.486027181346   16.373683914906  343.518757880108
     0.459764824554   27.462650092078   16.374314945339  343.007866032815
     0.460390218868   27.425204547475   16.389982316588  342.595855904895
     0.461015613182   27.462057759516   16.399695675051  343.659698945087
     0.461641007495   27.657538694819   16.449364264742  347.718242351535
     0.462266401809   27.758413695369   16.471009657539  348.826067771514
     0.462891796123   27.710457222629   16.470828672367  348.889278921375
     0.463517190437   27.627016852667   16.473496269622  348.797026359130
     0.464142584750   27.518367869855   16.464100550383  348.035234402966
     0.464767979064   27.482743123632   16.461366522995  347.933918657884
     0.465393373378   27.478780505541   16.461359363761  348.175980445960
     0.466018767692   27.509648782667   16.464334845630  348.600363539255
     0.466644162005   27.551892150924   16.475225429791  349.092564551630
     0.467269556319   27.544886713069   16.481194584076  349.334453774610
     0.467894950633   27.536842653987   16.485056266543  349.488696308557
     0.468520344947   27.535648395811   16.479730593244  349.281051830208
     0.469145739260   27.602564329729   16.488457267012  349.580663271134
     0.469771133574   27.587298202139   16.483182729378  349.408505321594
     0.470396527888   27.594640175020   16.487449964518  349.646248706153
     0.471021922201   27.601055061333   16.488606523441  349.667209275993
     0.471647316515   27.579336265812   16.489466501684  349.783020179927
     0.472097600421   27.542806603017   16.490127383750  349.766274245929
     0.472697758600   27.483509598335   16.484649718366  349.403632938509
     0.473314302630   27.517253324042   16.493359782076  349.400309904684
     0.473930659420   27.374643526106   16.486260117369  348.457939731641
     0.474546828777   27.315783447520   16.470798924259  347.823151291196
     0.475162829950   27.256801411183   16.460868735137  347.147652232521
     0.475773718353   27.291457808322   16.472744105524  347.256536662081
     0.476389351087   27.235379006467   16.457353839793  345.558244262289
     0.477004809754   27.295946606215   16.463623262831  345.717111437132
     0.477620092403   27.279879300797   16.464919658878  345.471526083463
     0.478235191356   27.310627836480   16.472218245671  345.816328435709
     0.478850126248   27.402361028395   16.493487151295  347.632405762366
     0.479464862880   27.468158928712   16.533689064478  350.551871539443
     0.480079421299   27.439714609044   16.536518950980  350.587024162006
     0.480693800548   27.305800727100   16.483152306992  346.968022160388
     0.481308013938   27.094194891466   16.437569428201  344.615449136542
     0.481922060971   27.156710661777   16.444547850874  344.709512062240
     0.482535951269   27.414201744305   16.496143728294  348.587230911252
     0.483149672440   27.537269002697   16.536776034172  351.420899873043
     0.483763183455   27.566188618532   16.558016728993  352.368982014370
     0.484361819166   27.545140965925   16.563968552505  352.513233198184
     0.484950498624   27.505528064946   16.557891863827  351.848418545756
     0.485538997563   27.448611080954   16.550402351532  351.558378179914
     0.486127313534   27.474297695223   16.560040542503  351.892829692362
     0.486739997604   27.435823444852   16.560039776814  351.749313635239
     0.487352511959   27.283644343133   16.524905714999  348.883658636134
     0.487964839041   27.223140322994   16.490521428771  346.827802567900
     0.488577025109   27.333784697762   16.514618065821  348.781389128053
     0.489189047615   27.390598928811   16.548509528687  351.385928031357
     0.489800935317   27.510103289740   16.574892986222  353.080527162681
     0.490412657242   27.490751427100   16.578139048518  353.333119407713
     0.491024223048   27.468064060935   16.588152037134  353.738974308420
     0.491635618187   27.404617801204   16.588252368861  353.742244082315
     0.492246830351   27.392562997711   16.600520433617  354.183763355332
     0.492853012969   27.270607681874   16.588567742249  353.341725559186
     0.493439515427   27.232779430374   16.584159971977  352.985012424756
     0.494035636537   27.301264655019   16.583810449047  353.213045167107
     0.494641373106   27.415898002042   16.605790753287  354.335315560367
     0.495246944522   27.382026910134   16.604544760596  354.250437371500
     0.495837701928   27.388404665804   16.617976879888  354.809773166086
     0.496418528942   27.383944468763   16.628094326872  355.128357216494
     0.497004124444   27.329136340742   16.630738477771  355.454519399600
     0.497604186410   27.232344053451   16.627051891994  355.424798472685
     0.498208966505   27.177665419458   16.614898721883  354.878257171265
     0.498818465554   27.178818942034   16.607397342050  354.387961115766
     0.499422920363   27.233152447253   16.619562433453  354.570856644952
     0.500015019969   27.216920955701   16.615218307025  353.777263004430
