0.0 6.2264323271999995 0.83035036852 0.6475290475650001 8.5263746436 2.7645299059 3.91564571105 1.0048313944e+53 2.02843643565e+45 1.3551026269e+45
1.0 4.15374008 4.32230978 3.21353748 9.84838989 11.1598635 12.9496916 8.7222761e+52 1.51693273e+52 2.23568742e+52
2.0 3.78982904 4.17869722 3.05421341 8.802975349999999 11.7778395 13.1632578 4.2508307299999996e+52 3.04569133e+52 2.6622952199999997e+52
3.0 3.74389841 4.18435884 3.05490407 9.08057348 12.1031367 13.379580299999999 3.54763192e+52 3.56466603e+52 2.62127791e+52
4.0 3.54022263 4.09325771 2.99374546 9.35187835 12.4474437 13.555731 3.62675605e+52 3.74058791e+52 2.53102324e+52
5.0 3.4634611388611387 3.9659313286713287 2.896402837162837 9.696008811188811 12.622945254745256 13.618298101898102 3.212625874125874e+52 3.444325684315684e+52 2.3462030369630368e+52
6.0 3.3423154 3.8684438 2.8128217 10.198611 12.888997999999999 13.659552999999999 3.0590472e+52 3.2029518e+52 2.1421345e+52
7.0 3.1924035 3.7332646 2.7105616 10.764058 13.341624000000001 13.789309 3.0726234e+52 3.1296274e+52 1.9895054e+52
8.0 3.0668078000000003 3.5448084 2.6020248 10.790329999999999 13.391879 13.815813 2.5583904e+52 2.6800809e+52 1.8235461999999998e+52
9.0 2.9239352000000003 3.4435209 2.5498195 11.092898 13.621515 13.830017 2.3786538000000002e+52 2.4882721e+52 1.6799188000000003e+52
10.0 2.8235729999999997 3.3291036 2.4796766999999997 11.238158 13.764707 13.871543 2.1585729e+52 2.2785998e+52 1.5664162999999998e+52
11.0 2.6976677000000007 3.207165800000001 2.417805000000001 11.449846 13.943706 13.905138 2.0497116e+52 2.1677897e+52 1.4790126000000001e+52
12.0 2.6234952999999996 3.1289834 2.364668 11.627531999999999 14.074864 13.897683 1.9514456e+52 2.0628322e+52 1.4027378e+52
13.0 2.5179134000000003 3.0082978000000002 2.2769268000000005 11.811333999999999 14.237432 13.963432 1.8867164999999998e+52 1.9946515999999998e+52 1.3469451999999998e+52
14.0 2.4898138 2.9788546 2.2698278000000003 11.945406 14.350472 13.980968 1.8140794999999998e+52 1.9166245999999998e+52 1.2925512e+52
15.0 2.3765197 2.8448670000000003 2.1616275000000003 12.090471 14.489237000000001 14.052809 1.7627351e+52 1.8643523e+52 1.25383e+52
16.0 2.3089314 2.7654307 2.1109975999999997 12.231029 14.619508 14.110849 1.7242931999999997e+52 1.8198926e+52 1.2194993e+52
17.0 2.319704600000001 2.783135600000001 2.1356154000000007 12.407471 14.773237 14.143984 1.7003965999999998e+52 1.7892842999999998e+52 1.1849302e+52
18.0 2.2838453000000003 2.7410174000000005 2.1310266000000007 12.456111 14.81556 14.143715 1.6423077e+52 1.7290492e+52 1.1523521999999999e+52
19.0 2.1969418 2.6368957 2.0380507 12.556379999999999 14.901857 14.200564 1.6214396e+52 1.7030051999999998e+52 1.1324554999999999e+52
20.0 2.3229268 2.7835416 2.1635746999999994 12.6675 14.984838000000002 14.168569 1.5873911000000003e+52 1.6605651000000002e+52 1.0989103e+52
21.0 2.2559677000000007 2.7003267000000006 2.0926267000000003 12.812091 15.126366 14.268167 1.5788355e+52 1.6469749e+52 1.0858723e+52
22.0 2.2762237999999995 2.729567699999999 2.1360747999999994 12.853161000000002 15.148865000000002 14.232008 1.5456145000000004e+52 1.6127924000000003e+52 1.0627585000000001e+52
23.0 2.2258626 2.6706993000000003 2.0839292 13.004897000000001 15.292901 14.29737 1.5516485e+52 1.6153493000000003e+52 1.0516366e+52
24.0 2.1864296000000003 2.618358 2.0310114000000006 13.094033999999999 15.389498 14.373781000000001 1.5339729e+52 1.5945040000000002e+52 1.0412902e+52
25.0 2.244008899999998 2.6770458999999973 2.0915205999999977 12.976042000000016 15.261541000000019 14.281462000000015 1.4736015000000026e+52 1.5303383000000027e+52 1.015358300000001e+52
26.0 2.393005700000003 2.7684591000000025 2.183297900000002 12.19453899999999 14.66327599999999 14.156543999999998 1.206456599999997e+52 1.2940386999999974e+52 9.817869299999997e+51
27.0 2.2629710999999975 2.6945179999999973 2.175479499999998 12.466590000000002 14.869088000000001 14.159073000000001 1.2365190000000002e+52 1.3130803000000004e+52 9.703549600000002e+51
28.0 2.348034000000002 2.7275711000000014 2.206422500000001 12.045072999999997 14.568351999999996 14.111441999999998 1.0798523999999989e+52 1.173063699999999e+52 9.433271899999997e+51
29.0 2.4957870999999994 2.7624275999999997 2.2443736 11.511214000000002 14.188746000000002 14.007874000000001 9.412705500000004e+51 1.0465462000000004e+52 9.1899727e+51
30.0 2.8404537999999984 2.9188184999999995 2.3951614999999995 10.956299000000003 13.778212000000002 13.827423000000001 8.037173800000005e+51 9.171446300000004e+51 8.815922600000001e+51
31.0 3.0275084 2.9659454 2.4614204999999996 10.662468 13.564266 13.712183 7.382964500000001e+51 8.5219268e+51 8.571162e+51
32.0 3.0800617 2.9551553 2.4679216999999998 10.591353 13.529352999999999 13.697752999999999 7.130367399999998e+51 8.227783999999999e+51 8.433324699999999e+51
33.0 2.9872284000000002 2.8520118000000005 2.3893690000000003 10.6054 13.570066 13.7321 7.004624500000002e+51 8.0648198e+51 8.346180800000002e+51
34.0 2.9636459 2.8263863 2.3753520999999997 10.625914999999999 13.582215 13.730732 6.9272272e+51 7.9414166e+51 8.252501e+51
35.0 2.9725307 2.8332038 2.3818836 10.640281 13.594383 13.730532 6.8712358e+51 7.845417799999998e+51 8.178681699999999e+51
36.0 2.9797875 2.83351 2.3845649 10.657332 13.6072 13.738449000000001 6.815671900000001e+51 7.743390000000001e+51 8.1053312e+51
37.0 2.9878753000000002 2.8377153 2.3921870000000003 10.667583 13.612583 13.740117 6.7677393e+51 7.6571121e+51 8.0408163e+51
38.0 2.9832285 2.8290636 2.3873453 10.682783 13.629583 13.749183 6.706182700000001e+51 7.5676098e+51 7.964525e+51
39.0 2.9857671999999997 2.8256234 2.3871952999999997 10.697983 13.637249 13.756483000000001 6.662208e+51 7.4771336e+51 7.8973033e+51
40.0 2.985331 2.8239698000000004 2.387677 10.708083 13.648998 13.7586 6.6049619e+51 7.4025051e+51 7.8309363e+51
41.0 2.987637 2.8212685 2.3881734 10.726 13.6626 13.7711 6.559871599999999e+51 7.3150832e+51 7.7648893e+51
42.0 2.9821426 2.8111877 2.3828615 10.738132 13.673617 13.779683 6.5045269e+51 7.2309237e+51 7.6988842e+51
43.0 2.9809102000000003 2.8064649 2.3807785 10.747983 13.678666 13.779 6.460849700000001e+51 7.16221e+51 7.636156100000001e+51
44.0 2.979596 2.801996 2.38016 10.764283 13.692383 13.7908 6.4131781e+51 7.080121e+51 7.5728512e+51
45.0 2.9692449 2.7890496000000002 2.3694332 10.7671 13.689949 13.78 6.3691552e+51 7.0099425e+51 7.510991e+51
46.0 2.965594 2.7821985 2.3657534 10.7731 13.693449000000001 13.777883000000001 6.3189345e+51 6.939284e+51 7.4513327e+51
47.0 2.9695712 2.7828749 2.3668617 10.784734 13.704566 13.7824 6.2761833e+51 6.8693161e+51 7.393189299999999e+51
48.0 2.9605897 2.7708347 2.3595968 10.790168000000001 13.705432 13.7794 6.227286000000001e+51 6.803596e+51 7.3312027e+51
49.0 2.9620672 2.7655332 2.3580916999999997 10.8053 13.712566 13.7859 6.1856556e+51 6.726794299999999e+51 7.269449499999999e+51
50.0 2.959189708737864 2.762014757281553 2.356067766990291 10.8096 13.718341747572817 13.7831 6.138433203883495e+51 6.662620291262136e+51 7.209938252427184e+51
51.0 2.9561159999999997 2.750508 2.350196 10.81776 13.71498 13.77898 6.09762e+51 6.587224e+51 7.148264e+51
52.0 2.954178 2.74746 2.3485240000000003 10.82648 13.72386 13.78 6.047307999999999e+51 6.523826e+51 7.087133999999999e+51
53.0 2.951828 2.736774 2.344028 10.8345 13.7215 13.7768 6.005092e+51 6.44814e+51 7.02392e+51
54.0 2.9421180000000002 2.7279139999999997 2.336508 10.83728 13.72592 13.7717 5.9508179999999996e+51 6.385316e+51 6.960832e+51
55.0 2.93878 2.7181539999999997 2.332912 10.85006 13.73132 13.776580000000001 5.90331e+51 6.314791999999999e+51 6.899163999999999e+51
56.0 2.9349559999999997 2.712942 2.329226 10.855419999999999 13.73742 13.7726 5.85157e+51 6.251594e+51 6.834656e+51
57.0 2.927358 2.700364 2.322142 10.86804 13.743459999999999 13.7768 5.809149999999999e+51 6.1902e+51 6.776219999999999e+51
58.0 2.894488 2.67046 2.30056 10.90066 13.78276 13.8108 5.7706220000000005e+51 6.134166e+51 6.735169999999999e+51
59.0 2.8996440000000003 2.6661799999999998 2.299206 10.87556 13.73598 13.76272 5.687160000000001e+51 6.023104e+51 6.620538000000002e+51
60.0 2.897476 2.66215 2.297764 10.8683 13.7241 13.74422 5.638362000000001e+51 5.964758e+51 6.561636e+51
61.0 2.8982199999999994 2.656916 2.29621 10.867619999999999 13.71798 13.73242 5.59283e+51 5.896700000000001e+51 6.50375e+51
62.0 2.897716 2.650916 2.293882 10.87048 13.71316 13.7233 5.547598e+51 5.837418e+51 6.443728e+51
63.0 2.8989200000000004 2.646448 2.2934560000000004 10.87486 13.71064 13.7178 5.503814e+51 5.7760339999999996e+51 6.385837999999999e+51
64.0 2.8986340000000004 2.645076 2.2941360000000004 10.8739 13.70932 13.7078 5.44711e+51 5.723385999999999e+51 6.327162e+51
65.0 2.899062 2.638866 2.291832 10.87352 13.69956 13.6946 5.41051e+51 5.65375e+51 6.269458e+51
66.0 2.901352 2.6365260000000004 2.292652 10.87152 13.69004 13.6802 5.366379999999999e+51 5.597506e+51 6.213158e+51
67.0 2.8980520000000003 2.63039 2.28962 10.87002 13.68514 13.6686 5.317812e+51 5.5412319999999994e+51 6.154484e+51
68.0 2.898056 2.626026 2.288612 10.86882 13.67634 13.6558 5.274146e+51 5.484404e+51 6.100142e+51
69.0 2.9088860000000003 2.629984 2.29527 10.87048 13.67108 13.6477 5.232582e+51 5.424269999999999e+51 6.04734e+51
70.0 2.906378 2.618968 2.289228 10.858500000000001 13.64276 13.615380000000002 5.186608e+51 5.364862e+51 5.98851e+51
71.0 2.8999020000000004 2.610294 2.2836000000000003 10.85892 13.63776 13.603819999999999 5.14932e+51 5.3144860000000004e+51 5.9401720000000004e+51
72.0 2.8973580000000005 2.6052199999999996 2.282002 10.85486 13.63308 13.59084 5.097808000000001e+51 5.264366e+51 5.8870940000000004e+51
73.0 2.909352 2.610766 2.2893440000000003 10.8499 13.6192 13.574119999999999 5.0609780000000006e+51 5.209926e+51 5.8351240000000004e+51
74.0 2.8930279999999997 2.5921499999999997 2.27625 10.84582 13.60952 13.5585 5.0159459999999996e+51 5.156564e+51 5.782664e+51
75.0 2.9068039999999997 2.595176 2.283694 10.8479 13.59554 13.54722 4.977902e+51 5.102936e+51 5.730856e+51
76.0 2.913228 2.598928 2.289562 10.83758 13.584119999999999 13.526919999999999 4.9331240000000005e+51 5.053198e+51 5.68092e+51
77.0 2.896906 2.5795399999999997 2.2744039999999996 10.83442 13.57122 13.50722 4.894748e+51 5.00246e+51 5.628658e+51
78.0 2.901276 2.577902 2.276834 10.82976 13.55884 13.49162 4.851975999999999e+51 4.95392e+51 5.577622e+51
79.0 2.9186360000000002 2.59103 2.290484 10.818119999999999 13.545 13.47022 4.805142e+51 4.9071519999999994e+51 5.5287399999999995e+51
80.0 2.9136279999999997 2.578682 2.2832739999999996 10.80958 13.51914 13.44412 4.774206e+51 4.854286e+51 5.478868e+51
81.0 2.903208 2.564832 2.273648 10.796719999999999 13.49914 13.41682 4.7337919999999996e+51 4.804102e+51 5.42991e+51
82.0 2.911658 2.5675660000000002 2.278182 10.78054 13.47828 13.38796 4.6911139999999994e+51 4.7615659999999996e+51 5.38121e+51
83.0 2.93764 2.58123 2.29521 10.76362 13.44734 13.35454 4.6533979999999995e+51 4.7138320000000005e+51 5.335714e+51
84.0 2.943928 2.579178 2.297906 10.74352 13.415980000000001 13.31854 4.613918e+51 4.668380000000001e+51 5.2890260000000007e+51
85.0 2.9352499999999995 2.566828 2.291496 10.73138 13.38978 13.286340000000001 4.586334e+51 4.626734000000001e+51 5.24289e+51
86.0 2.927784 2.554008 2.282758 10.71498 13.36926 13.26252 4.5383379999999994e+51 4.579974000000001e+51 5.195062e+51
87.0 2.922086 2.542974 2.276102 10.71476 13.35664 13.247919999999999 4.503628e+51 4.5302259999999995e+51 5.147634e+51
88.0 2.924952 2.540874 2.278214 10.71456 13.34952 13.2388 4.462872e+51 4.485918e+51 5.1004339999999996e+51
89.0 2.9387499999999998 2.5512460000000003 2.2901460000000005 10.71594 13.34964 13.2317 4.419954e+51 4.4409340000000004e+51 5.0539879999999994e+51
90.0 2.9479119999999996 2.551986 2.295678 10.71904 13.33666 13.220519999999999 4.3880879999999996e+51 4.39694e+51 5.0093019999999996e+51
91.0 2.941842 2.545474 2.29123 10.71298 13.328280000000001 13.2062 4.347264e+51 4.353124e+51 4.9626199999999996e+51
92.0 2.9294599999999997 2.530506 2.281354 10.70792 13.31336 13.18812 4.309938e+51 4.305008e+51 4.917422e+51
93.0 2.910006 2.51365 2.26883 10.699259999999999 13.30016 13.17072 4.2669060000000006e+51 4.266105999999999e+51 4.8708419999999996e+51
94.0 2.910388 2.506914 2.266388 10.699 13.28726 13.157219999999999 4.2379779999999996e+51 4.22561e+51 4.8301219999999995e+51
95.0 2.9256940000000005 2.516194 2.2773960000000004 10.6902 13.27448 13.13952 4.196958000000001e+51 4.1825859999999994e+51 4.786468e+51
96.0 2.9452999999999996 2.524178 2.290774 10.6866 13.2524 13.11922 4.167258e+51 4.143752e+51 4.7459e+51
97.0 2.9505560000000006 2.523682 2.292898 10.67538 13.23058 13.0945 4.135682000000001e+51 4.1041519999999994e+51 4.703506e+51
98.0 2.945126 2.51428 2.287252 10.66442 13.20834 13.07012 4.101998e+51 4.065102e+51 4.662298e+51
99.0 2.9300279999999996 2.4971639999999997 2.2750739999999996 10.65662 13.1882 13.048119999999999 4.07135e+51 4.0274259999999996e+51 4.6222719999999995e+51
100.0 2.913368 2.484598 2.264154 10.64438 13.1776 13.0285 4.033568e+51 3.9907320000000005e+51 4.581368e+51
101.0 2.913958 2.47606 2.262396 10.64126 13.159 13.01014 4.0037200000000004e+51 3.950628e+51 4.541806e+51
102.0 2.933132 2.486976 2.2749219999999997 10.63374 13.14046 12.990319999999999 3.973874e+51 3.915356e+51 4.5026700000000005e+51
103.0 2.9480799999999996 2.5004 2.290136 10.61114 13.12442 12.96492 3.927353999999999e+51 3.882246e+51 4.4629420000000004e+51
104.0 2.957744 2.498682 2.293182 10.60434 13.0982 12.940019999999999 3.902828e+51 3.84174e+51 4.424902e+51
105.0 2.95269 2.4895840000000002 2.288036 10.5939 13.074259999999999 12.9157 3.870996e+51 3.806474e+51 4.38577e+51
106.0 2.9440180000000002 2.4781599999999995 2.280202 10.58384 13.052979999999998 12.89204 3.8419380000000004e+51 3.772085999999999e+51 4.3480559999999995e+51
107.0 2.929112 2.4642120000000003 2.269276 10.5744 13.037519999999999 12.869919999999999 3.8114079999999995e+51 3.738906e+51 4.310375999999999e+51
108.0 2.9212000000000002 2.4523979999999996 2.262838 10.564160000000001 13.013779999999999 12.848619999999999 3.7790980000000003e+51 3.7013219999999986e+51 4.272163999999999e+51
109.0 2.916815999999999 2.445662 2.25962 10.556439999999998 12.99774 12.82742 3.7476799999999966e+51 3.66797e+51 4.233363999999999e+51
110.0 2.9198120000000007 2.445156 2.262444 10.54396 12.98114 12.8082 3.712410000000001e+51 3.6365839999999997e+51 4.198717999999999e+51
111.0 2.9431940000000005 2.45536 2.275294 10.539480000000001 12.95614 12.78502 3.693242e+51 3.600823999999999e+51 4.1612779999999996e+51
112.0 2.947174 2.455492 2.277848 10.52084 12.930019999999999 12.75224 3.6607519999999987e+51 3.572801999999999e+51 4.1288179999999996e+51
113.0 2.9599640000000007 2.462074 2.287662 10.50516 12.908339999999999 12.7266 3.6285840000000005e+51 3.540923999999999e+51 4.0926079999999996e+51
114.0 2.963882000000001 2.460056 2.28979 10.49356 12.881379999999998 12.699539999999999 3.6022840000000015e+51 3.506111999999999e+51 4.056943999999999e+51
115.0 2.9578339999999996 2.451124 2.284234 10.4766 12.8569 12.672239999999999 3.5686479999999993e+51 3.4731559999999994e+51 4.0188999999999995e+51
116.0 2.9527280000000005 2.442072 2.2778 10.46764 12.83516 12.64784 3.542486e+51 3.4421840000000006e+51 3.9830060000000004e+51
117.0 2.944536 2.4306740000000002 2.27019 10.45878 12.81204 12.62442 3.51749e+51 3.413426e+51 3.948426000000001e+51
118.0 2.929864 2.418108 2.261686 10.43876 12.791599999999999 12.59792 3.4777019999999995e+51 3.3803300000000007e+51 3.9102660000000003e+51
119.0 2.92293 2.40803 2.254276 10.43182 12.76928 12.57544 3.454938e+51 3.348276e+51 3.8742660000000003e+51
120.0 2.919092 2.400494 2.250472 10.42512 12.751280000000001 12.554219999999999 3.428752e+51 3.320398e+51 3.839802e+51
121.0 2.922366 2.398558 2.25086 10.41124 12.7269 12.52962 3.398343999999999e+51 3.287666e+51 3.803058e+51
122.0 2.924546 2.39701 2.2527340000000002 10.39704 12.70974 12.50694 3.367936e+51 3.2603200000000006e+51 3.770254e+51
123.0 2.939622 2.40271 2.26005 10.39268 12.68524 12.48312 3.347342e+51 3.232734e+51 3.7349500000000003e+51
124.0 2.953954 2.410354 2.270572 10.375119999999999 12.6626 12.458919999999999 3.317956e+51 3.203338e+51 3.7040700000000004e+51
125.0 2.9629659999999998 2.413346 2.276212 10.3664 12.64296 12.433919999999999 3.2927e+51 3.17961e+51 3.671066e+51
126.0 2.9745 2.416884 2.2812859999999997 10.35702 12.6204 12.40832 3.270972e+51 3.15215e+51 3.637178e+51
127.0 2.977656 2.414058 2.2823719999999996 10.3399 12.594019999999999 12.382819999999999 3.2405240000000005e+51 3.122128e+51 3.6054160000000004e+51
128.0 2.975774 2.40808 2.279574 10.3284 12.56972 12.35554 3.2165619999999996e+51 3.0955740000000004e+51 3.570784e+51
129.0 2.97531 2.403536 2.2771559999999997 10.31346 12.54344 12.32962 3.189964e+51 3.066932e+51 3.53809e+51
130.0 2.9722739999999996 2.397102 2.273984 10.3013 12.52596 12.30404 3.161848e+51 3.041162e+51 3.505362e+51
131.0 2.971436 2.392522 2.269946 10.290980000000001 12.49972 12.27664 3.142282e+51 3.016454e+51 3.4716859999999995e+51
132.0 2.9633540000000003 2.384996 2.2659759999999998 10.266560000000002 12.47944 12.251919999999998 3.1058760000000003e+51 2.9881479999999997e+51 3.4407679999999995e+51
133.0 2.965132 2.378898 2.2611799999999995 10.266380000000002 12.45378 12.22462 3.092644e+51 2.965516e+51 3.407352e+51
134.0 2.957992 2.371274 2.2564279999999997 10.244580000000001 12.43114 12.201419999999999 3.0617960000000006e+51 2.93748e+51 3.3787439999999995e+51
135.0 2.955896 2.362454 2.250302 10.24178 12.40542 12.17372 3.043958e+51 2.9149379999999997e+51 3.3447819999999995e+51
136.0 2.9489400000000003 2.355686 2.245538 10.222480000000001 12.38632 12.15372 3.016234e+51 2.89002e+51 3.3199019999999994e+51
137.0 2.9421519999999997 2.3454219999999997 2.238482 10.215379999999998 12.36342 12.12624 2.994557999999999e+51 2.8651739999999997e+51 3.285908e+51
138.0 2.938718 2.3409139999999997 2.235206 10.20176 12.345839999999999 12.1084 2.9743400000000002e+51 2.8443659999999994e+51 3.263676e+51
139.0 2.932566000000001 2.332934 2.230308 10.19312 12.327679999999999 12.083939999999998 2.9501480000000014e+51 2.8222979999999992e+51 3.2335639999999995e+51
140.0 2.930278 2.328346 2.226866 10.18052 12.30562 12.063519999999999 2.9305399999999997e+51 2.8027379999999995e+51 3.209418e+51
141.0 2.928614 2.3211880000000003 2.222636 10.1756 12.2857 12.043120000000002 2.914618e+51 2.7799020000000002e+51 3.183596000000001e+51
142.0 2.925854 2.316916 2.21983 10.160820000000001 12.263460000000002 12.01782 2.889e+51 2.7569680000000003e+51 3.1533340000000004e+51
143.0 2.927396 2.31446 2.21982 10.153039999999999 12.24858 12.002419999999999 2.870554e+51 2.7407300000000003e+51 3.134262e+51
144.0 2.9308300000000003 2.313078 2.219662 10.14362 12.2261 11.97712 2.8525960000000002e+51 2.718132e+51 3.1047320000000004e+51
145.0 2.937372 2.313394 2.223374 10.130880000000001 12.206 11.95582 2.8287920000000005e+51 2.696572e+51 3.080826e+51
146.0 2.948202 2.31901 2.229344 10.120180000000001 12.18608 11.93654 2.810654e+51 2.6779700000000004e+51 3.058692e+51
147.0 2.957444 2.321702 2.234258 10.10802 12.16392 11.905660000000001 2.787978e+51 2.656432e+51 3.026846e+51
148.0 2.9667859999999995 2.325154 2.240894 10.09316 12.14314 11.888919999999999 2.767504e+51 2.636888e+51 3.0087260000000004e+51
149.0 2.975716 2.328614 2.2460880000000003 10.08616 12.11872 11.86564 2.75053e+51 2.617568e+51 2.98373e+51
150.0 2.9821020000000003 2.327376 2.247242 10.0709 12.09404 11.8366 2.72821e+51 2.5939020000000003e+51 2.954638e+51
151.0 2.98346 2.327484 2.24777 10.06132 12.077160000000001 11.81932 2.7129360000000002e+51 2.580334e+51 2.937306e+51
152.0 2.980006 2.32161 2.245714 10.044740000000001 12.0555 11.79564 2.6906920000000002e+51 2.5583620000000002e+51 2.913672e+51
153.0 2.9778339999999996 2.316444 2.242082 10.0321 12.0301 11.766919999999999 2.6698340000000003e+51 2.53544e+51 2.884776e+51
154.0 2.978704 2.313006 2.239772 10.02408 12.011 11.7497 2.654506e+51 2.52229e+51 2.867306e+51
155.0 2.9777240000000003 2.309306 2.237614 10.01254 11.99034 11.73044 2.637762e+51 2.504032e+51 2.847202e+51
156.0 2.976776 2.302008 2.233946 10.0038 11.967839999999999 11.70224 2.6195459999999996e+51 2.4815439999999996e+51 2.8183779999999995e+51
157.0 2.9734479999999994 2.29986 2.232484 9.988261999999999 11.94844 11.684539999999998 2.5994299999999987e+51 2.4673119999999997e+51 2.8013679999999998e+51
158.0 2.9729699999999997 2.296326 2.23123 9.979657999999999 11.9324 11.66852 2.5846799999999993e+51 2.4522279999999996e+51 2.7847679999999998e+51
159.0 2.9700980000000006 2.2905979999999997 2.227178 9.96876 11.908859999999999 11.64142 2.5675720000000004e+51 2.4335059999999995e+51 2.7584059999999993e+51
160.0 2.9712520000000002 2.28646 2.2250319999999997 9.95479 11.88462 11.622119999999999 2.549064e+51 2.4129779999999997e+51 2.740008e+51
161.0 2.9658560000000005 2.281932 2.2225919999999997 9.947858 11.873819999999998 11.60942 2.5362199999999996e+51 2.4029279999999997e+51 2.7265179999999996e+51
162.0 2.9626059999999996 2.277314 2.2183279999999996 9.94099 11.8521 11.587019999999999 2.5235299999999997e+51 2.386298e+51 2.7049339999999998e+51
163.0 2.9588759999999996 2.27022 2.213984 9.927716 11.8301 11.56372 2.5042599999999995e+51 2.366142e+51 2.68207e+51
164.0 2.9548319999999997 2.267234 2.211852 9.918196 11.81658 11.5515 2.4897819999999998e+51 2.3561019999999998e+51 2.6697479999999996e+51
165.0 2.9507420000000004 2.2619079999999996 2.208346 9.909512000000001 11.79872 11.53182 2.4751139999999998e+51 2.3404279999999997e+51 2.650462e+51
166.0 2.947994 2.256102 2.204906 9.900834 11.779259999999999 11.51024 2.4594319999999996e+51 2.3223379999999998e+51 2.629744e+51
167.0 2.9422699999999997 2.251208 2.202022 9.884284 11.760380000000001 11.4942 2.4411859999999996e+51 2.30816e+51 2.614568e+51
168.0 2.938254 2.247928 2.1985959999999998 9.878172 11.74674 11.47782 2.428082e+51 2.297162e+51 2.598716e+51
169.0 2.933154 2.239772 2.194008 9.869124 11.72724 11.45722 2.4136500000000002e+51 2.27872e+51 2.57849e+51
170.0 2.929274 2.234678 2.19028 9.858344 11.70462 11.43882 2.396966e+51 2.263422e+51 2.56027e+51
171.0 2.9238540000000004 2.2301200000000003 2.18733 9.846418 11.6909 11.4231 2.3791020000000003e+51 2.249218e+51 2.544376e+51
172.0 2.919382 2.225528 2.18526 9.837826 11.676919999999999 11.40692 2.365402e+51 2.236774e+51 2.5285120000000002e+51
173.0 2.921014 2.222406 2.18285 9.8309 11.64932 11.382919999999999 2.351166e+51 2.2175060000000002e+51 2.506004e+51
174.0 2.91854 2.21891 2.1816280000000003 9.816824 11.6329 11.36432 2.3338640000000002e+51 2.202878e+51 2.4896260000000003e+51
175.0 2.91925 2.216658 2.181632 9.81047 11.61434 11.34872 2.322242e+51 2.189648e+51 2.4747020000000002e+51
176.0 2.923254 2.218156 2.1834659999999997 9.79928 11.59502 11.32832 2.305996e+51 2.1750240000000002e+51 2.455984e+51
177.0 2.9316459999999998 2.221118 2.187882 9.792318 11.575660000000001 11.308219999999999 2.2915140000000002e+51 2.1599000000000002e+51 2.436458e+51
178.0 2.940948 2.224958 2.193984 9.78089 11.55508 11.290619999999999 2.277536e+51 2.144588e+51 2.4219e+51
179.0 2.9454659999999997 2.22588 2.196872 9.769734 11.53564 11.27064 2.264114e+51 2.1310580000000002e+51 2.4062240000000002e+51
180.0 2.949118 2.226584 2.199036 9.761302 11.5155 11.24962 2.249552e+51 2.1182840000000002e+51 2.3879940000000003e+51
181.0 2.954322 2.228474 2.202854 9.745951999999999 11.49638 11.231819999999999 2.2338439999999997e+51 2.103188e+51 2.3726859999999997e+51
182.0 2.95862 2.229458 2.206086 9.73509 11.47478 11.21002 2.2186019999999992e+51 2.089268e+51 2.355604e+51
183.0 2.9618260000000007 2.2286799999999998 2.207776 9.712644000000003 11.45356 11.188680000000002 2.197200000000002e+51 2.0728299999999996e+51 2.338642e+51
184.0 2.9627719999999997 2.2285519999999996 2.20864 9.712883999999999 11.4376 11.17152 2.190957999999999e+51 2.062598e+51 2.3240179999999996e+51
185.0 2.964506 2.228934 2.20943 9.706911999999999 11.420319999999998 11.15702 2.1802899999999995e+51 2.0528539999999998e+51 2.3118679999999998e+51
186.0 2.965282 2.226334 2.209616 9.696554 11.398919999999999 11.13782 2.167068e+51 2.0373e+51 2.2957819999999998e+51
187.0 2.9641479999999985 2.2250180000000004 2.209276 9.682451999999998 11.376719999999999 11.11094 2.1497679999999983e+51 2.021934e+51 2.2746439999999997e+51
188.0 2.9649799999999997 2.2244080000000004 2.2099819999999997 9.668327999999999 11.357080000000002 11.09302 2.1365339999999997e+51 2.010844e+51 2.26147e+51
189.0 2.9586300000000008 2.2179100000000007 2.2057880000000005 9.664283999999999 11.34178 11.08088 2.1269299999999997e+51 2.0005099999999995e+51 2.251694e+51
190.0 2.965756 2.221816 2.211596 9.652336 11.32366 11.06606 2.1126779999999998e+51 1.9864499999999998e+51 2.2379539999999998e+51
191.0 2.966684 2.221326 2.21106 9.643796 11.30912 11.045919999999999 2.10104e+51 1.9762239999999996e+51 2.2213899999999995e+51
192.0 2.965722 2.216284 2.2086859999999997 9.628646 11.27442 11.0144 2.082372e+51 1.9544620000000003e+51 2.19718e+51
193.0 2.965864 2.2154 2.2092240000000003 9.621512000000001 11.26094 11.002519999999999 2.072288e+51 1.947398e+51 2.188556e+51
194.0 2.966548 2.215914 2.21048 9.61496 11.2454 10.9907 2.0638260000000002e+51 1.938014e+51 2.1792439999999998e+51
195.0 2.965484 2.214894 2.2108440000000003 9.605618 11.23232 10.9769 2.052472e+51 1.929062e+51 2.168116e+51
196.0 2.96568 2.2140440000000003 2.2110980000000002 9.594752 11.21342 10.956719999999999 2.040196e+51 1.915814e+51 2.152476e+51
197.0 2.963646 2.2084 2.2086840000000003 9.5776 11.18492 10.92334 2.0204e+51 1.8974760000000002e+51 2.1275240000000003e+51
198.0 2.963816 2.207628 2.20818 9.569792 11.16502 10.911119999999999 2.0122260000000002e+51 1.887738e+51 2.11965e+51
199.0 2.9596880000000003 2.2046580000000002 2.206448 9.562429999999999 11.151919999999999 10.9003 2.002982e+51 1.879842e+51 2.111432e+51
200.0 2.963552 2.20763 2.209658 9.552068 11.1415 10.88862 1.9905460000000004e+51 1.870926e+51 2.100742e+51
201.0 2.9622999999999995 2.205366 2.20853 9.537655999999995 11.123819999999998 10.870039999999998 1.9765679999999966e+51 1.8599399999999994e+51 2.086345999999999e+51
202.0 2.95919 2.198896 2.205724 9.528226 11.09332 10.83854 1.9630520000000002e+51 1.8411300000000004e+51 2.063936e+51
203.0 2.9622740000000003 2.200038 2.2061660000000005 9.519490000000001 11.074259999999997 10.822039999999998 1.9522060000000003e+51 1.8312439999999993e+51 2.0518639999999994e+51
204.0 2.961656 2.1998119999999997 2.2075880000000003 9.508212 11.0608 10.8141 1.941962e+51 1.822652e+51 2.046038e+51
205.0 2.9602980000000003 2.19885 2.2073780000000003 9.501254 11.0516 10.80182 1.9330380000000002e+51 1.8161e+51 2.0365180000000002e+51
206.0 2.959594 2.197148 2.207102 9.496431999999999 11.03422 10.7865 1.924194e+51 1.805332e+51 2.023544e+51
207.0 2.957896 2.1949680000000003 2.206642 9.484102 11.01664 10.7681 1.9109800000000003e+51 1.7933320000000002e+51 2.009936e+51
208.0 2.955258 2.193632 2.20632 9.46656 10.99394 10.747119999999999 1.895156e+51 1.779648e+51 1.995e+51
209.0 2.9578740000000003 2.1940280000000003 2.207392 9.462932 10.9776 10.7334 1.887608e+51 1.770442e+51 1.9846880000000002e+51
210.0 2.957682 2.193422 2.2073880000000003 9.454734 10.9622 10.7189 1.87869e+51 1.761258e+51 1.974062e+51
211.0 2.955998 2.190756 2.206484 9.447054 10.94274 10.6993 1.8680640000000002e+51 1.7503320000000004e+51 1.9605399999999998e+51
212.0 2.953092 2.187182 2.204472 9.431714 10.92182 10.67872 1.853534e+51 1.737196e+51 1.94556e+51
213.0 2.9516720000000003 2.185756 2.203702 9.422826 10.906120000000001 10.66502 1.8426740000000003e+51 1.728298e+51 1.935536e+51
214.0 2.949904 2.18426 2.20308 9.411834 10.891 10.65012 1.833096e+51 1.71895e+51 1.924822e+51
215.0 2.947594 2.1828619999999996 2.202072 9.404188 10.8744 10.6341 1.823292e+51 1.710136e+51 1.9135920000000002e+51
216.0 2.945118 2.1803 2.20152 9.395624 10.85434 10.616719999999999 1.813304e+51 1.6982039999999998e+51 1.901394e+51
217.0 2.942792 2.1772240000000003 2.199894 9.382014 10.836020000000001 10.599620000000002 1.799728e+51 1.687132e+51 1.888828e+51
218.0 2.9425559999999997 2.1769079999999996 2.1992719999999997 9.370458 10.815259999999999 10.578539999999998 1.7879479999999994e+51 1.675037999999999e+51 1.873919999999999e+51
219.0 2.9406920000000003 2.1753080000000002 2.19904 9.359334 10.7996 10.5651 1.7770540000000006e+51 1.6662680000000002e+51 1.864258e+51
220.0 2.939096 2.174432 2.1983080000000004 9.355928 10.78562 10.5515 1.7709260000000002e+51 1.6585679999999998e+51 1.8546259999999998e+51
221.0 2.93723 2.17238 2.198032 9.346766 10.768 10.537120000000002 1.760086e+51 1.6486540000000003e+51 1.8444640000000003e+51
222.0 2.9359680000000004 2.1703740000000002 2.1968 9.336955999999999 10.754839999999998 10.522339999999998 1.7506879999999996e+51 1.6402659999999994e+51 1.8340959999999994e+51
223.0 2.933644 2.168238 2.196212 9.325384 10.735019999999999 10.503319999999999 1.738968e+51 1.629158e+51 1.821262e+51
224.0 2.928337999999994 2.16556 2.1945439999999996 9.312109999999997 10.7129 10.48402 1.7253659999999963e+51 1.616852e+51 1.8080399999999995e+51
225.0 2.9281019999999995 2.16356 2.193682 9.30203 10.6963 10.4662 1.715304e+51 1.60811e+51 1.7960020000000004e+51
226.0 2.9282559999999984 2.1639079999999997 2.1941 9.293771999999997 10.67882 10.45202 1.7068619999999983e+51 1.5995099999999996e+51 1.7866159999999994e+51
227.0 2.92957 2.16464 2.1947859999999997 9.287096 10.6639 10.4376 1.699152e+51 1.591248e+51 1.7766740000000002e+51
228.0 2.9286119999999993 2.1634919999999997 2.19568 9.278164 10.64782 10.421819999999999 1.6895919999999994e+51 1.5818699999999997e+51 1.7663339999999997e+51
229.0 2.9284440000000003 2.1636480000000002 2.196394 9.264956 10.62752 10.40372 1.6780559999999997e+51 1.571292e+51 1.7544e+51
230.0 2.9273039999999995 2.161842 2.19586 9.258814000000001 10.610119999999998 10.38702 1.6698019999999994e+51 1.5620779999999998e+51 1.7436479999999998e+51
231.0 2.925632 2.1602919999999997 2.195 9.247615999999999 10.59214 10.37054 1.6590719999999998e+51 1.55243e+51 1.732696e+51
232.0 2.922898 2.15853 2.19386 9.235694 10.57772 10.356919999999999 1.64798e+51 1.543994e+51 1.7229520000000002e+51
233.0 2.920074 2.157022 2.19232 9.230268 10.56132 10.34122 1.641204e+51 1.5367360000000002e+51 1.7128339999999998e+51
234.0 2.91654 2.15435 2.191086 9.215857999999999 10.54344 10.322320000000001 1.62943e+51 1.5261420000000002e+51 1.7011440000000002e+51
235.0 2.9151700000000003 2.1514219999999997 2.1893219999999998 9.209437999999999 10.5224 10.3056 1.6217860000000002e+51 1.5157180000000002e+51 1.690604e+51
236.0 2.913174 2.1512219999999997 2.1890419999999997 9.199596 10.5097 10.291419999999999 1.612644e+51 1.5091539999999998e+51 1.681388e+51
237.0 2.91225 2.150934 2.18913 9.191462 10.49398 10.2778 1.6039680000000002e+51 1.5009180000000002e+51 1.67228e+51
238.0 2.911476 2.149742 2.189272 9.177627999999999 10.47816 10.263819999999999 1.5930539999999994e+51 1.4926460000000002e+51 1.66328e+51
239.0 2.9106319999999997 2.1504559999999997 2.19011 9.174586 10.4685 10.25382 1.587038e+51 1.4868619999999999e+51 1.65568e+51
240.0 2.90999 2.150156 2.19086 9.16421 10.452 10.238620000000001 1.5780600000000004e+51 1.478124e+51 1.646198e+51
241.0 2.908224 2.14891 2.19014 9.152896 10.430340000000001 10.21644 1.56784e+51 1.467454e+51 1.633008e+51
242.0 2.90586 2.146042 2.18874 9.141396 10.40522 10.1911 1.556662e+51 1.455918e+51 1.618548e+51
243.0 2.904528 2.145632 2.18851 9.132725999999998 10.388219999999999 10.17882 1.5490999999999996e+51 1.4481539999999999e+51 1.6110359999999997e+51
244.0 2.904218 2.1448519999999998 2.18796 9.124806 10.375979999999998 10.1694 1.5417620000000002e+51 1.44125e+51 1.604294e+51
245.0 2.9015839999999997 2.143652 2.1877539999999995 9.116819999999999 10.365219999999999 10.1582 1.5343899999999997e+51 1.43557e+51 1.597088e+51
246.0 2.900694 2.14393 2.1882580000000003 9.107874 10.35492 10.14912 1.5262620000000003e+51 1.429188e+51 1.59019e+51
247.0 2.9004239999999997 2.1447279999999997 2.18943 9.103294000000002 10.3458 10.1401 1.5196379999999996e+51 1.4236919999999995e+51 1.5835159999999997e+51
248.0 2.900232 2.14552 2.190828 9.097702 10.3329 10.12532 1.5127119999999998e+51 1.4167320000000001e+51 1.5741820000000002e+51
249.0 2.900324 2.1460719999999998 2.1920919999999997 9.084328 10.30844 10.10262 1.5022179999999997e+51 1.4057779999999994e+51 1.5615259999999994e+51
250.0 2.9113159999999993 2.1510599999999998 2.199023999999999 9.074076 10.2861 10.0836 1.4896719999999998e+51 1.3922419999999999e+51 1.5477179999999996e+51
251.0 2.9251479999999996 2.163682 2.2132680000000002 9.059581999999999 10.265239999999999 10.06402 1.4835839999999995e+51 1.3876379999999998e+51 1.5420679999999998e+51
252.0 2.9238419999999996 2.163712 2.21339 9.051625999999999 10.25152 10.05332 1.476272e+51 1.3818140000000002e+51 1.53553e+51
253.0 2.923076 2.1644219999999996 2.2137480000000003 9.045198 10.2385 10.0394 1.4705639999999995e+51 1.3752159999999998e+51 1.5273379999999997e+51
254.0 2.919318 2.162008 2.21279 9.03243 10.2187 10.02072 1.4603660000000003e+51 1.365736e+51 1.5166620000000002e+51
255.0 2.91809 2.1600939999999995 2.21192 9.02244 10.20012 10.004119999999999 1.4514859999999997e+51 1.3569399999999996e+51 1.5069479999999997e+51
256.0 2.9166659999999998 2.16029 2.21182 9.01444 10.189119999999999 9.994832 1.445128e+51 1.352004e+51 1.501408e+51
257.0 2.91542 2.1602859999999997 2.21206 9.006687999999999 10.1769 9.983566 1.438012e+51 1.3460820000000002e+51 1.494384e+51
258.0 2.9138740000000003 2.160788 2.2121519999999997 9.001234 10.16192 9.968558 1.431552e+51 1.339328e+51 1.485604e+51
259.0 2.9120939999999997 2.1596159999999998 2.212378 8.98848 10.14482 9.951128 1.4217819999999999e+51 1.3302820000000001e+51 1.4754320000000002e+51
260.0 2.91126 2.15818 2.21216 8.97874 10.127519999999999 9.936696000000001 1.413074e+51 1.3220359999999999e+51 1.466788e+51
261.0 2.9123119999999996 2.159218 2.21322 8.971832 10.11822 9.927947999999999 1.4076479999999999e+51 1.3174060000000002e+51 1.4612560000000001e+51
262.0 2.91247 2.161518 2.2149080000000003 8.968284 10.1069 9.919102 1.402572e+51 1.312144e+51 1.455596e+51
263.0 2.911368 2.161766 2.216316 8.958198000000001 10.08682 9.899096 1.3937600000000002e+51 1.3033560000000002e+51 1.44477e+51
264.0 2.9112199999999997 2.162418 2.217918 8.94633 10.0712 9.883156 1.385064e+51 1.295874e+51 1.43611e+51
265.0 2.912616 2.1625680000000003 2.218948 8.936126 10.05332 9.867672 1.376504e+51 1.287812e+51 1.427536e+51
266.0 2.913454 2.164666 2.221048 8.928756 10.0426 9.858062 1.371186e+51 1.2832e+51 1.4219919999999999e+51
267.0 2.914428 2.167408 2.223246 8.923752 10.03182 9.849052 1.3661720000000001e+51 1.278298e+51 1.4164980000000001e+51
268.0 2.9142699999999975 2.1689779999999996 2.2257639999999994 8.916901999999997 10.022439999999994 9.838553999999993 1.3589279999999973e+51 1.2735019999999985e+51 1.409983999999997e+51
269.0 2.912634 2.168576 2.22655 8.900806 9.996267999999999 9.813362 1.3481440000000001e+51 1.261974e+51 1.397188e+51
270.0 2.9131180000000003 2.16766 2.22648 8.894144 9.981067999999999 9.800204 1.3419760000000001e+51 1.2552259999999998e+51 1.3898079999999998e+51
271.0 2.90925 2.166186 2.224742 8.885026 9.967920000000001 9.788514 1.3354800000000001e+51 1.2495820000000001e+51 1.383518e+51
272.0 2.904052 2.16414 2.2223819999999996 8.877542 9.95732 9.779972 1.329502e+51 1.24447e+51 1.3780919999999999e+51
273.0 2.90136 2.1626440000000002 2.2206319999999997 8.874846 9.948716000000001 9.771586000000001 1.325194e+51 1.239958e+51 1.372578e+51
274.0 2.8980919999999997 2.161438 2.2201280000000003 8.866394 9.939982 9.76313 1.3187499999999993e+51 1.23496e+51 1.3671159999999997e+51
275.0 2.8951 2.1590659999999997 2.218918 8.850726 9.906355999999999 9.730694 1.3068220000000002e+51 1.22143e+51 1.351112e+51
276.0 2.894578 2.1593960000000005 2.21956 8.841397999999998 9.893218 9.719778 1.3001059999999998e+51 1.2158639999999999e+51 1.3452539999999998e+51
277.0 2.894702 2.16098 2.22065 8.835664 9.88269 9.710172 1.2953500000000002e+51 1.2114020000000001e+51 1.3399820000000001e+51
278.0 2.89516 2.1626380000000003 2.222448 8.829674 9.874352 9.70237 1.2899439999999999e+51 1.2071119999999999e+51 1.3350139999999999e+51
279.0 2.893892 2.16278 2.223298 8.823599999999999 9.865359999999999 9.694186 1.284908e+51 1.2024000000000002e+51 1.330014e+51
280.0 2.8927599999999996 2.163744 2.22406 8.818176 9.85507 9.68456 1.2798579999999997e+51 1.1977539999999999e+51 1.3245259999999999e+51
281.0 2.888836 2.160746 2.223058 8.79737 9.821474 9.65104 1.2656880000000001e+51 1.1840180000000001e+51 1.308356e+51
282.0 2.889558 2.16248 2.2241 8.790484000000001 9.80733 9.639148 1.261016e+51 1.1789560000000002e+51 1.302728e+51
283.0 2.89043 2.16422 2.2261480000000002 8.783732 9.79595 9.629106 1.255492e+51 1.173974e+51 1.297314e+51
284.0 2.89274 2.1674 2.229368 8.777366 9.785494 9.619522 1.2507800000000002e+51 1.16981e+51 1.2924740000000001e+51
285.0 2.8946080000000003 2.170236 2.232266 8.770956 9.775858 9.611234 1.245784e+51 1.165402e+51 1.287646e+51
286.0 2.89401 2.170394 2.23326 8.762958 9.765478 9.602336 1.2401920000000001e+51 1.1603580000000001e+51 1.282664e+51
287.0 2.891994 2.1703140000000003 2.23271 8.756952 9.756692000000001 9.594104 1.235552e+51 1.156424e+51 1.277984e+51
288.0 2.885122 2.16627 2.23031 8.739070000000002 9.723012 9.55922 1.222898e+51 1.143334e+51 1.2618560000000001e+51
289.0 2.883076 2.16581 2.2290219999999996 8.731666 9.71284 9.55268 1.21797e+51 1.139248e+51 1.258194e+51
290.0 2.879552 2.1640140000000003 2.226924 8.728045999999999 9.71051 9.551084 1.2147699999999999e+51 1.1369979999999998e+51 1.25607e+51
291.0 2.87589 2.162206 2.2246219999999997 8.726698 9.709106 9.55044 1.212306e+51 1.134642e+51 1.253704e+51
292.0 2.871806 2.16065 2.22341 8.724906 9.707208 9.54837 1.208674e+51 1.1317020000000001e+51 1.2504420000000002e+51
293.0 2.8690139999999995 2.160614 2.22321 8.718904 9.697439999999999 9.539064 1.2029679999999997e+51 1.1265819999999996e+51 1.2445579999999997e+51
294.0 2.8645300000000002 2.15879 2.22299 8.695468 9.665618 9.507444000000001 1.1890200000000003e+51 1.1146579999999998e+51 1.2304820000000002e+51
295.0 2.8592140000000006 2.156698 2.221768 8.674946 9.625395999999999 9.469318 1.1765380000000004e+51 1.1004059999999997e+51 1.2141939999999999e+51
296.0 2.859414 2.157476 2.221926 8.671442 9.61509 9.462456 1.1737560000000001e+51 1.097022e+51 1.2111320000000001e+51
297.0 2.859142 2.1578280000000003 2.221892 8.669315999999998 9.613567999999999 9.460998 1.171472e+51 1.09549e+51 1.209212e+51
298.0 2.85756 2.1581219999999997 2.2217719999999996 8.666716 9.611516 9.460136 1.1680099999999998e+51 1.0929620000000001e+51 1.20673e+51
299.0 2.8552099999999996 2.1579560000000004 2.22156 8.661752000000002 9.607828 9.456332 1.1635640000000002e+51 1.0894839999999999e+51 1.2029559999999997e+51
300.0 2.8490979999999997 2.1560780000000004 2.22142 8.643082000000001 9.573314 9.422668 1.151154e+51 1.076772e+51 1.188202e+51
301.0 2.849708 2.157408 2.2223260000000002 8.64049 9.567651999999999 9.418124 1.14825e+51 1.0741279999999998e+51 1.1851579999999997e+51
302.0 2.8508 2.159168 2.2237 8.637374 9.566348 9.417294 1.145372e+51 1.0722079999999999e+51 1.1832759999999999e+51
303.0 2.8452219999999997 2.157988 2.224 8.617038 9.530865999999998 9.380707999999998 1.1322660000000002e+51 1.0590979999999998e+51 1.1672559999999997e+51
304.0 2.849474 2.1606140000000003 2.22631 8.607686000000001 9.522062 9.375072 1.1272140000000003e+51 1.055004e+51 1.16374e+51
305.0 2.8459619999999997 2.1626019999999997 2.2287280000000003 8.600119999999999 9.502039999999997 9.355271999999998 1.119957999999999e+51 1.047725999999999e+51 1.1547019999999989e+51
306.0 2.849652 2.1656880000000003 2.2322480000000002 8.588212 9.481262 9.337069999999999 1.113622e+51 1.040526e+51 1.1471859999999999e+51
307.0 2.852682 2.168924 2.2354260000000004 8.58289 9.473436 9.33021 1.1090939999999998e+51 1.0368159999999997e+51 1.1429339999999998e+51
308.0 2.85637 2.173294 2.2393680000000002 8.577052 9.463862 9.321935999999999 1.10511e+51 1.0330519999999999e+51 1.1389040000000001e+51
309.0 2.8581040000000004 2.176494 2.24273 8.56889 9.45649 9.315377999999999 1.0996939999999998e+51 1.0292320000000002e+51 1.134784e+51
310.0 2.862308 2.180438 2.246798 8.569484 9.453985999999999 9.314096 1.0979e+51 1.0267119999999999e+51 1.1323519999999999e+51
311.0 2.8561859999999997 2.1813919999999998 2.25025 8.538338 9.409492 9.266784000000001 1.0809440000000001e+51 1.0114400000000002e+51 1.113478e+51
312.0 2.860824 2.1847980000000002 2.253602 8.533047999999999 9.393128 9.253082 1.076974e+51 1.006106e+51 1.107776e+51
313.0 2.862982 2.187122 2.255264 8.518187999999999 9.379122 9.241982 1.0697739999999998e+51 1.000994e+51 1.102674e+51
314.0 2.8603140000000002 2.1881340000000002 2.256104 8.517472 9.368314 9.231907999999999 1.067464e+51 9.970964e+50 1.098192e+51
315.0 2.8413559999999998 2.176252 2.243364 8.511122 9.357982 9.223230000000001 1.0634540000000001e+51 9.934686000000001e+50 1.094272e+51
316.0 2.856092 2.18748 2.25511 8.504982 9.350256 9.215656000000001 1.05728e+51 9.880081999999999e+50 1.0880780000000001e+51
317.0 2.8534940000000004 2.1869300000000003 2.255018 8.503112 9.346416000000001 9.21095 1.0516100000000002e+51 9.831912e+50 1.082214e+51
318.0 2.854078 2.188602 2.2565039999999996 8.487672 9.325007999999999 9.191569999999999 1.0452159999999998e+51 9.768593999999998e+50 1.0754859999999997e+51
319.0 2.851666 2.188412 2.256242 8.479314 9.311594 9.179004 1.0399e+51 9.715246e+50 1.069556e+51
320.0 2.84853 2.18806 2.256 8.471532 9.300667999999998 9.168398 1.0342599999999996e+51 9.667429999999998e+50 1.0640779999999997e+51
321.0 2.84547 2.18883 2.257122 8.457966 9.27467 9.143302 1.026208e+51 9.580480000000001e+50 1.0539960000000001e+51
322.0 2.841892 2.18776 2.256148 8.447550000000001 9.261097999999999 9.130542 1.0200920000000002e+51 9.527991999999997e+50 1.0480839999999998e+51
323.0 2.8422359999999998 2.189184 2.257564 8.438547999999999 9.24623 9.117376 1.0140960000000002e+51 9.467982e+50 1.041676e+51
324.0 2.8404039999999995 2.18906 2.25734 8.430172 9.233712 9.105924 1.008464e+51 9.415165999999999e+50 1.0358359999999997e+51
325.0 2.839212 2.1902880000000002 2.2583059999999997 8.424022 9.223004000000001 9.095914 1.003902e+51 9.371388e+50 1.030834e+51
326.0 2.8381320000000003 2.1914960000000003 2.259734 8.415894 9.211927999999999 9.0852 9.985577999999999e+50 9.324529999999999e+50 1.0255059999999998e+51
327.0 2.838974 2.194264 2.262556 8.407262 9.20039 9.074162 9.928869999999999e+50 9.274596e+50 1.019874e+51
328.0 2.8402639999999995 2.197598 2.2658880000000003 8.399666 9.186212 9.06097 9.877109999999998e+50 9.219613999999997e+50 1.0137859999999997e+51
329.0 2.840986 2.201954 2.270872 8.38233 9.160184 9.035468 9.784748e+50 9.134226e+50 1.0038660000000001e+51
330.0 2.843222 2.205602 2.27471 8.374374000000001 9.144891999999999 9.021859999999998 9.731851999999998e+50 9.077993999999997e+50 9.977593999999997e+50
331.0 2.846028 2.209598 2.2790280000000003 8.367056 9.131672 9.009034 9.680074e+50 9.027518e+50 9.919348e+50
332.0 2.8485539999999996 2.214108 2.283256 8.356992 9.117985999999998 8.996674 9.624909999999997e+50 8.976487999999999e+50 9.864253999999998e+50
333.0 2.852104 2.218318 2.287566 8.34908 9.105547999999999 8.985756 9.573634e+50 8.926433999999999e+50 9.810816e+50
334.0 2.855296 2.222884 2.292326 8.342103999999999 9.094797999999999 8.975524 9.526212000000001e+50 8.882508e+50 9.761480000000001e+50
335.0 2.8583499999999997 2.2270619999999997 2.29666 8.335058 9.083498 8.965036000000001 9.469168e+50 8.83399e+50 9.70819e+50
336.0 2.853117999999999 2.230818 2.300322 8.325353999999999 9.071132 8.953304000000001 9.407868e+50 8.781796e+50 9.649776e+50
337.0 2.8557040000000002 2.2335019999999997 2.303492 8.308714 9.039804 8.92234 9.324046e+50 8.687579999999999e+50 9.537368000000001e+50
338.0 2.848148 2.229258 2.298836 8.2975 9.024684 8.90859 9.268524000000001e+50 8.634936e+50 9.480678000000001e+50
339.0 2.838952 2.221956 2.291214 8.286974 9.011872 8.89704 9.213394e+50 8.584198e+50 9.426886e+50
340.0 2.8249660000000008 2.2170320000000006 2.2861000000000002 8.264264 8.9998 8.885666 9.124050000000005e+50 8.535076000000002e+50 9.375444e+50
341.0 2.822692 2.2131719999999997 2.281402 8.273054 8.990412 8.876812 9.116715999999999e+50 8.49353e+50 9.324470000000001e+50
342.0 2.811512 2.206058 2.27392 8.266722 8.9794 8.866112 9.073046e+50 8.450248e+50 9.274706000000001e+50
343.0 2.8000319999999994 2.199492 2.2670839999999997 8.255134 8.968212 8.85565 9.017025999999998e+50 8.403485999999998e+50 9.225601999999998e+50
344.0 2.796464 2.197368 2.264708 8.246129999999999 8.956724 8.844414 8.966112000000002e+50 8.358784e+50 9.174812e+50
345.0 2.792442 2.1973580000000004 2.26513 8.24065 8.944047999999999 8.832384000000001 8.924886e+50 8.311531999999998e+50 9.122865999999998e+50
346.0 2.790096 2.19925 2.267006 8.228922 8.928024 8.816458 8.861662000000003e+50 8.256604000000002e+50 9.058628000000003e+50
347.0 2.791074 2.2035620000000002 2.2719820000000004 8.206095999999999 8.88996 8.779988 8.763551999999998e+50 8.151629999999999e+50 8.940448e+50
348.0 2.796306 2.209286 2.277276 8.198518 8.877134 8.768482 8.722306e+50 8.110438e+50 8.89516e+50
349.0 2.80136 2.2151080000000003 2.2827580000000003 8.188906 8.864107999999998 8.756359999999999 8.676395999999998e+50 8.069465999999999e+50 8.849695999999998e+50
350.0 2.80866 2.222144 2.289844 8.179768 8.852684 8.746072 8.62795e+50 8.025498000000001e+50 8.802998000000001e+50
351.0 2.812562 2.228238 2.296068 8.173266 8.841044 8.735232 8.586135999999999e+50 7.984289999999999e+50 8.756746e+50
352.0 2.818356 2.234956 2.303236 8.165176 8.830098 8.724407999999999 8.541008e+50 7.94257e+50 8.709898000000001e+50
353.0 2.82338 2.241504 2.309994 8.157842 8.819114 8.713904 8.496477999999998e+50 7.900536e+50 8.663191999999998e+50
354.0 2.827904 2.2480219999999997 2.316644 8.149102000000001 8.80706 8.702848000000001 8.448356e+50 7.856184000000001e+50 8.615242e+50
355.0 2.831649999999999 2.252604 2.321344 8.138990000000002 8.795668 8.691787999999999 8.397336e+50 7.814038e+50 8.567743999999998e+50
356.0 2.8328740000000003 2.257136 2.3259559999999997 8.133318 8.784379999999999 8.68139 8.355107999999999e+50 7.770088e+50 8.519738e+50
357.0 2.833752 2.260168 2.3287980000000004 8.125361999999999 8.773512 8.670752 8.308009999999998e+50 7.726819999999999e+50 8.471367999999998e+50
358.0 2.828904 2.26299 2.33217 8.096746000000001 8.732529999999999 8.630728000000001 8.190768e+50 7.61734e+50 8.34552e+50
359.0 2.823528 2.260326 2.329054 8.09157 8.719859999999999 8.619548 8.160924e+50 7.577894000000002e+50 8.303864e+50
360.0 2.81794 2.25655 2.32466 8.083582 8.70922 8.60985 8.119224e+50 7.539964e+50 8.2621e+50
361.0 2.81287 2.254902 2.322614 8.076834 8.697732 8.599204 8.079588e+50 7.500076000000001e+50 8.218342e+50
362.0 2.810516 2.254538 2.3222780000000003 8.069624000000001 8.688436 8.590486 8.036856e+50 7.460382e+50 8.175418e+50
363.0 2.805028 2.25201 2.3195 8.059802 8.676881999999999 8.579482 7.991586000000001e+50 7.420354e+50 8.131624e+50
364.0 2.800242 2.25002 2.31737 8.052 8.666614000000001 8.569242 7.94924e+50 7.381592e+50 8.087824e+50
365.0 2.797448 2.24965 2.3166119999999997 8.043668 8.654918 8.558386 7.905534e+50 7.340084000000001e+50 8.042522000000001e+50
366.0 2.793774 2.249124 2.316022 8.037574 8.644748 8.548638 7.866945999999999e+50 7.3009120000000006e+50 7.999468e+50
367.0 2.7899540000000003 2.247804 2.314804 8.029194 8.633816 8.538027999999999 7.823602000000001e+50 7.26083e+50 7.955324e+50
368.0 2.7859739999999995 2.24662 2.31353 8.021016 8.622867999999999 8.527657999999999 7.781887999999997e+50 7.220969999999998e+50 7.912205999999999e+50
369.0 2.780574 2.2441619999999998 2.310972 8.012038 8.611540000000002 8.516568000000001 7.737874000000001e+50 7.180768000000001e+50 7.867704000000001e+50
370.0 2.77575 2.242058 2.3086960000000003 8.002654000000001 8.599828 8.505098 7.693895999999999e+50 7.1403539999999994e+50 7.822661999999999e+50
371.0 2.771886 2.241018 2.30759 7.9942660000000005 8.588604 8.494332 7.651364e+50 7.100512000000001e+50 7.778938e+50
372.0 2.769742 2.2426180000000002 2.309108 7.986912 8.576775999999999 8.483135999999998 7.610646e+50 7.059903999999999e+50 7.734481999999998e+50
373.0 2.767478 2.2421119999999997 2.3086119999999997 7.977594 8.565684000000001 8.472666 7.566934e+50 7.021222e+50 7.692672e+50
374.0 2.7657839999999996 2.2432039999999995 2.309754 7.96803 8.552884 8.460322 7.524425999999999e+50 6.980501999999999e+50 7.648107999999999e+50
375.0 2.77006 2.247042 2.31374 7.954666 8.539924000000001 8.447852 7.474472e+50 6.939988e+50 7.603884000000001e+50
376.0 2.7694399999999995 2.2497339999999997 2.3163419999999997 7.949164 8.527852 8.436499999999999 7.439749999999998e+50 6.901761999999998e+50 7.561476e+50
377.0 2.771832 2.254114 2.320614 7.93928 8.515476 8.424420000000001 7.396526e+50 6.863462e+50 7.518412e+50
378.0 2.774573999999999 2.258524 2.325274 7.930367999999999 8.503367999999998 8.413127999999999 7.354403999999998e+50 6.823673999999999e+50 7.475527999999999e+50
379.0 2.7705640000000002 2.263046 2.3301680000000005 7.900372 8.461304 8.372122000000001 7.248876e+50 6.727712e+50 7.364924e+50
380.0 2.7732019999999995 2.2668079999999997 2.3336799999999998 7.8952 8.449095999999999 8.361156 7.2230939999999995e+50 6.6930979999999994e+50 7.328405999999999e+50
381.0 2.772568 2.2678640000000003 2.334574 7.886888 8.437454 8.350154 7.18498e+50 6.658252e+50 7.289122e+50
382.0 2.7712480000000004 2.2699160000000003 2.336484 7.877626000000001 8.424318 8.337628 7.144644e+50 6.621494e+50 7.248071999999999e+50
383.0 2.770356 2.26994 2.3364480000000003 7.86888 8.41484 8.328334 7.105272e+50 6.588174e+50 7.210208e+50
384.0 2.76315 2.26872 2.33488 7.863659999999999 8.403432 8.31779 7.071878e+50 6.553496e+50 7.171798e+50
385.0 2.759616 2.267834 2.333766 7.855656 8.393521999999999 8.308582 7.032104e+50 6.518972e+50 7.13383e+50
386.0 2.755408 2.2662340000000003 2.332094 7.848879999999999 8.384360000000001 8.299658 6.995152e+50 6.484968e+50 7.095772e+50
387.0 2.752942 2.265872 2.3314619999999997 7.843058 8.37605 8.292058 6.9585140000000006e+50 6.451414e+50 7.058758e+50
388.0 2.753876 2.26857 2.33413 7.837266 8.367707999999999 8.284136 6.9219020000000005e+50 6.418630000000001e+50 7.02177e+50
389.0 2.759106 2.2749599999999996 2.340814 7.82728 8.358526 8.27538 6.87724e+50 6.382682e+50 6.982968e+50
390.0 2.769948 2.285898 2.3520459999999996 7.8226759999999995 8.348896 8.266224000000001 6.8431740000000005e+50 6.348622e+50 6.944292000000001e+50
391.0 2.780614 2.296562 2.363162 7.815068 8.339254 8.256836 6.80514e+50 6.3155160000000005e+50 6.906940000000001e+50
392.0 2.7868519999999997 2.3034980000000003 2.370178 7.80649 8.328724 8.246646 6.7659660000000005e+50 6.282112e+50 6.8689400000000005e+50
393.0 2.789902 2.3148980000000003 2.3818680000000008 7.777114 8.287315999999999 8.206542 6.668932e+50 6.192981999999999e+50 6.767099999999999e+50
394.0 2.791006 2.3172919999999997 2.3837919999999997 7.7706420000000005 8.275294 8.195542 6.640092e+50 6.16081e+50 6.7318780000000006e+50
395.0 2.7877439999999996 2.3167439999999995 2.383294 7.761819999999999 8.262514 8.183615999999999 6.602447999999999e+50 6.126103999999999e+50 6.6930319999999986e+50
396.0 2.7849180000000002 2.3162059999999998 2.382544 7.752312 8.249974 8.171624000000001 6.562554000000001e+50 6.0908840000000005e+50 6.6533440000000006e+50
397.0 2.781282 2.3160419999999995 2.3820839999999994 7.746073999999999 8.23892 8.161192 6.528109999999999e+50 6.055161999999999e+50 6.613737999999999e+50
398.0 2.77957 2.316468 2.3824680000000003 7.737046 8.22633 8.149080000000001 6.488418e+50 6.020078e+50 6.573396000000001e+50
399.0 2.777636 2.3206860000000002 2.3867860000000003 7.715813999999999 8.195645999999998 8.119435999999999 6.4171359999999986e+50 5.952109999999998e+50 6.496311999999998e+50
400.0 2.78026 2.3240999999999996 2.3899519999999996 7.709205999999999 8.186031999999999 8.110522 6.388011999999998e+50 5.925917999999998e+50 6.466281999999999e+50
401.0 2.784924 2.330502 2.3959520000000003 7.702832000000001 8.176054 8.101184 6.357358000000002e+50 5.896520000000002e+50 6.4336480000000025e+50
402.0 2.790864 2.3371600000000003 2.4030100000000005 7.695376 8.16655 8.092238 6.321958e+50 5.8669879999999995e+50 6.400221999999998e+50
403.0 2.7961 2.343598 2.409808 7.688712 8.157604000000001 8.083702 6.288235999999998e+50 5.837115999999999e+50 6.366813999999999e+50
404.0 2.797049999999999 2.3471479999999993 2.4134279999999992 7.681394 8.147846 8.074297999999999 6.253545999999999e+50 5.806983999999999e+50 6.332517999999999e+50
405.0 2.7852540000000006 2.3384840000000007 2.4041740000000007 7.672662000000001 8.137722 8.064592 6.215524000000002e+50 5.7748100000000005e+50 6.296300000000001e+50
406.0 2.759213999999999 2.3195139999999994 2.3841739999999993 7.660397999999999 8.121977999999999 8.049176 6.168919999999999e+50 5.733937999999999e+50 6.249251999999998e+50
407.0 2.74725 2.313228 2.377628 7.649487999999999 8.105655999999998 8.033354000000001 6.130425999999999e+50 5.695625999999998e+50 6.206501999999998e+50
408.0 2.761056000000001 2.3275440000000005 2.3921740000000002 7.63427 8.085609999999999 8.01414 6.0849799999999996e+50 5.653553999999999e+50 6.159545999999998e+50
409.0 2.777316 2.3462259999999997 2.411356 7.622445999999999 8.067582 7.9969079999999995 6.044386e+50 5.614690000000001e+50 6.115788e+50
410.0 2.791617999999999 2.3612979999999992 2.4268479999999992 7.613800000000001 8.054740000000002 7.984880000000001 6.006852000000003e+50 5.579998000000003e+50 6.077318000000003e+50
411.0 2.7878619999999996 2.3606259999999994 2.4259779999999993 7.604318 8.04273 7.97338 5.970711999999999e+50 5.548261999999999e+50 6.04131e+50
412.0 2.762519999999999 2.339067999999999 2.403319999999999 7.595032000000001 8.033114000000001 7.964192000000001 5.935143999999999e+50 5.518091999999999e+50 6.007781999999999e+50
413.0 2.741712000000001 2.3219760000000003 2.3855980000000003 7.587052 8.02423 7.955470000000001 5.900110000000002e+50 5.488378000000001e+50 5.974286000000002e+50
414.0 2.7422220000000004 2.3255579999999996 2.389138 7.579368 8.01294 7.944427999999999 5.867180000000001e+50 5.458510000000001e+50 5.940010000000001e+50
415.0 2.7565580000000005 2.339016000000001 2.4028740000000006 7.567774 7.999912 7.931862 5.828483999999999e+50 5.426361999999998e+50 5.903779999999998e+50
416.0 2.7665660000000005 2.3512520000000006 2.4153620000000005 7.559097999999999 7.987652 7.920042 5.793793999999998e+50 5.394011999999998e+50 5.867643999999998e+50
417.0 2.771778 2.357612 2.422082 7.5496880000000015 7.977502 7.910214000000001 5.757630000000003e+50 5.364858000000002e+50 5.8348360000000024e+50
418.0 2.773846 2.3672359999999997 2.431606 7.526434000000001 7.943448000000001 7.877430000000001 5.691026000000002e+50 5.2981220000000015e+50 5.760312000000002e+50
419.0 2.77477 2.3708560000000003 2.4352060000000004 7.519163999999999 7.931641999999999 7.866279999999999 5.659605999999999e+50 5.2671639999999986e+50 5.725733999999999e+50
420.0 2.77575 2.3749480000000003 2.4390760000000005 7.510192 7.918996 7.854235999999999 5.625549999999999e+50 5.235059999999999e+50 5.6899019999999985e+50
421.0 2.774307999999999 2.3773299999999997 2.4413619999999994 7.500662 7.906122 7.841919999999999 5.590233999999999e+50 5.2024019999999985e+50 5.653741999999999e+50
422.0 2.7683200000000006 2.3736880000000005 2.4371580000000006 7.493220000000001 7.896122000000001 7.8322020000000006 5.559970000000001e+50 5.174264000000001e+50 5.622060000000001e+50
423.0 2.760877999999998 2.3685339999999986 2.432115999999999 7.4819939999999985 7.883887999999998 7.820327999999998 5.524955999999998e+50 5.144133999999999e+50 5.588827999999999e+50
424.0 2.7528480000000064 2.3634680000000055 2.4268320000000054 7.4769700000000014 7.876736000000001 7.813656000000002 5.492609999999999e+50 5.116023999999999e+50 5.557167999999999e+50
425.0 2.7567939999999997 2.366998 2.4301980000000003 7.464659999999999 7.8630439999999995 7.800113999999999 5.449551999999999e+50 5.078463999999998e+50 5.515125999999998e+50
426.0 2.7462980000000012 2.3602860000000008 2.423078000000001 7.459978 7.855218 7.792598 5.413684000000002e+50 5.043674000000001e+50 5.476698000000002e+50
427.0 2.734778 2.3547739999999995 2.4171639999999996 7.442772000000001 7.834456 7.772277999999999 5.374185999999999e+50 5.008153999999999e+50 5.436849999999999e+50
428.0 2.730654 2.355792 2.417892 7.43086 7.818143999999999 7.756432 5.333007999999999e+50 4.970397999999999e+50 5.394275999999999e+50
429.0 2.7306899999999996 2.3598679999999996 2.4218879999999996 7.419139999999999 7.801723999999998 7.740581999999999 5.293839999999998e+50 4.9327039999999984e+50 5.352549999999998e+50
430.0 2.7421099999999994 2.3788719999999994 2.4411519999999993 7.390734 7.765750000000001 7.70565 5.219074000000001e+50 4.866328000000001e+50 5.277480000000001e+50
431.0 2.762154 2.4001440000000005 2.4626340000000004 7.382136 7.749782 7.69079 5.189971999999998e+50 4.8318619999999984e+50 5.240495999999998e+50
432.0 2.7772040000000002 2.417614 2.480444 7.373647999999999 7.737159999999999 7.678857999999999 5.155931999999998e+50 4.800129999999998e+50 5.205031999999998e+50
433.0 2.765159999999999 2.408877999999999 2.471049999999999 7.361197999999999 7.722397999999999 7.664528 5.1189799999999984e+50 4.767281999999998e+50 5.168207999999999e+50
434.0 2.7344720000000007 2.3835260000000003 2.4445360000000003 7.350842 7.710380000000001 7.65279 5.081732000000002e+50 4.733470000000002e+50 5.130772000000002e+50
435.0 2.7348060000000007 2.3856 2.4463500000000002 7.338433999999999 7.6965699999999995 7.63932 5.0438339999999985e+50 4.701155999999999e+50 5.094433999999999e+50
436.0 2.754752000000001 2.4052100000000007 2.466348000000001 7.327577999999999 7.683418 7.626537999999999 5.006577999999998e+50 4.668553999999999e+50 5.057799999999998e+50
437.0 2.7671580000000007 2.4208040000000004 2.4822120000000005 7.316993999999999 7.669784 7.613213999999999 4.967995999999999e+50 4.634811999999999e+50 5.019574e+50
438.0 2.765891999999999 2.4219820000000003 2.483164 7.304862000000001 7.655986 7.599846 4.9290940000000015e+50 4.600542000000002e+50 4.981600000000002e+50
439.0 2.740786000000001 2.405176000000001 2.465436000000001 7.291282000000002 7.637766000000002 7.581884000000001 4.886768000000002e+50 4.560474000000002e+50 4.936698000000002e+50
440.0 2.726836 2.397506 2.457198 7.2780499999999995 7.620093999999999 7.5646439999999995 4.846687999999998e+50 4.521777999999999e+50 4.893935999999998e+50
441.0 2.727358 2.4059360000000005 2.4654260000000003 7.252843999999999 7.586817999999998 7.532427999999999 4.784011999999998e+50 4.462107999999999e+50 4.8275439999999985e+50
442.0 2.73245 2.413788 2.47305 7.240080000000001 7.5693220000000005 7.515582 4.745478000000002e+50 4.424714000000002e+50 4.786136000000001e+50
443.0 2.737414 2.4213679999999993 2.480457999999999 7.226914000000001 7.553184000000001 7.499924 4.706014000000001e+50 4.388868000000001e+50 4.746230000000001e+50
444.0 2.743374 2.4297800000000005 2.48884 7.216236 7.539677999999999 7.486838 4.668319999999998e+50 4.354487999999999e+50 4.708019999999999e+50
445.0 2.746538 2.43521 2.49412 7.204689999999999 7.526132 7.4735819999999995 4.629173999999999e+50 4.3199079999999996e+50 4.669343999999999e+50
446.0 2.74728 2.439314 2.4980560000000005 7.193194 7.511686 7.459467999999999 4.590119999999999e+50 4.284249999999999e+50 4.629591999999998e+50
447.0 2.7475140000000002 2.4429300000000005 2.5014500000000006 7.179988000000001 7.495628000000001 7.4437180000000005 4.5489880000000025e+50 4.246514000000001e+50 4.587718000000002e+50
448.0 2.745231999999998 2.44454 2.50283 7.165612 7.479133999999999 7.427543999999999 4.506167999999999e+50 4.208013999999999e+50 4.545255999999998e+50
449.0 2.744706 2.4483060000000005 2.5063060000000004 7.154879999999999 7.464255999999999 7.412975999999999 4.466871999999997e+50 4.170959999999998e+50 4.503833999999998e+50
450.0 2.747538 2.455862 2.5136220000000002 7.139576 7.445192 7.394419999999999 4.420945999999999e+50 4.128563999999999e+50 4.456969999999999e+50
451.0 2.751984000000002 2.4624879999999996 2.5200579999999997 7.123856 7.426230000000001 7.376010000000001 4.377108000000003e+50 4.087150000000002e+50 4.4116200000000026e+50
452.0 2.753162 2.4699680000000006 2.5273760000000007 7.111067999999999 7.408982 7.3591619999999995 4.333991999999998e+50 4.047467999999998e+50 4.367303999999998e+50
453.0 2.757428 2.4794439999999995 2.5367239999999995 7.09714 7.391203999999999 7.341833999999999 4.291207999999999e+50 4.007655999999999e+50 4.323339999999998e+50
454.0 2.7581739999999995 2.48363 2.54051 7.082977999999999 7.374251999999999 7.325291999999999 4.2486839999999986e+50 3.969481999999998e+50 4.280827999999999e+50
455.0 2.7375779999999996 2.4675439999999997 2.523615999999999 7.0666080000000004 7.354860000000001 7.306202000000001 4.208040000000002e+50 3.931712000000001e+50 4.239006000000001e+50
456.0 2.7520600000000006 2.485748000000001 2.541998000000001 7.052643999999999 7.337326 7.289027999999999 4.165835999999999e+50 3.893183999999999e+50 4.196229999999999e+50
457.0 2.7584199999999996 2.4961339999999996 2.5522839999999998 7.037436 7.319322 7.271399999999999 4.124231999999998e+50 3.855399999999999e+50 4.154413999999999e+50
458.0 2.7382319999999987 2.4801119999999983 2.5352639999999984 7.021223999999999 7.30057 7.252979999999999 4.082485999999998e+50 3.8171499999999985e+50 4.112173999999999e+50
459.0 2.7249719999999997 2.4725179999999995 2.5269759999999994 7.005788000000001 7.282032 7.234740000000001 4.0397340000000015e+50 3.778270000000002e+50 4.068976000000001e+50
460.0 2.7423880000000014 2.490976000000001 2.545576000000001 6.989275999999999 7.263012 7.216189999999999 3.9962279999999986e+50 3.7381579999999988e+50 4.0250399999999984e+50
461.0 2.7567619999999997 2.511528 2.56631 6.9757359999999995 7.2448299999999985 7.198457999999999 3.956001999999998e+50 3.7006779999999983e+50 3.983479999999998e+50
462.0 2.7475219999999987 2.506393999999999 2.560595999999999 6.958347999999998 7.224451999999999 7.178491999999999 3.914723999999998e+50 3.6623179999999983e+50 3.941413999999998e+50
463.0 2.7257380000000007 2.4903400000000007 2.5436000000000005 6.943344000000001 7.206288 7.160648 3.8747540000000014e+50 3.625532000000001e+50 3.900912000000001e+50
464.0 2.7352659999999993 2.502805999999999 2.5560659999999995 6.928850000000001 7.18914 7.143892000000001 3.835106000000002e+50 3.5896100000000016e+50 3.861174000000002e+50
465.0 2.7530959999999998 2.5237919999999994 2.5773719999999996 6.915316 7.172567999999999 7.127699999999999 3.798241999999999e+50 3.555407999999999e+50 3.823641999999998e+50
466.0 2.739527999999999 2.514635999999999 2.567517999999999 6.898447999999999 7.1532919999999995 7.1087299999999995 3.757747999999999e+50 3.5188359999999986e+50 3.783267999999999e+50
467.0 2.7302839999999997 2.5101599999999995 2.5623699999999996 6.881282000000001 7.132416 7.0883140000000004 3.7173500000000017e+50 3.4809540000000014e+50 3.741610000000001e+50
468.0 2.7560860000000003 2.5384259999999994 2.5911659999999994 6.86868 7.116710000000001 7.073072000000002 3.6800080000000017e+50 3.446382000000002e+50 3.703690000000002e+50
469.0 2.7353859999999988 2.522515999999999 2.574355999999999 6.8508239999999985 7.095967999999998 7.052657999999998 3.642795999999998e+50 3.4118999999999985e+50 3.665785999999998e+50
470.0 2.7427740000000003 2.534628000000001 2.586438000000001 6.836206 7.077967999999999 7.035047999999999 3.6041279999999986e+50 3.376033999999999e+50 3.6264179999999984e+50
471.0 2.7402279999999983 2.5349459999999984 2.5864179999999983 6.820017999999998 7.059849999999999 7.017267999999999 3.5681839999999984e+50 3.3439779999999987e+50 3.591001999999999e+50
472.0 2.7442399999999987 2.5420259999999986 2.593383999999998 6.807344000000001 7.044956000000001 7.002636000000001 3.532674000000002e+50 3.3118000000000014e+50 3.5555940000000017e+50
473.0 2.732789999999999 2.534511999999999 2.585353999999999 6.79047 7.0264299999999995 6.984429999999999 3.497791999999999e+50 3.280231999999999e+50 3.5211979999999985e+50
474.0 2.7484379999999997 2.552854 2.603964 6.777405999999999 7.010769999999999 6.969119999999998 3.4635659999999987e+50 3.2493859999999986e+50 3.4872079999999988e+50
475.0 2.734656000000001 2.542604000000001 2.5931020000000014 6.761136 6.992426 6.951096 3.4282259999999987e+50 3.217289999999999e+50 3.4521339999999985e+50
476.0 2.7373200000000013 2.550160000000001 2.6005620000000014 6.743676000000002 6.971940000000002 6.931028000000001 3.3920780000000018e+50 3.1841300000000022e+50 3.4158620000000024e+50
477.0 2.7420720000000007 2.559850000000001 2.610188000000001 6.72715 6.951934 6.9115839999999995 3.354977999999999e+50 3.1496379999999988e+50 3.378291999999999e+50
478.0 2.7331319999999995 2.5536339999999997 2.6034939999999995 6.709765999999999 6.932297999999999 6.892335999999999 3.3218059999999988e+50 3.119123999999999e+50 3.3450459999999987e+50
479.0 2.7400640000000003 2.5635240000000006 2.6134140000000006 6.6968939999999995 6.917266 6.877695999999999 3.2891439999999987e+50 3.089749999999999e+50 3.3128939999999987e+50
480.0 2.7386600000000003 2.5658520000000005 2.6155120000000003 6.681812000000001 6.900282000000001 6.861040000000001 3.256632000000001e+50 3.060838000000001e+50 3.281202000000001e+50
481.0 2.73351 2.564092 2.61347 6.666232 6.882392 6.84354 3.224497999999999e+50 3.0313239999999993e+50 3.249057999999999e+50
482.0 2.737566 2.5709480000000005 2.6203160000000008 6.652606 6.866787999999999 6.8283179999999986 3.192141999999999e+50 3.002419999999999e+50 3.217351999999999e+50
483.0 2.740014 2.576226 2.625506 6.638679999999999 6.850929999999999 6.812847999999999 3.1606339999999985e+50 2.973971999999999e+50 3.186291999999999e+50
484.0 2.740496 2.581164 2.630366 6.625286000000001 6.835278000000001 6.797558 3.1298900000000012e+50 2.946048000000001e+50 3.155890000000001e+50
485.0 2.743522 2.5867419999999997 2.63596 6.612203999999999 6.820175999999999 6.782865999999999 3.099647999999999e+50 2.918793999999999e+50 3.126145999999999e+50
486.0 2.744752 2.590746 2.639954 6.598682 6.804626 6.7677439999999995 3.069709999999999e+50 2.891577999999999e+50 3.096629999999999e+50
487.0 2.7468920000000003 2.595772 2.644972 6.585463999999999 6.789446 6.753003999999999 3.040281999999999e+50 2.864945999999999e+50 3.067739999999999e+50
488.0 2.7474540000000003 2.5996720000000004 2.6488620000000003 6.571812 6.773582 6.737592 3.011168000000001e+50 2.838404000000001e+50 3.038986000000001e+50
489.0 2.746994 2.6022079999999996 2.6513679999999997 6.558426000000001 6.757988000000001 6.722440000000001 2.9824860000000013e+50 2.8121080000000015e+50 3.0105200000000014e+50
490.0 2.74742 2.604928 2.6540380000000003 6.545502 6.7430259999999995 6.707923999999999 2.9545139999999995e+50 2.7866419999999993e+50 2.9828739999999993e+50
491.0 2.7465360000000003 2.606864 2.6559360000000005 6.532483999999999 6.727805999999999 6.693146 2.9267579999999987e+50 2.761095999999999e+50 2.955235999999999e+50
492.0 2.747132 2.6096579999999996 2.65873 6.519382 6.712896000000001 6.678666000000001 2.898796000000001e+50 2.735656000000001e+50 2.927718000000001e+50
493.0 2.750078 2.6154060000000006 2.6646060000000005 6.507580000000001 6.698818 6.665028 2.8718660000000013e+50 2.710860000000001e+50 2.9008540000000015e+50
494.0 2.753898 2.621646 2.671054 6.496877999999999 6.686367999999999 6.6529799999999994 2.8456599999999988e+50 2.687427999999999e+50 2.875327999999999e+50
495.0 2.751213999999999 2.620786 2.670176 6.483926 6.671822 6.638832 2.819805999999999e+50 2.6636899999999994e+50 2.849853999999999e+50
496.0 2.75187 2.624494 2.6740139999999997 6.472606 6.658696 6.626116 2.793875999999999e+50 2.640519999999999e+50 2.824721999999999e+50
497.0 2.75712 2.63207 2.6818579999999996 6.462616000000001 6.647028000000001 6.6148880000000005 2.7687160000000014e+50 2.6179620000000013e+50 2.8003260000000015e+50
498.0 2.75481 2.6325260000000004 2.6823460000000003 6.449412 6.632065999999999 6.600343999999999 2.742355999999999e+50 2.594275999999999e+50 2.774685999999999e+50
499.0 2.756246 2.637778 2.6877180000000003 6.436069999999999 6.616432 6.585209999999999 2.7149799999999988e+50 2.569467999999999e+50 2.747789999999999e+50
500.0 2.7629 2.64559 2.69582 6.42523 6.60421 6.57349 2.68937e+50 2.54695e+50 2.72331e+50
501.0 2.76103 2.64574 2.69611 6.41437 6.5919 6.56157 2.6657e+50 2.52566e+50 2.70038e+50
502.0 2.758069999999999 2.6453599999999993 2.695849999999999 6.403509999999999 6.579409999999999 6.549489999999999 2.6417699999999983e+50 2.5041199999999982e+50 2.677149999999998e+50
503.0 2.76123 2.64959 2.70039 6.39347 6.56835 6.53883 2.61742e+50 2.4829e+50 2.65405e+50
504.0 2.76338 2.65431 2.70543 6.38356 6.55709 6.52796 2.59393e+50 2.46207e+50 2.63156e+50
505.0 2.76144 2.65384 2.70516 6.37296 6.54538 6.51667 2.57007e+50 2.44125e+50 2.60896e+50
506.0 2.7598600000000015 2.6537600000000015 2.7052800000000015 6.36216 6.533369999999999 6.50506 2.546179999999998e+50 2.4202799999999983e+50 2.586199999999998e+50
507.0 2.7621 2.65782 2.70969 6.35219 6.52228 6.49438 2.52237e+50 2.39923e+50 2.56348e+50
508.0 2.76586 2.66395 2.71624 6.34172 6.51052 6.48304 2.49823e+50 2.3783e+50 2.54064e+50
509.0 2.76623 2.66642 2.71904 6.33102 6.49862 6.47158 2.47442e+50 2.3574e+50 2.51798e+50
510.0 2.76366 2.66577 2.71857 6.319739999999999 6.486199999999998 6.459559999999998 2.4499999999999976e+50 2.3360799999999973e+50 2.4947799999999974e+50
