# {0} signal over time, extracted at r = 500 km
# All quantities are measured in a resting observer's frame at infinity
# cols=4 rows=789
#              time        luminosity               <e>             <e^2>
#               "s"           "foe/s"           "MeV^1"           "MeV^2"
  -4.7168221251e-04  1.0349924642e-06    8.159185136814   77.298460721855
  -4.5586369625e-04  1.0348467703e-06    7.603300083553   70.479496959390
  -4.3174149860e-04  1.0355872546e-06    6.887536020161   61.697362193667
  -4.1035812267e-04  1.0378970215e-06    6.367743245841   55.300279852586
  -3.9138727557e-04  1.0421771409e-06    5.993154966467   50.661607784554
  -3.7575170812e-04  1.0474670834e-06    5.729194777509   47.380475145027
  -3.6217028689e-04  1.0534004220e-06    5.528528111458   44.877470013615
  -3.5177697883e-04  1.0587355941e-06    5.390635630429   43.152402659754
  -3.4309031085e-04  1.0637123285e-06    5.283992006879   41.815370191726
  -3.3464123392e-04  1.0690070772e-06    5.187033640636   40.597419665799
  -3.2638561840e-04  1.0746139060e-06    5.098119504481   39.478200823521
  -3.2560245633e-04  1.0751677656e-06    5.089949779412   39.375220712685
  -3.1753100832e-04  1.0811048456e-06    5.008626541197   38.349301456377
  -3.0963827286e-04  1.0873085288e-06    4.933531895689   37.399986845017
  -3.0218197433e-04  1.0935284079e-06    4.866261596393   36.547926746299
  -2.9421406088e-04  1.1005610906e-06    4.797979751257   35.681722904401
  -2.8663801348e-04  1.1075903571e-06    4.736630266316   34.902978993610
  -2.7897277082e-04  1.1150089475e-06    4.677534570605   34.151644074205
  -2.7148848660e-04  1.1225472291e-06    4.622545022782   33.451407911739
  -2.6319232175e-04  1.1312443651e-06    4.564523029684   32.711345367257
  -2.5353881711e-04  1.1418235039e-06    4.500689305152   31.895191550785
  -2.4364255215e-04  1.1532122571e-06    4.439054660235   31.105337351724
  -2.3740592547e-04  1.1606807583e-06    4.402075006233   30.630511088316
  -2.2917364269e-04  1.1708928805e-06    4.355318071596   30.029126994619
  -2.2463787755e-04  1.1766947239e-06    4.330507928462   29.709515529410
  -2.1855952199e-04  1.1846714438e-06    4.298283760343   29.293880340743
  -2.1200575843e-04  1.1935351312e-06    4.264799794279   28.861278389407
  -2.0712498205e-04  1.2003195257e-06    4.240679495033   28.549510931524
  -1.9916538575e-04  1.2116928086e-06    4.202838187346   28.060966315288
  -1.9516698925e-04  1.2175392938e-06    4.184473940303   27.823641786948
  -1.8994882504e-04  1.2253050130e-06    4.161123622768   27.521604960002
  -1.8149313899e-04  1.2382211174e-06    4.124711713617   27.049964694521
  -1.7600278204e-04  1.2468306785e-06    4.101977726336   26.755095186921
  -1.6787578297e-04  1.2599079399e-06    4.069550431272   26.334454409896
  -1.6107648199e-04  1.2711318405e-06    4.043464766943   25.996227020782
  -1.5221823101e-04  1.2861311303e-06    4.010883315931   25.573317647825
  -1.4302890710e-04  1.3021516401e-06    3.978669519450   25.154582439208
  -1.3666046191e-04  1.3135351196e-06    3.957237373416   24.875594579488
  -1.3414664502e-04  1.3180928944e-06    3.948975767533   24.767942146307
  -1.2556105902e-04  1.3339463569e-06    3.921548202244   24.410254777851
  -1.2237065760e-04  1.3399510742e-06    3.911656377358   24.281130518211
  -1.2123341792e-04  1.3421063992e-06    3.908170021766   24.235590246323
  -1.2112481434e-04  1.3423125330e-06    3.907838304671   24.231248590179
  -1.1628236720e-04  1.3515855955e-06    3.893225204881   24.040228812331
  -1.0853164516e-04  1.3667419632e-06    3.870563869420   23.743601379885
  -9.9516367836e-05  1.3848715900e-06    3.845290850134   23.412166347567
  -9.7375638011e-05  1.3892569440e-06    3.839452673544   23.335524726157
  -9.2949146503e-05  1.3984247471e-06    3.827578034649   23.179411608284
  -8.4713878095e-05  1.4158525875e-06    3.806159189550   22.897485596894
  -7.7190816907e-05  1.4322004095e-06    3.787334477194   22.649099150609
  -7.0642105762e-05  1.4467725101e-06    3.771496033262   22.439702473889
  -6.4106686709e-05  1.4616399136e-06    3.756177728084   22.236806550253
  -5.7992834371e-05  1.4758467610e-06    3.742274577407   22.052246006561
  -5.2570744214e-05  1.4886917891e-06    3.730281259015   21.892691391918
  -4.7251961286e-05  1.5015219364e-06    3.718809684928   21.739851812960
  -4.1994242918e-05  1.5144301222e-06    3.707749860320   21.592162917876
  -3.6662755377e-05  1.5277524290e-06    3.696812874738   21.445801395755
  -3.1630763802e-05  1.5405448476e-06    3.686737072233   21.310675995457
  -2.6637985804e-05  1.5534504504e-06    3.676975464327   21.179440573520
  -2.2149052172e-05  1.5652382870e-06    3.668389292026   21.063772898377
  -1.7934110628e-05  1.5764677109e-06    3.660490109525   20.957121070213
  -1.3628954469e-05  1.5881010211e-06    3.652581552690   20.850110864695
  -9.4433485437e-06  1.5995717583e-06    3.645044648292   20.747895226215
  -4.9760472364e-06  1.6119914064e-06    3.637162984863   20.640744912352
  -9.4161202188e-07  1.6233666606e-06    3.630183952301   20.545648827028
   2.7737284826e-06  1.6339777309e-06    3.623869847326   20.459445886779
   6.3176063222e-06  1.6442204039e-06    3.617952026182   20.378443180491
   9.8134184083e-06  1.6544423709e-06    3.612208490140   20.299678605384
   1.3632947362e-05  1.6657460370e-06    3.606039969957   20.214884544231
   1.7337279322e-05  1.6768448868e-06    3.600162756205   20.133898339669
   1.8933689643e-05  1.6816697400e-06    3.597660770020   20.099365675156
   2.5974643668e-05  1.7208884380e-06    3.591421621423   19.994197328229
   3.9318872294e-05  1.7664766441e-06    3.571562679140   19.717130143361
   5.6221614008e-05  1.8283854590e-06    3.548744006540   19.394645327861
   7.4158532465e-05  1.8989785036e-06    3.527037956466   19.081478211098
   9.0587997411e-05  1.9679350959e-06    3.509193689375   18.817921251162
   1.0774013721e-04  2.0441712002e-06    3.492437410115   18.563944280487
   1.2391899280e-04  2.1199286210e-06    3.478222200954   18.342217820979
   1.4067746307e-04  2.2022159092e-06    3.464979327159   18.129088635674
   1.5737245096e-04  2.2879388937e-06    3.453158348075   17.932065371346
   1.7269607561e-04  2.3698227436e-06    3.443417849471   17.763631154817
   1.8978992673e-04  2.4647070249e-06    3.433711841407   17.588778351725
   2.0592507160e-04  2.5576362859e-06    3.425594260996   17.435575767624
   2.2296649059e-04  2.6592916599e-06    3.418048562396   17.285558878176
   2.4106666942e-04  2.7711748778e-06    3.411117114663   17.138813979151
   2.5785726743e-04  2.8785507003e-06    3.405626350098   17.013769520185
   2.7567938875e-04  2.9963056632e-06    3.400732913007   16.892238836557
   2.9471656296e-04  3.1264139659e-06    3.396513643315   16.774677957830
   3.1518079863e-04  3.2713104478e-06    3.393079064395   16.661898614064
   3.3409691967e-04  3.4099602398e-06    3.390866849276   16.569715752376
   3.5454328074e-04  3.5650761766e-06    3.389458316388   16.482587415526
   3.7634312735e-04  3.7369020837e-06    3.388987497259   16.403146923882
   3.9944211667e-04  3.9281720098e-06    3.389410654128   16.331791259115
   4.2410432433e-04  4.1585761336e-06    3.390234685927   16.248282513233
   4.5047046634e-04  4.5322355573e-06    3.385939692122   16.016311148301
   4.7647349738e-04  5.2207387633e-06    3.366366852855   15.499470996560
   5.0381707378e-04  6.5237796062e-06    3.329671202530   14.724634843678
   5.3346978284e-04  8.8549127959e-06    3.283579858611   13.897150014824
   5.6437054197e-04  1.2653122639e-05    3.247040107923   13.252472393171
   5.9603625209e-04  1.8575512718e-05    3.224632942106   12.825229880445
   6.2996350459e-04  2.8208037864e-05    3.219803169681   12.629787915624
   6.6512434063e-04  4.3318163905e-05    3.236367433968   12.649000896354
   7.0269948294e-04  6.7591225538e-05    3.266963665084   12.801139985743
   7.4600506254e-04  1.0992075629e-04    3.326554306841   13.172078517815
   7.8685802958e-04  1.6818039120e-04    3.399667664149   13.684102924331
   7.8889958574e-04  1.7163083716e-04    3.403687274070   13.714180651041
   8.3490809540e-04  2.6602173356e-04    3.479791681875   14.306751196439
   8.8618868048e-04  4.1914506756e-04    3.534461846435   14.774545063082
   9.3956222437e-04  6.5189273343e-04    3.562786055516   15.031881052641
   9.9717676561e-04  1.0266306558e-03    3.612187038868   15.464088413692
   1.0615159853e-03  1.6639215906e-03    3.669053868106   15.968143409809
   1.1312313873e-03  2.7548487592e-03    3.725620014526   16.459107271543
   1.2071647365e-03  4.6693836805e-03    3.792280199157   17.043843026621
   1.2973793731e-03  8.5269195276e-03    3.869541058052   17.732217213218
   1.3927354332e-03    0.015616240322    3.943900561412   18.408839787235
   1.4998568372e-03    0.029736620858    4.037851570003   19.273500787438
   1.6195956543e-03    0.057925273818    4.143192417735   20.241521230690
   1.7524470879e-03    0.110545117263    4.299391021351   21.767255132944
   1.8938213088e-03    0.194110924409    4.504511314799   23.920263263498
   2.0617171252e-03    0.331127212074    4.817342216663   27.471129087375
   2.2257915221e-03    0.509871991819    5.191528376191   32.050881056670
   2.3906904134e-03    0.747492157936    5.634177256007   37.925665932122
   2.5818803340e-03    1.119683606860    6.225121444368   46.472942720245
   2.7813846070e-03    1.636494431805    6.869088701606   56.657913524239
   2.9808888799e-03    2.263469520400    7.476293725793   67.044918053866
   3.1803931529e-03    2.953102778071    8.016736045640   76.961358168785
   3.3798974258e-03    3.656981595045    8.486522627074   86.131992063066
   3.5794016987e-03    4.339949544484    8.892108491836   94.510398096102
   3.7789059717e-03    4.976359453910    9.242117340318  102.138188572821
   4.0246760760e-03    5.670435483483    9.605322894501  110.513098765975
   4.2753719708e-03    6.266666248622    9.909028883459  117.944100662636
   4.5260678657e-03    6.764222226432   10.156228224883  124.331007389625
   4.7767637605e-03    7.181072826638   10.357219753207  129.787949173070
   5.0274596554e-03    7.532483259300   10.522703826355  134.482061487351
   5.2781555502e-03    7.831903854495   10.661506717724  138.572031312239
   5.5288514451e-03    8.094457240093   10.779343662773  142.167315639436
   5.7795473399e-03    8.331370060876   10.880316168056  145.342074720416
   6.0303407223e-03    8.555412148940   10.966950676964  148.128512505652
   6.2811408280e-03    8.769041836606   11.041333342689  150.560708455221
   6.5319409337e-03    8.983987374365   11.105809678937  152.681317433929
   6.7827410393e-03    9.198083219453   11.165470965790  154.623695536710
   7.0335411450e-03    9.425374327298   11.221305176994  156.415225807995
   7.2843412507e-03    9.667762688379   11.283519914997  158.348430088833
   7.5351413563e-03    9.918500582460   11.352247757870  160.465060465695
   7.7881428325e-03   10.190433543288   11.423001391091  162.639646283137
   8.0432156507e-03   10.479817463107   11.496978978497  164.901780093908
   8.2982884690e-03   10.785387543264   11.570720117603  167.156331646521
   8.5533612872e-03   11.102342898230   11.646516704749  169.469622041039
   8.8084341055e-03   11.434184098838   11.720313533755  171.722613447104
   9.0635069237e-03   11.766044137952   11.791779124277  173.919481018675
   9.3185797420e-03   12.106549337054   11.855882464249  175.888880235515
   9.5736525602e-03   12.454060498351   11.917911806184  177.769586609497
   9.8287253785e-03   12.802308079352   11.980746702960  179.653318579597
     0.010083798197   13.147995235443   12.035018771168  181.274408262875
     0.010338871015   13.489255219675   12.090125670574  182.917053072388
     0.010593943833   13.822561299934   12.138053016358  184.339435149177
     0.010846047715   14.156882176804   12.180596989337  185.573656791081
     0.011101391114   14.493846664456   12.226376209741  186.904892120887
     0.011356734513   14.812743816641   12.264345693338  188.006599114637
     0.011612077912   15.140661883095   12.304388314192  189.157965707022
     0.011867421311   15.453485665724   12.343187206231  190.296214653588
     0.012122764710   15.742638828861   12.370809191462  191.086637632916
     0.012378108109   16.050769327218   12.400193599646  191.920563774972
     0.012633451508   16.342118623177   12.433737218459  192.917677784806
     0.012888794907   16.602259497923   12.462438686001  193.757153333972
     0.013144138306   16.876435740639   12.487985434386  194.462597050246
     0.013399481705   17.145748847793   12.513143905327  195.176563340495
     0.013654950611   17.387541466318   12.538342505932  195.924238683695
     0.013906115314   17.631949488941   12.560990375938  196.570407270249
     0.014164613260   17.891402626763   12.576609305436  196.963255126876
     0.014421759471   18.147063553538   12.593063884168  197.385694651441
     0.014677275966   18.400126136692   12.618648180859  198.136849830923
     0.014929440731   18.654957516208   12.644368466179  198.913275240659
     0.015181605496   18.903852417131   12.661549046293  199.409585240690
     0.015434232505   19.128827895557   12.670788272978  199.633867101820
     0.015684704739   19.352728927800   12.682790793084  199.955722681335
     0.015935189654   19.608575187390   12.709320826965  200.754340118894
     0.016186583182   19.859675507904   12.738132294179  201.637203483302
     0.016442534520   20.072543185921   12.754198910093  202.131620581068
     0.016698978119   20.262778725304   12.762976294640  202.391157170657
     0.016958123273   20.462099642724   12.774198826594  202.698710222239
     0.017211413921   20.670448027571   12.787857774713  203.061815705760
     0.017464704569   20.876258031684   12.801338839270  203.451528351075
     0.017718153890   21.061103401286   12.816391513374  203.948934854949
     0.017971920611   21.236072657217   12.830971088959  204.434428952335
     0.018230420871   21.422012913538   12.846165715930  204.926079513845
     0.018487087426   21.584658697077   12.852882403162  205.096483006712
     0.018743753980   21.713426825922   12.850805272944  204.964773667236
     0.019000420535   21.844766692639   12.852990073910  204.996505643107
     0.019253623167   21.997425503236   12.865778163156  205.411966306597
     0.019507005148   22.153250809082   12.880270343479  205.901156430938
     0.019759137884   22.281232468779   12.884044453887  206.045576798774
     0.020011270621   22.384709491154   12.881532523130  205.994173042192
     0.020263403357   22.483412406466   12.878416905541  205.908859993198
     0.020516907467   22.599694646079   12.877579762350  205.871708337802
     0.020767534483   22.743796014725   12.883579705591  206.072362103718
     0.021020345934   22.900011293771   12.894589827688  206.517561156117
     0.021274924204   23.055068895191   12.909367834082  207.179954768585
     0.021529502475   23.197576438239   12.922610009320  207.761376172114
     0.021784080745   23.309144030550   12.926513808559  207.877766556546
     0.022038659015   23.400683777104   12.924013663830  207.682427605243
     0.022293237285   23.490823042124   12.921356197070  207.494881428847
     0.022548529760   23.567952763510   12.914837695867  207.218589567455
     0.022803175383   23.647958179802   12.912402677062  207.162324320453
     0.023055988314   23.733391756825   12.915237339367  207.321053860681
     0.023308801244   23.820875420959   12.921389972175  207.580626291514
     0.023561614175   23.895958630951   12.927411438545  207.812527506741
     0.023814427106   23.956690472706   12.932489979915  207.998908367694
     0.024073394076   24.007815739274   12.932759588876  207.989870270009
     0.024325016244   24.056994204908   12.927530565974  207.788824408450
     0.024582088259   24.126481923459   12.927610622619  207.825699984990
     0.024833397298   24.196765600157   12.933350517430  208.096166403102
     0.025020084012   24.241698394848   12.938365403769  208.323335036631
     0.026026855332   24.408516555703   12.925889740357  207.743587200460
     0.027034516502   24.609622080597   12.935392823972  208.550456102113
     0.028058044834   24.787711318316   12.926182849894  208.198999085198
     0.029066147378   24.934982838986   12.955567099966  209.051407615065
     0.030077670176   25.079482553808   12.934620163539  208.519049402952
     0.031081269489   25.294516767145   12.978986209957  210.095634440373
     0.032095195203   25.341932310546   12.960755311610  209.256939356547
     0.033124450687   25.365101400880   12.955021088196  209.331281954063
     0.034143025426   25.497908642815   13.007399996307  210.652853073573
     0.035161505106   25.647093179747   13.001573871335  210.908148108786
     0.036162192536   25.822284567205   13.031963526735  211.595438868443
     0.037169287563   25.821573455609   13.034301880151  211.632740715553
     0.038188517741   25.571280966855   12.987551122903  210.077523279555
     0.039194704621   25.371514126465   12.968701496905  209.580883369906
     0.040198218953   25.446337068089   12.994011383894  210.346498760990
     0.041230098197   25.549747982986   13.018458228918  211.159720243704
     0.042271702028   25.349362276717   13.004685308663  210.737572956998
     0.043296366607   25.139952702280   12.981616568618  209.893195000224
     0.044337926607   25.100186471658   12.993219378333  210.314739792504
     0.045398781630   25.167670157130   13.038932818335  211.800314197016
     0.046456989438   25.158920638847   13.046140246274  211.953849944119
     0.047496989438   25.220657120801   13.057499729877  212.477922727160
     0.048513107438   25.310278025213   13.104075087938  213.813376212527
     0.049534879582   25.317910844481   13.129846998615  214.573193286061
     0.050570170256   25.283946213497   13.132720336693  214.771355769967
     0.051586268782   25.210172149728   13.142030334329  214.942026424889
     0.052619556195   25.153959520976   13.142818364236  215.361974539552
     0.053638580038   25.143830978145   13.163433615972  215.791318671335
     0.054650482381   25.075060148743   13.154790367777  215.722121907670
     0.055670979977   25.016258485818   13.156084262885  215.881631082410
     0.056714754709   24.928820064267   13.151538735388  215.588065160270
     0.057716132221   24.839432387253   13.145668283411  215.540112138793
     0.058725240324   24.828513501667   13.143983910820  215.786746309102
     0.059768813811   24.836463407690   13.192324855900  216.966778217854
     0.060793126791   24.728801573058   13.167286180631  216.378000366347
     0.061811890791   24.681692480396   13.160817942800  216.347153518490
     0.062836393565   24.629756098715   13.186858152972  216.908251680206
     0.063860438278   24.583646059806   13.182295696047  216.865747589902
     0.064902826671   24.551800653277   13.189859875967  217.173998395599
     0.065904826671   24.476393452130   13.171486711876  216.943000174787
     0.066917722671   24.421926604267   13.190564295690  217.414359025944
     0.067945122783   24.398104564711   13.215219995749  218.114161497660
     0.068966676700   24.415029855108   13.225062244193  218.553767293407
     0.070006060775   24.400420610897   13.236781108269  218.910181836744
     0.071022742035   24.361070267834   13.224898220616  218.894527510557
     0.072024920733   24.331566533189   13.263148928814  219.728008246836
     0.073050798710   24.310428478298   13.262099150186  219.928512617466
     0.074102385990   24.310926043458   13.279861426389  220.516271847633
     0.075108969786   24.296287989014   13.277167866428  220.752512483227
     0.076139256777   24.284594818411   13.302098209028  221.391758394216
     0.077140016600   24.249601946300   13.317392465542  221.860917107415
     0.078169609175   24.175845092884   13.318105254891  221.987101779711
     0.079195166223   24.159112272024   13.325919214251  222.418534455774
     0.080215517102   24.173387724835   13.337107146004  222.976223253234
     0.081237917821   24.156628495588   13.355559755719  223.458591699770
     0.082258922126   24.110085750955   13.359211768322  223.625900250415
     0.083258953724   24.092082275627   13.365827600646  223.975646127152
     0.084291739387   24.089926896640   13.373736900167  224.459848265825
     0.085346554075   24.096176599723   13.399953515594  225.328560995764
     0.086365851775   24.087753017474   13.392128197683  225.529416378582
     0.087394721551   24.044077802343   13.422636570968  226.152889099204
     0.088403914618   23.989805996393   13.422563639487  226.170160710904
     0.089414326308   23.944941538810   13.432984669257  226.579993523126
     0.090017189071   23.920878410202   13.436627187252  226.788932366849
     0.091025795921   23.858906527856   13.444861277741  227.210689159063
     0.092044589057   23.846675982913   13.447563566677  227.426665944971
     0.093084684448   23.835991493736   13.446955275877  227.914628385528
     0.094097671688   23.850620894512   13.476407377040  228.742296351539
     0.095112300765   23.750998910181   13.491560350365  228.947981903991
     0.096142335937   23.671552471173   13.487972540460  229.045525065392
     0.097152908131   23.633407775776   13.488437485271  229.224264637445
     0.098178308130   23.592243210955   13.498310373084  229.525064054033
     0.099186714978   23.543323467523   13.498674525320  229.773390954283
     0.100215050217   23.482659752262   13.516874847956  230.190137520177
     0.101221082074   23.435611588218   13.514684414839  230.368704569170
     0.102243976317   23.371675321867   13.523140123087  230.672566924976
     0.103323237308   23.307981748899   13.528615538643  230.876979454806
     0.104328304933   23.268966346307   13.497453548320  230.529251592054
     0.105344606852   23.201101862600   13.570712157923  231.972423248377
     0.106376398150   23.129489222479   13.549278685890  231.925379334079
     0.107380199597   23.102760287830   13.522726352475  231.828786090060
     0.108385528758   23.049524617491   13.599582600282  233.288548781148
     0.109408755163   22.955303299625   13.574812305618  232.866413389688
     0.110447213751   22.886655279507   13.574998531016  232.980883213423
     0.111475551002   22.807711612816   13.572839625385  233.015244949594
     0.112496851063   22.747982996608   13.581181698916  233.315635774117
     0.113507577535   22.684087145621   13.587419207698  233.511916256884
     0.114507891810   22.623990579669   13.576152858880  233.495604791042
     0.115510936261   22.552041919593   13.598068486739  233.914495943511
     0.116527417897   22.491191420231   13.600726396201  234.035665191253
     0.117530978966   22.406967684820   13.601126100906  234.162262857777
     0.118543537935   22.345976973934   13.609053603404  234.541374273496
     0.119549854413   22.304473327457   13.615352721281  234.992812527963
     0.120577382094   22.237050801488   13.620790619765  235.225829209755
     0.121579001409   22.183447960284   13.627253279455  235.429339589707
     0.122581490819   22.123927550950   13.632213982910  235.653665584870
     0.123590974743   22.056544124764   13.639540914269  236.000355655568
     0.124612888603   22.014494911845   13.650224082109  236.593703959762
     0.125631599716   21.963921717812   13.655078970638  236.911529899990
     0.126645228530   21.909723416151   13.666462905041  237.219380311696
     0.127653183092   21.848395067587   13.666922022368  237.302465181632
     0.128673806332   21.788488218093   13.667907436724  237.499029500717
     0.129690974412   21.699400771100   13.669633871994  237.666970600275
     0.130693769498   21.659909561327   13.688484714184  238.331235855760
     0.131700489486   21.608417937734   13.686831183911  238.567591143262
     0.132716674440   21.532427133812   13.696644159576  238.709260607875
     0.133719019162   21.475938027204   13.695260520508  238.802334501755
     0.134727331736   21.413087358922   13.702359641902  239.026311839294
     0.135729909018   21.349832113388   13.697139569351  239.140549966817
     0.136736092547   21.284491282664   13.713105565939  239.471674744699
     0.137744122930   21.189334709716   13.709714904787  239.535042076883
     0.138758170996   21.151765113916   13.720841574884  240.222002979191
     0.139759050811   21.072937343137   13.723605906491  240.285941888893
     0.140770932860   21.015355028777   13.720149935582  240.289255829332
     0.141785856732   20.941530023880   13.721171525024  240.162787311640
     0.142796331363   20.883454037828   13.721080405564  240.389774710786
     0.143810314152   20.813351531297   13.735845388481  240.737040304044
     0.144820959715   20.762546507302   13.724515530134  241.009615878790
     0.145833535381   20.703993139708   13.760015012534  241.689571048118
     0.146841514715   20.626040566018   13.746207354741  241.444610467981
     0.147843538252   20.564317500992   13.747521072985  241.526851014876
     0.148852715245   20.489781271242   13.746790654169  241.536013679489
     0.149854370250   20.422466415872   13.750721083644  241.722961859535
     0.150863665079   20.365567674026   13.752738409396  241.898139987927
     0.151874779009   20.294871716334   13.760563175711  242.362600620272
     0.152889642880   20.230862211102   13.763894727933  242.625566045492
     0.153889923506   20.182896077197   13.754166392860  242.584626151997
     0.154897441466   20.112260279796   13.778534792049  242.804870294179
     0.155901515959   20.017415409943   13.758192475480  242.302541291901
     0.156914876820   19.969495069213   13.761511666700  242.625454106166
     0.157915890085   19.915778937863   13.775224984007  243.233678349231
     0.158917586591   19.862475965877   13.781298214021  243.641044657929
     0.159929582604   19.788236602447   13.783245700649  243.685111385285
     0.160931488448   19.729686622109   13.782143664992  243.764031465825
     0.161941128097   19.653742822337   13.782017445073  243.750461411146
     0.162942356980   19.576785564876   13.778733103486  243.654677917841
     0.163949047174   19.507396266920   13.775721223871  243.551329043468
     0.164954862026   19.426088320534   13.772071698564  243.398079126380
     0.165965974844   19.362444521066   13.776877517220  243.642321928603
     0.166976047424   19.329351830976   13.789241680657  244.506913246106
     0.167988956863   19.270537936748   13.790068010816  244.477671593497
     0.169000059810   19.203631093521   13.789235832661  244.379491148883
     0.170007715328   19.147107907748   13.791098217027  244.517355455530
     0.171018964836   19.111121048738   13.805460504736  245.497495847483
     0.172029880954   19.057620692348   13.816290401894  245.821804466231
     0.173034182872   18.988605786463   13.809398771242  245.695592389511
     0.174062701240   18.928593047699   13.807169197110  245.552030780420
     0.175063401713   18.849688312106   13.802104035828  245.261860201826
     0.176063785009   18.816796268670   13.805690433918  245.962883558951
     0.177069904012   18.776275635137   13.832389685164  246.863480604612
     0.178077203149   18.706950331742   13.824662300733  246.559870768392
     0.179084191302   18.631157313218   13.819671121181  246.299263605010
     0.180084430376   18.576287614827   13.819467938387  246.278649357281
     0.181097447923   18.507816525929   13.816275468805  246.286133253059
     0.182102524746   18.482912703165   13.837975594555  247.497423600339
     0.183105927024   18.434719421895   13.838368895019  247.622600602748
     0.184110602851   18.362814549712   13.828231578390  247.153312643393
     0.185115619938   18.285182489528   13.822046484732  246.729919735374
     0.186117393541   18.245302952946   13.824077177293  247.016203490894
     0.187129912592   18.228897352456   13.838423396141  248.079882991921
     0.188145916889   18.169514738257   13.824497324358  247.797734046873
     0.189148565580   18.093512771127   13.845187335872  247.962147702724
     0.190156859298   18.040708991035   13.820701189974  247.386876842196
     0.191165933700   17.988930890485   13.844300489595  248.173509101463
     0.192181996469   17.957760584506   13.854039435982  248.832921704801
     0.193184448951   17.915082431954   13.829443509847  248.303304569160
     0.194195025938   17.857522377713   13.867736119564  248.818865674233
     0.195204736063   17.785945855265   13.851631811088  248.561592379773
     0.196206518706   17.771496153316   13.870632306418  249.868033284410
     0.197219214569   17.718835901229   13.859175066187  249.618287502913
     0.198223425510   17.670535103102   13.846223293848  249.113624680153
     0.199236274246   17.605756397471   13.876633203150  249.466455927821
     0.200241051089   17.567322245545   13.865818901931  249.388472859327
     0.201253144950   17.486665832624   13.846428026980  248.899120699559
     0.202263006852   17.425524874483   13.838776449943  248.703215770859
     0.203270830574   17.376166677912   13.857211315646  249.464690607851
     0.204271633277   17.364548204639   13.852805777920  249.707424685224
     0.205281736528   17.308640927571   13.845968611620  249.354765151697
     0.206292382361   17.265023347956   13.851598715749  249.613280455141
     0.207306603734   17.195681811887   13.882808696522  250.175355257475
     0.208313961267   17.118127866423   13.833982556034  248.961574808335
     0.209319217049   17.118412584946   13.868392885016  250.351500000382
     0.210328425504   17.063458284932   13.867276581669  250.007261628753
     0.211342374481   17.069548692407   13.879929194734  251.344715046656
     0.212342649442   17.018675075137   13.900888954203  252.006125043393
     0.213351593274   16.968011826611   13.897433605025  251.863578991647
     0.214364800182   16.883362408416   13.879232198786  250.741556658877
     0.215373642962   16.878046628088   13.883751116529  251.588587498858
     0.216299437646   16.854658516908   13.910999941697  251.887558916363
     0.217301400562   16.837114583493   13.903961062253  252.816885596239
     0.218307979103   16.811557018212   13.923504137601  253.627644796102
     0.219313874586   16.751232498392   13.913036374800  253.440281791505
     0.220314183684   16.705600167896   13.921435279192  253.545827371998
     0.221320725761   16.655406634125   13.908702644115  253.245708058774
     0.222333184771   16.610353114225   13.899451719146  253.193099046983
     0.223345080020   16.576124025459   13.917865554022  253.613139529244
     0.224345714811   16.462051114243   13.846064553476  250.913931382069
     0.225349085094   16.391300565864   13.880584051090  251.175675615826
     0.226365447554   16.355673816550   13.847909382151  251.030114494016
     0.227365509348   16.335573868002   13.897909707639  251.947910374096
     0.228369302867   16.345171818119   13.885220446297  252.671800817485
     0.229377013161   16.288838063048   13.876055010064  252.232579327817
     0.230379759250   16.250838290541   13.876638749660  252.473694207609
     0.231381287450   16.196484499123   13.913256036488  252.762057540517
     0.232382430053   16.174419746646   13.871260872653  252.778378732902
     0.233383242305   16.145023185881   13.913590477337  253.205220157192
     0.234390565258   16.114482609752   13.874581610833  252.968861494580
     0.235401019515   16.112004191671   13.943117634903  255.054992604133
     0.236403271573   16.062152630442   13.933336631834  254.787010522771
     0.237411107052   16.013407512732   13.926342122777  254.700475754906
     0.238421015341   15.970999678950   13.917501631367  254.604481235609
     0.239434040453   15.929331103764   13.925113237442  254.671656166823
     0.240440555302   15.885738772521   13.941901270572  254.944276575208
     0.241451892273   15.839354614947   13.927474019117  254.460254141600
     0.242460357592   15.783076154231   13.906217396586  253.715026873915
     0.243463844904   15.725175023840   13.907540952448  253.499961059999
     0.244464674821   15.668407317946   13.897742705127  252.711450694362
     0.245480615329   15.655419336855   13.889626127732  253.237219428231
     0.246484328380   15.619707299383   13.893972401414  253.338143597742
     0.247492825585   15.601214351883   13.879928938505  252.956634868978
     0.248496792839   15.566657635586   13.928891751886  254.460651293900
     0.249387857550   15.558585930114   13.900947166991  254.733919870979
     0.250280359339   15.512386361418   13.932163099204  254.541025198134
     0.251208697683   15.474586481449   13.913911764826  254.363223923524
     0.252223340488   15.495084099130   13.956053139844  256.374453489981
     0.253234728880   15.449787856386   13.939844691244  255.902624134168
     0.254240951723   15.419199917386   13.946846654211  256.247526844848
     0.255250548331   15.383305776506   13.949857665125  256.713254530319
     0.256256375879   15.318425988941   13.924686796344  255.987923254095
     0.256405265670   15.304623298925   13.912519690423  255.646088526683
     0.257418080608   15.326005401263   13.947691815799  255.657636806253
     0.258427219314   15.216739615064   13.907746932161  254.492615544331
     0.259437963016   15.210810403773   13.903996309626  254.265013527150
     0.260446534777   15.165742247098   13.901024523916  253.838250401052
     0.261453785872   15.132476868481   13.886131582851  253.171109040417
     0.262454753646   15.130049015151   13.900769576018  253.732486656228
     0.263455971535   15.081501632817   13.898246427234  254.307114212040
     0.264469511000   15.040402647174   13.914241893307  254.784704411780
     0.265476227241   15.023533713381   13.911632901988  254.533120600630
     0.266484006677   14.921946357878   13.860443460212  251.880884998420
     0.267491565051   14.853543794280   13.856712013628  251.555448560643
     0.268460276483   14.806605993952   13.838091731973  250.873537417579
     0.269463177851   14.818675056846   13.869303793885  252.499909317321
     0.270470060781   14.822941270619   13.885164011553  253.352341710901
     0.271428646809   14.789543202462   13.881124406609  253.171941920593
     0.272341905209   14.748651307511   13.876093875907  252.669790409926
     0.273351528006   14.727993417999   13.875884288052  252.718438488027
     0.274357333339   14.777680156596   13.914003707599  255.403642005387
     0.275359745445   14.755382951941   13.926856380645  255.798854189482
     0.276369681676   14.714732613189   13.906736559333  255.356301437898
     0.277372350791   14.672310710271   13.918535415065  255.107471705557
     0.278376372353   14.640014179554   13.905342752441  254.673037696435
     0.279311945964   14.608965921073   13.904599089622  254.385524706687
     0.280319474784   14.576037563530   13.900857404394  254.019042335340
     0.281324080432   14.587492634457   13.907345190833  255.377530258757
     0.282329777376   14.620964581412   13.971210974686  257.825020061852
     0.283241005577   14.532079326297   13.904508587525  255.385557182393
     0.284245514613   14.468371084482   13.935861155575  256.321951877491
     0.285169891424   14.422267620517   13.913580812668  255.343047439596
     0.286145530793   14.380598669397   13.904536885689  254.873209119769
     0.287147963426   14.356910955147   13.903381469212  254.794110416898
     0.287997004119   14.319275747970   13.885992681831  253.890843392025
     0.289007749568   14.315049375884   13.894939285242  254.139084016952
     0.290016554105   14.358181155628   13.924995346813  256.528154446799
     0.291022761295   14.329885038874   13.939031818308  256.587174720460
     0.291750734559   14.308638563693   13.927512781605  256.191616583526
     0.292738260157   14.257848659880   13.920271450879  255.096959963065
     0.293628404807   14.310093119441   13.954060300850  257.776583787896
     0.294556894602   14.311369365431   13.970569136118  258.751918780913
     0.295564903262   14.218523115910   13.943869186364  256.967656513662
     0.296566474561   14.167031018436   13.922752134329  256.581917129614
     0.297428721877   14.128680007845   13.908607339043  255.361275866336
     0.298430190321   14.131369452291   13.924010740442  255.973742608061
     0.299393605823   14.135286838251   13.932402256292  256.711521854504
     0.300253505786   14.113437182053   13.939078962605  256.564530416476
     0.301261561186   14.095869845100   13.939224631147  256.688434945985
     0.302226834271   14.156398593655   13.985225163172  259.920372811039
     0.303234637238   14.109019751153   13.981223460715  259.211544013855
     0.304248009911   14.098524853220   13.968837000156  258.640881669023
     0.305258927880   14.069792645557   13.950484440324  258.073059565225
     0.305904870719   14.072614572686   13.971290239379  259.401950007685
     0.306916036282   14.060429064291   14.028776001327  260.877501169855
     0.307876746071   13.961074121409   13.952989687193  258.541305819256
     0.308886049107   13.910004944344   13.975171757521  258.805028414962
     0.309897946098   13.889615784690   13.954513932674  258.385105958214
     0.310905423558   13.846479257068   13.942620648922  257.803875712195
     0.311777375347   13.831786742282   13.944530030477  257.638351553172
     0.312609121911   13.793174725020   13.935318887661  256.542849882921
     0.313503147820   13.771367470639   13.926186729668  255.943808381264
     0.314418293412   13.770683195112   13.939506467376  257.300397828301
     0.315425778637   13.802409507415   13.986211786977  259.734013117939
     0.316325796026   13.769929525253   13.967784056611  259.158296107613
     0.317110032171   13.763480519221   13.976921549490  259.452964115527
     0.318015389206   13.720712247008   13.967968647313  258.944182451881
     0.318968947074   13.694456554482   13.968572316017  258.958493547834
     0.319978458647   13.658452886203   13.951073561298  258.000371461320
     0.320978923061   13.631604040722   13.932581580782  256.878795225470
     0.321912780560   13.621538352294   13.944981167404  257.658271001546
     0.322751194033   13.655689053903   13.985186821876  260.303146455734
     0.323761564127   13.638145208018   13.996943719941  260.591944036993
     0.324632217839   13.615767028280   13.977764647845  260.012305890286
     0.325634460395   13.579465365353   13.977024374085  259.303964482629
     0.326502783983   13.544748521946   13.953829016030  258.272088527026
     0.327412436885   13.529684950478   13.955660946572  258.008791814190
     0.328258225718   13.560747448393   13.994810799586  260.560679688773
     0.329263259396   13.585807484309   14.032587396754  262.301332051837
     0.330224055535   13.560887340679   14.009732505344  262.073932395173
     0.331216372156   13.542233206082   14.020980447037  262.288427359682
     0.332137305093   13.498808282593   13.990365442029  260.456451617155
     0.333146260305   13.491207704231   14.002258229368  260.909770407681
     0.334015085623   13.477861508804   14.015263439640  262.359440907406
     0.334610193791   13.465552410250   14.018026108089  262.507693222577
     0.335528950513   13.429095870654   14.017169668738  261.341399412450
     0.336059704598   13.406772542638   14.002925657645  260.315018997191
     0.336598915529   13.461077381320   14.010452983313  262.294078355667
     0.337168388444   13.499560815978   14.082404642126  264.614584102810
     0.337967169100   13.431130221486   14.051751123028  263.379490713682
     0.338902250472   13.317968705746   14.003714896726  261.057611727317
     0.339503084636   13.239566547827   13.942016736783  258.612692136182
     0.340130279043   13.195015854002   13.950097994160  257.666336852103
     0.341136517097   13.203019107946   13.944759404012  257.917093215918
     0.342143487283   13.252425856616   13.953075309470  259.608343015753
     0.343097460071   13.280544524453   13.995713587394  261.378624963788
     0.344039192796   13.250161562559   14.007850664457  261.472552712371
     0.344987385431   13.210539754751   13.988537494939  259.887948469633
     0.345990614723   13.199128112853   13.975815208438  259.338710254341
     0.346900226846   13.175018503716   13.947511307589  259.542449399378
     0.347802062634   13.143134546653   14.000132803905  260.595490202002
     0.348730170309   13.103614193896   13.976735484650  259.378757521948
     0.349533300768   13.075098310296   13.960092775126  258.594556499535
     0.350362044986   13.085866244324   13.973904677253  259.581177416280
     0.351265182803   13.119413529039   14.013613546199  262.327544286582
     0.352029557168   13.107787180205   14.000118504602  261.788171091481
     0.352918498217   13.104574027523   14.025159101704  262.276792905722
     0.353912684168   13.072464785533   14.001089847990  261.613468316023
     0.354602860551   13.051635193882   13.992846585306  261.000388153993
     0.355513369962   13.033078350707   13.996242920855  260.594767329898
     0.356347373113   13.095746350077   14.035407243130  264.101592299050
     0.357122911268   13.081049772994   14.049447567096  264.325355703693
     0.358066011737   13.058493994788   14.048309966565  263.849308524394
     0.359067047199   13.039227000628   14.019338246488  262.759411185428
     0.359909868444   13.023465425873   14.011580424769  262.503811864689
     0.360841430176   13.011026147253   14.045292525278  263.620801122376
     0.361540030591   12.984421377027   14.019780103701  262.874088969036
     0.362289636409   12.970457885558   14.018329948986  262.368450953609
     0.363117869857   12.954640088908   14.028404433526  262.437888444503
     0.363949685257   12.994046653687   14.058006742650  264.730279778092
     0.364822257008   12.962963131687   14.031296119839  263.015928006056
     0.365116382086   12.968471796460   14.042165094388  263.574714563879
     0.365967702879   13.051371196303   14.108923916740  267.982199381875
     0.366825668036   13.019824406434   14.112947005263  267.187210329152
     0.367617919837   12.955417320818   14.068410637804  265.567980293222
     0.368268225538   12.961082319855   14.087063198626  266.834076047977
     0.368650890137   12.958992565580   14.098527642912  266.972002556146
     0.369358197930   12.936538722285   14.100521735556  266.619205538154
     0.370075424891   12.922375964115   14.105068571883  266.441707304593
     0.370519650118   12.879846724436   14.054915341011  265.232164484229
     0.371345013414   12.788431451130   14.039316580551  263.779659600166
     0.371887509204   12.746818351303   14.035800529183  262.599576248560
     0.372731857271   12.713642717939   13.985680615065  260.829508505125
     0.373462619176   12.731998514864   13.993949243950  261.310743636497
     0.374275735144   12.760911746772   14.042300803623  263.449328122844
     0.375062647273   12.758443943567   14.034415559352  263.968002245723
     0.375605970350   12.747983166893   14.037168059078  263.901176685457
     0.376464232426   12.709024262752   14.006526909616  261.861754776647
     0.377364417266   12.761224305895   14.041097562365  264.261519021555
     0.378232173603   12.757587493922   14.042310708970  265.211439041773
     0.379140150687   12.737896763012   14.074916525229  266.322971041730
     0.379910223052   12.716673794413   14.042974882057  264.845093834724
     0.380781194843   12.686100042486   14.052941092549  263.745863562625
     0.381350371073   12.649099299083   14.010880992593  262.428775759015
     0.382280303820   12.623984226374   14.023136449101  262.510822499652
     0.382961736611   12.682416664602   14.037027364098  264.738680667010
     0.383658628412   12.709801313699   14.071141483560  266.259724508253
     0.384605795744   12.686446379314   14.114921308968  267.289522580514
     0.385183327407   12.623586156128   14.039834339945  264.832140338601
     0.385984242965   12.577964084710   14.027522761799  263.487263508938
     0.386532331097   12.567630644548   14.038987025597  263.127856043644
     0.387383929623   12.587137744585   14.042316011431  263.883967440397
     0.388185770413   12.656858153415   14.063470386012  266.558891141103
     0.388984793308   12.652321875329   14.098279737518  266.573357450647
     0.389753812918   12.645209930227   14.083572398267  266.786462537522
     0.390622995644   12.631116113404   14.119842150399  267.953354818289
     0.391036436820   12.585066658227   14.077898727732  266.497966676731
     0.391543860862   12.567661011699   14.070634048069  266.390074373213
     0.392315790658   12.541348870601   14.074725921484  265.030691599020
     0.393180027590   12.587660734215   14.095342551339  266.562101964540
     0.393851261891   12.647608876626   14.121254206153  269.129238675062
     0.394571921815   12.651858328480   14.145311181622  270.212059567290
     0.395322001938   12.590622179480   14.127154020347  268.767624828224
     0.396247285021   12.576470716549   14.133638433798  269.727923727766
     0.397177217768   12.534694759347   14.086063642517  267.159484435533
     0.397783763239   12.507360873561   14.068826510922  265.506514868880
     0.398576790757   12.521701412610   14.101092390875  267.884767022270
     0.399129189538   12.488105437302   14.119689722404  267.728508726993
     0.399709486396   12.447673364081   14.074901083610  266.777362839717
     0.400136352621   12.431874218870   14.060459592812  266.139146246962
     0.400909265590   12.415202639434   14.068215463967  265.077259220835
     0.401551491275   12.456127333462   14.088060836139  266.182520180405
     0.401924262646   12.490387612918   14.083933548050  267.188894602586
     0.402193571933   12.502802667309   14.111463715261  268.084798392372
     0.402548352789   12.503057003971   14.120336905018  268.521174539259
     0.403088633016   12.528439884716   14.173245318481  270.712874556561
     0.403788892794   12.439095725218   14.140314659395  269.050405501192
     0.404332284259   12.356799375312   14.092709157440  266.971440465995
     0.405068916907   12.306212834352   14.051909636891  265.364392509371
     0.405421205114   12.289074249696   14.037990325952  264.379075242048
     0.406153482301   12.267476466381   13.994443328293  262.354118240672
     0.406995154426   12.294816988841   14.058065776915  264.521856503945
     0.407611142977   12.330133163442   14.061958256478  266.189889270671
     0.408489037904   12.329840563136   14.050159109414  264.809953656086
     0.409281548182   12.360978589377   14.082050630204  266.662559506073
     0.410034164580   12.420937289749   14.164716857718  271.178312460157
     0.410795715450   12.370780272556   14.121868573800  269.249128774694
     0.411286898926   12.371678192012   14.133526024695  269.697513706099
     0.411944268929   12.357774689693   14.136109295838  270.288249610997
     0.412396612184   12.340541832890   14.159429471893  270.340795844522
     0.413058263059   12.250529254820   14.074125318718  265.997750801173
     0.413589274575   12.246744240634   14.079122106771  265.757282415272
     0.414223962802   12.275169702884   14.094658906209  267.353538385175
     0.414962410401   12.277737656841   14.081409528930  266.703432685458
     0.415410857868   12.285891844633   14.089202452703  266.727697344951
     0.415966313049   12.323061077726   14.124339421269  268.708269448533
     0.416732754387   12.381622627807   14.200925011246  272.185955378151
     0.417342637654   12.308786994177   14.161322049707  270.842956061837
     0.417981120994   12.232231431024   14.121001599015  269.133017670851
     0.418495887850   12.164809722443   14.063499025086  265.462684043677
     0.419179548071   12.203315787364   14.080452631712  266.642121172474
     0.419904868835   12.229753356866   14.116191755185  268.322523365145
     0.420679271672   12.242276466843   14.136110867699  270.052166803300
     0.421134759505   12.238897310029   14.134340653109  270.041724314023
     0.421872527553   12.216614719951   14.112531736064  268.103345798086
     0.422346600639   12.207249635062   14.116189129891  267.518516668831
     0.423136152148   12.267785617598   14.141174141352  270.112581671040
     0.423880242003   12.278928458942   14.192421062621  272.017330980694
     0.424666631744   12.204006263147   14.128197839997  270.126681379205
     0.425299250329   12.186192657281   14.147485660067  270.059073924960
     0.426093583401   12.139313015744   14.090705154872  266.467385964242
     0.426785149107   12.174462346588   14.115327102359  269.059073217224
     0.427194854269   12.208743286455   14.159187491889  271.729974544747
     0.427960612123   12.185795230139   14.154942456871  270.471071335355
     0.428414826477   12.152938586697   14.137656572804  268.678474115553
     0.428662228513   12.172217593799   14.127145324282  269.044913414923
     0.429059855496   12.223555809875   14.151961752791  271.147781014389
     0.429505342311   12.240139457520   14.179499858636  272.248561202150
     0.429859860201   12.256625176325   14.225600861077  273.706610034946
     0.430702131388   12.190003334343   14.195547515365  272.508177339608
     0.431091640598   12.105624434349   14.157040668426  270.695294151163
     0.431523766621   12.023939397769   14.079835811355  267.861940497249
     0.431883898861   12.011196473732   14.065611442156  267.400831683148
     0.432737884045   11.983306721742   14.089374606153  266.010221556851
     0.433314953833   12.000312069627   14.068427773506  265.844583178518
     0.433760363390   12.045876789015   14.074502173916  267.432170722952
     0.434415358248   12.071082303936   14.122552911883  269.607187182012
     0.434777848900   12.074087393220   14.153810001459  270.511074440302
     0.435507550296   12.010076498989   14.099017757863  268.104505996800
     0.436031326082   11.983298218435   14.096493592670  266.990934114501
     0.436712634985   12.009362151794   14.085889369468  267.218403576715
     0.437372062766   12.008989321748   14.092014740058  267.359994369055
     0.438048488234   12.031044511371   14.127876461011  269.218100376639
     0.438634933666   12.014436471919   14.118405287480  268.649491194917
     0.439407020747   12.040662598888   14.146210210297  270.466745803198
     0.439924452916   12.034866550563   14.163676297790  270.987628898048
     0.440237413564   11.980960213695   14.111005042936  268.502759772512
     0.440766665573   11.936920131016   14.082057030298  267.089605187486
     0.441594370359   11.917222104256   14.089245384684  266.480277314321
     0.442322342812   11.970719618593   14.083658257736  267.845651937321
     0.442910083391   12.000169563987   14.121969737071  269.163388641897
     0.443395851513   11.998436606472   14.133362061674  269.672331231861
     0.444060238802   11.992938140484   14.143126508976  269.942323571547
     0.444520262336   11.974233622311   14.143070831454  269.382345925046
     0.444750047749   11.988091289660   14.132861915136  269.930572558607
     0.445067469442   12.032573347498   14.156631971698  272.020236943826
     0.445785654566   12.062034963933   14.220856702533  273.667703943146
     0.446547756445   11.993976251048   14.198571892351  272.680249291313
     0.446870361244   11.931385953418   14.134690675338  270.584435415940
     0.447653801206   11.896893743143   14.127766919597  270.057506874547
     0.448441617928   11.843783797727   14.090547541056  266.882449076847
     0.449150652927   11.876921019815   14.089472966367  267.461542874539
     0.449778043168   11.861372762252   14.079323179184  266.242610415906
     0.450265644895   11.876093255311   14.082798323314  266.684139554774
     0.450805167598   11.882869127496   14.124443049054  268.607340809432
     0.451106999025   11.867316706849   14.117232223378  268.431939566910
     0.451841637072   11.834698658415   14.103006538591  267.335096572908
     0.452364559523   11.856422528544   14.126025743643  268.469979803939
     0.452717214268   11.879145258575   14.113630668478  268.822455155360
     0.453285376605   11.942821038567   14.148778011561  271.187879293585
     0.453979900504   11.966389747977   14.232785550125  274.244709883595
     0.454244845513   11.932798931538   14.211929501687  273.380780748952
     0.454767126798   11.853198065849   14.147832264235  270.889702854548
     0.455225954886   11.833989928793   14.132079614888  270.229433153999
     0.455880093052   11.786094799487   14.108309372185  267.699416965160
     0.456617858650   11.825213463300   14.120245026268  269.139645363605
     0.457145830513   11.870545221029   14.147060516220  270.739799993902
     0.457893802112   11.894451826129   14.155159175530  271.530371513575
     0.458638283461   11.896861384796   14.185576178712  272.608922094229
     0.459001473447   11.875877378612   14.170213045492  272.496207557587
     0.459646146449   11.865349483542   14.193910496516  273.728241304185
     0.460416433351   11.789159250874   14.154315163117  269.894026175853
     0.461177498328   11.841514992914   14.132806734245  271.108966952109
     0.461890341400   11.858930959667   14.180483700082  273.060130703257
     0.462539504670   11.859379611856   14.192722495677  273.673021184107
     0.462816401695   11.854689021481   14.193567082712  273.366123910387
     0.463122577321   11.835699123056   14.174388117256  272.040594616588
     0.463334353772   11.823288216723   14.160017339284  271.000238449440
     0.463551106338   11.821445215956   14.155299645309  270.408550718953
     0.464002597304   11.847065587129   14.175095817251  271.357159930321
     0.464675308927   11.874413678543   14.259954859960  275.276494353179
     0.465304433050   11.751597141783   14.172954199946  272.132486220800
     0.465703773047   11.666057385381   14.110329796825  269.453990240464
     0.466270313865   11.628970365711   14.078832044466  267.295490709287
     0.466909793580   11.611009221254   14.068187259749  265.801168653572
     0.467589217580   11.622043048455   14.069340790209  266.553794207121
     0.468237830035   11.652204239861   14.091768824485  267.617490501242
     0.468554502201   11.652216805510   14.081113889667  267.591741011247
     0.468957642929   11.652750399035   14.104297690655  268.221586545068
     0.469416401464   11.639006303746   14.086616592432  267.664904463429
     0.470119864972   11.617209783132   14.093850183983  266.890432426559
     0.470870420142   11.667138636648   14.100002647572  268.297810947572
     0.471463083487   11.708034009561   14.123940052476  269.513883464089
     0.471597377703   11.710348419928   14.125550583315  269.811087576587
     0.472276539701   11.741238465890   14.184538111756  273.096500842171
     0.472827824781   11.686768148079   14.168481019678  271.624863732268
     0.473221073985   11.682841899016   14.172089357466  272.400240250490
     0.473802791882   11.641644281396   14.134350608238  270.761094078775
     0.474426084180   11.591765429552   14.116940362709  268.191078743791
     0.475074494020   11.640377163508   14.124574734169  269.370157502843
     0.475809353348   11.642210008750   14.121002964009  268.683179870468
     0.476506593100   11.684652163713   14.153190724102  271.957295094390
     0.477159635313   11.704732550153   14.201179889710  274.707834919400
     0.477868670363   11.690456613304   14.200476149921  274.039006287290
     0.478445114485   11.649156077544   14.155842036426  271.359946419116
     0.479148126509   11.611498846072   14.127041455522  269.392859802588
     0.479812720086   11.616037398194   14.147116581395  270.227993878259
     0.480169289754   11.661244216000   14.171999253841  272.663971860785
     0.480818128308   11.683152323205   14.186833801621  273.264844088245
     0.481335067500   11.700900446069   14.210274775641  274.541143620709
     0.481815913834   11.697154985575   14.251269388998  275.617321494267
     0.482120792267   11.630367920965   14.167267377357  271.946115740893
     0.482660940346   11.580852238660   14.134334259968  269.610834919971
     0.482996307591   11.593142690977   14.160272550976  270.502983167023
     0.483423935618   11.622048410024   14.180077863832  271.840051230712
     0.483709607700   11.654917288556   14.189658206076  273.020605126047
     0.484324535505   11.712054334417   14.258372618592  276.317003762755
     0.484659726604   11.685291264160   14.253495557051  276.032511605155
     0.485017377841   11.638693877092   14.223416675097  274.792206570853
     0.485388873069   11.584488438540   14.174554219210  272.693624703543
     0.486045237458   11.516870553242   14.143763136850  270.037868445377
     0.486539162076   11.502132685624   14.122424103930  268.526429245860
     0.487156686205   11.583688240919   14.141699204110  271.018313362977
     0.487816363206   11.584148941390   14.160540918776  270.813787349955
     0.488208882911   11.628655188646   14.196508419726  273.521247037140
     0.488627361530   11.691343007192   14.241807020715  277.166622151562
     0.489086067301   11.702277488278   14.257261229801  277.517705219175
     0.489228565128   11.705124736320   14.267756077133  277.713026066288
     0.489496971887   11.701561646631   14.292733568560  277.983312269017
     0.490153020028   11.631569891858   14.248050434205  276.068719900850
     0.490573907332   11.581346200941   14.221544074413  274.623964668189
     0.491096648133   11.464806196302   14.141267131954  269.426356853724
     0.491775664765   11.384216799405   14.065057156692  265.067529230190
     0.492507819415   11.466948699106   14.121916283688  268.723139964767
     0.493162475793   11.474708364825   14.112089847185  268.279161080874
     0.493956808865   11.487081493294   14.133428745116  269.509025407182
     0.494751141936   11.492902381397   14.129694242658  269.303557310525
     0.495545475007   11.506601674657   14.139260669094  269.556268918518
     0.496175285868   11.498789872239   14.151120099275  270.562920199152
     0.496665920243   11.476922667340   14.145021678650  270.227358642209
     0.496958802918   11.469091837305   14.136261160608  269.625952194597
     0.497372970711   11.478962861995   14.140764284876  269.306733121991
     0.497600214675   11.484271120115   14.146390231119  269.247974006355
     0.498209798156   11.515390782780   14.172927064989  270.993495558962
     0.498745667895   11.516324477077   14.209574490889  273.156213428743
     0.499324639434   11.406589089726   14.150095778210  270.474568805219
     0.499879609201   11.316871142323   14.094377181669  267.860936135978
     0.500014192029   11.310470208278   14.095024799182  267.671114894475
