# {0} signal over time, extracted at r = 500 km
# All quantities are measured in a resting observer's frame at infinity
# cols=4 rows=1019
#              time        luminosity               <e>             <e^2>
#               "s"           "foe/s"           "MeV^1"           "MeV^2"
  -2.9100324660e-04  1.4444736953e-06    2.943641617677   12.469448419498
  -1.7574776483e-04  2.3169206303e-06    2.841659678411   11.124275054829
  -6.3084143969e-05  3.6338019127e-06    2.810907255806   10.624782591284
  -1.4991439271e-07  4.5836655439e-06    2.808121220153   10.505725311174
   1.7919614656e-05  4.8868248311e-06    2.808732962977   10.486530596835
   1.8254368522e-04  8.3773546419e-06    2.837653912058   10.550236367703
   3.7997994517e-04  1.4278918479e-05    2.911038682909   11.021968210993
   7.0110987919e-04  2.6616693748e-05    3.055085727681   12.130873542492
   1.2999445549e-03  6.6030573551e-05    3.537180886859   16.057664122810
   2.3005242199e-03    0.011729281936    4.992721256443   29.156065674149
   3.3021903818e-03    0.022918385154    6.244444409769   48.369449411701
   3.8431585031e-03    0.030999512489    6.764418583845   57.432635424059
   4.8441347023e-03    0.084679764751    8.153913756138   81.942225575144
   5.8449582196e-03    0.252152307074    9.277794231070  104.097034422384
   6.8472702999e-03    0.585520194012    9.819810579957  116.138124477169
   7.8477595939e-03    1.110486126158   10.104640185174  123.049690740545
   8.8505338962e-03    1.842221217794   10.317298166336  128.235698434373
   9.8527156354e-03    2.750175700207   10.461950530130  131.654658441500
     0.010857048972    3.841061673443   10.568553608345  133.991588311002
     0.011863237001    5.145943859384   10.679904707549  136.468470378734
     0.012870359321    6.646065843621   10.803658564125  139.464961122785
     0.013877481641    8.220907091061   10.909725495811  141.973987088104
     0.014884603961    9.763803865998   10.980177721246  143.589243681744
     0.015890935824   11.236673687624   11.034145855249  144.823702209794
     0.016895596341   12.714967016295   11.085230165224  146.044969150840
     0.017900909561   14.225372879557   11.138237537899  147.430187817706
     0.018903873406   15.703826979260   11.184025315374  148.554743171336
     0.019905759261   17.152326747109   11.242026217700  150.153393730920
     0.020909477166   18.617994383778   11.305070386832  151.965713789301
     0.021912066775   19.928294384650   11.346389340858  152.985198320591
     0.022914905466   21.216102191611   11.388823177199  154.158483499677
     0.023919243232   22.538333554303   11.441948798348  155.652800485082
     0.024922169969   23.657744882679   11.465122532265  156.189694865801
     0.025928136689   24.953723406072   11.523066953695  157.931337746073
     0.026934661381   26.160115959384   11.569413118332  159.146560960477
     0.027939888517   27.334291903842   11.605178283005  160.191225225315
     0.028941227091   28.541913564719   11.660085028804  161.822113535018
     0.029941962796   29.491396027904   11.678725406559  162.226630291400
     0.030943583391   30.676882361191   11.755478671734  164.759500492923
     0.031943816213   31.256540842599   11.738486622190  163.948601243918
     0.032949774011   32.351474936935   11.786961668540  165.472271177911
     0.033950823376   33.299043961353   11.838590404685  167.223486930676
     0.034951053753   33.849816132691   11.818508812018  166.213917089150
     0.035964771525   34.866960031607   11.869991709911  167.886388717477
     0.036970687342   35.695659174741   11.926900896909  169.908509254322
     0.037973715938   36.249950097353   11.903035898500  168.684335271441
     0.038978321908   37.102618490818   11.953905614896  170.500540639821
     0.039985630364   37.644093824842   11.992647872660  171.842796956896
     0.040989536931   37.858164444291   11.961759619366  170.380062789253
     0.041989636708   38.695851803872   12.021896085448  172.418149127414
     0.042995392710   39.357346320666   12.074575980358  174.303615858118
     0.043999851762   39.710716973269   12.048797825071  173.022136778574
     0.045002512691   40.309093365770   12.068127228614  173.671141894545
     0.046012738592   40.746901415812   12.096213171295  174.923238858793
     0.047017852940   41.639486203404   12.155155177719  176.782442582142
     0.048025075420   41.916252263966   12.133055859214  175.584200404875
     0.049036946653   42.542997478464   12.179512865322  177.406883269944
     0.050036961016   43.219669611459   12.233115149909  179.354606064972
     0.051039374313   43.373382402370   12.200745673991  177.705069225013
     0.052047314545   43.924124678267   12.233962264603  178.799585181328
     0.053055337400   44.435918691448   12.296045412320  181.187180474577
     0.054061908418   44.585118196283   12.281998617454  180.361183433835
     0.055072564334   44.851322211592   12.283052601098  180.248507528446
     0.056082663141   45.310666529024   12.337206115461  182.315736710925
     0.057092164328   45.721325768050   12.367424630912  183.307326556848
     0.058103549743   45.782953373952   12.327229844314  181.475927780155
     0.059104720359   46.392704211886   12.378313698359  183.210210605784
     0.060110780541   46.984403129095   12.436674825335  185.445899709336
     0.061123156722   47.140942860984   12.432369274917  184.916983089565
     0.062139575010   47.227437622174   12.426278584506  184.598080944445
     0.063151846812   47.484808084509   12.472335037530  186.425758941853
     0.064161619375   47.647051245705   12.501100376118  187.459494926035
     0.065174390253   47.466260002700   12.461982560387  185.669365753022
     0.066191789522   48.176293173248   12.522750865946  187.788893604703
     0.067202376192   49.042955462893   12.599163831463  190.653752497747
     0.068212079380   48.778061104315   12.553151863976  188.555340431183
     0.069213103972   48.411032818400   12.548559022740  188.380381955340
     0.070004868424   48.340031106621   12.569199370903  189.225240598369
     0.071018670203   48.494370685182   12.596353227103  190.354497852216
     0.072030670203   47.579869111554   12.543151235234  188.382082316738
     0.073040200203   48.479916405131   12.596708070684  189.995415747889
     0.074049980203   49.403905056065   12.652942643780  191.698895075015
     0.075064370203   50.082578894500   12.689092165820  192.694516450221
     0.076075446203   50.821281723196   12.731445688784  193.964034256863
     0.077076586203   51.626748831373   12.792330588431  196.051227392295
     0.078094586203   52.237130810813   12.839370520029  197.532655502517
     0.079095726203   52.565388182902   12.868023241564  198.414242794413
     0.080112726203   52.832450114912   12.898838501839  199.432383245453
     0.081126866203   53.289789396897   12.954338962761  201.414768464251
     0.082132717203   53.164113010399   12.970271491059  201.938353297620
     0.083133857203   53.018387563202   12.979162115954  202.142132651135
     0.084142857117   53.056545482330   13.007195602931  203.077726929594
     0.085149708117   52.877903423441   13.018137131546  203.441062690992
     0.086162708117   53.172750133283   13.057030514748  204.806439276540
     0.087167848117   53.424209613325   13.097456171382  206.191951240617
     0.088177237988   53.332514270075   13.116498937679  206.835725943761
     0.089196377988   53.027479731738   13.125321172173  207.144235928377
     0.090019377988   52.783386018925   13.129186974062  207.310906154577
     0.091024377988   52.553357109251   13.137802024816  207.635966330959
     0.092030593988   52.417877006061   13.134760904698  207.624303459608
     0.093038949988   52.213087011566   13.144784552260  207.970999772844
     0.094053050988   52.458414286775   13.181336026019  209.214050836121
     0.095070616988   52.347417513737   13.202618262801  209.933644515269
     0.096074616988   52.079053479251   13.203878654554  209.895971052360
     0.097089146988   52.051873313259   13.229904525176  210.789385373084
     0.098089676988   51.978562187785   13.254780265964  211.676075188145
     0.099101107643   52.220175025942   13.296823221415  213.227229755933
     0.100105051723   52.296767095470   13.324742361316  214.186819803625
     0.101116051723   52.160548140811   13.347669439172  215.022737452341
     0.102122193723   51.804091600958   13.353688513522  215.262256617361
     0.103137370017   51.534350378793   13.368507225052  215.786873523205
     0.104137970017   51.347754454450   13.391429924857  216.633291904328
     0.105142652097   51.249759217732   13.416319076908  217.458724475892
     0.106160673097   51.050916788828   13.437475404985  218.246521960658
     0.107178118563   50.869255400457   13.465001362321  219.188718967288
     0.108185059015   50.315800828191   13.463150207494  219.160894289098
     0.109192182334   49.630134220842   13.464552009891  219.342308425643
     0.110197862217   48.644682417324   13.442160785112  218.457053433550
     0.111210761878   48.056302343501   13.443834883923  218.699366708650
     0.112217398720   47.697327271090   13.448418898633  218.840897883996
     0.113222534252   47.101853792505   13.452595670932  218.876945149965
     0.114227606584   46.243471773583   13.425393039514  218.150502920056
     0.115229782584   45.557799440793   13.414300253353  217.604060209055
     0.116231429584   45.096490874527   13.420549547804  217.995898548473
     0.117238961584   44.611972086962   13.421522781907  217.957229047273
     0.118247127584   44.233169980226   13.431359710601  218.361418831760
     0.119251493584   43.597614869942   13.426257823076  218.125352703347
     0.120261413584   43.049840716276   13.415631966720  217.723164337277
     0.121266409584   42.658237002065   13.423282797978  218.007163551653
     0.122268900584   42.434955107198   13.441408392791  218.642514620656
     0.123284775664   42.142895148110   13.454622884731  219.137375953334
     0.124289266664   41.883901193743   13.468268376225  219.601210934709
     0.125292217836   41.610792350372   13.480741661340  220.026594897186
     0.126301646027   41.300638472877   13.491770207542  220.429343356123
     0.127309326027   40.928144103854   13.499765480489  220.745761176970
     0.128321025107   40.661982808776   13.514442993723  221.293239773625
     0.129324876107   40.520370030595   13.539389307617  222.176713790850
     0.130324876107   40.241866656422   13.552778377091  222.658242065550
     0.131341727673   40.014465258611   13.569766402500  223.269115350577
     0.132345727673   39.735424873325   13.581908097950  223.721507521350
     0.133359866488   39.467986320165   13.597103675844  224.280034525225
     0.134367006488   39.227964725636   13.611005861577  224.782495807003
     0.135373006488   39.130026819243   13.635094356345  225.623921793022
     0.136377286488   39.045473615699   13.661871034369  226.618342176644
     0.137394116488   39.029432765532   13.693119217475  227.696555969013
     0.138401096388   38.964520733232   13.718532729437  228.618536902461
     0.139420337968   38.930467653233   13.749548367540  229.753171442325
     0.140431328968   38.902031552319   13.779707346269  230.865295942919
     0.141446925968   38.936119606503   13.816931065761  232.237715956912
     0.142461065968   38.958899652986   13.851947078406  233.529930042374
     0.143472895968   38.874751561005   13.878372338957  234.524182396544
     0.144481035968   38.821833711269   13.906405642774  235.607490466042
     0.145484035968   38.732375225929   13.935235871887  236.711562864466
     0.146492408290   38.628430426721   13.956736412769  237.539852285789
     0.147503408290   38.385295769186   13.971883827018  238.241716917243
     0.148512446790   38.177032802908   13.983527649936  238.668595508601
     0.149529366790   38.010234021440   14.001700482517  239.418913755743
     0.150543206790   37.734618424911   14.013394022363  239.982935786379
     0.151558608790   37.502207986224   14.025827741101  240.498526674302
     0.152565998790   37.248184142965   14.034656474165  240.817503368111
     0.153567559120   36.965386171619   14.039176154394  241.078331518206
     0.154578190120   36.658874961455   14.046574934440  241.497710636489
     0.155586236120   36.467265181076   14.064606834466  242.336159198485
     0.156604516120   36.200340679292   14.071454047694  242.577310122213
     0.157618656120   35.826730482903   14.065507060599  242.329945903928
     0.158622534402   35.564270509196   14.068284619502  242.514762859203
     0.159636997004   35.341861133610   14.083065351694  243.170865582560
     0.160640527004   35.173422405003   14.098221423958  243.924346461937
     0.161643250676   34.862903438899   14.095828512876  243.751973851220
     0.162648931491   34.617952701903   14.098870748230  243.882733720569
     0.163662321491   34.460489778030   14.115500219150  244.643875011372
     0.164666162491   34.338884007340   14.133983424130  245.511588512585
     0.165683696349   34.122500923782   14.137970144155  245.490644781816
     0.166691976349   34.058490757885   14.160879406833  246.623669433555
     0.167699493521   34.007261401169   14.187708065427  247.589271735356
     0.168700600552   33.991213559815   14.210544288765  248.390628698544
     0.169707846552   33.831885977732   14.225540307714  249.340326868405
     0.170711441844   33.742322788688   14.241538457166  249.874767657578
     0.171728019844   33.556711296383   14.255109360255  250.260481701442
     0.172743883844   33.404769491986   14.262352158795  250.952307575155
     0.173758606135   33.397696252626   14.287929236420  251.706943844346
     0.174774606135   33.323787236396   14.305483282570  252.761560695570
     0.175777606135   33.138693083706   14.315565031115  253.009670416759
     0.176780311215   33.102653663419   14.340107008438  254.011730319872
     0.177791487215   32.893613939416   14.350387673972  254.867676667546
     0.178798438215   32.640225755356   14.348106057791  254.684828499809
     0.179810286027   32.429691354939   14.347877202022  254.517989891546
     0.180818663027   32.347295552915   14.363851503296  255.574016055742
     0.181827638332   32.224159061898   14.375607770813  255.873834097646
     0.182843480332   32.139975412933   14.408890507699  257.088600984139
     0.183849410332   32.029210436737   14.408821597270  257.597445060479
     0.184851800332   31.930981934942   14.427337619255  258.256895897345
     0.185860580332   31.666420129493   14.426161245542  258.232253953642
     0.186865322332   31.343672335503   14.413319194393  257.798492344095
     0.187874851533   31.153202959858   14.418477231451  257.784936956559
     0.188882237378   31.128103613171   14.444172540799  259.066132077327
     0.189890728620   31.115554317700   14.482455247357  259.984930151812
     0.190900648131   31.122262825644   14.512853643608  261.105705140017
     0.191904414970   31.204351902246   14.519968504902  262.132779388383
     0.192904914970   31.207227048959   14.559142924207  263.538636726800
     0.193915952068   31.080389295769   14.561593809510  264.425955342307
     0.194926052068   30.935145794598   14.576479422204  264.785646069757
     0.195938698618   30.794765996630   14.571056311929  264.321589698582
     0.196950487893   30.833135888057   14.609942603191  265.929146376939
     0.197957770303   30.816403355272   14.632817904974  266.374724107412
     0.198960400303   30.781444968970   14.635032098239  267.410265251945
     0.199965040303   30.703094026677   14.653139621914  268.116605529751
     0.200966533303   30.372641460987   14.627352673966  267.458950587574
     0.201973022578   30.148494303525   14.634338426631  267.606165883477
     0.202867072478   30.025541689730   14.632582973501  267.424251587695
     0.203871816735   29.962016654624   14.654828494136  267.511451888326
     0.204883338435   29.982124397770   14.645058211159  267.924164538932
     0.205892156235   30.065526220567   14.695169514425  269.828481741963
     0.206895656235   30.008859857512   14.696956149729  270.288899703443
     0.207902906235   29.942479035125   14.710638577775  270.793518746620
     0.208903059096   29.861692144666   14.722765735009  270.852112475268
     0.209917129491   29.770230192372   14.739045869465  271.771312461076
     0.210923049411   29.843318326012   14.764333424311  273.090579893230
     0.211934917011   29.761656177986   14.773665045841  272.830124042136
     0.212939334621   29.713433255295   14.784267052171  274.203174897079
     0.213947334621   29.590487109837   14.792477247860  274.235740959382
     0.214957584621   29.574940604978   14.803176797721  274.220385764243
     0.215959374621   29.568305539233   14.821895589593  275.910519960355
     0.216964584621   29.433673642284   14.831826025646  276.416987132756
     0.217971601463   29.310777349837   14.823744726539  276.306015160271
     0.218980643494   29.182454349022   14.835265861919  276.506953866996
     0.219987412160   29.078164431810   14.818454773992  275.746004122533
     0.220996983178   28.968980964605   14.853539100628  276.497931514678
     0.222009537002   29.040093352346   14.862095720145  278.107502032058
     0.223015969565   28.929241738722   14.872660047060  278.146064763411
     0.224021701565   28.826888539507   14.871480823187  278.188069515313
     0.225026718801   28.716666736011   14.878595585336  277.993769062634
     0.226039811400   28.745183409332   14.886628439368  279.246427890148
     0.227042625308   28.762745010299   14.932282195061  280.252042666884
     0.228043336172   28.657724454938   14.934930687148  280.113618992867
     0.229047783247   28.698528070712   14.952102069161  282.044262921369
     0.230055855216   28.609366062842   14.958141760519  281.940466870251
     0.231065951501   28.551271659757   14.987098919425  282.537765717654
     0.232076462904   28.458205696653   15.035192615790  283.569709267495
     0.233084523471   28.278664355845   14.940059032286  281.472337390005
     0.234088801198   28.171840172714   14.959015122838  281.538766933255
     0.235093203191   28.204941223646   14.976951549588  283.104027320279
     0.236100764959   28.228466864698   15.011206652101  283.476988887482
     0.237105485968   28.258451300809   15.024728544355  285.276486737921
     0.238106037626   28.287906950438   15.049963292308  285.819625109724
     0.239113475274   28.257559519217   15.059685279468  285.768271322011
     0.240117744888   28.216034987985   15.078887221889  286.375395536350
     0.241126959056   28.230460078367   15.082382341974  287.967140047028
     0.242128502336   28.237435508054   15.108687789028  288.708419021414
     0.243138324502   28.080204930400   15.148982474296  289.203018597998
     0.244145504428   28.001502269044   15.105635226934  288.146531282919
     0.245145872786   27.899623195147   15.103215585226  287.713629428625
     0.246154227410   27.961237545369   15.114524827734  289.334584848870
     0.247160625971   28.022273868035   15.162493429459  290.153806980139
     0.248163114229   28.097934605281   15.180779340288  292.307300878506
     0.249166414043   28.090900275936   15.197678944831  292.921932599037
     0.250168814635   28.015500779758   15.182969180517  292.237653111629
     0.251172545638   27.996365449601   15.201288035199  292.169157692618
     0.252175086719   28.012895982443   15.216419366587  294.226147638350
     0.252484217372   28.047408179690   15.232916186114  294.810296748138
     0.253485747830   27.952037359645   15.230714705131  294.581930323041
     0.254486517809   27.926946220534   15.243905694064  295.177371436006
     0.255487901553   27.824886229476   15.240784332657  294.957604358242
     0.256488528315   27.765607634300   15.260484974223  295.415171045932
     0.257496844049   27.717967512149   15.350688521352  296.966841746415
     0.258506339531   27.526008803261   15.225171497458  294.065184855602
     0.259514291558   27.526519357257   15.246541345652  294.558136274475
     0.260516419223   27.515241652531   15.284234775418  296.385694022729
     0.261522110662   27.533403841060   15.293729428640  297.638828943410
     0.262524054689   27.473022076471   15.295335932203  296.653462697730
     0.263528503800   27.554164174829   15.313170365143  298.205286060293
     0.264532551515   27.658847559937   15.358611690563  299.774124843721
     0.265533872471   27.766415968630   15.378902065304  301.575463464709
     0.266542453672   27.626013964864   15.444509080597  303.095568456046
     0.267542503305   27.540114604775   15.378643573218  301.335613104464
     0.268543267684   27.497735290016   15.402999217764  301.559477013482
     0.269543723102   27.506761118553   15.510830322307  304.045119227224
     0.270546258196   27.228889520227   15.465849120723  302.663896004297
     0.271550314093   27.130415374126   15.371864631640  300.032197455976
     0.272550603192   27.370619369440   15.425844127858  302.573534348908
     0.272885411022   27.469095741900   15.477943099268  303.899651010193
     0.273889834512   27.492202338240   15.442624668100  303.957597112812
     0.274890133212   27.552052623280   15.472222962758  304.565959279874
     0.275895912720   27.570462696780   15.569097684152  307.743085920512
     0.276900957599   27.619817293826   15.569929011038  309.006354093343
     0.277902071538   27.485506783299   15.546889732323  307.891150764978
     0.278902952088   27.372437037693   15.537273115465  307.720826098060
     0.279910269917   27.305927983620   15.505271710030  306.255266520367
     0.280914369045   27.326777096425   15.535304248552  308.161688732366
     0.281918562952   27.383060311827   15.556136742262  308.624085165452
     0.282924678064   27.339989375930   15.554946924829  307.923191043032
     0.283931282269   27.319805386770   15.585325460746  309.623295064225
     0.284938575540   27.143660498027   15.588607790053  310.715708013675
     0.285944485041   26.823399163104   15.512135037747  307.011896090819
     0.286952403249   26.758071239601   15.540687079882  307.441531451567
     0.287953666631   26.839341115750   15.566763451788  308.656601924365
     0.288957137138   27.119156133425   15.683115677074  313.606820755844
     0.289958463878   27.153276318480   15.655797262003  312.748514662455
     0.290960262590   26.967474755557   15.610744562675  312.300450365524
     0.291964641610   26.951300269314   15.610326286028  311.665766342856
     0.292971755815   26.891862034133   15.675993010704  312.937141527607
     0.293974982935   26.941855308289   15.640299384466  313.539298336702
     0.294975284511   26.874329892390   15.659075105488  314.538624446841
     0.295979280161   26.841384996485   15.740301934321  316.714808773024
     0.296979334341   26.806327885058   15.658233729557  314.464184209006
     0.297983104282   26.776686271220   15.679502119113  313.660925382798
     0.298988133177   26.902053942445   15.703079797668  316.157784071547
     0.299890270677   26.856050877239   15.783892306950  317.271753602192
     0.300896753208   26.806560142957   15.703163400117  316.599221648424
     0.301897719859   26.679307681733   15.700364405838  315.988135310291
     0.302898503763   26.685306551934   15.738867942229  315.894966935275
     0.303898934359   26.657207157890   15.702435249954  316.357804248410
     0.304899505542   26.955900757285   15.857274963884  322.498690204728
     0.305901541694   26.926682323137   15.866303215663  323.459550242033
     0.306904267794   26.796794634777   15.773637952836  318.496350171387
     0.307905560030   26.815989172786   15.862633803927  322.233849497232
     0.308910707689   26.730993711004   15.788598757710  319.906407221897
     0.309916576370   26.711433625087   15.860565696981  322.435763198982
     0.310920464238   26.587326694729   15.774250561026  319.018710965209
     0.311920508341   26.592998235551   15.794927869733  319.371385094562
     0.312923475976   26.606638992889   15.814333622666  321.659328923879
     0.313927870720   26.618970795180   15.826410698057  320.575315223588
     0.314929005239   26.747523109914   15.914582089623  326.129883148785
     0.315929492435   26.681851548632   15.916446991004  325.633430650012
     0.316935134763   26.698852353734   15.920930384049  325.680052502309
     0.316952468910   26.699519262032   15.921168843841  325.688703060776
     0.317958374311   26.674322310376   15.933259296842  326.448557726933
     0.318964122883   26.200170903235   15.857913160573  320.094341733062
     0.319971416155   26.128535281810   15.837685888594  320.193322165185
     0.320976234870   26.321715061356   15.890428134268  322.795833378970
     0.321978609870   26.344405464302   15.898124017936  323.156498955091
     0.322980984870   26.368556657476   15.909609668012  323.484599294458
     0.323983359870   26.433750005836   15.927024149004  324.167138620969
     0.324985734870   26.385233636101   15.919733170689  323.478139621227
     0.325988109870   26.411071162281   15.936098766733  324.377918133196
     0.326989041915   26.261572054567   15.925983271229  324.089852260047
     0.327991433856   26.289577458289   15.934464836501  323.723501867002
     0.328995857346   26.385611798928   15.967812523939  325.523440042534
     0.330000280836   26.561283009642   16.021332029846  328.859734875420
     0.331004704326   26.562919240087   16.035665639117  329.690874106497
     0.332009127816   26.492361881633   16.038974972614  329.943479208021
     0.333013551306   26.493719481066   16.038023021188  329.641644262402
     0.334017974796   26.471116683060   16.041303954074  329.759643165418
     0.335022398286   26.454269242475   16.045087922049  329.746298866140
     0.336026821776   26.470460526570   16.044358896153  329.097405871133
     0.337031245266   26.551151894404   16.063237081957  329.811850655771
     0.338033105804   26.396817108953   16.049375234772  329.224948276909
     0.339033942067   26.373058199740   16.061411853249  329.028834103976
     0.340034778331   26.525506240573   16.115205400373  333.273352058049
     0.341035614594   26.591946872601   16.134098772812  333.894074490238
     0.342036450857   26.530974304523   16.141036448919  334.499182769158
     0.343037287120   26.553344369307   16.152553642769  334.951650639601
     0.344038123384   26.482346342171   16.149666784237  334.852129284723
     0.345038959647   26.427742772749   16.143710884493  334.344291297209
     0.346039795910   26.479367522582   16.153710768741  334.530332079714
     0.347040632173   26.397958711065   16.164678060336  335.562977224063
     0.348041468437   26.319504855694   16.154690351240  334.959739983486
     0.349042304700   26.363901082594   16.156080620968  334.254668440853
     0.350043250098   26.278108064919   16.158067040271  334.797945294753
     0.350678119608   26.192914333735   16.152728477156  334.436246791850
     0.351680371239   26.313002324314   16.187549563397  335.227633228680
     0.352682746239   26.580029714689   16.250081263280  340.357557603259
     0.353688141132   26.434282540798   16.219538618558  339.829537848507
     0.354692335040   26.492070517599   16.271221224491  340.802693667574
     0.355696528947   26.400307862480   16.259746685712  340.619815210090
     0.356698396485   26.295171232299   16.244293287374  339.644146375848
     0.357699103865   26.459612500943   16.268870575615  340.568615832358
     0.358699898616   26.366276047596   16.259930477297  339.830732993012
     0.359704054134   26.458545990955   16.278855687193  339.951201368766
     0.360704259972   26.385636422409   16.275249583180  340.253248166745
     0.361705014169   26.244769830310   16.268949157810  340.289652056472
     0.362708900964   26.159454470811   16.260050622410  339.788667913424
     0.363710355431   26.050340965255   16.274568570879  340.801299757720
     0.364714865408   25.951477533022   16.247464824341  339.240942580113
     0.365720221577   26.031622044482   16.267258105508  338.780535777313
     0.366725577745   26.322263412012   16.350223895590  345.028219785941
     0.367729604877   26.363601573827   16.365209195362  345.771364024812
     0.368732469094   26.366394959003   16.368335437408  345.740956640499
     0.369735705088   26.290752484386   16.386331560820  346.845386408855
     0.370741061257   25.886372622061   16.289934122622  339.993114915753
     0.371743564336   26.091879856202   16.346178613473  344.743698042108
     0.372748068700   26.134078796599   16.367873658350  344.815386055476
     0.373750022955   26.160628127083   16.384497397714  345.043343802744
     0.374750352467   26.154537318610   16.383022737058  344.086360559085
     0.375755804881   26.294239501280   16.428434264561  348.600457960138
     0.376760691661   26.458244004743   16.465386779972  350.560289316665
     0.377765029427   26.416249293747   16.468622188657  350.847148868609
     0.378768812489   26.354300451202   16.480623641155  351.565862024524
     0.379575397145   26.265731627349   16.462111003157  350.540404310671
     0.380578890035   26.340832458329   16.474456773057  349.892718080344
     0.381582450967   26.247437926149   16.471433605413  348.717962051213
     0.382583596823   26.314225487862   16.505085007290  350.788634132324
     0.383584205930   26.575357163833   16.565715295451  355.818944806335
     0.384584264430   26.400222539390   16.550474755032  355.194774492982
     0.385590316819   26.413653934732   16.550744567054  355.127675190032
     0.386595824642   26.361556440381   16.556340342447  355.510474937547
     0.387600779583   26.319742476194   16.557586675836  355.511235782306
     0.388605200685   26.365366808874   16.558581165529  355.435715810001
     0.389609066419   26.300403410908   16.556520973231  355.381371722000
     0.390613556443   26.262134536913   16.547129343489  353.845343526235
     0.391615403125   26.259222202276   16.561821341939  352.854140427623
     0.392620759294   26.165495430203   16.549809258174  352.428282343074
     0.393626115463   26.233792709294   16.578836402954  356.033167400692
     0.394630638933   26.274873202886   16.615631604340  358.075623019710
     0.395636132389   25.994925371641   16.572101847104  353.973839758717
     0.396641581539   25.909963522941   16.554718021835  353.775792493030
     0.397647030689   26.165173991486   16.599695302888  356.984826170354
     0.398652479839   26.116933035972   16.624978205558  358.479817772551
     0.399657928988   26.066103401387   16.618348833851  358.076064904180
     0.400663378138   26.127764540119   16.625487176291  358.388916942893
     0.401668827288   26.029944179892   16.635791207835  358.980399198249
     0.402674276438   26.024481437094   16.640046412839  359.123911646460
     0.403679725588   26.008445451095   16.624093444672  358.102380340344
     0.404680012212   26.027184235791   16.626843890913  357.229007811185
     0.405680917268   25.891216505746   16.618590457539  355.978963641298
     0.406684330482   26.300231263521   16.715365428650  362.208917540721
     0.407279251339   26.366914958295   16.745674871309  364.154592428627
     0.408279471105   25.886456433668   16.657347280987  360.112913530853
     0.409279690871   25.702770762735   16.604527265563  358.428238234545
     0.410282440554   25.609946653508   16.569208190173  355.797409647727
     0.411286634462   25.657488091109   16.602908438185  355.956921114256
     0.412290828369   25.990054223227   16.713219960724  362.603622132888
     0.413293561840   26.004836324491   16.736827718860  363.934203430872
     0.414297954239   25.678353679286   16.653158476282  358.590723869913
     0.415304624979   25.473251496649   16.630489495162  356.913854007538
     0.416311295720   25.857526879923   16.681236334295  362.368425218281
     0.417317966460   25.774090053167   16.704175698416  363.291362195230
     0.418324637201   25.813486081462   16.694593624982  362.999642910075
     0.419331307941   25.851341406569   16.699921660486  363.203170464540
     0.420337978682   25.907805734168   16.711233938275  363.349163645948
     0.421340260236   25.859359789410   16.707494450128  363.144394696784
     0.422344454143   25.941026703521   16.803011807685  365.688607954193
     0.423348167772   26.275336227700   16.867340107773  370.609482056862
     0.424352372384   25.876682383808   16.824635859670  367.292415599166
     0.425352591165   25.624892201331   16.739131291802  362.754725646176
     0.426355611421   25.466386525695   16.722171088271  361.473724359261
     0.427357432207   25.734432007909   16.801984402663  367.645207419677
     0.428360172252   25.915242901802   16.875757078026  371.498918631235
     0.429361667389   25.457068206679   16.728142407569  362.666823460116
     0.430363162525   25.691073495736   16.837989171832  369.346592091319
     0.431364657662   25.636774428878   16.852178591570  370.321036297492
     0.432366152798   25.614811400252   16.853364354692  370.240343043089
     0.433367647934   25.763832494727   16.860298566767  370.296989584494
     0.434308138291   25.635832945731   16.865326613429  370.963045519874
     0.435309633427   25.625100448603   16.858212143566  370.297268040825
     0.436311128563   25.641375192061   16.855162309213  369.662799784447
     0.437311273148   25.602968810238   16.847985873885  368.664642267802
     0.438311825201   25.472373175470   16.832854547796  367.692407256935
     0.439312661464   25.594727646791   16.871061378073  370.134189960065
     0.440315268125   25.664676907544   16.913700289347  373.084237039020
     0.441315480429   25.402473822089   16.877179855636  369.628671114743
     0.442319954926   25.118856562516   16.812045089873  367.268829774493
     0.443323976286   25.111284123193   16.815881767897  367.147768715795
     0.444327085764   24.941496052999   16.822143032076  368.736359041099
     0.445330584897   25.074668719696   16.837731262129  367.685678600946
     0.446332764615   25.310042591421   16.914111205583  372.718790582756
     0.447334647153   24.922871948133   16.788309292419  365.833405374249
     0.448335483416   25.128295147792   16.856426659749  369.934631607414
     0.449336319680   25.145976626561   16.868413304964  370.879881084771
     0.450337155943   25.139203213787   16.879581338442  371.478909727219
     0.451342317436   25.133710238905   16.867487513407  369.463792428290
     0.452346511344   25.113902008829   16.877804105961  368.888941201305
     0.453350705251   25.329358892585   16.932171812963  374.261848038770
     0.454351950101   25.383271239143   16.971037965322  376.186212708434
     0.455355748929   25.194785989344   16.941312679026  372.372293954997
     0.455402735257   25.183871147909   16.935751512525  372.055252267891
     0.456408108790   24.942465313286   16.896535769929  371.462072543659
     0.457408665450   24.732061950487   16.809216593878  366.752485783235
     0.458409222111   24.781477674745   16.811482226271  366.395041999781
     0.459409778771   24.899187886702   16.839802055949  366.795563109774
     0.460410535643   25.010362077745   16.869119726509  368.067650639172
     0.461410720834   25.058222328146   16.902561527610  370.116713342724
     0.462415280460   25.500777179092   16.998376002667  375.438306128712
     0.463415706048   25.333581402764   16.975073029251  375.438119139812
     0.464417992701   25.479127715468   16.982402281976  375.592316895847
     0.465422416191   25.511175278448   17.009715970961  377.097243688125
     0.466426839681   25.250499058005   16.957039947600  372.939525335643
     0.467429764948   24.995106499145   16.937456752258  372.568037912069
     0.468433088598   24.835260697504   16.904107493538  370.801453737781
     0.469436465587   24.990431402241   16.898329465098  370.300482000974
     0.470440889077   25.203265184928   16.955404074544  371.861316590237
     0.471445312567   25.340821865288   17.017926212766  376.132799494250
     0.472449736057   25.437473909759   17.046942160472  377.836679078862
     0.473454159547   25.344439845358   17.043319819344  377.907412817227
     0.474457588693   25.352461496990   17.050687095917  378.350261551218
     0.475459892371   25.361147592111   17.054134339928  378.460804025775
     0.476460114352   25.481409652773   17.068092247628  377.597082275487
     0.477464005017   25.851682188794   17.167803326880  383.301828774617
     0.478466470068   25.697806744586   17.128564172642  381.131697393817
     0.479466861946   25.253764034209   17.069451416707  379.004720664961
     0.480199495991   24.739592824417   16.948783474501  372.791782024408
     0.481202033657   24.391369168316   16.895873410339  371.436230206565
     0.482203162972   24.176416874656   16.866051900693  369.479739733130
     0.483206157807   24.400487635914   16.904730126071  369.568351385129
     0.484208698676   25.015158867722   17.045577864088  377.857873162643
     0.485210055558   24.872387778349   17.040411153659  377.771457369378
     0.486214111006   24.448446743892   16.924528660693  370.309085536630
     0.487215925638   24.554273924196   16.988169347687  375.149502833525
     0.488216990716   24.396755332300   16.972337387390  373.885603589988
     0.489217628645   24.161709684612   16.894838736694  369.244668574160
     0.490221427474   24.424289379638   16.971851509601  374.309058591781
     0.491225226302   24.528729726841   17.007522949616  376.491298486511
     0.492229025130   24.627170800817   17.030019168431  377.380157892369
     0.493232823958   24.609836253691   17.020588159894  375.897273453382
     0.494235799998   24.965160398420   17.110760460224  381.277810383500
     0.495235846091   25.052829644222   17.162324894190  383.727145457871
     0.496238971448   24.465349924228   17.034645957406  377.963259249531
     0.497239922620   24.442256841544   17.004555363138  374.568833216155
     0.498245151164   24.931924538982   17.121929843952  381.725614747092
     0.499247120973   25.220333630688   17.193103526836  385.556655129663
     0.500248105316   24.919607196915   17.147945029715  382.692434248642
     0.501248795429   24.307768115924   17.000711939084  376.735518711270
     0.502249681660   24.407123067624   17.028439602561  375.866890550325
     0.502603817153   24.611487066719   17.078383333474  379.259349628703
     0.503605224957   25.122894734324   17.183813306466  384.584075985081
     0.504608554058   25.129074780247   17.201125174628  385.536235028827
     0.505612112511   25.036091315696   17.170661394018  382.602391659816
     0.506614429305   24.941967536514   17.152271152559  382.148616023004
     0.507617091610   25.061694121747   17.193112036286  383.975778765042
     0.508621847181   25.121953461381   17.245756599476  387.614809505359
     0.509624173344   24.756572864938   17.167186429244  384.970514566042
     0.510625276656   24.429442927133   17.088832087415  380.953257744519
     0.511627039395   24.722866725627   17.141664634216  381.761315041235
     0.512630784642   25.301575090246   17.285549166991  389.950010372324
     0.513631463013   25.531334186343   17.346858559202  392.943094180893
     0.514631705842   25.294819806197   17.300747472611  391.316653755319
     0.515634006211   25.120346112693   17.277490678667  389.722995269796
     0.516635458483   25.131393599610   17.260337884141  388.964722996770
     0.517635460421   25.483095635668   17.344397243978  392.413299533043
     0.518638137581   25.112875908468   17.290639339075  389.466313759507
     0.519641362325   24.761321500099   17.193475691473  383.940154178510
     0.520645161154   25.274631349637   17.302317597452  389.918468656637
     0.521648959982   25.685528462995   17.430534413603  397.623282175174
     0.522649170703   25.707271532041   17.435210546473  397.728276944531
     0.523078736617   25.643019090098   17.418832209685  397.144404718072
     0.524082818412   25.677708968159   17.447565756561  398.595035938779
     0.525086909784   24.728534307971   17.290700738790  390.025926600301
     0.526088551532   23.465701872053   16.950985683295  372.716956237349
     0.527091923211   23.507257200797   16.984479993139  373.989262981630
     0.528095294891   24.168019960091   17.145630249830  382.022516317124
     0.529096246063   24.507927284701   17.221963066735  385.289463902254
     0.530099578772   24.667693692557   17.274651615511  389.459013352746
     0.531099987554   24.497169879687   17.260515209374  389.891912792927
     0.532102890911   24.359364969971   17.244084302454  388.604208423270
     0.533103501612   24.397918632643   17.242993099561  388.719203468312
     0.534103949676   24.579415489855   17.274385558684  388.462166769062
     0.535105119181   25.062654350914   17.387803385895  396.507393953218
     0.536109039746   24.575577549289   17.348498473036  393.159675118386
     0.537112579412   23.262344236746   17.051127108790  378.711814552954
     0.538113415675   23.134965673322   16.994554170967  374.522736077238
     0.539114251938   23.749575679329   17.139005044889  382.301529352504
     0.540115088201   24.502421032812   17.311540825649  392.058517807439
     0.541115924465   24.580284446971   17.320283274604  391.496979393486
     0.542116651947   24.252405996115   17.258222968322  388.736068506448
     0.542276832612   24.237984728973   17.255556189350  388.370493512247
     0.543278240301   24.526922134115   17.337311724489  393.312289096615
     0.544280877226   24.882027083442   17.448303607918  399.202284261012
     0.545281499967   23.978130362708   17.249736312060  388.202072224456
     0.546282131080   23.847268562062   17.195830992701  384.715126886688
     0.547284862037   24.537692396890   17.375409141849  394.739679747921
     0.548285654342   24.892730941455   17.451038315912  398.034356961676
     0.549286143626   25.014709225278   17.496446469696  399.767363712130
     0.550288317952   24.334041237667   17.382868282289  395.625398669666
     0.551289825247   23.595194510189   17.187244877991  384.340047346975
     0.552290064505   23.967733861943   17.272121221552  389.067948616929
     0.553290303763   24.515082996593   17.409289381762  396.754519758148
     0.554293057039   25.118470066260   17.550993421089  403.751329882221
     0.555296414464   25.053658259631   17.584962897100  405.919445824353
     0.556299786143   24.514629341460   17.420632298643  396.233783653356
     0.557301450823   24.834516561221   17.516279262089  402.898972192350
     0.558305103896   24.674953549801   17.516317121364  402.151582456958
     0.559306355631   23.759400209167   17.281999214272  391.524288309922
     0.559520534977   23.640351454078   17.257490510852  390.017583076185
     0.560521509830   23.562178580189   17.233774986669  387.384226276049
     0.561522864634   24.161802651491   17.376622326004  394.493743683182
     0.562523103892   24.989035544164   17.569112387587  405.591930288024
     0.563523321513   25.081829951120   17.596132906551  406.645297656413
     0.564527266812   25.029448326858   17.608602784089  407.553616996681
     0.565529257584   23.971562434676   17.395850916468  396.300560517097
     0.566529764323   23.266385937193   17.227370296292  387.673166486884
     0.567532495280   23.465520970133   17.251022493957  387.980911340873
     0.568535888268   24.211822710891   17.437826283679  397.437192199638
     0.569536599333   24.395369630149   17.476569971703  398.697727371165
     0.570537374992   24.580879585366   17.547223800160  403.123925119827
     0.571538473062   25.100278587625   17.678707844149  411.197197974265
     0.572539964926   24.423113216021   17.552086067931  404.053457099987
     0.573540204184   23.980388464764   17.410861941015  396.199137969071
     0.574540443441   24.420093392166   17.527508606960  401.945069784751
     0.575540682699   24.713960705311   17.588735995793  405.942350884003
     0.576544414837   24.479149684834   17.571623146117  406.115193296807
     0.577548141060   24.308746158059   17.530432413881  402.180022303814
     0.578197101980   24.642645834861   17.610638317173  406.900605593199
     0.579200017639   24.803214124818   17.654685349982  409.551379373624
     0.580200521896   24.924804366113   17.675805770810  410.378711234571
     0.581202202297   25.139752898435   17.715281683986  411.452424738309
     0.582205705612   25.054767218066   17.764001122213  414.784578737034
     0.583208934999   23.799343865260   17.429144235330  397.115773474864
     0.584209672597   23.908325035182   17.466777864801  399.591445468561
     0.585212431823   24.683779314972   17.651878646122  409.146086966742
     0.586213041575   25.122177370614   17.725116084207  411.000803864322
     0.587214126231   25.172389199417   17.754871253110  414.273107848836
     0.588214967064   24.770311677783   17.661358549516  408.341300477674
     0.589217686134   25.195724780986   17.773174398845  413.615627288810
     0.590217788885   24.909551459841   17.776268660491  415.587164370812
     0.591220037560   23.650807097135   17.438165861462  397.961419140060
     0.592222562221   23.775897679923   17.487577902444  400.289223809920
     0.593225381814   24.505425163945   17.656719740216  409.259377522809
     0.594225859947   25.127696770158   17.764300165578  414.745926542086
     0.594339021314   25.155194757208   17.769196364572  415.354562012643
     0.595341789943   25.056047070642   17.792848554972  416.181906490928
     0.596343590559   24.467691427144   17.668557729985  409.593645850281
     0.597344711844   24.891830203090   17.744045265432  412.614548622860
     0.598346198904   25.297487159589   17.831617422704  417.705089210711
     0.599348424255   25.657626502020   17.961019257949  425.230378327635
     0.600350612070   24.323424738618   17.678784361314  410.466741086266
     0.601351224117   24.086017307911   17.592782765783  405.039423489593
     0.602353379819   24.901609773559   17.770971610712  413.615188774946
     0.603355325066   25.483257476907   17.911302182651  422.219261154278
     0.604355540459   25.512170083730   17.938325686167  424.356109827105
     0.605356948374   24.909358506345   17.830660138553  418.203855034897
     0.606357776828   23.732369510631   17.551318646648  405.234692449397
     0.607359194645   23.811357981675   17.561737649235  403.751582999076
     0.608359995398   24.479979611524   17.695103916191  410.121381439906
     0.608748045041   24.845419100482   17.782970937036  414.838710954137
     0.609749431746   25.460575903590   17.946836583586  423.887823206597
     0.610751028622   25.232915969975   17.906403685156  421.280348712481
     0.611751305517   24.847905470340   17.809564229621  416.319855592310
     0.612751484736   25.038991989618   17.847545138500  418.870015132737
     0.613751521522   25.645201898807   18.020302301197  428.292453016776
     0.614752881842   24.695012386991   17.809945413469  417.230632371065
     0.615754993475   24.364860620228   17.696372598830  410.101804781507
     0.616755912814   24.999125292052   17.855780446454  419.344001924544
     0.617757949769   25.520985857969   17.983116649113  427.495756121747
     0.618760621480   25.349801478212   17.967040788301  425.734073164190
     0.619762420174   24.494984542202   17.815535495039  417.690307295355
     0.620763411805   23.493514779499   17.559333998534  405.561782812750
     0.620891764650   23.456184118795   17.551186664378  404.830404357003
     0.621892523838   23.777345621768   17.628088074918  407.699213718974
     0.622894472598   24.159994018474   17.667960337627  408.438715994174
     0.623896421358   24.701784451427   17.799192951053  417.021558041870
     0.624898370118   24.299298624812   17.722402971212  412.014115962141
     0.625900318877   24.457351863642   17.737137834000  413.161537884251
     0.626901355804   24.658175695753   17.795632242354  416.016734012104
     0.627902979649   24.665168176736   17.774317384611  414.524964214638
     0.628906836701   25.057020118055   17.858662240855  417.865882357314
     0.629908124443   24.658409501377   17.828854993849  417.352405233814
     0.630909328452   23.280670190935   17.500799912685  400.918382086216
     0.631910795945   23.168784634073   17.455357594719  397.325541193224
     0.632913672351   24.077388471789   17.677146201065  409.043170353247
     0.633914462301   24.321976678370   17.730548175729  411.412287546142
     0.634917035590   24.599913716217   17.796018392204  415.412569783565
     0.635629839545   24.766713199334   17.852711064437  418.447898357880
     0.636630947712   24.376671241403   17.776472461927  414.087082926517
     0.637632076863   24.119052105402   17.692686898624  408.972364755850
     0.638633973231   24.619978978119   17.819378111632  416.181784946305
     0.639634832009   24.872923474017   17.889150806370  420.901123448750
     0.640635532540   24.411735791368   17.785358750148  415.514356041921
     0.641637503023   24.613510223865   17.817056392330  415.413086372034
     0.642637731827   25.205868178314   17.967429014574  424.968673065777
     0.643640219017   25.451235476533   18.007486431402  427.366724979791
     0.644641827966   24.742085742183   17.924327197525  422.304687704643
     0.645644081620   23.292046215775   17.566129671344  404.201718093800
     0.646644581974   23.157729970425   17.509961422949  400.127448806946
     0.647647279303   24.021889513689   17.718689438539  410.749315355640
     0.648648161901   24.636934223676   17.863225409462  419.634039306277
     0.649649044500   24.531304066107   17.849210749978  419.077111823112
     0.650649870929   24.325115718800   17.824405676176  417.875081908035
     0.651379292317   24.404717722137   17.831922409388  418.195097700664
     0.652379761925   24.621777003016   17.866160335899  418.008415329945
     0.653380101060   25.042041784358   17.978557822753  425.198514824832
     0.654380930005   25.223805910923   18.037492203051  428.654311501213
     0.655381471543   23.926966846981   17.787073509979  415.358613654838
     0.656382851760   23.131376288014   17.547921640246  401.880408882834
     0.657384500808   23.888786938870   17.728282799246  411.493606678871
     0.658386491608   24.854101771336   17.961538392376  423.385233126420
     0.659388421662   24.985125386853   18.019952090280  427.350005667276
     0.660391795395   24.265887496604   17.854423330136  418.880577254484
     0.661394760562   24.335479864114   17.842466794207  417.061627384558
     0.662394773778   25.021005616782   18.004699898808  427.235832289443
     0.663396639785   24.989371618165   18.021201531200  427.649842040597
     0.664352030818   24.766367961890   17.968684994413  424.625295970839
     0.665352779142   25.121015336717   18.018635469186  425.893604411198
     0.666356501638   25.585875205871   18.153439294642  434.138650060260
     0.667358555158   24.830555868743   18.023093094982  427.441142404748
     0.668358818194   23.439457614928   17.686563963176  410.587989065245
     0.669361185246   23.760909966573   17.743923721329  412.072390877477
     0.670361955118   24.548222317153   17.929427720695  421.639865194227
     0.671364563410   24.961706751042   18.026212793683  426.812443577854
     0.672365824041   24.898646122420   18.035308332768  428.590932349238
     0.673366610506   24.489084421620   17.944894287113  423.519615910638
     0.674367377780   24.721123181978   17.987705878188  424.303281144531
     0.675370031946   25.151477259729   18.082759779830  430.148991979981
     0.676371400378   24.551346073075   17.980830789230  424.812759050754
     0.677373349822   24.356095050749   17.915140861221  421.493752515859
     0.678054529097   24.659777980408   17.984325930215  424.100662520151
     0.679056620285   25.400995537156   18.146586033593  434.667720785509
     0.680056785808   25.126115723009   18.135077312545  433.616489307587
     0.681057686695   24.011474132198   17.857450290603  419.368333159679
     0.682058316252   24.237778509823   17.897669222839  420.860857043779
     0.683059674032   24.955389911499   18.053854094105  427.885583443308
     0.684060803182   25.526205445509   18.205279837463  437.592673371822
     0.685062355596   24.867222779845   18.076193027176  430.072126779377
     0.686064995799   24.687606808882   18.009789892830  425.655000359969
     0.687067014921   25.453902517816   18.189783226788  434.370229948255
     0.688069892135   25.264099424531   18.190206570053  436.636213164877
     0.689072139704   23.962053941508   17.907995178387  421.885733926920
     0.690074624605   23.548970916706   17.787900605902  414.773364434219
     0.690489344857   23.812554411092   17.839752231340  416.897509184842
     0.691490082857   24.637383877452   18.038511439627  426.957239345938
     0.692491206184   25.029252637758   18.145734138254  434.283654226576
     0.693491516675   24.899837778441   18.139083317700  434.043156646530
     0.694492393105   24.467670827939   18.012847173899  425.720715991912
     0.695493152948   24.952806076613   18.129028161828  432.741795071814
     0.696493986370   25.438277883954   18.233652619633  438.449178720808
     0.697494749393   25.496323340999   18.281248090329  441.562762669101
     0.698497193028   24.426409490072   18.070433320420  430.359403835333
     0.699499562217   23.490513162816   17.821732008642  416.609562836767
     0.700502122040   24.017701817667   17.945277140902  423.788945433963
     0.701504537210   24.600875976700   18.082081409091  429.284864564756
     0.702504984911   24.922483055823   18.165274647665  435.999627590730
     0.703065800427   24.807301994427   18.159607531955  435.479194428037
     0.704067741874   24.620323201179   18.113009355450  432.500813615987
     0.705070514997   25.238981605892   18.234963815265  438.435575875506
     0.706072368164   24.706375007227   18.159155386030  435.193124590306
     0.707073890490   24.002029329490   17.975434328377  425.391592200306
     0.708075269270   24.179421785032   18.013267307131  426.137235165736
     0.709076804721   24.986031466676   18.217159106460  438.381824823437
     0.710078495054   24.238854268503   18.061898696006  430.698758819554
     0.711078852772   23.844466160753   17.956941812191  423.852959897957
     0.712079290946   24.477021830494   18.100292748669  431.466148238557
     0.713080856851   25.207774091914   18.284812983283  441.667736892023
     0.714081754103   24.640685311726   18.188867643644  436.822086970901
     0.715069267897   23.822166067156   17.977853944287  425.030058536778
     0.716070269919   24.565731761782   18.146821051002  432.929678813273
     0.717072795561   24.795260943898   18.208202438593  438.080795502987
     0.718074805802   24.754072370218   18.179050774464  434.816156311745
     0.719076053437   25.226396466744   18.296847222708  443.039750848744
     0.720077201218   25.382664516389   18.343048811426  445.294745276314
     0.721078766802   25.274288100853   18.331083123941  443.923093565153
     0.722081250405   24.317428720206   18.128969988567  433.746015954811
     0.723082476158   23.862635627815   17.995825211000  425.117250516922
     0.724083085392   24.518121036172   18.157544795571  434.244232265126
     0.725083564467   25.128387194206   18.282586169491  441.416582393960
     0.726084702554   25.315292607744   18.357229169345  446.019481435810
     0.726664749178   24.898908518634   18.284273577223  441.706445390772
     0.727666006729   24.340894338206   18.134755026712  433.833555074628
     0.728666985108   24.894002703487   18.237421665744  438.898397104186
     0.729667656387   25.458796818055   18.371730990509  444.853412677568
     0.730667796678   25.762668887118   18.474289432114  451.846286596373
     0.731669569858   24.501475472944   18.237279266446  439.386310806068
     0.732669649471   23.233659703924   17.878397794557  419.038157301004
     0.733670333564   24.060011442442   18.082105527382  429.753089296231
     0.734671291943   25.262423359989   18.359182189566  444.396891500729
     0.735671616049   25.217486255622   18.352157199815  444.560881553137
     0.736673274420   24.778460460898   18.288049005814  442.490963118570
     0.737483020988   24.779613687705   18.271972080714  440.761885097229
     0.738486255636   25.111022077642   18.375877038544  446.768707684698
     0.739487448622   24.124225007609   18.159978092251  434.254365715579
     0.740487614085   24.023918430883   18.107528197014  431.388160196154
     0.741487868195   24.905026183627   18.313535326034  442.132131606546
     0.742488478832   25.165213350197   18.376955918480  445.614394172313
     0.743490167278   24.601740507975   18.295496723464  442.381994130731
     0.744491710256   24.148731349557   18.154670891650  433.631189191723
     0.745492678552   25.035733835842   18.359440756180  445.472700283640
     0.746493550200   25.489722025796   18.468198227422  451.723030107608
     0.747494122369   25.537289287902   18.508929748909  454.169383230909
     0.748495018072   24.053229791694   18.186784229561  436.903816168423
     0.748614802765   23.861006593144   18.130103279100  434.031258789849
     0.749616582639   23.583275280100   18.030375017868  427.576789656934
     0.750617396832   24.468032111210   18.252108529816  440.082717126021
     0.751617696626   25.081906360561   18.389891527459  446.239497148235
     0.752619087075   25.232474978067   18.460182560553  452.219795925452
     0.753619429887   24.655939790487   18.326829367500  444.460782912732
     0.754619784657   24.733622691148   18.322875439014  442.720757956742
     0.755622088582   25.391789864351   18.495475374751  453.508637814665
     0.756623971566   24.684340951940   18.373427728553  446.808026262426
     0.757624655413   23.513986633370   18.046367743125  427.581530124161
     0.758625395479   24.350211953527   18.252485874532  439.453723103236
     0.758859759442   24.551975865304   18.302936923745  441.800310352396
     0.759860049826   25.427812369137   18.517133122000  454.229882102044
     0.760860069310   24.843362985727   18.395703336835  447.312418126763
     0.761860197332   24.675840641575   18.333239991331  443.620334538120
     0.762861247752   25.380336660851   18.512202203105  453.239871427625
     0.763861980146   25.875394563639   18.669885809405  463.100440686865
     0.764863479649   24.115337440781   18.265485085222  441.397504071937
     0.765863558642   23.552209679840   18.097072354827  431.182050859282
     0.766864774047   24.579359707647   18.333560284314  443.265369900825
     0.767865754843   25.441927305016   18.539134753999  454.075496281394
     0.768816670663   25.280187944122   18.524447105576  454.444916570309
     0.769818065991   24.839240186046   18.439361419251  450.977708905682
     0.770820892508   24.872324166811   18.425285170976  449.759837692892
     0.771822935074   24.792925134708   18.466506124540  451.928996915295
     0.772824646614   23.724666425927   18.174222034140  436.063103694302
     0.773825729473   23.959033676330   18.232943097231  438.774724961092
     0.774827574793   24.931017146016   18.459411103739  450.796231179583
     0.775827595533   25.138625986823   18.521300311429  453.701911371528
     0.776827689970   24.985206701131   18.496367400123  453.387955657039
     0.777828151524   24.587649990322   18.416053718463  449.474250034798
     0.778829470049   24.779059403533   18.447378039762  449.764139408831
     0.779302188282   25.151777431533   18.529912074114  454.551428169361
     0.780305109543   25.590490079871   18.675889644773  463.788390087725
     0.781306148114   23.812196869576   18.279178906494  441.946633073815
     0.782306797129   23.174284866339   18.073808825636  429.420885333540
     0.783308781760   24.210781009008   18.332525565160  443.993257817264
     0.784310294680   25.099878363724   18.549977848559  455.565769516644
     0.785312002283   24.907223215207   18.529320730760  455.290052349878
     0.786313133498   24.490195973434   18.428890464413  450.768151303586
     0.787313261519   24.756874526735   18.472845715871  451.695998838385
     0.788313389541   25.672637679778   18.731967952704  465.241896486239
     0.789159042631   25.489501291605   18.676671457718  462.971636893280
     0.790159432366   25.197626633268   18.622568996135  461.080963062120
     0.791160750359   24.092596407985   18.381601152441  447.713449171540
     0.792162102296   23.541318361403   18.198660409353  436.581392470067
     0.793163896963   24.206776980391   18.366295003437  446.053210051612
     0.794164857539   25.045712182695   18.580595545904  458.292820698444
     0.795165986689   25.192816692336   18.624677608057  460.918309110052
     0.796167115840   24.934964427236   18.590547507631  458.862740244665
     0.797167447773   24.758502087628   18.532535043257  454.726051143292
     0.798167642106   25.351489866468   18.669729936004  461.999441846341
     0.798636320460   25.749234738714   18.765014953911  468.332552438634
     0.799637416268   25.954683342556   18.839794859311  473.184472982297
     0.800639338549   24.795735744315   18.581831834015  458.754183496871
     0.801641220971   23.639002194582   18.278208984291  441.896045550952
     0.802641517099   24.236300029792   18.397671186272  446.729317334376
     0.803641645120   25.156777926565   18.633885065807  460.446445918301
     0.804641773142   25.436532752503   18.743755435624  466.048523153694
     0.805641901163   25.167144902009   18.674202524004  462.383100960948
     0.806642029184   24.851919235852   18.602400754501  459.155236865735
     0.806855269693   24.897412631823   18.610657972171  459.059360580789
     0.807855536823   25.102831081297   18.670386556181  462.693032020312
     0.808856284019   25.060200133686   18.655967956738  460.902230347391
     0.809856412040   25.341549398225   18.725842722894  466.845372392762
     0.810857225284   25.668559787825   18.781224974786  467.147501037587
     0.811857237890   25.694943884934   18.831080491287  471.536898625730
     0.812858334426   24.260198729504   18.521239504501  455.518153934423
     0.813859552319   23.355351431413   18.241571813394  439.096092786286
     0.814861203569   24.420166398574   18.512242857677  454.179250109626
     0.815448342562   25.127706144332   18.709882855985  463.992965229778
     0.816449414247   25.343225161146   18.762139591876  468.641069499171
     0.817449795073   25.061409996686   18.731817244373  467.487695518175
     0.818451268375   24.686703853731   18.609156257583  459.465234882271
     0.819451937006   25.369346530137   18.766678978241  466.604614352627
     0.820312974593   25.322212906053   18.811197452715  471.312479124598
     0.821314096693   24.647300683202   18.623805856963  459.693538269141
     0.822314612065   24.747492102611   18.591669735905  457.136950128656
     0.823315127438   25.462823727027   18.738090940861  465.195176937952
     0.824315826539   25.419588046034   18.718351363832  463.927569368431
     0.825317799503   24.682610912015   18.607736956644  458.773334171116
     0.826319112381   23.273197304470   18.224211798065  436.902366571761
     0.827320998481   23.801431898907   18.347016202197  443.763573080491
     0.828321065074   24.837591154060   18.582336261862  456.020924377859
     0.829321131667   24.959219120589   18.649123544041  460.892633308092
     0.830321198260   24.782645068519   18.609624014132  458.092337167855
     0.831227369675   24.415722343370   18.500069912072  451.435624331519
     0.832227869092   24.886782281064   18.603138724651  457.003499645877
     0.833228818874   25.332449467458   18.721246438648  463.614695753769
     0.834229460063   24.895310520381   18.638338081947  459.963055115982
     0.835229683604   25.010973797670   18.639190160949  459.255952583496
     0.836231629765   25.517160495595   18.751750503669  464.509941916330
     0.837233893859   24.995954542458   18.710707224917  464.294226962991
     0.838235785931   22.970651168595   18.216377332394  436.814599114298
     0.839235836836   22.996913877697   18.191534391552  434.563552245291
     0.840236163203   24.163878663257   18.493149632761  451.054811978438
     0.841236968218   24.422184272578   18.570998884398  456.059635157933
     0.842063390987   24.255007847655   18.548510601931  455.242958179283
     0.843064625599   24.151181291556   18.523232726449  453.788657817642
     0.844064806945   23.718613300991   18.404440690236  447.080181155748
     0.845065148943   24.601939274136   18.622982727925  458.614668341159
     0.846066205251   24.783833599713   18.684956610027  463.069708948881
     0.847067261560   24.234763323355   18.539799967714  453.952523249909
     0.848068043549   24.595649102307   18.622040226113  459.410511287754
     0.849068502824   24.774833894225   18.659866365909  461.390346294373
     0.850070153617   24.974264771632   18.689495466036  461.171741839296
     0.851070721577   25.613310477846   18.851320686986  471.837181309241
     0.852071971993   25.200091080949   18.761708555214  466.627089080585
     0.852805128450   24.574306538182   18.639262622419  459.477696349139
     0.853806284778   23.972578626927   18.504002436887  453.169942913878
     0.854806434423   23.500535506727   18.354527123857  443.472643847020
     0.855808381541   24.070535685435   18.528870787656  452.629813543274
     0.856809473212   24.239715819265   18.575203519343  455.916574665641
     0.857810564883   24.254735185535   18.591167488242  458.456264498772
     0.858810573191   24.341577743739   18.607145237057  459.314501647524
     0.859811646555   24.276994908841   18.614748818514  459.204256280598
     0.860813193774   24.092962563777   18.536102221341  453.827146937106
     0.861813603599   24.984866437396   18.759912591682  466.451706010807
     0.862814103560   25.135741661533   18.818419451722  469.998596858776
     0.863815896832   23.927175670894   18.531666542788  454.356800196844
     0.863894757263   23.851578912848   18.507092631551  452.883586395279
     0.864895302012   24.284675392340   18.588278416604  456.048844905949
     0.865896455633   25.074008101140   18.793891621668  468.379337485711
     0.866897609254   24.794779864815   18.742161333139  465.338587724835
     0.867898616396   24.785207947355   18.732047299885  464.852178457588
     0.868898731675   24.898623915911   18.780839088436  468.178170455407
     0.869899120044   23.690035136935   18.506453446303  453.434849354295
     0.870899587278   23.612854643303   18.451849575173  448.889029115180
     0.871901487856   24.686054967565   18.717428773966  463.055393977141
     0.872901948996   24.949894124994   18.793376274115  468.568805069334
     0.873901993369   24.357587323364   18.680063131101  463.298659405404
     0.874903954021   24.165772584614   18.595078979722  456.696803792245
     0.875372204633   24.678682662246   18.703603221945  462.785631826129
     0.876372787847   25.351010476232   18.892773016706  474.501499996467
     0.877374316181   24.991850149279   18.806492704005  469.152536483538
     0.878374819808   24.907385160286   18.763783354947  466.192958673634
     0.879374890136   25.062493461605   18.831607580479  470.458978779299
     0.880376000501   24.093292459560   18.613933694204  458.196979926828
     0.881376447019   24.259937869458   18.612932331525  457.260959517935
     0.882377484057   25.387680650770   18.892827074936  472.372855127539
     0.883378477638   25.531712627851   18.948356698518  476.211831443230
     0.884378654681   24.808785591123   18.790316276607  468.203731559576
     0.885028959907   24.524819837221   18.716919808812  464.371245897398
     0.886029162548   24.648276153031   18.727590770982  463.512936074807
     0.887029290569   25.070706772644   18.827193029613  469.545397702567
     0.888029418590   25.405450986138   18.913684487003  473.713924773238
     0.889030355842   25.538921623070   18.954627515618  476.149083437903
     0.890031370591   25.251371651332   18.884253795024  472.816359753328
     0.891033154037   25.345844142580   18.904991872852  473.269491736485
     0.892035349593   24.965707641031   18.882043352025  474.209909118438
     0.893035914890   23.178966878888   18.433829269784  448.776345623534
     0.893844557150   23.356053674075   18.458044037559  449.307305641048
     0.894845775394   24.491770746196   18.736373496687  464.388350083325
     0.895846749700   25.021868883341   18.887304582074  473.148694366094
     0.896847490613   24.116916682937   18.686291379502  462.939990729880
     0.897848395238   24.114362526197   18.657727240829  460.357585710567
     0.898848625493   25.250199542009   18.922273403997  475.074170123527
     0.899849448103   25.287434448711   18.978127764232  478.792520306112
     0.900849987853   24.301121699134   18.725532639693  464.358522335988
     0.901850115875   24.570486775549   18.762647928868  465.623922248246
     0.902396151736   25.168080585085   18.925204550625  474.406817565292
     0.903397728254   25.081855481968   18.898475694164  472.776096761526
     0.904397993913   25.159489397015   18.938616060390  476.829515609334
     0.905398358064   25.273087851708   18.953108247280  477.553209618870
     0.906398571356   24.648833908716   18.886303478019  474.853338944276
     0.907400362674   22.994928549123   18.420516103574  448.410181067279
     0.908401380274   23.678001831000   18.588961714766  456.215595656479
     0.909401469288   24.717388986946   18.864182103616  473.028666371190
     0.910401558302   24.488325085010   18.808466466662  469.824616701273
     0.911402424028   24.586073293365   18.829675874917  471.181670981623
     0.912402552049   24.209588014127   18.759020415775  466.416838175384
     0.912594468508   24.219368859842   18.747448677510  465.574693037047
     0.913594596529   24.808674895215   18.896677677529  473.206287506378
     0.914594724550   25.095721106512   18.974071001082  478.003417863772
     0.915594852571   24.621290369762   18.851824897964  471.388282005774
     0.916595727901   24.686052351327   18.871161806964  472.007005239115
     0.917597591630   24.564171956866   18.845160694248  470.709585786981
     0.918598082168   24.704826625738   18.908431512313  475.299191767878
     0.919598491433   24.070548036721   18.741316137204  465.474245015033
     0.920355345070   24.135182543894   18.745409474046  466.461958151168
     0.921355473091   24.608658726029   18.866939475611  471.596741949361
     0.922356686110   25.006115001666   18.985004811167  479.435955767721
     0.923357317239   24.835353678121   18.932016043532  475.795890018540
     0.924358351706   25.360883742522   19.042061608619  481.905968590277
     0.925360551789   25.695882518756   19.123323140097  485.959924588177
     0.926361932779   24.542130872992   18.918212089933  476.606700104591
     0.927362861484   23.494897654710   18.597309014532  456.994644833825
     0.928364159832   24.579687888795   18.872052925929  471.846396190871
     0.929158074363   25.184720325419   19.008974764984  480.353344263149
     0.930159139885   24.948889094422   18.995990770465  480.410449715687
     0.931159958627   24.340578552457   18.838159637682  471.267855648717
     0.932160086648   25.021627478491   18.976993109481  477.787578509793
     0.933160416920   25.664283057391   19.156469857281  488.125962191493
     0.934161533356   25.340286293145   19.092458235677  485.629680145044
     0.935163088887   24.189513192139   18.852814841101  472.704933031414
     0.936163761778   23.223821952046   18.579754263280  456.670858036141
     0.937163960295   24.123835674676   18.803196615315  468.561707880702
     0.938013902529   24.585787465869   18.930644121426  474.985230658183
     0.939014706668   24.579469116523   18.939833456329  477.402013980022
     0.940015912870   24.614323452017   18.951540757973  478.229395830572
     0.941016040892   25.000105869835   19.022940434696  480.895025301973
     0.942016171065   25.021998346432   19.043397043543  483.021910899413
     0.943016825828   24.962414076731   19.017181241848  481.403345579175
     0.944017983795   24.820593577628   18.986873926117  479.806319844845
     0.945018466808   25.258623186081   19.080757339880  483.342450662476
     0.946019178234   25.728519119530   19.194332000946  490.716826872246
     0.946116815007   25.771532552652   19.205480011722  491.526308141488
     0.947117739121   25.464088125022   19.169180356278  490.423322689062
     0.948118868875   23.825663654387   18.776229438711  468.652289279636
     0.949118996896   23.319858601245   18.622490420113  458.412019906445
     0.950120624164   24.397852303008   18.904360311690  473.604860190719
     0.951121574283   24.736067302002   18.998307949649  480.822252831174
     0.952122881491   24.299901234372   18.922672236721  476.356499093261
     0.953124594979   24.125073317785   18.854626721660  471.467799811640
     0.954126187632   24.814281020301   19.034397792953  481.720063957169
     0.955126213282   24.555027150274   18.979832564952  480.416852923341
     0.955584229869   24.531261248864   18.977734858034  480.197225653329
     0.956584527904   24.792435487806   19.020604747450  480.652346062925
     0.957585739596   25.708019841647   19.257160289434  494.957463921479
     0.958586102492   24.750909557797   19.058282918869  484.552337636385
     0.959587108444   23.926410463145   18.826816742112  469.836201273773
     0.960588196767   24.615182118678   18.998136132557  481.331234964264
     0.961589573950   24.319499354457   18.972976572229  479.467414878236
     0.962590891415   23.143270632984   18.649258451173  460.187992204226
     0.963591280809   24.200288771233   18.920776275205  475.573567716056
     0.963760192276   24.386283796136   18.974769950455  478.176075780601
     0.964760546092   25.299786722152   19.204800429006  492.125075591891
     0.965761184306   24.271086619629   18.990046532690  480.707638103054
     0.966762364952   24.089146603973   18.892197117957  473.640294608699
     0.967763517091   25.426437671964   19.240495589444  494.193153150939
     0.968763715746   24.931170144617   19.135408054242  487.784863982854
     0.969764504810   24.858378081914   19.086639658342  484.923065673475
     0.970766483899   25.943347224926   19.359509888047  500.860062285137
     0.971766767547   25.268679956534   19.276511172441  497.497101512776
     0.971776228218   25.243074195550   19.270290788528  497.146252090179
     0.972777370806   23.299302233614   18.721742145051  464.685991541859
     0.973777525392   24.142009246081   18.912687219506  474.568404547472
     0.974778383551   25.352967208921   19.226360001312  493.404459004960
     0.975779411687   24.862634667263   19.139589689946  487.999016962531
     0.976779879864   24.790996483811   19.102531905789  485.802872345671
     0.977780185529   25.337961685426   19.194945041527  491.646049465145
     0.978781866092   25.284523391606   19.225187186595  493.838996640944
     0.979200023336   24.887659030145   19.134234226415  487.271180846906
     0.980200307849   24.717505704514   19.064206863004  482.750177023819
     0.981201369686   25.649759688653   19.316098051936  497.005721082099
     0.982202216539   26.348004427271   19.492917551965  508.032863198576
     0.983202907479   25.334244495402   19.243638115767  495.207631460130
     0.984203690439   25.341157103415   19.228767952085  492.983044276692
     0.985204326792   26.055088554470   19.408834852005  502.687239395963
     0.985448576536   26.133931969113   19.426301283016  503.982153396543
     0.986448885655   26.974143730528   19.599454204223  512.784010473394
     0.987433002056   27.661171641205   19.706137749165  517.617192927737
