# {0} signal over time, extracted at r = 500 km
# All quantities are measured in a resting observer's frame at infinity
# cols=4 rows=1295
#              time        luminosity               <e>             <e^2>
#               "s"           "foe/s"           "MeV^1"           "MeV^2"
  -4.5426673778e-04  1.1343898734e-06    6.839604465199   60.360127926732
  -4.2936524851e-04  1.0363714198e-06    3.636423041988   19.515657230454
  -4.1247225377e-04  9.9753436495e-07    3.390317817334   16.377571327795
  -3.9838728860e-04  9.8313286781e-07    3.289041017710   15.085927403571
  -3.8602846617e-04  9.8449437437e-07    3.232204759494   14.360736873458
  -3.7913426236e-04  9.9110036365e-07    3.208130519227   14.053392406456
  -3.6822985812e-04  1.0103113123e-06    3.177543961897   13.662608849205
  -3.5715719059e-04  1.0410396010e-06    3.153249406620   13.351785870890
  -3.4696383741e-04  1.0795322933e-06    3.135206787255   13.120507488620
  -3.3631602090e-04  1.1303898507e-06    3.119657999346   12.920681175876
  -3.2517125334e-04  1.1954601452e-06    3.106154467310   12.746509522977
  -3.1508614885e-04  1.2649117300e-06    3.095856036928   12.613060246472
  -3.0478615070e-04  1.3463206173e-06    3.086854855680   12.495756418370
  -2.9455546102e-04  1.4377451156e-06    3.079165169462   12.394825170788
  -2.8693514866e-04  1.5127189953e-06    3.074124202132   12.328157071750
  -2.8031745025e-04  1.5826033627e-06    3.070162123184   12.275387309715
  -2.7309759790e-04  1.6639291176e-06    3.066234095796   12.222660585774
  -2.6399995653e-04  1.7739708824e-06    3.061808629982   12.162624987357
  -2.5478780281e-04  1.8939884957e-06    3.057856464396   12.108261824572
  -2.4574516412e-04  2.0201972608e-06    3.054436021640   12.060442938749
  -2.3727361929e-04  2.1459705804e-06    3.051600648183   12.020075491836
  -2.2929827740e-04  2.2710243507e-06    3.049226271469   11.985594211826
  -2.2098365851e-04  2.4082461807e-06    3.047028211825   11.952940587664
  -2.1197923951e-04  2.5647168646e-06    3.044939190351   11.921022379541
  -2.0347839012e-04  2.7199160061e-06    3.043221096013   11.893878939115
  -1.9386244008e-04  2.9042013404e-06    3.041549314830   11.866357302002
  -1.8536674821e-04  3.0746947848e-06    3.040292420847   11.844610686683
  -1.7697548557e-04  3.2501433632e-06    3.039237677791   11.825302435000
  -1.6816678144e-04  3.4418395505e-06    3.038315296137   11.807176608580
  -1.5883381889e-04  3.6533253324e-06    3.037529260604   11.790183595781
  -1.4863711034e-04  3.8942160562e-06    3.036878248702   11.774015018844
  -1.3805827787e-04  4.1549577778e-06    3.036414169273   11.759673954421
  -1.2739551021e-04  4.4289011130e-06    3.036147102210   11.747526029591
  -1.1968260280e-04  4.6340092771e-06    3.036070610537   11.740078683887
  -1.0969891699e-04  4.9081790834e-06    3.036107731297   11.731999138389
  -1.0023006214e-04  5.1772441063e-06    3.036276128650   11.725861685804
  -9.5793151102e-05  5.3063428592e-06    3.036397218567   11.723468832199
  -8.8304986181e-05  5.5286219789e-06    3.036660184374   11.720099953140
  -8.0418504627e-05  5.7686988811e-06    3.037013241829   11.717421496555
  -7.2821784957e-05  6.0057656265e-06    3.037423647728   11.715644714197
  -6.5513393087e-05  6.2392350803e-06    3.037880608616   11.714644877576
  -5.8956045371e-05  6.4532340556e-06    3.038340222653   11.714314342046
  -5.2715654240e-05  6.6608781237e-06    3.038819522460   11.714478108797
  -4.6738290391e-05  6.8634321766e-06    3.039315563445   11.715056631971
  -4.1151290564e-05  7.0560105560e-06    3.039810806906   11.715957947761
  -3.5764988790e-05  7.2446585368e-06    3.040316277004   11.717146507760
  -3.0461352918e-05  7.4332887712e-06    3.040840092946   11.718614507468
  -2.5362949789e-05  7.6173218210e-06    3.041367386858   11.720296419236
  -2.0779132123e-05  7.7850496793e-06    3.041860823303   11.722029227224
  -1.6076903913e-05  7.9593530967e-06    3.042385627828   11.724018831739
  -1.1460161704e-05  8.1327053602e-06    3.042918827441   11.726176388038
  -6.8701390365e-06  8.3072409377e-06    3.043466185120   11.728517549525
  -2.7270044627e-06  8.4666621024e-06    3.043974713532   11.730795124224
   1.3879687538e-06  8.6267707785e-06    3.044493126720   11.733208669334
   5.5955491956e-06  8.7923145261e-06    3.045036720787   11.735829786774
   9.5483692891e-06  8.9495276176e-06    3.045559638990   11.738430854456
   1.3636856927e-05  9.1138685585e-06    3.046112794030   11.741260237866
   1.7540385878e-05  9.2724233833e-06    3.046652407580   11.744091398283
   1.9067817199e-05  9.3349046930e-06    3.046866575019   11.745233304248
   2.6034281833e-05  9.7152899573e-06    3.048392700485   11.754642551262
   4.0869228814e-05  1.0358367429e-05    3.050578732107   11.767173286829
   5.7531920885e-05  1.1109122362e-05    3.053178023414   11.782957681729
   7.4839702582e-05  1.1921030373e-05    3.056047696470   11.801290045669
   9.2566259072e-05  1.2786830005e-05    3.059175036126   11.822140372064
   1.0942912480e-04  1.3642977618e-05    3.062334234195   11.843949705367
   1.2649008218e-04  1.4541867885e-05    3.065720057926   11.868002574573
   1.4304530404e-04  1.5445897472e-05    3.069193016854   11.893276187562
   1.5957919970e-04  1.6380342003e-05    3.072850536750   11.920441340596
   1.7586039821e-04  1.7331653084e-05    3.076640721161   11.949091523913
   1.9205927272e-04  1.8309126290e-05    3.080600812658   11.979487930102
   2.0813213822e-04  1.9309815451e-05    3.084719236205   12.011529632155
   2.2508670862e-04  2.0398985865e-05    3.089270260329   12.047378001300
   2.4207485243e-04  2.1525204134e-05    3.094044819642   12.085420309669
   2.5902002228e-04  2.2683677168e-05    3.099022366574   12.125493957801
   2.7691615216e-04  2.3945567483e-05    3.104513065062   12.170131844535
   2.9582104419e-04  2.5321793923e-05    3.110573736159   12.219871393118
   3.1511925948e-04  2.6772785967e-05    3.117034884761   12.273379696906
   3.3422106691e-04  2.8255204546e-05    3.123700423502   12.329048737501
   3.5441444533e-04  2.9872564290e-05    3.131034821801   12.390800602697
   3.7583170972e-04  3.1644502991e-05    3.139130164052   12.459508096550
   3.9883289268e-04  3.3612271565e-05    3.148176062315   12.536903671426
   4.2283525285e-04  3.5736819947e-05    3.157988142844   12.621530507196
   4.4610682271e-04  3.7865216297e-05    3.167845046254   12.707193783690
   4.7065119811e-04  4.0181769017e-05    3.178583007101   12.801198354180
   4.9633064895e-04  4.2682100260e-05    3.190160989824   12.903298369598
   5.2384252904e-04  4.5444403216e-05    3.202911391823   13.016565778903
   5.5368851562e-04  4.8533508386e-05    3.217088759854   13.143461541407
   5.8563456397e-04  5.1938787554e-05    3.232582121445   13.283211124332
   6.2011164330e-04  5.5717474968e-05    3.249569404364   13.437653507521
   6.5726701357e-04  5.9895157848e-05    3.268057436740   13.607118362413
   6.9291835683e-04  6.3990888672e-05    3.285849311288   13.771508745142
   7.3273312826e-04  6.8647116714e-05    3.305643799338   13.955872608803
   7.7467657150e-04  7.3625127246e-05    3.326270844316   14.149615913883
   8.1930717222e-04  7.8981565570e-05    3.347828119385   14.353860213610
   8.6740259415e-04  8.4799372274e-05    3.370480713810   14.570423028396
   9.1153707994e-04  9.0162731765e-05    3.390656992862   14.764982117515
   9.6400314059e-04  9.6552941957e-05    3.413809937930   14.990161491797
   1.0199479653e-03  1.0336929785e-04    3.437446973605   15.222103706377
   1.0865941038e-03  1.1147718254e-04    3.464144925162   15.486421875682
   1.1553572858e-03  1.1993035912e-04    3.490322050256   15.746660933817
   1.2382314777e-03  1.3739777754e-04    3.554569028695   16.294049192650
   1.3268082760e-03  2.2129048840e-04    3.959565926217   19.419357013113
   1.4245146519e-03  4.5772686096e-04    4.368058842424   22.571020751123
   1.5326388169e-03  1.0263517488e-03    4.564954281651   24.199579578078
   1.6449453129e-03  2.2416260383e-03    4.629209674211   24.861409524034
   1.7717662469e-03  5.0295445481e-03    4.671194680536   25.366739285264
   1.9085719268e-03    0.010977124673    4.728836705881   26.052615890898
   2.0578437422e-03    0.021311440270    4.874029899143   27.700070611834
   2.2326839952e-03    0.035167558380    5.166185239473   31.215853426750
   2.4031314712e-03    0.047146547019    5.515356281661   35.808457516116
   2.5735789472e-03    0.057166866396    5.875562607789   40.972507961260
   2.7440264232e-03    0.065798331957    6.204641898498   46.075328956537
   2.9144738993e-03    0.073419726853    6.480667850737   50.660397273885
   3.1348933569e-03    0.082186354765    6.761292040748   55.631084804924
   3.3410952137e-03    0.090000934052    6.966252266432   59.445767252553
   3.5472970704e-03    0.098429438533    7.142174725101   62.809473340921
   3.7534989272e-03    0.108559315251    7.309492971090   66.040765741452
   3.9597007839e-03    0.121523867121    7.484000439611   69.403469964940
   4.1659026407e-03    0.138479940270    7.676990999295   73.107279976740
   4.3721044974e-03    0.160598247713    7.892588330546   77.257182515219
   4.6224768067e-03    0.196046891292    8.180079644946   82.866517524357
   4.8756233958e-03    0.243648719997    8.485056539822   88.939059557631
   5.1268662529e-03    0.306101340343    8.789905295536   95.139255206370
   5.3659274099e-03    0.383254871861    9.075273318661  101.076848941171
   5.6172957747e-03    0.485319584628    9.358802438448  107.127134438694
   5.8679846726e-03    0.608521501222    9.610691523437  112.649681224853
   6.1186311505e-03    0.750816022218    9.821773225758  117.398876093049
   6.3693460200e-03    0.910844225326    9.990960360934  121.277829704739
   6.6219210127e-03    1.091236558082   10.129335556425  124.489699230204
   6.8719861364e-03    1.291803058010   10.247040895318  127.251248837934
   7.1228594044e-03    1.513412924351   10.347841706881  129.650235527417
   7.3739638662e-03    1.752770527893   10.427759329754  131.577909055557
   7.6255762968e-03    2.014010959138   10.494376707065  133.174698907532
   7.8763470660e-03    2.298319432309   10.553240397262  134.544597381736
   8.1277126704e-03    2.599295875356   10.602105531607  135.639622853090
   8.3800417601e-03    2.914710103249   10.643786525622  136.548149998815
   8.6323708498e-03    3.234443891415   10.669762282392  137.055434387558
   8.8846999395e-03    3.560697956833   10.685973658333  137.314760350722
   9.1370290292e-03    3.899254783099   10.702804178670  137.615830654591
   9.3893581189e-03    4.238796821638   10.707664189489  137.597985989104
   9.6417861264e-03    4.581730627389   10.704487149673  137.362536854990
   9.8968299678e-03    4.941325859535   10.702304591963  137.186943134247
     0.010151873809    5.305820622247   10.697785552777  136.919959213989
     0.010406917650    5.677802110040   10.689743940111  136.557674682539
     0.010661961492    6.063450977645   10.686921586677  136.383589330021
     0.010917005333    6.461634657478   10.691901089113  136.420366195362
     0.011172049174    6.862012699268   10.694466423804  136.394726913733
     0.011427093016    7.270544040077   10.697186011837  136.394184617818
     0.011682136857    7.690390910162   10.708154859868  136.616129108247
     0.011937180698    8.108814618035   10.720946664290  136.893632171382
     0.012192224540    8.517971592093   10.725860327415  136.985685027040
     0.012447268381    8.931876811373   10.729706340975  137.026917426033
     0.012702312222    9.355113442829   10.740373662781  137.219231060168
     0.012957356064    9.763772915859   10.749167142360  137.395442985966
     0.013212399905   10.163887450993   10.755049785462  137.539547670979
     0.013467443746   10.582816693913   10.766607618924  137.818566114969
     0.013722487588   11.004600745428   10.780624355035  138.121941891310
     0.013977531429   11.400181683935   10.787014121489  138.234821610697
     0.014232605333   11.784146652235   10.790448874945  138.298581891036
     0.014484050467   12.179630230958   10.798810644940  138.483310001793
     0.014735480449   12.594749182106   10.811614276148  138.772729814689
     0.014986906565   12.997091238568   10.822182790943  139.017164734461
     0.015238332681   13.387254789832   10.830145916682  139.207750806096
     0.015489758797   13.780966872976   10.837643734512  139.390295734825
     0.015741184913   14.189440011195   10.847246321286  139.635303181297
     0.015992611029   14.607741679834   10.858812222050  139.930858384569
     0.016244037145   15.031644360478   10.872647711190  140.280978778691
     0.016495463261   15.467039187258   10.888611876835  140.680416217286
     0.016746889377   15.903398820930   10.902252789653  141.010915674133
     0.016998315493   16.336576439616   10.911414800948  141.232226935191
     0.017249741609   16.783836418403   10.924400581391  141.579832604397
     0.017501167725   17.247011873584   10.943173505676  142.082145461553
     0.017752593841   17.728380223184   10.964161479741  142.622682272769
     0.018004019957   18.229990411994   10.986072217450  143.181480864799
     0.018255446073   18.729244333990   11.004483431294  143.666730386279
     0.018508020920   19.212554495772   11.019458623320  144.081627025196
     0.018768585532   19.700272076664   11.034822975618  144.502826958820
     0.019029150144   20.200375024209   11.054334452850  145.016781083934
     0.019289714756   20.712192606898   11.079661358546  145.685466603424
     0.019550688890   21.218550731259   11.105194062549  146.363221159586
     0.019807678220   21.687765036136   11.121617312295  146.795677318062
     0.020067544531   22.133749035079   11.131881495488  147.063583456313
     0.020329819530   22.578545089168   11.142454132533  147.338837241407
     0.020588860405   23.018851548928   11.154285159782  147.651155598433
     0.020843505492   23.455250668632   11.170033187168  148.100163215660
     0.021103229589   23.899682377102   11.192358698476  148.762941971593
     0.021362509959   24.318488804477   11.211984162682  149.343016787784
     0.021612856378   24.711079528762   11.228169941432  149.831280590435
     0.021863202796   25.097066558779   11.242069559394  150.243576112339
     0.022121677690   25.464394554152   11.249490186675  150.417089156177
     0.022372723162   25.788293924879   11.250190778349  150.339465238692
     0.022635077729   26.134171799058   11.251820111588  150.291989683768
     0.022895566681   26.516707836402   11.260586357319  150.521891465854
     0.023147996999   26.916363785591   11.276748449452  151.025111249623
     0.023404755802   27.330284235861   11.295492290043  151.616695960057
     0.023661514604   27.720770717155   11.308821489540  152.014743106646
     0.023918273407   28.066820148115   11.314025352912  152.133016031395
     0.024168480334   28.395991616601   11.317161565170  152.138539292623
     0.024420915826   28.741095941276   11.317894994035  152.057974499604
     0.024689481413   29.154720456106   11.325184045383  152.245593085289
     0.024944543544   29.593845267289   11.341183481042  152.739096316576
     0.025010949349   29.713077774388   11.346457272214  152.901734504668
     0.026019501947   31.323756765270   11.405566812827  154.647152233120
     0.027028499627   32.754911098118   11.428784994618  155.150575697350
     0.028037497306   34.120948219568   11.479376915872  156.635633458496
     0.029046494985   35.405409546361   11.520233254970  157.807000013440
     0.030061620810   36.645301301099   11.560766062849  159.016350994460
     0.031067574816   37.722818829436   11.583586500343  159.596544700866
     0.032071373313   38.779792430364   11.611877559151  160.465011090610
     0.033087304299   40.012792838307   11.650265737919  161.652914805747
     0.034103235284   41.053296686111   11.671373603812  162.242487762924
     0.035119166269   42.180911534706   11.706813339373  163.286784704408
     0.036135097254   43.258507743875   11.737061037734  164.094590140514
     0.037151028239   44.346377591570   11.763865764459  164.885650276353
     0.038155710936   45.233472018636   11.796610636071  165.923911142008
     0.039155732080   46.039509533567   11.815036761559  166.422211493225
     0.040177700588   46.943729919561   11.834044745350  167.000418924553
     0.041199669095   47.688982400998   11.854734565734  167.610660034898
     0.042221637602   48.575906810579   11.878133557261  168.295013296790
     0.043232602405   49.727416851543   11.918415015024  169.516405989024
     0.044245102405   51.058962105855   11.956957344235  170.721073943157
     0.045257595886   51.798462306988   11.983111194051  171.517000123579
     0.046270081070   51.979780768052   11.992134094435  171.793192774758
     0.047271779885   52.236256650788   12.007008943291  172.236403633303
     0.048292379885   52.603375708257   12.003648764266  172.250922463533
     0.049312967906   52.965913107557   12.014818718824  172.591412759657
     0.050333531972   53.737818166055   12.036483924407  173.237885711372
     0.051354096038   55.056850188090   12.086677506651  174.697887653398
     0.052374660104   56.174587368204   12.134499346528  176.085930106755
     0.053395224170   56.765913544758   12.159501600963  176.816617757479
     0.054398810970   57.071010967023   12.160965988996  176.880530991458
     0.055418810970   57.534472055111   12.162711093277  177.265862290846
     0.056438810970   57.789290601637   12.180413436548  177.713774732752
     0.057446810970   57.882907935428   12.185717542574  177.900698573591
     0.058459610970   58.246715935934   12.204932374437  178.392413962049
     0.059473610970   58.845596921163   12.214073779671  178.699145610651
     0.060521370970   59.351796034166   12.240658946085  179.551250833519
     0.061546164852   59.783906282439   12.253995698827  180.005831269116
     0.062556519154   60.252553213980   12.284711629808  180.951337289651
     0.063588274152   60.482247890093   12.285299025050  181.148184476719
     0.064595554576   60.810421664216   12.305041839095  181.812940260641
     0.065651836630   61.215678462703   12.369272458063  183.122945374857
     0.066660570982   61.572044196287   12.368358702972  183.326366803775
     0.067698378396   61.802184050042   12.385602586721  183.997827328264
     0.068711094897   61.728146150309   12.380148418010  184.051101287464
     0.069743574897   61.618266851554   12.403473810947  184.408327018748
     0.070779425577   61.656876440397   12.404406586389  184.323380267888
     0.071816687403   62.059702385329   12.420080014664  185.055280854460
     0.072821567403   62.565534697917   12.443439505972  186.028957201730
     0.073839833422   62.914084954003   12.493962891893  187.271369691131
     0.074856943472   62.937301055323   12.498686593156  187.390822595561
     0.075867860603   62.815877545502   12.510592471057  187.755049987732
     0.076873333621   62.683538531347   12.483724379920  187.412191620426
     0.077879145499   62.712065732002   12.522063618430  188.277868600117
     0.078886473246   63.130130707328   12.535417471563  188.777372824785
     0.079922993246   63.780015683779   12.576063985778  189.972621463649
     0.080926097246   64.532388700107   12.631152676420  191.489216401745
     0.081948169826   65.213351244426   12.661739839777  192.461748066786
     0.082966461800   65.784390142248   12.722014534838  193.927939615303
     0.083972341761   66.400803910521   12.754329473650  195.210044925746
     0.084990247914   66.932707429308   12.794495011407  196.592791205951
     0.086003337914   67.352180314290   12.804150299288  197.258884366601
     0.087023159498   67.629438744964   12.863122952724  198.827052772790
     0.088065159498   67.723422641739   12.858843526717  199.142413553764
     0.089093535498   67.594662059445   12.915805211166  200.464355324651
     0.089977969698   67.536843135364   12.908748429917  200.703303771014
     0.091019441154   67.650581411998   12.958290422666  201.955779152175
     0.092032266342   68.266636855212   12.950223925747  202.125343333207
     0.093068193654   68.612409685150   13.015876394098  203.609937842282
     0.094070767628   69.069803321997   13.045229038939  204.641772507265
     0.095075561707   69.312172019126   13.067277880039  205.903782301958
     0.096124355958   69.301199374570   13.090944428343  206.670495319564
     0.097177355958   69.298186035279   13.095247894908  206.946400480385
     0.098230485558   69.335568093417   13.148943177948  208.358929295292
     0.099289298358   69.319398333356   13.159489536279  208.854350103730
     0.100328873538   69.360062774943   13.172190458632  209.375428372081
     0.101332179138   69.498476438168   13.223804325038  210.761819677280
     0.102368979138   69.643522465953   13.240640821798  211.634422595625
     0.103389579138   69.625739738604   13.274958726702  212.835681948632
     0.104398260518   69.564963217599   13.286151363066  213.300266257450
     0.105418853738   69.673224337212   13.319680127942  214.394932459438
     0.106433540988   69.633370682585   13.340674227259  215.180262521876
     0.107465170188   69.538706907418   13.347202576060  215.576119941247
     0.108482766047   69.427950701638   13.383370451266  216.491878303762
     0.109520824450   69.472027747305   13.400850025863  217.084271475701
     0.110529509350   69.596797033888   13.427634140397  217.890605034250
     0.111545152150   69.797878572043   13.464293184226  219.096166118870
     0.112565518870   70.122093961722   13.507876082497  220.872946159120
     0.113570950270   70.157936308253   13.536833367736  221.838551473686
     0.114578719870   70.044770970815   13.555149076328  222.413772348217
     0.115599432488   69.975610827867   13.562319297200  222.826006114362
     0.116619222488   69.899371431750   13.589118217213  223.552744125119
     0.117645222488   69.967329540247   13.616350986345  224.456156321696
     0.118657722488   70.148062847158   13.652969778880  226.036782458844
     0.119670222488   70.290281311313   13.686783275242  227.227150862073
     0.120682722488   70.391359687434   13.713035427975  228.142130071017
     0.121695222488   70.423829549707   13.737171180337  228.978913873116
     0.122719269308   70.203414249839   13.750564383092  229.365492488246
     0.123729004194   69.838538392099   13.766876355138  229.774849058407
     0.124756434937   69.871024855958   13.796297193991  231.214777061794
     0.125783865680   70.072209006686   13.832341383421  232.514813860578
     0.126811296423   70.348753463805   13.865902709584  233.656062992631
     0.127838727166   70.299066810341   13.891372112408  234.488044015482
     0.128857654877   69.979220365271   13.901478936867  234.710303274961
     0.129891208297   69.889410120311   13.928704894130  235.998336993308
     0.130898020265   70.018059178276   13.964037051330  237.368350947919
     0.131910520265   70.276754615558   13.989097729602  238.368228129756
     0.132916060892   70.231782503970   14.020580737521  239.312378031920
     0.133925549338   70.079492099366   14.044376077527  240.015769456738
     0.134935287238   70.010754689423   14.079489704919  241.544320369603
     0.135965057348   70.070333387297   14.109299779760  242.660896511279
     0.136982619848   70.013523399185   14.116661492274  242.966509041418
     0.138004358910   70.055560912626   14.155623052103  244.128826989925
     0.139013112660   70.326394402607   14.206079407231  246.321666068499
     0.140021866410   70.250245138445   14.230157181857  247.274491892444
     0.141044859002   69.814752003460   14.239493040552  247.573671761210
     0.142078137236   69.491948061876   14.213958398532  247.067257504496
     0.143087705204   69.563786400223   14.253894473911  248.420642325307
     0.144103340656   69.623387685960   14.329969104374  250.695884879291
     0.145119663523   69.488982267928   14.318254598756  250.872180225371
     0.146124181313   69.485178339294   14.342670354660  251.802053919559
     0.147142776563   69.452621826966   14.387036055777  253.098236810874
     0.148161371813   69.362233338715   14.424674182993  254.905159792772
     0.149166688769   69.131017190641   14.437089511837  255.281117255368
     0.150167812011   69.144310462641   14.434940759697  255.355853194658
     0.151187785852   69.378825561202   14.520104506482  258.250166896566
     0.152192564141   69.511536587239   14.526246816460  258.907237218865
     0.153200634453   69.198679403816   14.539636915349  259.263065019780
     0.154208704766   69.163700418154   14.595543449384  261.414513334370
     0.155212101998   69.341419968357   14.623534901969  262.506226159800
     0.156228142900   69.207940185804   14.613426549508  262.391325716468
     0.157250112809   69.080652283609   14.671453506146  264.486857075136
     0.158254828740   69.270027381625   14.698189740555  265.435704009067
     0.159269711649   69.264732444895   14.730886796984  266.631237279318
     0.160285286923   69.306721541295   14.765918798163  268.353348541908
     0.161299186803   69.220532851833   14.776258184552  268.630345205977
     0.162310104772   69.035376649521   14.775798726468  268.925353222430
     0.163321022741   68.740226864793   14.840258967392  271.342666430857
     0.164331760254   68.615474401423   14.846580839330  271.601516798593
     0.165344102050   68.543696216177   14.833382710527  271.293568535303
     0.166357264129   68.731597464138   14.915678471090  274.371872339175
     0.167364795364   68.748590245425   14.911269213569  274.408486110796
     0.168377137161   68.648615840075   14.973661931639  276.724176844235
     0.169386621659   68.595986688212   14.994159255004  277.750699340297
     0.170389993339   68.576951475645   14.980980876649  277.314616238169
     0.171391986190   68.530620890460   15.056812655283  280.159066475517
     0.172404226608   68.692550412763   15.044327292896  279.866135286918
     0.173407571329   68.796394537998   15.127845612519  283.020453407965
     0.174416478852   68.676362849112   15.105656115296  282.306493317233
     0.175420529096   68.921907556194   15.190144228676  285.774784852515
     0.176423871139   68.615838414556   15.177340438168  285.179940694618
     0.177427669967   68.442359499399   15.195029855686  286.064573241128
     0.178436940464   68.556672039167   15.240285232291  288.153109320365
     0.179410102656   68.387423425400   15.231723922092  287.489617936667
     0.180371186641   68.302845735859   15.297264656526  290.347523499019
     0.181332270625   68.414967644404   15.315790141839  291.271659283753
     0.182341555954   68.073329983637   15.318504720663  291.113009389852
     0.183350006026   67.470561802907   15.268179128879  289.625202545609
     0.184355441714   67.623223198466   15.359843614767  293.162631659061
     0.185156319349   67.539681446831   15.351398339929  292.633360629715
     0.186088588873   67.801096374122   15.432679331659  296.062500593508
     0.187067466093   67.674027586684   15.426084496871  295.846629002197
     0.187868369413   67.401614553226   15.410575074258  295.265717575483
     0.188851106566   67.647323406653   15.484893928151  298.418362239406
     0.189571919555   67.817859425782   15.469466375432  297.729410533068
     0.190292732543   67.855620380385   15.547050857290  301.009450228122
     0.191150884985   67.594415625833   15.553331853943  301.483257729795
     0.191927779690   67.221658694058   15.545264993843  300.998494499232
     0.192871071477   67.215397493550   15.554961264473  301.297767487423
     0.193591884465   67.587187602624   15.581751049927  302.397043195765
     0.194312697453   68.005913628105   15.623842247589  304.345127463812
     0.195026912576   67.741193100878   15.662048479763  306.203835253908
     0.195933681940   67.228160902085   15.643999610036  305.317019951415
     0.196554955336   67.270173281320   15.630811624883  304.718570151900
     0.197175404592   67.336182162815   15.661063629316  305.859117644168
     0.197804814380   67.345770032693   15.721553430490  308.612501759881
     0.198696798592   67.082539235078   15.721735379095  308.772354636901
     0.199205404237   66.870813829486   15.700677558950  307.752876204736
     0.199865248243   66.847130408417   15.688588954786  307.170673934017
     0.200583256746   67.293457595935   15.786446803979  311.310218450907
     0.201167115267   67.112875177880   15.760118168834  310.287244663222
     0.201750973787   67.030741244007   15.767771126539  310.439934467805
     0.202372900688   67.256990195646   15.825799779485  313.168178763554
     0.203249592905   67.310245395055   15.837530797283  313.501719570000
     0.204126285122   66.764484809062   15.779291744012  311.643598148661
     0.204663791363   66.636124957156   15.790366973566  312.099348588842
     0.205308930639   66.403527574059   15.803800908271  312.161192493455
     0.206086484343   66.494972622635   15.877771026352  315.485226382753
     0.206628269605   66.523300147252   15.852818196915  314.936745534986
     0.207282571819   66.436599627223   15.852843186766  314.345398539086
     0.207810420112   66.492161441609   15.892804409643  316.008042880876
     0.208321179546   66.483935093128   15.904499658237  316.541357206702
     0.208954997987   66.938643358137   15.946512858519  318.322401996879
     0.209722130353   67.331990251096   16.011385200212  321.348739116963
     0.210455060101   67.055028108212   15.955338225041  319.314511610251
     0.210940797953   66.915713537548   15.963078257632  319.499558909465
     0.211427346720   66.816328448501   15.971073788880  319.611427783328
     0.211913895487   66.781115164761   16.007599991315  320.952546279264
     0.212400444254   66.894560539868   16.058536507785  323.573565703729
     0.212886993022   66.883978196327   16.068670736981  324.096642616003
     0.213534838801   66.663585289450   16.063124881180  323.780180669009
     0.214068689282   66.463963061408   16.059124450297  323.531591420735
     0.214541614684   66.264670384179   16.034648223528  322.397573759821
     0.215014540085   66.101259735126   16.014069564687  321.518566429503
     0.215487465487   66.373352121790   16.087885266659  324.661870815060
     0.215960390889   66.627305916065   16.124201757404  326.498014937430
     0.216596611391   66.429451373321   16.119104310993  326.091777385635
     0.217080727414   66.157585999933   16.106425794765  325.330781092479
     0.217567276181   65.922283732043   16.080479322338  324.333414392591
     0.218149077734   65.981029584058   16.108762831202  325.593228743777
     0.218879864412   66.334929651077   16.164270882862  328.131460583702
     0.219407462717   66.199355998139   16.135223285591  326.557228705649
     0.219894011484   66.079837522664   16.119149231111  326.158813713714
     0.220380560251   65.962696279305   16.139281316425  326.878532863907
     0.220916746167   65.899891377766   16.185939775044  329.563712671723
     0.221354640058   65.939048547229   16.187815730282  329.407589589983
     0.221792533948   65.923844763189   16.177953411506  328.442018470789
     0.222230427839   66.016527736597   16.184646578082  328.989154730825
     0.222668321729   66.208258843149   16.237458866285  331.663115507759
     0.223106215619   66.159907127409   16.241150103061  331.860412068479
     0.223680118383   66.034319289196   16.232451298701  331.301427592026
     0.224189988699   66.045058947851   16.239451817807  331.514632970253
     0.224640496817   65.906698319080   16.232620231462  331.025614793708
     0.225091004934   65.723458139741   16.204153714428  329.930632681287
     0.225541513052   65.834524906890   16.252382963142  332.398605963963
     0.225992021170   66.140082850413   16.300513180857  334.907828597044
     0.226442529287   66.323192643464   16.315559350994  335.515968660434
     0.226893037405   66.251608690249   16.319290159203  335.735880864391
     0.227179721802   66.111073823519   16.319072421637  335.802845120005
     0.227395005527   65.998464764108   16.319239514139  335.890690855873
     0.227839365552   65.806796057215   16.323593315374  336.566384006470
     0.228315791507   65.707995556952   16.339248544159  337.257188724206
     0.228792217462   65.479172706565   16.341348559165  335.673364654475
     0.229268643416   65.348694624868   16.305472065619  335.696622681432
     0.229745069371   65.367039569351   16.326507374551  336.742785135255
     0.230221495326   65.379881442770   16.332265910827  336.757278793181
     0.230697921281   65.347611348664   16.331530768640  336.577340574285
     0.231259502619   65.206440637334   16.330959439867  336.212729542265
     0.231710010736   65.150791083482   16.334266311886  335.965247528540
     0.231858678415   65.136197952677   16.335513116937  335.843726534871
     0.232133170534   64.958067351925   16.327935503439  335.363574052032
     0.232696025416   65.040579001374   16.360784089726  337.785391560199
     0.233258880299   65.276483963145   16.420385782002  340.361022425443
     0.233821735181   64.433775734495   16.337145171472  334.590643991302
     0.234384590063   63.934722145654   16.276034137033  331.881519645042
     0.234974854403   63.462009955820   16.257641352356  331.182481102103
     0.235515464144   63.368366776105   16.253272931386  330.767400213864
     0.236056073885   63.690109633574   16.278411531993  331.717172426644
     0.236596668127   64.030101008278   16.330167777421  334.867926626526
     0.237137046144   64.339297074178   16.379692788478  337.641906696640
     0.237624182321   64.580081565566   16.405070161394  338.792568374118
     0.238110020242   64.475352917077   16.409307273411  338.962056139983
     0.238595648999   64.392299061851   16.410298079884  338.879505825647
     0.239133650256   64.527362348529   16.421154685608  339.046544787232
     0.239620199023   64.521752642698   16.416120697640  338.403494980339
     0.240106747790   64.344719901522   16.402144714792  337.330357448275
     0.240593296558   64.680315473127   16.439393552155  339.580740235419
     0.241079845325   65.242991593357   16.504165846697  342.986096226581
     0.241566394092   65.375759371148   16.513199961522  342.821087572962
     0.242052942859   65.368099601556   16.514020045998  342.534278959737
     0.242539491626   65.350934504079   16.523167257412  343.106890433758
     0.243026040393   64.963672377663   16.514732460688  343.068929800205
     0.243512589160   64.366387894282   16.489470550586  342.213474024147
     0.243999137927   64.017573296477   16.479248689736  341.948813581101
     0.244485686694   63.931819378130   16.481621923455  341.989697565368
     0.244915732958   63.828376775709   16.479970264853  341.698922051315
     0.245309837459   63.687805791930   16.475227239131  341.243066945464
     0.245703941961   63.606117178441   16.475395113399  340.961436112180
     0.246153590726   63.646183352507   16.486987143722  341.486939406766
     0.246579496744   64.107561969052   16.543334211071  344.744929381745
     0.246973601246   64.496722387329   16.575051574895  345.917151745314
     0.247367705747   64.709851511653   16.582937580615  345.722697768721
     0.247761810248   64.812747385731   16.590708612904  346.257205457695
     0.248155914750   65.081409467915   16.643834466902  349.563603785163
     0.248569810865   65.317717673376   16.683135573457  351.848613107048
     0.249153451948   65.354707726962   16.699069088173  352.787041389751
     0.249740672467   65.021579062163   16.696078735081  352.608002425570
     0.250204839548   64.667179383852   16.667119499276  351.071622546948
     0.250655347665   64.264757554835   16.612084227965  347.733319000300
     0.251084545760   63.945730603770   16.585884916410  346.204616477276
     0.251511443849   63.863227315203   16.601602406664  347.352941243970
     0.251930798069   64.301183997847   16.656332064096  350.756291186073
     0.252356769762   64.696550361856   16.693577422235  352.296675275355
     0.252782596005   64.615403551531   16.690796562066  351.797272911049
     0.253208281321   64.407055507394   16.682419071709  351.387928553805
     0.253630356472   64.318165935357   16.686348255650  351.954076480010
     0.254055650241   64.183092001849   16.686643362729  352.090750059078
     0.254480823922   63.967144352735   16.675144143207  351.247237872494
     0.254905819810   63.942812720506   16.671784966128  350.804691838218
     0.255330615650   64.034986247769   16.678889954735  350.904995568551
     0.255780600051   63.990112602114   16.684197126333  350.911627130542
     0.256267148818   63.770495471892   16.679017229145  350.363640269245
     0.256566862859   63.746296213027   16.681182286886  350.350553914669
     0.256858792119   63.834279347142   16.689820423899  350.659199720928
     0.257150721379   63.894372828160   16.697726361627  351.241037309140
     0.257442650640   63.961532462807   16.715007051803  352.987188173430
     0.257734579900   64.049605898118   16.746021643644  355.187925712642
     0.258026509160   64.123217851851   16.780033330445  356.588973386692
     0.258318438420   64.196253342267   16.795862079319  357.156043494709
     0.258610367681   64.253934473458   16.801956533663  357.472375345977
     0.258902296941   64.197179493006   16.803126120169  357.522933483469
     0.259194226201   63.987627808509   16.793695959088  357.053728584146
     0.259487126007   63.814705286634   16.782533014019  356.415530229561
     0.259804426237   63.872064140927   16.785466501655  356.449583595490
     0.260119082448   64.041820308174   16.799489316942  357.056470513451
     0.260433653625   64.047694902334   16.802037343404  356.964209518091
     0.260750688538   63.902393626192   16.793389093393  356.360413832546
     0.261067632922   63.797614399882   16.789435079411  356.224098544858
     0.261384468791   63.766333722688   16.792005522989  356.478493543514
     0.261767805581   63.714186360397   16.796127320004  356.688086422864
     0.261772558382   63.713098299999   16.796133554243  356.687808825694
     0.262211470953   63.582123890087   16.790778044849  356.269962067698
     0.262539891371   63.486155136641   16.784150472936  355.674085683475
     0.262868311789   63.467359315295   16.781339961964  355.274050756680
     0.263196732206   63.561839382011   16.780442812932  355.220077646057
     0.263525152624   63.630734276006   16.789162324875  355.721181506619
     0.263848860324   63.700882831498   16.820181858362  357.714601425675
     0.264164968391   63.859828947841   16.856159174130  360.127498314423
     0.264480981898   64.060395625420   16.881052734424  361.424884515822
     0.264791849362   64.182614832599   16.890560887717  361.651322039796
     0.265107697478   64.165638633902   16.888689224904  361.331973012424
     0.265420950668   64.098324488518   16.888757818013  361.398065517723
     0.265812388473   63.970698364013   16.897423416870  362.233817822812
     0.266285705573   63.713862430077   16.897976015398  362.487680812576
     0.266758850207   63.486533459123   16.897731434856  362.530260745817
     0.267231820499   63.288350784742   16.881568571003  361.937747061380
     0.267704611010   63.065298747392   16.865027451227  360.750259731899
     0.268146018858   62.589758343945   16.811608573070  357.629040323656
     0.268544876883   62.060026400565   16.776609792706  356.176149188797
     0.268934056483   61.732126790193   16.761071695230  355.383204603601
     0.269326336250   61.770282532135   16.768298177162  355.349075931385
     0.269719947544   62.030607615582   16.800686576625  356.916982532479
     0.270133511906   62.394749118963   16.851132401330  360.258658841760
     0.270547076267   62.507556597066   16.871139568019  360.903363187308
     0.271004398445   62.424934995250   16.865854964540  360.291643424373
     0.271409813180   62.350324360768   16.863266302021  360.048601274521
     0.271815227914   62.228866652585   16.861573428956  359.674246749408
     0.272220642649   62.200225632847   16.863320565168  360.037028956196
     0.272626057383   62.601987491030   16.917390377805  363.903906282484
     0.273031472118   62.848899988918   16.959419616392  366.016293379405
     0.273436201432   62.824959203455   16.959866340226  365.636869798147
     0.273838123966   62.714142768027   16.951180293045  365.064592293816
     0.274159179319   62.567099146108   16.944705377098  364.621087519356
     0.274420393815   62.502912602409   16.942875774169  364.166423546387
     0.274681543287   62.540563081463   16.948462637076  363.958665633444
     0.274942635373   62.701179375764   16.966983101500  364.792586025277
     0.275203688553   63.048131967664   17.007683428329  367.496595963717
     0.275464692854   63.389339852698   17.056838234859  370.540906970999
     0.275725629793   63.523104631964   17.095405038254  372.392145246878
     0.275986502821   63.425999862299   17.103993771181  372.720820871341
     0.276247325788   63.247495321412   17.094284190265  372.350989054279
     0.276508098147   63.152229283315   17.091588177548  372.279523589820
     0.276768818915   63.135001074113   17.095653402435  372.436533123965
     0.277029478534   63.115976632733   17.096229736799  372.417625330778
     0.277313562136   63.063605214911   17.093024249668  372.262093877598
     0.277704599885   63.024266007294   17.086900966422  371.660290549357
     0.278095637635   63.026770451135   17.080274785594  370.765704492948
     0.278456826561   63.026936484976   17.075665086913  369.996854488108
     0.278789835041   63.087734268595   17.072163523911  369.485547069433
     0.279116691151   63.139234891839   17.073596586950  369.586002607000
     0.279434465636   63.255067698414   17.097848894590  371.218047767853
     0.279742839724   63.468756575580   17.137565927560  374.147445212125
     0.280043664248   63.583707947548   17.166473328697  375.940738596296
     0.280353145111   63.691846159213   17.180448206561  376.352289015782
     0.280665021647   63.798968553910   17.186843434499  376.474469573255
     0.280976830442   63.642172334139   17.179721174092  376.028129506575
     0.281288578878   63.292652443418   17.160693242448  375.026028881536
     0.281600246253   63.102238356194   17.152235115644  374.760854538150
     0.281876114219   63.095558630814   17.156224032847  375.131847128352
     0.282120408873   63.097708977547   17.159881563999  375.298427225007
     0.282364703527   63.053335334300   17.158759363180  375.069222424255
     0.282608998180   62.961095686591   17.153511952297  374.648100525157
     0.282853292834   62.843395074335   17.148478364921  374.355032443258
     0.282907037658   62.818107688918   17.147824190244  374.329141437932
     0.283151332312   62.734836337633   17.149166774011  374.483566925096
     0.283395626966   62.732019823014   17.161493471547  375.208636099353
     0.283638289861   62.747411518581   17.176546124017  376.025403532548
     0.283897541380   62.654844534605   17.178209441020  376.041326882983
     0.284156745492   62.462260457058   17.166690103549  375.335016620840
     0.284415883868   62.309732123441   17.157997089346  374.895366757541
     0.284672885812   62.288316904993   17.161393456007  375.234597517225
     0.284929845198   62.315715003212   17.170929305048  375.916657042811
     0.285182621287   62.268692858276   17.175665993467  376.298639974531
     0.285441564623   62.135276469983   17.171652298811  376.149214660309
     0.285700441758   62.018844909835   17.166913268782  375.916412357280
     0.285959252776   61.958129868163   17.167794350039  376.067789204226
     0.286218017375   61.916897135649   17.171581383870  376.366471054332
     0.286476746854   61.851047553205   17.171644246557  376.329788756134
     0.286785617316   61.738014945950   17.165678138967  375.820147318985
     0.287171794018   61.674210925671   17.161259785731  375.445436259479
     0.287509675106   61.742605432680   17.174590049298  376.345011247477
     0.287832092615   61.680203403035   17.186213906272  377.148923736438
     0.288142180985   61.416718159973   17.178151987414  376.979245190604
     0.288452179971   61.078195617621   17.155731517602  376.115656792804
     0.288762097337   60.681770136239   17.118730309712  373.523087098183
     0.289069473540   60.310567382801   17.072381411609  370.786904253638
     0.289506241139   59.977403248261   17.049790131631  369.606564470262
     0.289774974415   59.793021743871   17.042948552492  369.124139861608
     0.290026810264   59.674270745127   17.038224323652  368.765235535966
     0.290274465861   59.650204711301   17.039174739250  368.663058953232
     0.290524141272   59.642351755152   17.041356556267  368.714813922096
     0.290782025750   59.623176656244   17.043732176412  369.415805298640
     0.291039862434   59.722027970639   17.073885216862  371.797904474791
     0.291297641584   59.882503394794   17.122747146133  374.389745664673
     0.291594082375   60.025908934535   17.152590706921  375.802908359949
     0.291980850012   59.993014716900   17.147601288479  375.203801909479
     0.292367617649   59.854501053208   17.128492460281  373.656078431472
     0.292743935670   59.769224735666   17.118322403449  372.686971378568
     0.293092001023   59.720358035559   17.107773480719  371.984501014460
     0.293440066376   59.765562933751   17.116587668182  372.872427185301
     0.293774149422   59.961534276588   17.157350917639  375.948122774339
     0.294089576635   60.075521816229   17.188144074085  378.124629818827
     0.294395738489   60.061644039045   17.204160619042  379.063338150082
     0.294687028655   59.983501900197   17.206689637887  379.222387017016
     0.294993065686   59.878297959664   17.205072698758  379.188026504104
     0.295296557533   59.773456663943   17.204710954048  379.122999533244
     0.295609225477   59.707772086267   17.204948227508  379.055704287137
     0.295982408427   59.667812938353   17.203981883941  378.928317788153
     0.296289385390   59.604160315173   17.196662722904  378.182518539512
     0.296596362353   59.527303686387   17.180255463561  376.643781120653
     0.296903339315   59.499119200594   17.168525090738  375.332222609942
     0.297210316278   59.672748490223   17.177063562032  375.973898069959
     0.297517293241   60.083019229727   17.226581834279  379.386903141293
     0.297824270204   60.377135529493   17.270868099488  381.682831725976
     0.298131247166   60.498479353039   17.281368070356  381.797887092780
     0.298438224129   60.494721146917   17.279634767891  381.524736330192
     0.298745201092   60.375568235034   17.274948876097  381.359220120140
     0.299052178054   60.235906864406   17.269103089299  381.072955724338
     0.299359155017   60.135130574758   17.262875462866  380.628025261905
     0.299661638863   60.129238333973   17.262199236426  380.435790507488
     0.300024877370   60.146835049844   17.265419676038  380.395765929754
     0.300274535415   60.047969270689   17.261615489452  380.039375162822
     0.300526480492   59.912398423867   17.254427756876  379.522814047592
     0.300774269760   59.850035027909   17.251287997937  379.228787962323
     0.300954958571   59.835497448998   17.250780061571  379.094612227312
     0.301210865557   59.827541503080   17.250861903085  379.168410730629
     0.301456501429   59.950731530143   17.268378634416  380.785901683361
     0.301704137863   60.212096854486   17.313149511233  383.567697858492
     0.301957850085   60.478375580358   17.350162086428  385.337660357770
     0.302213561603   60.639776351299   17.360307750735  385.452840957634
     0.302469239057   60.670743317063   17.355770958942  384.820599315154
     0.302724879587   60.629341156302   17.350993242913  384.436907432527
     0.302980464425   60.584206280513   17.352063590889  384.565250735348
     0.303235991286   60.543182218501   17.355534689915  384.909638011273
     0.303491476171   60.496012470257   17.357891217586  385.230002531943
     0.303746920151   60.472927669378   17.364003885305  385.834962317456
     0.304002324582   60.466844766974   17.376483802776  386.858087868673
     0.304257676849   60.393335625222   17.385653986568  387.564762419838
     0.304512970374   60.239902470539   17.384211063277  387.526335842939
     0.304768221766   60.109127478460   17.379497690875  387.258265011303
     0.305023430047   60.027370010716   17.376840545370  387.055340616180
     0.305278586408   59.962117411331   17.374105970290  386.833132030774
     0.305529613401   59.935721518070   17.372080373131  386.758191826183
     0.305784671869   59.971908163341   17.372888101452  386.873731790156
     0.306037646004   60.065008031551   17.377500958115  386.989341931707
     0.306290576841   60.165919673849   17.379752906441  386.682556503344
     0.306635917135   60.216219788496   17.373090320491  385.617738386896
     0.306971694056   60.187656539411   17.367504454826  384.922550381484
     0.307233960154   60.197496509914   17.368302980357  384.818567528650
     0.307482932081   60.189062274339   17.368759295996  384.732270850021
     0.307737378579   60.104813828725   17.362700742217  384.310645276836
     0.307994805103   60.083100574958   17.358702575798  384.481798279991
     0.308251003004   60.272491494378   17.381295111875  386.593924864189
     0.308566722757   60.597396247276   17.432861494379  389.728380605464
     0.308846389759   60.767610714294   17.458072221213  390.794424118505
     0.309037049869   60.824955356137   17.462709182245  390.804815520123
     0.309249397158   60.875955709690   17.466283684013  390.907546102697
     0.309496280843   60.916618064437   17.476333863297  391.672792991420
     0.309716146032   60.875781229033   17.486392136724  392.454356510743
     0.310026426493   60.669156759388   17.482978992927  392.494855955240
     0.310349588693   60.270566548161   17.453249923900  390.346998969006
     0.310646547287   59.831897199751   17.404889580336  387.241412766441
     0.310943505882   59.590017627235   17.374201032502  385.696479725058
     0.311240464476   59.469486744329   17.365672034050  384.776279255514
     0.311537423071   59.447137609986   17.358333304558  384.631577490641
     0.311834381665   59.711001214312   17.389630009306  387.293959749502
     0.312073136375   60.010891055054   17.426175345818  389.445669670269
     0.312251311532   60.193418746884   17.443786704977  390.060479674795
     0.312429486688   60.311863961125   17.451289303249  390.011021540627
     0.312607661845   60.366380026905   17.452630494828  389.730445410765
     0.312785837002   60.376997408352   17.452287992522  389.553108153665
     0.313030724206   60.341910360341   17.451976997893  389.612912813514
     0.313302435756   60.237553865881   17.451036039269  389.782301118963
     0.313574147307   60.116176705894   17.455384861025  389.855168137317
     0.313716551660   60.074185443297   17.459532246344  389.798728288188
     0.313812910546   60.059867090691   17.461412814917  389.722743871881
     0.313968158166   60.055362319130   17.461924951790  389.572853836323
     0.314194996743   60.055759164072   17.458904473451  389.351547437307
     0.314421835321   60.021281666500   17.451017335642  389.051180957590
     0.314780149637   59.891914549980   17.437903056102  388.636977823860
     0.315120732559   59.775668424715   17.438970147675  388.549284636614
     0.315423764038   59.728528191134   17.447337242080  388.524197006567
     0.315716069312   59.701134319534   17.439685808170  388.026770450586
     0.316008374586   59.700540836915   17.433036782868  387.927651459280
     0.316300679860   59.839509852525   17.446138538905  389.775623422378
     0.316592985134   60.093774141924   17.487337222237  392.728551943437
     0.316628061767   60.123464560496   17.492586383996  393.038790565755
     0.316866869318   60.292431130291   17.522542052374  394.668449839263
     0.317088728164   60.385901539360   17.538300649208  395.466672744279
     0.317310587011   60.440562911109   17.545976763020  395.869961682373
     0.317532445857   60.437518871055   17.549712270398  396.057245777257
     0.317754304703   60.364807718944   17.550446899412  396.036482162722
     0.317976163550   60.276309606078   17.551479687990  395.943388657225
     0.318198022396   60.193715697115   17.552581975488  395.610879615575
     0.318419881243   60.048450987076   17.539663254653  394.207081574078
     0.318641740089   59.821965165667   17.509489669994  392.193205092451
     0.318911310176   59.519484214423   17.477401434186  390.706954245458
     0.319216865309   59.208036389288   17.460075892480  390.173408549635
     0.319515133922   59.040638591393   17.451228525698  389.752560479939
     0.319810929885   59.040066131657   17.446307216974  389.138535519855
     0.320107400286   59.092695608174   17.446376476104  388.691960264872
     0.320371237277   59.139520659191   17.448567486866  388.810469020392
     0.320626739924   59.243713818579   17.467456603452  390.466104400543
     0.320879623955   59.356236912406   17.495504430986  392.534260622951
     0.321129696051   59.430235761221   17.513555771369  393.772856978754
     0.321381601522   59.464796863566   17.522935773987  394.478536663674
     0.321631555581   59.499669512752   17.530965530064  395.042883073472
     0.321881725702   59.580665292773   17.542039273943  395.602796664583
     0.322129843651   59.683755576091   17.552440044651  396.107238783194
     0.322379945211   59.754830688939   17.560431486356  396.514108462679
     0.322632017115   59.748550547440   17.564303847556  396.748708929758
     0.322884031927   59.668068159400   17.564806818621  396.825269427213
     0.323136006893   59.576938906376   17.563682243168  396.719950526997
     0.323387948736   59.511729046937   17.561773117130  396.519426103390
     0.323639850666   59.445199005276   17.559559228573  396.306865112097
     0.323891696684   59.389337222005   17.556596456503  396.124378036081
     0.324143494380   59.383649396396   17.555768793656  396.124904568740
     0.324395254513   59.425546083371   17.558751675964  396.326621470467
     0.324646987708   59.487393052321   17.562810079458  396.539882885513
     0.324898674725   59.530325642363   17.564927082525  396.555626476780
     0.325150303215   59.543978642393   17.565968950596  396.410996398465
     0.325401878859   59.574534784468   17.568894334446  396.481416457771
     0.325653428970   59.600243338958   17.573327425447  396.794570945525
     0.326003792712   59.458421311940   17.566319515490  396.375785915449
     0.326305866233   59.302840893332   17.551556364342  395.237324313296
     0.326586878296   59.317286303625   17.545236731826  394.401409358457
     0.326869015190   59.403146790535   17.546585462562  393.932465269618
     0.327149363397   59.481698381854   17.552796605609  394.139414629565
     0.327435262461   59.641548929773   17.572935418551  396.273296278012
     0.327729176961   59.848503693268   17.613763139842  399.217539339047
     0.328019127135   59.974916150975   17.642186651899  400.756786962656
     0.328283359481   59.983915737130   17.649095242945  401.155977690559
     0.328553749310   59.948453269075   17.650359947988  401.254346307618
     0.328829294659   59.923223701006   17.656289157249  401.508715212567
     0.329110961080   59.834787144509   17.655727335807  401.112456236505
     0.329396163328   59.515513064510   17.618383008140  398.411210518383
     0.329570996086   59.223711353708   17.583992466011  396.345307498277
     0.329745828843   58.951762668625   17.556010595937  394.802021975281
     0.329920661601   58.762100785937   17.538952304125  393.886660666858
     0.330095494358   58.677403941429   17.531959884977  393.469434673834
     0.330270327116   58.675505769915   17.531731319660  393.344727415457
     0.330445159873   58.724876399473   17.536003185454  393.470447825946
     0.330619992630   58.824393792675   17.547493234576  394.235276361010
     0.330797137100   58.965861446197   17.569694964487  395.888507091076
     0.330980358090   59.097671088870   17.599769164879  397.857840771066
     0.331163579080   59.190565428622   17.625428094896  399.175711028268
     0.331346800071   59.270892035883   17.638697767613  399.619849315355
     0.331530021061   59.359952452103   17.643235869033  399.583260963762
     0.331610638297   59.400624788884   17.644206887667  399.524363753263
     0.331793859287   59.483561051264   17.646121373648  399.414123995937
     0.331977080278   59.540444925812   17.648678049961  399.447961020393
     0.332160301268   59.560413069771   17.651607894175  399.679618656531
     0.332343522258   59.539257715840   17.653496139864  399.954407363854
     0.332554285659   59.496793969877   17.654568210173  400.203853437240
     0.332829314683   59.463235211678   17.656984887531  400.550982090601
     0.333104343708   59.435591747359   17.659168893112  400.631499640299
     0.333379372732   59.354275421187   17.653648450415  399.970980126980
     0.333654401756   59.239457929657   17.641668975002  398.866573090627
     0.333939281327   59.182404625898   17.631199452985  397.979445485730
     0.334208572847   59.267618668753   17.634466895208  398.299918748613
     0.334467515949   59.520414243238   17.666195133842  400.609622994698
     0.334726459051   59.820090258587   17.709143353269  403.531629960476
     0.334984561210   59.996290090289   17.740258536560  405.488286205023
     0.335252105360   59.980890577330   17.752526400858  406.158201530684
     0.335432052790   59.859589611256   17.747046434510  405.734864671649
     0.335612000220   59.653429076612   17.726814665057  404.313224851260
     0.335791947650   59.392837987374   17.693806464495  402.137167152947
     0.335971895080   59.151163091061   17.660530291387  400.108967076941
     0.336151842510   58.981374243880   17.638060531052  398.795569807629
     0.336331789941   58.905944024955   17.630134132511  398.313391243328
     0.336511737371   58.955596889053   17.638085000983  398.902039570541
     0.336691684801   59.128026635533   17.661279927136  400.565332734824
     0.336921175508   59.418519772615   17.703193749407  403.093004921765
     0.337168794354   59.702096726447   17.737305291552  404.777532204853
     0.337418369027   59.939129248971   17.758035548827  405.844788109003
     0.337667917985   60.049487787567   17.772861981808  406.738912496956
     0.337917420460   59.979015722183   17.776938049800  407.146492219645
     0.338166870132   59.825686583411   17.775550913136  407.317889505693
     0.338416280411   59.717881226778   17.769358881577  407.183669641914
     0.338665663227   59.663027677580   17.762201573843  406.865646499703
     0.338915006999   59.590670030906   17.756675584245  406.563021536345
     0.339163086717   59.556876511983   17.754362916698  406.475767533188
     0.339254979605   59.566263216059   17.755376455043  406.540621096537
     0.339439605512   59.598892853967   17.759400160009  406.748478081031
     0.339721224365   59.611767560278   17.762114575233  406.888268958046
     0.340002843218   59.614656435896   17.760580015720  406.884218652453
     0.340284462072   59.627574819056   17.756576381918  406.638941507089
     0.340566080925   59.685007508634   17.755099404938  406.058219817675
     0.340841344155   59.887252425960   17.768909702228  405.671826445025
     0.341111874703   60.100609367392   17.774330778467  405.452902552280
     0.341382405250   60.183957340481   17.784521995819  406.321050133282
     0.341652935798   60.238210111899   17.805798556253  408.008149868301
     0.341923466346   60.290086500579   17.820881031381  409.223975425902
     0.342193996894   60.333380570440   17.829021362984  409.909802020852
     0.342464527442   60.454377004693   17.841175247645  410.667472594207
     0.342735057990   60.534060221218   17.849955688696  411.201631832254
     0.343001735038   60.496518015875   17.851958311715  411.400541560056
     0.343228893187   60.468898462046   17.854911415332  411.562802173909
     0.343447518125   60.425587784736   17.855990970465  411.548732302091
     0.343666143062   60.312592244478   17.850777449447  411.213253866560
     0.343884767999   60.198678891535   17.842640377192  410.798699406384
     0.344103392936   60.187716979721   17.840717298730  410.745835679380
     0.344322017873   60.260271520089   17.845773175466  411.029867410112
     0.344540642811   60.346525913408   17.852638719404  411.331597450968
     0.344759267748   60.417220226618   17.860304258263  411.609515227642
     0.344977892685   60.456385416970   17.866308099866  411.844060133863
     0.345196517622   60.463719275644   17.868787221262  411.958378622055
     0.345316761338   60.461734726521   17.869205626011  411.966558139091
     0.345481276603   60.459221575203   17.869429310486  411.933453978881
     0.345645245306   60.457940468396   17.869432938221  411.866705821772
     0.345809214009   60.456125445777   17.868900973558  411.739682131319
     0.345973182712   60.455444844403   17.867510732398  411.523316237102
     0.346137151415   60.460142018436   17.865507074551  411.291004669350
     0.346301120117   60.470747231418   17.863639709290  411.162733985664
     0.346465088820   60.482852805004   17.862707435378  411.140516805287
     0.346629057523   60.493307058886   17.863194673262  411.137924188034
     0.346793026226   60.507730928680   17.866333417177  411.155841569485
     0.346956994929   60.532871783010   17.873059531946  411.246225294635
     0.347120963632   60.560215951823   17.880257476877  411.364987349976
     0.347284932335   60.570304779632   17.883976298633  411.458609620765
     0.347458529178   60.547404443317   17.884527522770  411.572474855310
     0.347710026428   60.457065587102   17.883488677770  411.794340859488
     0.347961523678   60.335731793119   17.880982350870  411.907556670167
     0.348213020928   60.242262201181   17.880507341422  412.054814076777
     0.348464518178   60.197930848550   17.882896786240  412.286848449046
     0.348716015428   60.176654516342   17.887334227478  412.592351492990
     0.349008483876   60.092468067623   17.885964302022  412.713771357651
     0.349305658203   59.910143018802   17.871807307201  412.283103590035
     0.349594984342   59.709854820844   17.862864899927  411.847404681137
     0.349832881375   59.635707991336   17.862545979836  411.715072163390
     0.350069165042   59.625117213894   17.865552380785  411.698020522226
     0.350305448709   59.561378267573   17.861004914631  411.372610954431
     0.350541732376   59.417860032204   17.845932712912  410.708826997123
     0.350778016043   59.263575533483   17.830831218474  410.172777063238
     0.351014299709   59.196255097402   17.825424766145  410.140634210250
     0.351243252876   59.279110418310   17.832113756683  410.429147432213
     0.351455889769   59.456936627065   17.840900629353  410.528608107380
     0.351668526661   59.619731182494   17.845679344751  410.240649677114
     0.351881163554   59.692848496377   17.847423225648  409.717338856591
     0.352093800447   59.709791162023   17.848930420504  409.464428036201
     0.352306437339   59.692676551888   17.850295981863  409.716343079387
     0.352519074232   59.630385633519   17.852676604543  410.451267676010
     0.352748835593   59.483197744037   17.857053050981  411.405475288672
     0.353068500411   59.214268186866   17.860028330051  411.991605381190
     0.353388165230   59.024842564263   17.852098486919  411.534166949792
     0.353707830049   58.994007266679   17.839836271738  410.463239134983
     0.354027494868   58.985048787204   17.828451949639  409.093993622757
     0.354325203310   59.001797310037   17.821966780773  408.504639574652
     0.354584911433   59.168929268799   17.836298213457  410.078333458374
     0.354842610671   59.374899149867   17.865634797137  412.275392952679
     0.355100309909   59.478483697289   17.887717539053  413.659668582401
     0.355358009147   59.448459779779   17.898263439599  414.198692499928
     0.355615708385   59.362949381279   17.899181006624  413.974253498263
     0.355873407623   59.228010439183   17.885108086941  412.782026009577
     0.356131106861   59.031422389750   17.859893207480  411.412638405292
     0.356388806099   58.799688737067   17.840511858196  410.695903187325
     0.356646505338   58.567002261386   17.826470836420  410.107449867447
     0.356904204576   58.455082765394   17.817999381342  409.443810851505
     0.357161903814   58.449657796147   17.816129706965  408.877522227113
     0.357419603052   58.396623684982   17.813383068583  408.259810809647
     0.357677302290   58.352580909949   17.817027690267  408.450520560263
     0.357935001528   58.415643236878   17.833886823837  409.868561416921
     0.358192700766   58.542270716543   17.853056250124  411.364470458071
     0.358450400004   58.696402545485   17.871473954835  412.597050425324
     0.358708099242   58.833470918123   17.886300800872  413.503509938057
     0.358965798480   58.890837222692   17.895871910394  414.120246333084
     0.359223497719   58.857889270308   17.900387910130  414.372432559285
     0.359481196957   58.783368617173   17.898421070599  414.217357922307
     0.359674471385   58.734254992856   17.896965320986  414.117811843396
     0.359911380075   58.716387738983   17.897362881797  414.113048262784
     0.360157318329   58.718308171237   17.898092962406  414.135398931790
     0.360403215573   58.691555024171   17.899669728034  414.218319870308
     0.360649086258   58.678468705566   17.902586008222  414.355885980303
     0.360894927072   58.655151432534   17.904751524690  414.438349782874
     0.361140725344   58.604198791642   17.908726285911  414.525124492771
     0.361386469420   58.583172472439   17.915271975802  414.528887029800
     0.361632189530   58.477016629813   17.903404428307  413.482601191993
     0.361863525911   58.211132497550   17.868842988153  411.500036831355
     0.362084454290   57.948008639022   17.838937653112  409.973504868170
     0.362305382669   57.776685316772   17.823786629574  409.217669473151
     0.362526311048   57.686917542206   17.818123844695  408.761474767003
     0.362747239427   57.670263240781   17.818824586005  408.553737348682
     0.362968167806   57.735762766304   17.829227721750  409.325071919248
     0.363189096185   57.843235542120   17.846916624231  410.868302217726
     0.363410024565   57.963412492456   17.864942618365  412.121242583906
     0.363630952944   58.093488483813   17.878853274946  412.739849119958
     0.363851881323   58.207381094871   17.887766864282  412.853526709820
     0.364072809702   58.307680232027   17.895892425961  412.800272474967
     0.364293738081   58.387533463644   17.903607716015  412.896849337888
     0.364514666460   58.397077168640   17.906601477967  413.036350717465
     0.364735594839   58.346479750133   17.905329130178  413.283168477936
     0.364956523219   58.274967639567   17.904966228413  413.934353586099
     0.365177451598   58.163123150555   17.908948091483  414.816360685757
     0.365398379977   57.969108274155   17.910373727394  415.110671948050
     0.365619308356   57.723288083074   17.901003227477  414.475720907600
     0.365840236735   57.517850134767   17.886502241592  413.564356096676
     0.366061165114   57.414445985283   17.877369945621  413.003044487815
     0.366282093494   57.408089970215   17.875879912207  412.901538703155
     0.366503021873   57.433601841669   17.876187385628  412.985601940675
     0.366723950252   57.471608539951   17.876615302457  413.167518398108
     0.366944878631   57.547543904992   17.881993171449  413.620154775654
     0.367165807010   57.632812612586   17.892173040225  414.264440283340
     0.367386735389   57.670988513183   17.901972203384  414.855859502516
     0.367607663768   57.643735587162   17.907229238246  415.133248755455
     0.367828592148   57.580915624616   17.907853694757  415.085864073124
     0.368049520527   57.522540115592   17.906606171513  414.893335482347
     0.368270448906   57.496885746626   17.906903695186  414.774496503888
     0.368491377285   57.488360194399   17.909087134092  414.789322276305
     0.368712305664   57.454735337965   17.908524070991  414.721085061064
     0.368933234043   57.397140333292   17.905485790411  414.583179379091
     0.369154162422   57.349560740236   17.904370482951  414.551865619964
     0.369375090802   57.326380417617   17.906102623472  414.633149672468
     0.369596019181   57.281832891950   17.905290139657  414.600569367537
     0.369816947560   57.218524455150   17.901998848096  414.494895676693
     0.370037875939   57.191780232006   17.901044920226  414.521026821499
     0.370258804318   57.217939919755   17.904689000642  414.744121067320
     0.370479732697   57.225586210075   17.906744862522  414.870608577681
     0.370700661076   57.190199164849   17.904473116434  414.811082556859
     0.370921589456   57.158540411378   17.903198840685  414.858909608182
     0.371142517835   57.148436112512   17.905171506639  415.038964136161
     0.371363446214   57.144085187568   17.908520359542  415.226364422883
     0.371584374593   57.135737357482   17.910199297205  415.300662532803
     0.371805302972   57.115352238961   17.908546199114  415.258922183363
     0.372026231351   57.086564352077   17.908020541268  415.362013173712
     0.372247159730   57.090176199396   17.913096668103  415.698565622564
     0.372468088110   57.112996539744   17.919229391924  415.976679265775
     0.372689016489   57.062467494937   17.917556575834  415.849516388887
     0.372909944868   56.952559736512   17.909848533317  415.485543114722
     0.373130873247   56.899924430532   17.906359708967  415.341144131977
     0.373303197383   56.900655177272   17.906800743697  415.299655710611
     0.373524125762   56.896262793538   17.904524476438  414.954064831911
     0.373801588777   56.934999923146   17.903123881947  414.711287563120
     0.374016693904   57.003452857153   17.910541912176  415.149592595798
     0.374230302581   57.009391530712   17.916066556962  415.488975749216
     0.374443911257   56.914616420751   17.911128834082  415.148182985172
     0.374657519933   56.766386132478   17.898478432661  414.144175138830
     0.374871128610   56.663766869504   17.887639180195  413.055447060573
     0.375084737286   56.711136816989   17.887216268176  412.900391273027
     0.375298345962   56.943277679842   17.904745160074  414.364425895746
     0.375511954639   57.243141329016   17.936642840727  416.316712908250
     0.375725563315   57.499713329924   17.967127428363  417.484050893942
     0.375939171991   57.705072080361   17.993894806566  418.376306077083
     0.376152780668   57.906491863539   18.022585823896  419.918930402288
     0.376366389344   58.081513617765   18.049897221015  421.747925336937
     0.376579998020   58.160040822571   18.066156458311  422.892924055418
     0.376793606697   58.140076894508   18.069117018882  423.215166800752
     0.377007215373   58.086989081622   18.066442413254  423.250386571721
     0.377220824049   58.068830015224   18.066129928322  423.385437364499
     0.377434432726   58.111106271456   18.071158311079  423.708386393742
     0.377648041402   58.185331926939   18.079629258775  424.139832213666
     0.377861650078   58.223218565540   18.087616530686  424.526415384965
     0.378075258755   58.157692406579   18.089741940502  424.574599682304
     0.378288867431   57.975160766486   18.079196955927  423.859732812944
     0.378502476107   57.730049600327   18.052871046949  422.134769296774
     0.378680198526   57.551060155660   18.025252311875  420.337589661998
     0.378808363732   57.474056049142   18.009402020695  419.317236927955
     0.378936528938   57.442877713946   17.999920726239  418.702616419779
     0.379064694143   57.438872991234   17.996056084372  418.432108728153
     0.379192859349   57.437334332056   17.995297318352  418.355309279751
     0.379321024555   57.418106661533   17.994994603570  418.331665061297
     0.379449189761   57.375156464800   17.993589981925  418.298493099608
     0.379577354967   57.315864089239   17.990870223091  418.281807168198
     0.379705520173   57.251109737186   17.987477811989  418.348160065806
     0.379833685378   57.187746695263   17.984432052593  418.545869231783
     0.379989435837   57.112402159845   17.983078118375  418.952009979129
     0.380181752794   57.008126927871   17.987657030301  419.503796249604
     0.380374069750   56.889875251984   17.995129239590  419.759470452756
     0.380580997378   56.782675088426   17.996068793285  419.614787599334
     0.380870718808   56.712725422335   17.992726109909  419.512240021000
     0.381160440239   56.684713331890   17.994557354857  419.755803901922
     0.381450161669   56.604865425928   17.989828712966  419.749527077255
     0.381734049249   56.490638531733   17.980811592008  419.674251844857
     0.381979883916   56.409900621650   17.975110333357  419.426104221553
     0.382190335026   56.340662182299   17.966628039479  419.133582727044
     0.382380774303   56.287927731101   17.961236319152  419.031901148994
     0.382451134528   56.270813206721   17.960442919624  419.009434065366
     0.382581318528   56.231955331559   17.958991755360  418.901612714767
     0.382703002547   56.176988111836   17.955657014064  418.674867654730
     0.382857518319   56.088775938176   17.948098552041  418.270637810078
     0.383012034091   56.027890614179   17.940847357356  417.979937085525
     0.383185887771   56.047016572268   17.940257061637  418.091217883007
     0.383417755173   56.172156625250   17.954192448982  418.808338866933
     0.383649622576   56.291597273623   17.970620786405  419.296993355688
     0.383858250153   56.363581823519   17.979805887449  419.111529697499
     0.384047406829   56.376607160664   17.984102072681  418.516376000736
     0.384214977239   56.331056045333   17.979705616696  417.677616315177
     0.384375968276   56.285660301655   17.971438333967  416.892192708627
     0.384451231523   56.281762236487   17.968861455329  416.657770674426
     0.384540234758   56.296106935750   17.967890422654  416.547124559115
     0.384641144144   56.334079894399   17.969487316505  416.668617143238
     0.384778441385   56.410410217104   17.975740878122  417.285938556202
     0.384915738627   56.498172308018   17.986160883168  418.371140190254
     0.384961046717   56.526485866688   17.990294979667  418.796682211488
     0.385120516545   56.614069363970   18.005936341195  420.327582676144
     0.385327103121   56.710487138895   18.025829107817  421.886528981223
     0.385533689697   56.838396329046   18.044740819501  422.801037630589
     0.385740276272   56.990338261892   18.061545253916  423.247730840297
     0.385946862848   57.100045810750   18.076980404464  423.385163582362
     0.386234911100   57.073744546221   18.085498085632  423.419496584460
     0.386464800796   56.909728842487   18.080706350535  423.984344486446
     0.386704300801   56.678080192210   18.075299140364  424.692844171222
     0.387041500587   56.280366147054   18.046677206187  423.623057843543
     0.387331486468   55.724455296539   17.993836283921  421.255528340843
     0.387582483893   55.206922458648   17.952871779988  419.313464146141
     0.387827749518   54.815797856689   17.917199660081  417.410907000898
     0.388073015143   54.516798566326   17.890560429985  416.001383266831
     0.388318280768   54.152425547895   17.861004774576  414.577826361037
     0.388486105671   53.826486913191   17.833651952088  413.166046544609
     0.388640096797   53.533287429242   17.808106433014  411.659011420769
     0.388776581571   53.338304852073   17.789073081167  410.501616638811
     0.388905963956   53.231361502843   17.778453956823  409.966631990369
     0.389046764244   53.179225604594   17.777813912491  410.158912956786
     0.389179355748   53.142961794770   17.784368848423  410.743301729114
     0.389303513799   53.079893384301   17.790719927309  411.189430920976
     0.389441597501   52.957812335955   17.793229440767  411.299176645111
     0.389551967010   52.828736146263   17.791351830653  411.129374011202
     0.389692305975   52.646262430500   17.784918641002  410.726065242846
     0.389804939475   52.495895324324   17.777449170402  410.349106148376
     0.389972390790   52.264227070745   17.766112898728  409.854927312598
     0.390117294475   52.033917233015   17.756841551381  409.422824558283
     0.390332214556   51.568496573320   17.731793589686  408.133442758500
     0.390504772504   51.048204010876   17.694524927218  406.279375030297
     0.390758219891   50.123295018566   17.624487647214  402.904244129022
     0.391026680939   49.107556426843   17.543693268237  399.078293132437
     0.391416900933   47.557159827500   17.402564593148  392.388932548076
     0.391807772379   45.985866918538   17.242986741177  384.799014792717
     0.392198643825   44.708005866033   17.106186958604  378.518110756682
     0.392648504404   43.459484098418   16.961561251500  371.746102687955
     0.393137480640   42.380998972979   16.823993165142  365.511434380575
     0.393668212307   41.867177551123   16.792334416392  363.944424439074
     0.394066061711   41.847859827463   16.794037724483  363.440587439106
     0.394438027548   41.976160398300   16.831943353597  365.750420238742
     0.394790827433   42.118134354347   16.857355060026  368.014381871460
     0.395113903518   42.216803863427   16.871188296980  368.616069139918
     0.395511338801   42.266210131357   16.912120473292  369.116117214967
     0.396007585491   42.572200018767   16.960903442429  371.395689028115
     0.396507944259   42.906251301427   17.017990122995  373.737980474009
     0.396883165594   43.079297127815   17.040819591397  374.937932474395
     0.397230979331   43.227812975620   17.065610818352  377.223298929464
     0.397622822747   43.175472802171   17.089609312424  379.219186746313
     0.398045779777   42.824892717271   17.077344967254  378.454005521263
     0.398475595899   42.259007347926   17.024790221116  374.867277716358
     0.398908807178   41.778539143030   16.956615861926  371.947958445708
     0.399341922261   41.523134246238   16.938430937073  370.841265732061
     0.399774980286   41.379262336242   16.942701822424  370.938168161545
     0.400207924463   41.130071325840   16.943476051441  371.920971374052
     0.400640808809   40.952476296697   16.939228773813  372.388297359745
     0.401073598342   40.837171272803   16.925550986427  372.138448142634
     0.401506328152   40.862166189377   16.923413399999  371.689114119868
     0.401938952778   40.921817514270   16.943522573426  371.599825295264
     0.402368046491   40.985308677522   16.967647626508  373.300801230579
     0.402772840798   41.052595991634   16.983418112333  375.031533762416
     0.402797920232   41.055290865920   16.983942591052  375.088431757993
     0.403108730379   41.097041339954   16.989107793563  375.532357911156
     0.403504374888   41.167329969889   16.997637585333  375.802104162958
     0.403971843696   41.056559672230   16.997228343323  375.156600602653
     0.404439312503   40.929486323182   16.999239088105  374.624865583722
     0.404906781311   40.801644079699   16.984566585181  373.622748758663
     0.405340889854   40.822386215487   16.992074768409  374.985870180828
     0.405762435993   40.985195898053   17.028745078045  377.413389519698
     0.406183905824   40.826034256392   17.019081990776  377.315289014817
     0.406574209929   40.802931248760   17.032440448661  377.917982588166
     0.406967912782   40.724287686696   17.040070496332  377.693482805149
     0.407347738792   40.582557395773   17.026070634340  376.859874746222
     0.407758574618   40.423948432688   16.999446948735  375.137742990579
     0.408171092990   40.175566704741   16.957123649795  372.726999891818
     0.408597203714   39.990651764315   16.947429699471  372.048701256086
     0.409023314438   40.084433860884   16.966871883723  373.970575331534
     0.409449425162   40.236834504025   16.982836620771  375.471043256242
     0.409875535886   40.300418589110   16.989165680997  375.558516653626
     0.410301646610   40.319955953919   16.997363361960  376.245998537006
     0.410727757334   40.292586721291   17.012154920465  377.585327264516
     0.411153868058   40.178292922195   17.020211839695  378.096282113153
     0.411579978782   40.068293683294   17.018713175931  377.772269167418
     0.412006089506   39.964990553909   17.006950282862  377.078331967101
     0.412432200231   39.895790879427   16.992463417574  376.508143524450
     0.412858310955   39.829921073699   16.975480383841  375.528568808898
     0.413284421679   39.831764174097   16.977216290727  375.075742625144
     0.413710532403   39.861836790881   16.983693806310  374.998872536381
     0.414136643127   39.841037516468   16.983471177001  375.522515277967
     0.414528664993   39.770700227002   16.985565199583  376.185004893605
     0.414734788821   39.800901151237   16.989490830882  376.573501913750
     0.415150724113   39.767533909903   17.000990426511  377.319204174149
     0.415664244809   39.625307090653   16.989219030043  376.605707339937
     0.416177765504   39.449627844500   16.999789527160  375.686571807531
     0.416691286199   38.948793493234   16.885830203935  368.670433780781
     0.417204806895   38.641799615398   16.834495070649  366.107353877883
     0.417718327590   38.756051684116   16.848721480912  366.361373228191
     0.418210874747   39.074270792965   16.902914154835  369.421031195046
     0.418711406846   39.281956920559   16.950651604702  372.152900167531
     0.419211938945   39.031969792666   16.931706160533  371.212667363997
     0.419706851542   38.665479497173   16.876967341601  369.101433832084
     0.420199466747   38.330883455772   16.839721899020  367.348581451465
     0.420691238064   38.393400261857   16.847132260022  367.233613412804
     0.421180001397   38.396288457063   16.852427600549  367.161453184191
     0.421649712211   38.288074173726   16.849477253782  367.493967043641
     0.422103560982   38.112728058604   16.837020850644  367.380396963991
     0.422585030495   38.037752801793   16.835913612112  367.313295093897
     0.423050404928   38.096036362779   16.844677936808  367.363051799080
     0.423548760037   38.162402661044   16.859081588201  367.858277974317
     0.424062184914   38.067941695579   16.849496578447  367.519911486549
     0.424585949261   37.921856337893   16.838396917444  367.141267598081
     0.425109615808   37.864936253518   16.830032890991  366.366046759726
     0.425633181463   37.942120128243   16.844271763275  366.730765016725
     0.426152437674   37.972794668942   16.858814956083  367.299882602790
     0.426675800686   37.873324369233   16.853895919725  367.210065906030
     0.427199021914   37.764937251311   16.844660760750  366.903158250722
     0.427722164514   37.635278883420   16.830757839421  366.154201212263
     0.428245187511   37.637889691215   16.836744419252  366.392267024136
     0.428768105661   37.592108691309   16.840155056189  366.525782900842
     0.429290931900   37.484662512901   16.833405426698  366.229369064588
     0.429813626634   37.503807297154   16.842849191677  366.840078980419
     0.430332068720   37.667200207185   16.873135917955  368.647248244199
     0.430854547941   37.749607880361   16.897087144858  370.043170815312
     0.431376954782   37.675474337565   16.894780699589  370.026935677018
     0.431890882355   37.590999650295   16.888148004377  369.645847324636
     0.432371297802   37.561588940021   16.885117937805  369.367592619546
     0.432851638088   37.443380731449   16.871385413545  368.747358304606
     0.433373621240   37.594314266269   16.892562070731  369.813519888124
     0.433895529980   37.549911337654   16.891344642934  369.795787871604
     0.434417303853   37.623342991506   16.905122275141  370.765710840477
     0.434938998004   37.750735769918   16.918783998162  371.491585369123
     0.435446209007   37.793428199648   16.929796267752  372.236682412900
     0.435928549447   37.834283247493   16.936948092599  372.586609554257
     0.436422608221   37.794351572998   16.930599461722  372.214785646942
     0.436931368806   37.892425968228   16.943058290232  372.760131054513
     0.437431719452   38.015070737246   16.966711414284  373.881952878718
     0.437913631486   37.937847741792   16.971578420970  374.381075008155
     0.438251512574   37.717522915318   16.948759801584  373.073469929850
     0.438586525676   37.576228263480   16.925181140674  371.692949535089
     0.438928964075   37.576710814316   16.916251343860  371.131869897709
     0.439274400471   37.710147578584   16.923241071636  371.360081724356
     0.439627355597   37.899610362714   16.953716272202  372.302782366309
     0.439971184443   38.052933013264   16.977679300177  373.218573141746
     0.440316475575   38.187395235941   16.998088576446  374.480414510127
     0.440658692811   38.122299176729   16.997979255440  374.907430097596
     0.441006924987   37.934838813568   16.980487539670  374.373559174195
     0.441346024548   37.899228501740   16.980218794170  374.456293817429
     0.441691143612   37.905766548540   16.980241881192  374.222940849780
     0.442069497934   37.880199345748   16.971336226975  373.457940686275
     0.442447801785   37.826924514500   16.961446815938  372.813196264057
     0.442826047374   37.766043976633   16.949459696540  372.270257376609
     0.443204236964   37.793456325590   16.949313864160  372.094095376617
     0.443310123769   37.818413610683   16.951306654013  372.068963590226
     0.443688246020   37.946262805672   16.965148526793  372.299057017267
     0.444066302753   38.123040439557   16.992916898206  373.645141709192
     0.444444318505   38.297928442041   17.024117134895  375.402057794938
     0.444822268372   38.342167475955   17.036669150237  376.157923395776
     0.445200176892   38.330563220293   17.038307783744  376.277428275971
     0.445578014605   38.327132781841   17.038072741617  376.180308779178
     0.445955814556   38.274057655117   17.030288602752  375.684108981831
     0.446333556272   38.198924367538   17.020157147836  375.179258244461
     0.446793947371   38.119355764251   17.011949800639  374.764146227298
     0.447333174654   37.992482767548   16.990267064934  373.601746089911
     0.447899482534   38.010386154017   16.996161198925  374.187407226659
     0.448465649718   38.135316084441   17.009081205426  375.551967559330
     0.449031707547   38.266968766019   17.032157075610  377.038112464973
     0.449597647499   38.328173317530   17.045884332505  377.881070591296
     0.450163447346   38.376134249952   17.058168559277  378.602446066303
     0.450729148396   38.369462154731   17.064280910561  378.775437984707
     0.451286229053   38.187519649554   17.042562866757  377.518083546888
     0.451781501846   38.172018632366   17.037756471888  377.167569845839
     0.452238120928   38.178984342453   17.034882726665  377.053063578480
     0.452694740009   38.271494979816   17.046158374757  377.958983693520
     0.453151359091   38.426876929545   17.074589949306  379.237187190796
     0.453607978172   38.522521985838   17.093990315771  380.095243883075
     0.454064597254   38.527967654363   17.101035801855  380.641787841824
     0.454521216335   38.455663501705   17.096112975606  380.398735036527
     0.454977835417   38.456504829651   17.094588583292  380.243877042593
     0.455434454498   38.475800931976   17.096133501156  380.270802850392
     0.455891073580   38.453498315414   17.093934179283  380.106467288451
     0.456347692661   38.459669967570   17.099370636873  380.279213059817
     0.456804311743   38.464144862566   17.098801116562  379.948682816772
     0.457260930824   38.528190906817   17.105132311913  380.413167957194
     0.457717549906   38.620937466388   17.120249927770  380.990794468232
     0.458158698460   38.692514568582   17.134018297327  381.363143877557
     0.458569865333   38.716241659243   17.140257236059  381.586401357751
     0.458981032206   38.696004906819   17.140763401445  381.721250597388
     0.459392199078   38.635396498682   17.135523346987  381.495684571094
     0.459803365951   38.589809481099   17.135426735662  381.311781633486
     0.460214532824   38.557166633591   17.132903890856  380.931616180880
     0.460625699696   38.544344368102   17.134566300323  380.799828598673
     0.461036866569   38.580495690530   17.144525789310  381.196129342871
     0.461448033442   38.595619039867   17.153249953110  381.661565878936
     0.461859200314   38.528475789917   17.147319909332  381.442743260833
     0.462270367187   38.459068349441   17.140960908060  381.086992568144
     0.462681534059   38.496707888291   17.149227445766  381.461355631954
     0.463091300019   38.668879809521   17.178460407559  383.260793849320
     0.463500017725   38.838530858870   17.207336435144  385.121545101911
     0.463918798514   38.946204364546   17.234189374288  386.803738479367
     0.464327388413   38.907371820746   17.239065738645  386.960828966259
     0.464749411886   38.757766311158   17.220738673137  385.789654094152
     0.465171379067   38.711898563342   17.211915630787  385.169977666491
     0.465593271888   38.756254966860   17.216745439887  385.272806287240
     0.466015106913   38.719189745569   17.214019668895  385.156770696114
     0.466436865041   38.678229164478   17.211136260183  385.050783085129
     0.466858567196   38.695635859248   17.214172569632  385.167792693942
     0.467266705664   38.741549358481   17.222112237107  385.565417228721
     0.467688276378   38.784380663311   17.231656777718  386.063000709827
     0.468109777267   38.807897338403   17.238270836696  386.376159891513
     0.468531217836   38.777775071772   17.236372262250  386.281137035824
     0.468952589102   38.795200839868   17.239707197573  386.468453786087
     0.469373899211   38.801388684907   17.242462023088  386.610168850193
     0.469795140565   38.782542797152   17.242136927150  386.635083372857
     0.469837261422   38.781161753215   17.242175569726  386.640341262150
     0.470258433599   38.786858036890   17.243684446983  386.724856402576
     0.470679537914   38.839118319570   17.250928644392  387.135915877633
     0.471100578113   38.907579482508   17.261523719663  387.788219338817
     0.471521550146   38.959091453793   17.272664336554  388.471168803364
     0.471942458934   38.988327532688   17.280544338490  388.871333740005
     0.472356566915   38.985846934829   17.282696167328  388.931022747306
     0.472742004312   38.971206843603   17.283845454244  388.883363926447
     0.473117287988   38.937541125873   17.280791279155  388.602070188212
     0.473505984509   38.897261526054   17.276607112041  388.290822838740
     0.473884529654   38.869341926833   17.273862970856  388.052028533722
     0.474271433404   38.842219197522   17.273132168718  387.922774620438
     0.474638101004   38.836753139970   17.272164250857  387.897840198920
     0.474989583822   38.845756766893   17.274367966586  388.060337738230
     0.475354473366   38.885306162228   17.282604287393  388.566316064102
     0.475727717653   38.942475307657   17.292471859829  389.177257330519
     0.476104276035   38.965404022755   17.297578306475  389.472663950511
     0.476480778575   38.975486647093   17.300537724765  389.691089808672
     0.476874036675   38.991195367736   17.303792186524  389.859918437636
     0.477267234776   38.997599778143   17.305124100646  389.936009890644
     0.477687259391   38.995667231449   17.305638494243  390.005377738093
     0.478107217250   38.998826066671   17.307301701923  390.040887861968
     0.478527114602   38.981269052477   17.307948936972  390.053233928655
     0.478946944393   38.948817003809   17.307300079383  389.978961693301
     0.479366712977   38.916756634506   17.304131594673  389.807456876215
     0.479786414090   38.924191341683   17.304716458533  389.847300329020
     0.480206054219   38.965453393212   17.309801951926  390.197021357326
     0.480625627324   39.020645929558   17.318521815782  390.746333270142
     0.481045139996   39.048221252758   17.325976525147  391.211574477859
     0.481464585766   39.044794071558   17.330341520099  391.444194018429
     0.481883970937   39.025067230656   17.329835431370  391.403968534614
     0.482303287946   39.016907531592   17.329721200723  391.384406887210
     0.482722544403   39.025177560853   17.332125345750  391.509644418631
     0.483141732918   39.050980064831   17.336236089967  391.781241995964
     0.483557508367   39.077888000447   17.342026954739  392.146877241579
     0.483969865283   39.090397165992   17.346038355391  392.412159291535
     0.484372109434   39.078731738051   17.347976327759  392.499734311593
     0.484745034459   39.053257194626   17.347400410710  392.396757995685
     0.485117676957   39.015896443790   17.345222226183  392.197940807680
     0.485486698612   38.982092316896   17.341682189808  391.953012545314
     0.485855720266   38.957890261344   17.339737241051  391.791219391775
     0.486224741920   38.955057365088   17.340506190048  391.791841918491
     0.486593763574   38.993571026116   17.346272996658  392.076402951199
     0.486962785229   39.020356291958   17.349837970604  391.990800545205
     0.487331806883   39.057759815558   17.350988188136  391.764399552527
     0.487700828537   39.135900693786   17.359661679382  392.357540947958
     0.488069850191   39.189506815641   17.369837225711  392.917466942242
     0.488438871845   39.225339546797   17.377745409860  393.247046157547
     0.488807893500   39.225868596114   17.380237854846  393.385079449675
     0.489176915154   39.203304968942   17.379520969519  393.437489074766
     0.489545936808   39.152414102361   17.375997097541  393.342401236651
     0.489914958462   39.089756819275   17.371904297414  393.183318008580
     0.490283980117   39.031611401608   17.367415851220  392.975281336114
     0.490653001771   38.988939022166   17.364323186864  392.781334605231
     0.491022023425   38.973167048399   17.363302139971  392.652409534683
     0.491391045079   38.978829268008   17.365527834342  392.645934356106
     0.491760066733   38.991792418572   17.368757154388  392.679110150669
     0.492129088388   38.982801351822   17.370235850059  392.660045170373
     0.492498110042   38.965261854243   17.370175268300  392.593814237645
     0.492867131696   38.954045175897   17.370740090893  392.563986940953
     0.493136517504   38.947196742707   17.370994082050  392.500070792975
     0.493505539158   38.926739244263   17.370503357851  392.390964937677
     0.493866309348   38.906262661035   17.370232264302  392.341933326699
     0.494229923562   38.878253793692   17.368781082046  392.264102612659
     0.494593537776   38.840601761958   17.366891573930  392.195077619342
     0.494957151991   38.790201199190   17.363127956386  391.977808841295
     0.495306674410   38.753955458176   17.360564096173  391.808513224584
     0.495677604468   38.740974378790   17.360876140475  391.736559883110
     0.496048491473   38.727077826552   17.362234116339  391.697414498460
     0.496419319819   38.763861786423   17.373162819455  392.215883605595
     0.496790109348   38.900784986704   17.397805807377  393.607010645918
     0.497160844194   38.969444976137   17.410805472804  394.529256601581
     0.497531526414   39.022288017871   17.421558751361  395.352770043939
     0.497902164881   39.141887829412   17.440434168792  396.414214849740
     0.498272748140   39.203614206838   17.449324237366  396.992113984378
     0.498643282921   39.236417402143   17.458592834023  397.673865347081
     0.499013768075   39.257434620991   17.467513218490  398.043155613369
     0.499384205036   39.157613540216   17.456492477093  397.300591775495
     0.499754589382   39.092666125118   17.447407001554  396.720175175698
     0.500065677835   39.082480890013   17.445527404294  396.453521835877
