# {0} signal over time, extracted at r = 500 km
# All quantities are measured in a resting observer's frame at infinity
# cols=4 rows=1024
#              time        luminosity               <e>             <e^2>
#               "s"           "foe/s"           "MeV^1"           "MeV^2"
    -0.170092974551  1.7456847059e-11    5.569130358088   33.776898561420
    -0.169077533533    0.036554991760    3.685165220823   15.346663876386
    -0.168053138512    0.136332161008    3.959454616637   17.784988763823
    -0.167042350517    0.173772740565    4.002418438723   18.185719429514
    -0.166039100136    0.177840146875    4.010106784491   18.279890329632
    -0.165026756836    0.174499076979    4.022011888117   18.412707356315
    -0.164014413536    0.170257313685    4.035978804160   18.564545255580
    -0.163000550214    0.167915430697    4.046223843041   18.673395033929
    -0.161965806685    0.165504067365    4.058767657261   18.805358969280
    -0.160931063156    0.163721569618    4.071772055263   18.940749841114
    -0.159861523225    0.162727164914    4.084134596375   19.070207895801
    -0.158861523225    0.162367668470    4.095196083364   19.186060791293
    -0.157821523225    0.162471790437    4.107235060461   19.307501455417
    -0.156781523225    0.163059928420    4.118701703691   19.422918482556
    -0.155741523225    0.164099511957    4.129625406869   19.532723697933
    -0.154701523225    0.165527926770    4.140423412862   19.641280563050
    -0.153661523225    0.167419671977    4.151049388817   19.747086007600
    -0.152621523225    0.169693099061    4.160873610928   19.846133912672
    -0.151581523225    0.172118005745    4.170586719162   19.945949558542
    -0.150541523225    0.174575415032    4.180608812617   20.050715024964
    -0.149501523225    0.177004951001    4.191536248568   20.164552072062
    -0.148463819939    0.179447826273    4.203231874917   20.286407493508
    -0.147442465843    0.181918011806    4.215199079928   20.412420401541
    -0.146414618432    0.184414805447    4.226873467314   20.541416952010
    -0.145370032019    0.186774820310    4.235970296756   20.663921813732
    -0.144355563964    0.189112192133    4.237245782902   20.744505451336
    -0.143353248144    0.191700547404    4.250882217571   20.891564585859
    -0.142892410156    0.192623462930    4.133103166290   20.284220586397
    -0.141881356033    0.184071883970    2.643289398571   12.219042877224
    -0.140877297390    0.199487091606    3.049468724856   14.484291285045
    -0.139863799778    0.207384500262    3.037501895003   14.465612659288
    -0.139315668930    0.210462727528    2.919153046359   13.838853418026
    -0.138288493105    0.211215332077    3.405972925825   16.570728578034
    -0.137264801912    0.212876411500    4.000754158889   19.920046609894
    -0.136262464020    0.217344846647    4.085804316322   20.455247596141
    -0.135229535694    0.222430016883    4.071740798285   20.441088318971
    -0.134486047099    0.225863197773    4.103432507008   20.664567465880
    -0.133441446441    0.230023383730    4.285234071953   21.751345249755
    -0.132428043805    0.234536922545    4.390895830865   22.416720842513
    -0.131408707131    0.239604942495    4.407076446973   22.582541929158
    -0.130381227587    0.244817135988    4.389406333718   22.558275075698
    -0.129353261411    0.250264075534    4.381186536272   22.587165310394
    -0.128337219108    0.255865152207    4.399107269169   22.765664128804
    -0.127277664261    0.261853938261    4.426347410021   23.005662576634
    -0.126237664261    0.268106023593    4.445394746550   23.201079262652
    -0.125197664261    0.274530148783    4.465035099244   23.404488804908
    -0.124157664261    0.281134694269    4.496021207098   23.677525981108
    -0.123117664261    0.288051521723    4.531152146471   23.975446480836
    -0.122077664261    0.295290982490    4.554050858875   24.202028449541
    -0.121037664261    0.302837556242    4.572208443513   24.400772221220
    -0.119997664261    0.310647565957    4.595729508078   24.629787780068
    -0.118957664261    0.318619412189    4.623520529347   24.884429096779
    -0.117917664261    0.326770821678    4.647113753485   25.115497300110
    -0.116877664616    0.335107469819    4.667987323138   25.332349262708
    -0.115837664616    0.343609261007    4.688498560396   25.548345891811
    -0.114797664616    0.352290358339    4.708767650795   25.763518033749
    -0.113757664616    0.361203143592    4.729072170199   25.980040937206
    -0.112717664616    0.370444908238    4.749238496307   26.195985585334
    -0.111677664616    0.379988084435    4.769603656332   26.414592836235
    -0.110637664616    0.389805031309    4.790437744932   26.638891650930
    -0.109597664616    0.399853330918    4.811684771149   26.868331798121
    -0.108557664616    0.410108687445    4.833224667010   27.101410712732
    -0.107517664616    0.420638105546    4.854646493304   27.333877714960
    -0.106877664616    0.427299768421    4.867608972158   27.475412595299
    -0.105876838423    0.437996006453    4.886960177268   27.692403727566
    -0.104846283173    0.449310497821    4.899418755985   27.872418062505
    -0.103842912001    0.460744690442    4.913941678999   28.066133203722
    -0.102840724772    0.472563411929    4.927593108296   28.257928777362
    -0.101823402916    0.484907418899    4.943685219834   28.469265795720
    -0.100805018837    0.497804928286    4.970127855625   28.745993888119
    -0.099787240263    0.511085434504    4.990947081124   28.987023821962
    -0.098782670789    0.524496157005    5.004680410363   29.181537446430
    -0.097781791090    0.538042029672    5.019061027196   29.379404258352
    -0.096773436017    0.551918519823    5.040537339059   29.622163333936
    -0.095762230843    0.566147003425    5.069959458365   29.915084257978
    -0.094759213660    0.580543652597    5.097064120986   30.190547898016
    -0.093738721638    0.595518039588    5.122887095730   30.457168050448
    -0.092691020535    0.611278116432    5.142617985129   30.686021354467
    -0.091688810558    0.626784944978    5.165845682594   30.933031232984
    -0.090673650367    0.638724426789    4.778010203909   28.498715484840
    -0.089637170330    0.659748752816    4.952603143731   29.729844158396
    -0.088602207937    0.678409057651    5.000521453248   30.134391820637
    -0.087562207937    0.696546009968    5.054904288535   30.585330533518
    -0.086522207937    0.714099244043    5.256145274164   32.011465466418
    -0.085482207937    0.732815575429    5.331948510855   32.617406617292
    -0.084442207937    0.752493899077    5.349943041822   32.841746368050
    -0.083482207937    0.771558999232    5.364553324074   33.032420817859
    -0.082442207937    0.792719854304    5.407316465710   33.419094127347
    -0.081402207937    0.814404560597    5.447296606250   33.790317158823
    -0.080362207937    0.836975304645    5.463307401033   34.001271193831
    -0.079322207937    0.860504425362    5.479869715951   34.214836813177
    -0.078282207937    0.884884374597    5.500084157972   34.454420563640
    -0.077242207937    0.910092925340    5.522110704433   34.709243935017
    -0.076202207937    0.936158533327    5.543938119219   34.966383833639
    -0.075162207937    0.963199313765    5.567469649490   35.235362991631
    -0.074122207937    0.991298264993    5.589615565039   35.493019930192
    -0.073082207937    1.020372933768    5.611553731143   35.749946933877
    -0.072042207937    1.050551396692    5.632678739796   36.002830836336
    -0.071002207937    1.081813877153    5.653889886283   36.255209126527
    -0.069962207937    1.114118510859    5.674722305955   36.504443387212
    -0.068922207937    1.147465653610    5.695424869718   36.754386453086
    -0.067882207937    1.182084829234    5.716909426331   37.014489398154
    -0.066842207937    1.218226194768    5.738831060091   37.279913926590
    -0.065802207937    1.255701584048    5.761235712395   37.551398127886
    -0.065642207937    1.261576770631    5.764748017338   37.593933940713
    -0.064602207937    1.300403453858    5.787873381248   37.874324956761
    -0.063562207937    1.340874819857    5.811205757747   38.159495710811
    -0.062522207937    1.383752563784    5.834311787925   38.444567211596
    -0.061482207937    1.429233559582    5.857356542141   38.729366061622
    -0.060442207937    1.477542357341    5.881234951955   39.024524340116
    -0.059402207937    1.528878524019    5.905359982198   39.324747294800
    -0.058362207937    1.582746983829    5.929655102361   39.628955644284
    -0.057322207937    1.639211430261    5.954345342714   39.940529529533
    -0.056282207937    1.698133231597    5.979604857436   40.261031551878
    -0.055242207937    1.760450927454    6.004839489267   40.582709274400
    -0.054202207937    1.826578680700    6.030685529745   40.912949503849
    -0.053162207937    1.896555752788    6.056491887143   41.247616526740
    -0.052602207937    1.935710499403    6.070349836390   41.429197360285
    -0.051562207937    2.011456774098    6.097218802529   41.779835491416
    -0.050522207937    2.091274502875    6.125824235798   42.149814954052
    -0.049482207937    2.175659212078    6.155524613847   42.531349202255
    -0.048442207937    2.264778067517    6.185291312859   42.920007299280
    -0.047402207937    2.358967147131    6.215479466848   43.320992701470
    -0.046327575238    2.461658262113    6.245248650715   43.732682457730
    -0.045287575238    2.566374442151    6.276832505552   44.158055148330
    -0.044280575539    2.674363887793    6.307387744624   44.570788157835
    -0.043240575539    2.793295272031    6.340321815332   45.013883226893
    -0.042213743507    2.917406846591    6.372947072347   45.461571242017
    -0.042093058476    2.932447056465    6.375862564757   45.507531275772
    -0.041057870222    3.066797892714    6.396745089171   45.873893991973
    -0.040017870222    3.212336678848    6.434431139774   46.379817027474
    -0.038977870222    3.367927080837    6.472884497536   46.899188702833
    -0.037937870222    3.533489983250    6.515419930598   47.461013677771
    -0.036889814921    3.712111353024    6.556709523842   48.022551387830
    -0.035882666322    3.891779413155    6.430827841199   47.270610925642
    -0.034803874164    4.111084301767    6.530730898283   48.319990694397
    -0.033763874164    4.335049700608    6.566684220180   48.869998759417
    -0.033603874164    4.371075182432    6.573927366050   48.969311462480
    -0.032563874164    4.614715784791    6.661594079229   49.951526817648
    -0.031523874164    4.876822440982    6.757774277685   51.024905316280
    -0.030483874164    5.163694730180    6.814145979940   51.793611182549
    -0.029443874164    5.478480244575    6.861174758194   52.497838401176
    -0.028403874164    5.823253187025    6.915167728281   53.274010736834
    -0.027923874164    5.993905275194    6.940437082753   53.640005407069
    -0.026883914640    6.391230011327    6.992027957797   54.417350231508
    -0.025843914640    6.828508895876    7.044038133264   55.217866731229
    -0.024803914640    7.313107419303    7.098005272795   56.050433827349
    -0.023743649731    7.861779144018    7.141456912733   56.816979380855
    -0.022943649731    8.320060698931    7.187430264086   57.516466247302
    -0.021903649731    8.976117021386    7.244269740961   58.416081597954
    -0.020863649731    9.714332604196    7.306485034716   59.376578852249
    -0.019823649731   10.547149439113    7.368403802818   60.349386619553
    -0.019183649731   11.112703041618    7.405866185255   60.950611391590
    -0.018143649731   12.132379272168    7.465399187200   61.924808376878
    -0.017103649731   13.293487344284    7.526158726785   62.925682355307
    -0.016063649731   14.623981034867    7.587134031750   63.942854455965
    -0.015023649731   16.157004749062    7.647667298814   64.965101931251
    -0.013983649731   17.928178808498    7.706771937718   65.975208370467
    -0.013663729669   18.528575277660    7.724559397330   66.282323900889
    -0.012623729669   20.687017980739    7.781298338155   67.272904692308
    -0.011683729669   22.953626709115    7.830280591603   68.145821432037
    -0.010663729669   25.814259143687    7.880007170753   69.054624264289
    -0.010063729669   27.732844270859    7.907209653339   69.566310689227
  -9.0587296690e-03   31.414971846831    7.947469493555   70.354244239405
  -8.7887296690e-03   32.521509119510    7.956951371692   70.548408097920
  -7.7762296690e-03   37.208404677350    7.986625076123   71.198797959987
  -7.6749796690e-03   37.728436621262    7.989092420668   71.257293509536
  -6.7637312330e-03   42.893344512176    8.006354474265   71.713699643708
  -5.9706062330e-03   48.265334992628    8.013113831114   71.991922262702
  -5.2871687330e-03   53.727547047742    8.015083892310   72.179922669711
  -4.6796996651e-03   59.248668990579    8.017384556898   72.366237578678
  -4.1481371651e-03   64.512175252258    8.024080950479   72.616794739790
  -3.6735277901e-03   69.454998610165    8.038016037698   72.976932219123
  -3.2606176339e-03   73.863107545502    8.058135242126   73.429843086973
  -2.8904223214e-03   77.827953856380    8.083436125880   73.965650658321
  -2.5593822823e-03   81.318796023660    8.112447170278   74.560507297344
  -2.2710570870e-03   84.284577376976    8.142680394714   75.169559632633
  -2.0215779262e-03   86.778491487353    8.172419701583   75.763208444637
  -1.7957002462e-03   88.958408022793    8.202214302907   76.354779221033
  -1.5992787069e-03   90.773261165684    8.230390115232   76.912098091855
  -1.4208774923e-03   92.340351961768    8.257709964769   77.451497878095
  -1.2627438910e-03   93.657668757965    8.282639941369   77.949092083518
  -1.1272108107e-03   94.729509382699    8.304108325016   78.385609021404
  -1.0054544446e-03   95.643244457384    8.324979858479   78.800587525182
  -8.9486838734e-04   96.425971721092    8.344864674483   79.192614809735
  -8.0200136938e-04   97.043637771918    8.362067777911   79.531220053434
  -7.1566294827e-04   97.582574292212    8.378473947594   79.853608954537
  -6.4129222909e-04   98.017552810717    8.392912741926   80.137002351564
  -5.7461503259e-04   98.383174501529    8.406078240692   80.395303291781
  -5.1755473943e-04   98.677042870560    8.417495008965   80.619314705449
  -4.9255079074e-04   98.800094693438    8.422539181408   80.718306968414
  -4.8313946701e-04   98.845542890607    8.424444236863   80.755697313789
  -4.7249155474e-04   98.896365834120    8.426603683547   80.798083212716
  -4.5499734424e-04   98.978443312842    8.430160936571   80.867912004139
  -4.3407764026e-04   99.074231477030    8.434429732855   80.951719369565
  -3.9858158066e-04   99.230779220929    8.441709785038   81.094672383761
  -3.7742254793e-04   99.320466788594    8.446070956262   81.180324862272
  -3.6107482069e-04   99.387868253886    8.449451419361   81.246723830039
  -3.5617745043e-04   99.407735650577    8.450465984365   81.266653083971
  -3.4128324593e-04   99.467228176267    8.453556743936   81.327368624473
  -3.2500737435e-04   99.530625869564    8.456943229373   81.393898840140
  -3.0989601411e-04   99.587960389712    8.460095737806   81.455837149959
  -2.9705638938e-04   99.635506236183    8.462780624197   81.508591333652
  -2.8452173234e-04   99.680873288988    8.465407258374   81.560203814664
  -2.7968932869e-04   99.698084201334    8.466421360048   81.580131292691
  -2.6949205255e-04   99.733888067506    8.468563937000   81.622235019487
  -2.6045500207e-04   99.765030616237    8.470465736766   81.659608647602
  -2.5138998175e-04   99.795710006652    8.472376277817   81.697155329319
  -2.3982303489e-04   99.834034671975    8.474818245204   81.745147596447
  -2.2845668956e-04   99.870788249078    8.477222336304   81.792397357343
  -2.1850335942e-04   99.902228035756    8.479331212738   81.833846458388
  -2.0791577812e-04   99.934899650650    8.481578205536   81.878011620747
  -1.9815269115e-04   99.964316156441    8.483653638751   81.918806002805
  -1.8826260278e-04   99.993413021428    8.485759398818   81.960197691511
  -1.7810854109e-04  100.022544419345    8.487924849365   82.002763924232
  -1.6738145721e-04  100.052495757248    8.490216340500   82.047809109498
  -1.5565599147e-04  100.084256857498    8.492725605867   82.097136895598
  -1.4330340515e-04  100.116601276724    8.495374131985   82.149204398309
  -1.3026085284e-04  100.149497199851    8.498176178873   82.204292698203
  -1.1820909255e-04  100.178737185750    8.500770404943   82.255298273617
  -1.0766853678e-04  100.203391103623    8.503043223350   82.299987554199
  -9.7918578629e-05  100.225425227995    8.505148744865   82.341390362046
  -8.9624300214e-05  100.243582564999    8.506942269313   82.376660778510
  -8.1423617251e-05  100.261000443666    8.508717635602   82.411576943612
  -7.3676131684e-05  100.276964529022    8.510396746487   82.444603006830
  -6.6704420001e-05  100.290920075169    8.511909250434   82.474354865235
  -6.0646851519e-05  100.302728643138    8.513224567350   82.500230274049
  -5.6030128490e-05  100.311529488711    8.514227720843   82.519966264599
  -5.0438794354e-05  100.321956882684    8.515443432910   82.543886076658
  -4.4748387825e-05  100.332307899170    8.516681572038   82.568249487987
  -3.9166160798e-05  100.342205057949    8.517897014784   82.592168725565
  -3.3787874097e-05  100.351498831304    8.519068825473   82.615231716666
  -2.8540291572e-05  100.360337174489    8.520212880955   82.637750834969
  -2.3130493356e-05  100.369210295213    8.521393028148   82.660982955400
  -1.8060520584e-05  100.377305707241    8.522499711424   82.682771357670
  -1.3539141183e-05  100.384344642232    8.523487176542   82.702214683504
  -9.1351293383e-06  100.391036643030    8.524449484332   82.721164610578
  -4.7608446987e-06  100.397522536125    8.525405755344   82.739997615131
  -9.4447107635e-08  100.404264115641    8.526426383499   82.760100278999
   4.4267069827e-06  100.410620693828    8.527415730857   82.779589027901
   8.5601447645e-06  100.416280848123    8.528320649614   82.797416580760
   1.2192037432e-05  100.421134466081    8.529116085909   82.813088792025
   1.9465587207e-05  100.589041348650    8.530533771632   82.841315445801
   3.2923336749e-05  100.601349810062    8.533468393086   82.899171797338
   5.0587295067e-05  100.615276374440    8.537327351527   82.975273458621
   6.7484958758e-05  100.625464439405    8.540964590150   83.047039745508
   8.4023191312e-05  100.633894687522    8.544598664959   83.118741245558
   1.0180916055e-04  100.640375825814    8.548519464046   83.196116649971
   1.1872446546e-04  100.643986501141    8.552259833316   83.269946993526
   1.3618730579e-04  100.645025692819    8.556131830845   83.346391188230
   1.5274702498e-04  100.643420194774    8.559812133221   83.419064814004
   1.6990302896e-04  100.639026627739    8.563632283683   83.494513055327
   1.8805124005e-04  100.631281695896    8.567680070250   83.574469177928
   2.0539956612e-04  100.620836988878    8.571554822432   83.651015599991
   2.2335827002e-04  100.606829846529    8.575570739145   83.730354897726
   2.4237512268e-04  100.588392458610    8.579828413099   83.814469308361
   2.6040086901e-04  100.567444164938    8.583869317032   83.894294309518
   2.8000635459e-04  100.540775230221    8.588270723198   83.981226413106
   2.9961184016e-04  100.510023392289    8.592679908347   84.068290573032
   3.1947248967e-04  100.474679882989    8.597155763925   84.156643125940
   3.4038347819e-04  100.432887797009    8.601880036969   84.249863498342
   3.6258234697e-04  100.383368014369    8.606910176429   84.349074775040
   3.8628287501e-04  100.324630471681    8.612299326034   84.455313939288
   4.1155698011e-04  100.255305698674    8.618069203277   84.568998730397
   4.3492306584e-04  100.185060514266    8.623425332297   84.674479697856
   4.6155260249e-04  100.097752188764    8.629555377927   84.795148041465
   4.8995503439e-04   99.996042306203    8.636123180768   84.924381308474
   5.2006031233e-04   99.878419798797    8.643116501087   85.061943600378
   5.4806757997e-04   99.759758557139    8.649649545784   85.190426045387
   5.7871342703e-04   99.619470642624    8.656825173150   85.331532640668
   6.1180411903e-04   99.455402431625    8.664601827440   85.484459111636
   6.4746837990e-04   99.263488873652    8.673013117095   85.649883021962
   6.8542871178e-04   99.041466990203    8.681997272454   85.826607355823
   7.2538017051e-04   98.787381856776    8.691486417260   86.013312021395
   7.6749121400e-04   98.496188194930    8.701526787613   86.210916612638
   8.1278734993e-04   98.155426658022    8.712373446767   86.424446088329
   8.6152672737e-04   97.756092271461    8.724103416361   86.655415627355
   9.1418084582e-04   97.285886821870    8.736848497024   86.906412768868
   9.2160013033e-04   97.216364746248    8.738650646278   86.941905911587
   9.7675860167e-04   96.673992893978    8.752096072244   87.206724254398
   1.0331603678e-03   96.072846257186    8.765927730286   87.479168722189
   1.1005988608e-03   95.292273837527    8.782562732180   87.806856039601
   1.1805519981e-03   94.279795405686    8.802393254266   88.197513002282
   1.2671311758e-03   93.076116276982    8.823957539061   88.622309003673
   1.3664452514e-03   91.554165296321    8.848746149813   89.110619881817
   1.4745328696e-03   89.719356973624    8.875747058233   89.642751650834
   1.5887789469e-03   87.573981217373    8.904419389831   90.208209729184
   1.7113518844e-03   85.046571506071    8.935797142457   90.825828805275
   1.8469285598e-03   82.012955558567    8.971926038911   91.532039945176
   1.9977439781e-03   78.424215647616    9.013506418065   92.339027389790
   2.1474598721e-03   74.787971358556    9.052381788665   93.098858753366
   2.2971757661e-03   71.321187542222    9.081208561109   93.686222578113
   2.4610465063e-03   68.125116785723    9.092845805150   93.974014078571
   2.6074588733e-03   66.231833189264    9.085709080830   93.901977281346
   2.7755875884e-03   65.721494051303    9.070844164179   93.673252267757
   2.9643758758e-03   67.894734779489    9.079230996359   93.881138250931
   3.1563229614e-03   73.636896816512    9.153291909790   95.424711618540
   3.3482700470e-03   83.333762939142    9.313746800541   98.858460257607
   3.5402171327e-03   97.165846118508    9.552871285376  104.129048810287
   3.7369244464e-03  115.554526105881    9.854419159910  110.981641588830
   3.9473967054e-03  139.470434074096   10.209240146011  119.317284213562
   4.1580064479e-03  166.834017200599   10.564516918548  128.004054204023
   4.3729375712e-03  196.936345674599   10.914042020032  136.811721042937
   4.5857556689e-03  227.259183489681   11.237951898158  145.173402115695
   4.7899182243e-03  255.193105712705   11.519378558302  152.605290999525
   5.0069639374e-03  282.118846188415   11.779672499537  159.658166046509
   5.2436607076e-03  307.014416177105   12.019306949001  166.294679398164
   5.4799904457e-03  326.622855806926   12.215494253088  171.839707964090
   5.7161353172e-03  340.985725304611   12.372301523832  176.364820806388
   5.9676974650e-03  350.803161246909   12.502387770908  180.183952415069
   6.2192878349e-03  355.591435768218   12.589832507880  182.920918860594
   6.4708782047e-03  356.099344013777   12.655609392480  184.928125125272
   6.7224685745e-03  353.102499715181   12.694955830934  186.181457781614
   6.9740589444e-03  347.519085203580   12.710995762704  186.772852153899
   7.2256493142e-03  340.022176215275   12.708038119027  186.818959358331
   7.4772396841e-03  331.307668932157   12.690472211827  186.443035794873
   7.7288300539e-03  321.757680195313   12.661695162134  185.748199118534
   7.9804204238e-03  312.055602477434   12.623525641720  184.787092009021
   8.2355849587e-03  301.865777434508   12.544821729882  183.083166060788
   8.4907923878e-03  291.850720092713   12.485813866266  181.598305984399
   8.7427542497e-03  281.835568482571   12.424707647683  180.012166739912
   8.9943274891e-03  272.371117224104   12.359042839251  178.292631112311
   9.2486507156e-03  262.810441234229   12.288845090765  176.470248843393
   9.5029739421e-03  253.662528363471   12.211110320094  174.456322712187
   9.7572971686e-03  244.823053673221   12.138380322329  172.558746147756
     0.010011620395  236.157760299908   12.058103349543  170.513972252531
     0.010265943622  228.397255158262   11.983560085831  168.547150787867
     0.010520266848  220.739766936283   11.900745381481  166.463380577708
     0.010774590075  213.320323765150   11.818684624457  164.366028258713
     0.011027126725  206.440136766441   11.736571431974  162.337004540303
     0.011281105953  199.624275005406   11.657376434461  160.293732276413
     0.011534840289  193.276008295253   11.572806526711  158.153129123578
     0.011788488010  187.376315385618   11.496096164357  156.207281537079
     0.012042024640  181.499450025032   11.415292304509  154.159921579134
     0.012295417640  176.112173045423   11.338818536110  152.216563049251
     0.012553783403  170.771314725498   11.258568761551  150.271939167388
     0.012809542390  165.264339214029   11.163972986963  148.044498097483
     0.013061450900  160.496272337729   11.113470140118  146.485982348767
     0.013311568130  156.259350474927   11.070936429257  145.145987965597
     0.013561677157  151.892603859174   11.009110382415  143.508300553540
     0.013811786184  147.658482468111   10.941348512435  141.801771585186
     0.014061895211  143.940592489397   10.876656689121  140.276055968950
     0.014312004237  140.254171423085   10.810811674106  138.731522977252
     0.014562113264  136.315879768632   10.763459788404  137.353512575427
     0.014812222291  132.783690636707   10.687726892129  135.666072573360
     0.015062331318  129.740282878750   10.634023285463  134.373332405806
     0.015312440344  126.473570881914   10.597754152319  133.260308400495
     0.015562549371  123.155249956136   10.551621469282  131.993754775717
     0.015812658398  120.367300063909   10.513851652146  130.942661603858
     0.016069101776  117.697570114184   10.477839955956  129.941805049355
     0.016331036450  114.702828782953   10.210573447000  125.888630258144
     0.016583346498  112.027128912179   10.214809330581  125.383879419672
     0.016836886569  109.764385561754   10.203973110114  124.787914506054
     0.017086997709  107.639562012846   10.191836447204  124.224136224741
     0.017345829455  105.253858754765   10.175803478151  123.551981961311
     0.017599315920  102.889415259340   10.133070721741  122.530370325706
     0.017855297677  100.770370413552   10.102178798388  121.708672351384
     0.018110968854   99.123143240343   10.035020522836  120.553898853374
     0.018363320922   97.599124102888   10.038227493563  120.313641140995
     0.018622579958   95.680673887445    9.966511567259  119.036194348702
     0.018881838993   93.602901554774    9.936423146869  118.222983881754
     0.019141098029   91.827748407185    9.911010682914  117.531303397001
     0.019398215768   90.552359206057    9.865806425074  116.716960193087
     0.019654162217   89.381393681265    9.866858410512  116.503923653236
     0.019909605473   87.827281530743    9.855451124972  116.028341799670
     0.020167136585   86.104404615062    9.835319189129  115.408144069703
     0.020424667697   84.590062906889    9.820786513091  114.921564388499
     0.020678450098   83.278197332517    9.809431427018  114.522060786219
     0.020929824999   82.023618566214    9.795666246829  114.099576847692
     0.021188175188   80.615807699371    9.771138519351  113.477451988803
     0.021444962055   79.109591703751    9.739614286169  112.759364518539
     0.021701748923   77.624418455292    9.708539924054  112.082107060446
     0.021958535791   76.259212672454    9.681755848543  111.456895200467
     0.022212856757   75.151163138139    9.659272140629  110.892067426738
     0.022465522307   74.154993240879    9.635647677919  110.298708007461
     0.022718762363   73.114484924615    9.597303577892  109.555761284895
     0.022971617806   72.072077802949    9.547577672268  108.737238924544
     0.023224473248   71.119315670056    9.513500394245  108.139385372124
     0.023477328691   70.330225824247    9.513791482924  107.957060930169
     0.023730184133   69.616557289982    9.509338373501  107.680958806006
     0.023987437347   68.752809630905    9.448719507674  106.685488668026
     0.024242285784   67.747764947268    9.444821187550  106.379138227360
     0.024493709025   66.790723521955    9.409622228335  105.762649760489
     0.024745132266   65.976859837862    9.377284229939  105.218194253947
     0.024996555507   65.292109843309    9.361321948341  104.885733969305
     0.025012269459   65.252562841994    9.362395433681  104.889781967800
     0.026023327393   62.344133791111    9.205011909929  102.163956826094
     0.027030835286   59.626943653335    9.205591315975  101.678024633858
     0.028038343178   58.069971994615    9.185212191150  101.101482377841
     0.029050809769   56.031484785414    9.159399721920  100.425078009722
     0.030076577560   53.805991221090    9.095545297207   99.094002661778
     0.031117159883   51.804681857229    9.042203352093   98.038405409220
     0.032149765325   49.972325945514    8.983629150573   96.949149919180
     0.033159936245   48.678668253656    8.956134185288   96.466643538167
     0.034198355281   47.770894770603    8.934041660300   96.000428033417
     0.035231193105   46.695790705330    8.913426225114   95.657753332717
     0.036256807073   45.821265059499    8.894756859105   95.261666209292
     0.037272647545   44.872526355246    8.863640195721   94.758187768233
     0.038295692472   44.056761534272    8.828247923457   94.263664735925
     0.039298862571   43.081368969522    8.804027443458   93.737006678685
     0.040298938513   42.263897536290    8.802531903558   93.642899336130
     0.041314155682   41.311931065836    8.790165639333   93.384697523407
     0.042314960784   40.505457562848    8.778288433143   93.221538954650
     0.043318965280   39.931546563488    8.760937692061   92.962316184695
     0.044350539442   39.474127345211    8.759307396001   93.081651181117
     0.045375731982   38.957253943230    8.743595624030   92.826030532190
     0.046378205423   38.627225382494    8.748529113529   92.948648838160
     0.047381965742   38.656652466508    8.771907629945   93.391087444071
     0.048384423813   38.931909000537    8.819078388229   94.214805086523
     0.049406670815   38.872756252940    8.849213865973   94.812940302949
     0.050415613676   38.532282169000    8.869542875773   95.266356922541
     0.051419442026   38.440910625995    8.878595169581   95.595269881604
     0.052420420941   38.394326044896    8.920254053151   96.360082487985
     0.053448141621   37.796720843465    8.938134820497   96.841233569814
     0.054469522250   36.545827391956    8.895651190683   96.068924065206
     0.055505823681   35.693826498490    8.891101974098   95.816691734917
     0.056512116067   35.432460333214    8.924376581020   96.530279501889
     0.057517703073   35.424130922686    8.963886129904   97.362902998277
     0.058537872326   35.298048208845    9.003798012336   98.188804834528
     0.059539597517   35.185409035797    9.047983008421   99.074723928945
     0.060556701289   35.828211682077    9.119985823435  100.766853257768
     0.061564576895   36.575617421364    9.175230790547  102.088105745010
     0.062572902201   36.904461246686    9.203525109092  102.639063663260
     0.063573467045   37.177881497879    9.229978709815  103.158039973589
     0.064580274084   37.754525424983    9.273823898499  104.296580710642
     0.065594777987   38.325391146824    9.331248755774  105.586367017953
     0.066595620506   38.783421682179    9.359622148266  106.307910955845
     0.067598614864   39.043453676409    9.390950159349  107.037011767435
     0.068286865683   38.991007619638    9.389336856400  107.039320232033
     0.068942686529   38.769782782647    9.369632087235  106.536323451031
     0.069725872796   38.526826213220    9.335319229737  105.784609055942
     0.070647445571   38.375801997195    9.312032060632  105.309789194822
     0.071557722815   38.192214687991    9.293586055767  104.966926843542
     0.071850746178   38.148321796615    9.292208644298  104.971540042867
     0.072858815745   37.885592598518    9.293393158426  105.063936026011
     0.073859411205   37.948289407848    9.320028298003  105.752586896461
     0.074845929630   38.074550467742    9.341025124021  106.320976433020
     0.075846883627   37.596722470164    9.300394886846  105.354747098911
     0.076867779227   37.047454180392    9.262093321922  104.534144796410
     0.077871519347   36.714622530002    9.267018560832  104.697689258175
     0.078878093429   36.429781537490    9.284702871924  105.211496884957
     0.079887744599   36.272584528697    9.348685032818  106.632059456677
     0.080895173861   36.227700486346    9.377385942680  107.429028822899
     0.081925718566   35.805894322794    9.379159060525  107.377642290448
     0.082936655753   35.164126547538    9.334772948047  106.466348493445
     0.083957359274   34.765091893043    9.344118240218  106.556775239240
     0.084962931689   34.557530396973    9.357112391397  106.965339248172
     0.085972088120   34.492863997774    9.393830722743  107.816768984030
     0.086995536639   34.525956482792    9.433643973750  108.743772206891
     0.087999376314   34.500015653475    9.454077048956  109.381037328900
     0.089012263348   34.232904294241    9.470377700783  109.709796521612
     0.089983067179   33.980628828662    9.485491756188  109.913363629260
     0.090997140097   33.819622709187    9.487966623820  110.122141484974
     0.092052592856   33.740707136097    9.511620949768  110.579911551646
     0.093092592856   33.597017031416    9.533365365273  111.160733002205
     0.094124272907   33.609358717733    9.579395031937  112.247066483642
     0.095138408534   33.328937975859    9.597119263609  112.632530876538
     0.096178408534   32.949278705498    9.601881198394  112.766649935516
     0.097190302777   32.671848314581    9.618657629193  113.204477396449
     0.098243162472   32.413930935008    9.646154451351  113.848040544865
     0.099314684804   32.217297767627    9.675357574060  114.573948024782
     0.100338157677   32.081282798629    9.706209718225  115.323384257356
     0.101358157677   31.937148251110    9.736659071191  116.051727698226
     0.102409348914   31.782476444657    9.767946376553  116.771259014308
     0.103418795234   31.624454769398    9.790610854970  117.277523638546
     0.104458795234   31.445613787808    9.804087657294  117.629604175029
     0.105518021045   31.303904029448    9.828296588037  118.218772776165
     0.106546495045   31.243621465668    9.858879987718  118.978301891823
     0.107622646695   31.154898842816    9.891353263207  119.737079756980
     0.108692256360   31.032450541021    9.900809905803  120.157767052820
     0.109748922570   30.928790882988    9.928335986129  120.828370859997
     0.110777781855   30.825247998673    9.950231558300  121.393757288052
     0.111816541161   30.796269150193    9.983093189696  122.192083646691
     0.112828141161   30.756005953199   10.012968975511  122.920140617880
     0.113860758184   30.730099201584   10.041887613861  123.657881192533
     0.114904758184   30.724503537072   10.064512167842  124.376778622697
     0.115921558184   30.663273197866   10.085745545713  124.980474997384
     0.116954438184   30.620222621467   10.119800074683  125.779261328983
     0.117956215527   30.631641022645   10.154386848838  126.623527398607
     0.119033636569   30.605966986333   10.181570708400  127.346755143340
     0.120053917415   30.589614504019   10.199569895197  127.999585927276
     0.121055539507   30.529933785749   10.227581078742  128.688180772848
     0.122089484154   30.505524111804   10.260746994404  129.460530161490
     0.123094198449   30.495649715316   10.281021661807  130.102686643865
     0.124118623516   30.490346742298   10.309446830502  130.887958621442
     0.125155829320   30.511380425500   10.346254734089  131.779762171126
     0.126201917713   30.531181499184   10.368661598401  132.532572262420
     0.127205701877   30.485273998907   10.393552660914  133.204676993628
     0.128221632162   30.427546902983   10.417753588198  133.749891033155
     0.129232242103   30.514023575347   10.445897439148  134.668210562258
     0.130235010787   30.622099590813   10.492427704898  135.853782495402
     0.131246581579   30.696407089136   10.523027723917  136.714089462498
     0.132264004749   30.701786450410   10.549825298302  137.465588640484
     0.133266828483   30.655777537207   10.569672612719  138.000355820686
     0.134298596808   30.680206592093   10.601182114171  138.873808160449
     0.135312976888   30.719857754660   10.630341163159  139.745496650957
     0.136328131933   30.790696678147   10.669649072319  140.784176721115
     0.137347302330   30.801792342042   10.691259940858  141.559635351351
     0.138347361592   30.790781617919   10.724681944360  142.331796912849
     0.139357155668   30.792080270138   10.747143084989  143.112699777472
     0.140360390359   30.689273530698   10.773511715867  143.719445623647
     0.141367352964   30.547031433586   10.783469435471  144.154811828111
     0.142406852964   30.359385360274   10.792631273030  144.494439309680
     0.143423373895   30.232125113307   10.813969828696  145.086889396089
     0.144426169577   30.016459495742   10.826679960176  145.365728755863
     0.145438165669   29.671622992850   10.817295177571  145.224416357117
     0.146450161762   29.311283887037   10.804234227244  144.974221477977
     0.147462150859   29.045602650581   10.809497050542  145.108564837347
     0.148474130163   28.767849690903   10.812401429082  145.248474627375
     0.149486109466   28.482951478249   10.811387436203  145.249804618964
     0.150532502552   28.150451474530   10.809066260316  145.176916870127
     0.151549502552   27.748268350954   10.782745323382  144.631478431626
     0.152570102552   27.294467583979   10.770080110304  144.181913974749
     0.153590702552   26.975897982333   10.767908794572  144.134300582053
     0.154611302552   26.775547621137   10.776806927359  144.425024122213
     0.155617502552   26.555873308606   10.780867366186  144.578262545827
     0.156597940052   26.338093765286   10.784976442226  144.655833782922
     0.157612708052   26.099772450142   10.791166394146  144.741745515853
     0.158626908450   25.875230285860   10.794451751258  144.929723948526
     0.159670321055   25.653926291346   10.786993537866  144.986377737892
     0.160679606975   25.439381204839   10.797215016540  145.214606416598
     0.161699973695   25.245200732269   10.801422002883  145.349729348981
     0.162711164555   25.033363324481   10.803203710541  145.413718590822
     0.163714186903   24.898724669432   10.817998129669  145.807338877341
     0.164746894159   24.786726005322   10.831187778220  146.233634364073
     0.165764982468   24.665969693372   10.845404278092  146.679126975164
     0.166779173686   24.543553247389   10.846158363117  146.935165138783
     0.167795470561   24.472230968346   10.874287779769  147.638072314295
     0.168804224311   24.395503248041   10.892915805287  148.164123187286
     0.169820168075   24.305531935173   10.915382212808  148.735300284295
     0.170821630444   24.189145384897   10.911829712293  148.958993608241
     0.171832442944   24.169658193453   10.941456117714  149.768055591868
     0.172837689331   24.182264764993   10.975275061316  150.697290780042
     0.173865391251   24.134897949461   10.998851459052  151.324250389451
     0.174884381842   24.111295157024   11.013036360191  151.950497149481
     0.175902452212   24.009763505849   11.024089314217  152.246688505976
     0.176931768724   24.028674088739   11.053335518385  153.168330684758
     0.177943764817   24.018066557436   11.084604617060  154.107066262293
     0.178949700485   23.949489846919   11.090679179572  154.423644673364
     0.179952075485   23.790450416942   11.092430754617  154.392284542153
     0.180954450485   23.699355185736   11.101813277475  154.766812097733
     0.181963361999   23.621141053158   11.116269179520  155.277711376574
     0.182986046876   23.512377700375   11.140859459515  155.795230281200
     0.183989879876   23.312602953291   11.119628745576  155.482805242075
     0.184993712876   23.098881198326   11.114841358229  155.261928487514
     0.185997545876   23.037694270321   11.132663959739  155.802369089063
     0.187002233331   22.903796193491   11.134575650300  155.895687305962
     0.188025707840   22.722822816338   11.142698569930  155.917777699429
     0.189034320201   22.701779278170   11.146061688231  156.516297346337
     0.190038059661   22.538902532857   11.145476752153  156.398443464042
     0.191046009088   22.485720936399   11.169734048652  156.990055918416
     0.191924328207   22.406223564401   11.171587408244  157.260213190182
     0.192948857870   22.353913674896   11.212518188392  158.262895906616
     0.193964886175   22.198903897614   11.182929385060  157.880721005089
     0.194980761248   22.066848368015   11.193342427328  158.089479962561
     0.195996636322   21.920394297397   11.187748339746  157.979456261352
     0.197012511395   21.798230953303   11.190594253765  158.060705786611
     0.198019617105   21.659683492640   11.187859307637  157.941104064889
     0.199020700673   21.622506810747   11.211989946679  158.594858718578
     0.200033224340   21.584468272352   11.239074591805  159.352789553692
     0.201041358305   21.592444827221   11.250448640163  160.009010980047
     0.202046761837   21.501774226686   11.248238794596  159.956557681406
     0.202989040282   21.379797242870   11.268006913917  160.193590888510
     0.203992636437   21.379850831854   11.288069968566  161.105777876632
     0.205006448332   21.362943752416   11.287910858440  161.394753858779
     0.206020467082   21.307532384237   11.301962490242  161.693261327245
     0.206823264697   21.224319219497   11.300192082163  161.702096889737
     0.207381196504   21.138373631837   11.303503657642  161.710910403081
     0.207647596320   21.120740743804   11.323048257641  162.130531901291
     0.208659297060   21.163867542833   11.356992978514  163.247824388012
     0.209661242023   21.055224069667   11.324744819737  162.696944580329
     0.210662796665   21.021286762288   11.349666326495  163.231298734437
     0.211576900653   20.919322231935   11.356870231696  163.372286905832
     0.212583707172   20.969841405217   11.388267644254  164.612890447563
     0.213595334037   20.828892557605   11.373667699142  164.277000780306
     0.214602345778   20.812816701086   11.386165814685  164.733457520032
     0.215446299737   20.635211586582   11.367053681531  164.137767827990
     0.216282369637   20.626969610132   11.412616782425  165.062823450645
     0.217287106588   20.586321693884   11.416092407197  165.510267832479
     0.218289481588   20.534189866895   11.405601741019  165.420250549171
     0.219116101679   20.546703079041   11.426326506113  166.138010481932
     0.219730453570   20.514212124590   11.435540757976  166.358396818315
     0.219850343364   20.503884448150   11.440406048630  166.428633282846
     0.220011410869   20.497146289802   11.450824181401  166.566007644630
     0.221012244753   20.343624327223   11.459091124477  166.688895121429
     0.222013755349   20.366031641970   11.461916422076  167.001366751671
     0.223015265945   20.360625022705   11.480650403374  167.471400366047
     0.224025077530   20.112588646196   11.450932653492  166.484237795501
     0.225031249405   20.101756417954   11.469237661818  167.130201881980
     0.226048540991   20.058610699048   11.479724998363  167.392336129657
     0.227052315193   20.071828395073   11.514199624860  168.477063489013
     0.228056825394   19.903391425394   11.493923140662  168.402478814995
     0.229064358666   19.930886765016   11.531527113143  169.448978190900
     0.230069763824   19.838450207618   11.521504342617  169.136608436401
     0.231082042073   19.703115568897   11.513924878427  168.724309377069
     0.232090406521   19.680720932376   11.533849985787  169.288227921961
     0.233098770969   19.550518210045   11.518866786519  168.821936431349
     0.234107135417   19.503144055804   11.522890792458  168.961363991978
     0.235108008923   19.573994909982   11.556741540059  170.060363751860
     0.235964937122   19.505842443700   11.557962937515  170.113254765190
     0.236861784448   19.450613555740   11.578772004695  170.740070032681
     0.237867328157   19.453772162940   11.596526560135  171.556265474515
     0.238874480945   19.555087799517   11.620626138389  172.351203988545
     0.239891227277   19.521889165612   11.627049129773  172.496076964718
     0.240907973608   19.452088227019   11.631686511510  172.643052171731
     0.241924719939   19.294738503956   11.614103485245  172.082329677679
     0.242931964257   19.340556378360   11.641011680259  172.960092428541
     0.243586996775   19.263954166017   11.633743626927  172.579785391978
     0.244603201028   19.288570343760   11.665480809979  173.749505780196
     0.245610494299   19.388434099035   11.693956856892  175.089087650118
     0.246624914916   19.405682035024   11.712315910768  175.943102266224
     0.247595459497   19.208917427703   11.704932693899  175.199003428466
     0.248598438841   19.052586185470   11.685191748023  174.721092459438
     0.249601159284   19.049711485286   11.689725207534  174.748673691948
     0.250603879726   19.081816975258   11.704503377636  175.062153040040
     0.251606600169   19.146999510176   11.736384298262  176.214328571100
     0.252609320612   18.919778739387   11.705971572537  175.227128813947
     0.253610057304   18.795202703236   11.695072462596  174.898389138888
     0.254619817852   18.810064355787   11.713343870412  175.358167922641
     0.255623784415   18.966602707763   11.755857640894  177.401341647165
     0.256625623891   19.011956860044   11.791224791141  178.490513026677
     0.257633350621   18.818936301452   11.766373382741  177.318862730715
     0.257899071121   18.768921294192   11.756853701832  177.022432854091
     0.258912130527   18.779208088200   11.774422507912  177.747775122885
     0.259920938795   18.879612610218   11.811662643379  179.222000936782
     0.260928842329   18.722485855940   11.807521215362  178.499946736439
     0.261944761963   18.569912416657   11.778028272642  177.681286485428
     0.262945598226   18.623159344924   11.804188050347  178.516401293110
     0.263946434489   18.625286775035   11.817067257177  178.858450930010
     0.264947270753   18.554635829818   11.820632052453  179.048965121422
     0.265961299680   18.420580122795   11.806113616637  178.541801788906
     0.266962135944   18.404327909427   11.823094034277  179.207877571455
     0.267962972207   18.486550062422   11.850674835363  180.836844365786
     0.268963808470   18.483438176332   11.866974583805  181.432418048753
     0.269964644733   18.276027403615   11.833696542899  180.328830361978
     0.270973552257   18.288539144202   11.856047197877  181.043163177991
     0.271974388520   18.262036635914   11.867049375004  180.907540881646
     0.272975298359   18.279003701525   11.876772967674  181.099145461032
     0.273980047084   18.253344952853   11.884185445712  181.344700226668
     0.274983419580   18.195363793564   11.884383416975  181.369615809395
     0.275871582462   18.155147892197   11.888977519347  181.484218130046
     0.276171851440   18.151457551183   11.895613984307  181.685122583841
     0.277184892068   18.219771704504   11.932507436458  183.423599787250
     0.278190390810   18.245351748953   11.942547544454  183.597890991107
     0.279191824945   18.250269554592   11.960537359566  184.128374275674
     0.280193259079   18.114587191604   11.941758148556  183.449477155827
     0.281194784052   18.072321316258   11.945891792511  183.608544161999
     0.281667922088   18.074583990918   11.953972022530  183.838391874295
     0.282668131741   18.054376166983   11.980256946810  184.566735483778
     0.283678002309   17.941121374244   11.947417212306  183.742558249049
     0.284689524271   17.823040238857   11.935234813648  183.131228624694
     0.285699815756   17.911514478117   11.971298772352  184.557701632731
     0.286701004173   18.052748686895   12.020244909258  186.904691309839
     0.287703025457   17.792253110626   11.973276423765  185.271619458687
     0.288717634782   17.804495268007   11.992363166979  185.848086472248
     0.289723778523   17.806192321968   11.974508111770  185.818172983933
     0.290732782013   17.785326372825   11.993053482364  186.311594775359
     0.291575533307   17.688619657092   12.010927510893  185.839945235361
     0.292576826038   17.729756099510   12.028531489984  186.403351429811
     0.292978556984   17.789116892248   12.054356012811  187.182152549121
     0.293982884351   17.707148149695   12.035595367393  186.607743772294
     0.294671303491   17.613763088341   12.020057528301  186.111795847766
     0.295680551177   17.694969674369   12.067305933198  187.699897334384
     0.296691079460   17.754275356760   12.074095940644  188.595140565923
     0.297212148435   17.831933977831   12.099521504645  189.755632840025
     0.298149216390   17.711625182417   12.095265414105  189.548781871620
     0.299160334847   17.546326019516   12.058776340768  188.330292653686
     0.300171453305   17.643911358252   12.096983725128  189.707591772818
     0.301174581251   17.554760283339   12.083826948440  189.174578118432
     0.302185273673   17.501313528090   12.087652766896  189.270897034720
     0.302949775991   17.436031177804   12.084156537343  189.061691629687
     0.303952226506   17.384568812253   12.086134188442  188.349932292777
     0.304954677022   17.579355249572   12.128661610282  191.169908503585
     0.305930389903   17.648973339036   12.168311342231  192.528960156739
     0.306784506647   17.402711831939   12.118876941479  190.901741994451
     0.307689874134   17.350170940839   12.139863852933  190.304823433934
     0.308638681743   17.353053459970   12.138372218432  190.116617011774
     0.309649860785   17.246015894374   12.122969317064  189.660509192739
     0.310654556484   17.286701333072   12.127460498246  190.979868894830
     0.311661365480   17.393257853126   12.179667927851  191.934554496032
     0.312453720098   17.520981953154   12.207100755306  194.013375797877
     0.313458333031   17.413567807309   12.198219062097  193.565054583166
     0.314469540233   17.385634515065   12.193756635918  193.477869674983
     0.315476349229   17.507842107883   12.238884293567  194.951371489005
     0.316483158225   17.425895816994   12.233863379867  194.886598167515
     0.317489967220   17.316742769783   12.222839291586  194.561047416827
     0.318496776216   17.339933489892   12.236543115691  194.939294644032
     0.319503585212   17.340322991403   12.249249938392  195.428795050372
     0.320510394208   17.142748621644   12.212300481894  194.172094064961
     0.321320935696   17.097593630725   12.210105724603  194.040482467933
     0.321656273029   17.101472763436   12.213265788047  194.053908681817
     0.322252143899   17.114340145987   12.228197458249  193.778464133605
     0.323258030726   17.171843816311   12.269503498912  194.882927723409
     0.323332439650   17.178944152431   12.267507871060  194.892322243402
     0.324059046653   17.328909737714   12.284335085473  196.622735839988
     0.325062354686   17.289780663800   12.335987843415  197.348582621277
     0.326065068689   16.901651412733   12.215869608904  194.324835654089
     0.326441041002   16.867823503567   12.224741879182  194.422607255759
     0.327021138459   16.891339193563   12.233346068024  194.475035577908
     0.327905462517   16.997353566464   12.284317769452  195.262055094708
     0.328824748261   17.211466936621   12.318899869265  197.626537093494
     0.329473874528   17.321409284850   12.359024550216  199.714986725812
     0.329688524511   17.328336340165   12.367593056402  199.968009177804
     0.329870928778   17.326364479404   12.373165077197  200.093682836336
     0.330880427334   16.954261314717   12.297226441851  196.161427357008
     0.331888102531   16.916107893693   12.269259969845  196.233837405136
     0.332390417420   16.995730268642   12.302623232984  197.324504113604
     0.332820188030   17.047460303658   12.323107171505  197.982883385665
     0.333825898869   16.816445871628   12.307583512988  196.191116623051
     0.334713314930   16.896513638705   12.296453328320  197.057093047107
     0.335717051790   16.910477455064   12.333053990973  197.604966582219
     0.336435280940   16.985673513128   12.347080207921  199.173805317470
     0.337442886186   16.928377835324   12.356101984592  198.301227313925
     0.338248751056   17.085066642327   12.397458209242  200.735283647282
     0.339125131134   17.264762657328   12.463037238763  203.464348411029
     0.340130415175   16.965031913737   12.399147031808  199.857120166113
     0.341140081086   16.870006100908   12.362457312253  199.647154610565
     0.341601175519   16.955336881957   12.396205691985  200.841399312563
     0.342612489671   16.890477479236   12.394221775296  200.253050129325
     0.343532504884   16.735502178020   12.356868668166  198.515028646424
     0.344534955399   16.844572443182   12.408890870587  200.624027824056
     0.345415106725   16.967378225700   12.445408788915  202.606148263097
     0.345961006443   16.908664905334   12.436659695730  202.069549149438
     0.346748717622   16.758191019548   12.414886301754  200.804075950398
     0.347613609886   16.819350960290   12.444969862661  201.542939582702
     0.348618643564   16.928689352602   12.469718427260  203.176623503550
     0.348823973025   16.958988798390   12.476651003214  203.760008450481
     0.349832032611   16.988314794615   12.500288671500  204.633054786825
     0.350835769471   16.997544977123   12.507266936066  205.026852321724
     0.351452655296   16.994917895704   12.515283257323  205.279366051065
     0.352159907382   16.873502272178   12.486592696790  204.058062042653
     0.353087881117   16.883408401361   12.514639498983  203.968332121990
     0.353940121454   16.871197608512   12.489609687156  203.195945683981
     0.354291119721   16.891738570719   12.506696193079  203.698518174834
     0.355295007778   16.880016681670   12.523515880707  205.425425839451
     0.356299063980   16.529275863819   12.431718175551  202.427597033376
     0.357115457333   16.360469781789   12.425979862816  201.726034925403
     0.357919800981   16.341006378193   12.420228927274  201.417413239493
     0.358791450186   16.376743026772   12.439093210766  201.505526051198
     0.359373715569   16.474186533302   12.445629760800  202.692038302234
     0.360303841653   16.398235986308   12.461163688646  202.266237095487
     0.361131161570   16.485578238316   12.489560190791  203.346526055380
     0.361610742835   16.558040075845   12.488564551430  203.555141324031
     0.362208947381   16.753127127010   12.550877896298  206.374902026187
     0.362893826105   16.671018075935   12.570524804664  206.498655677991
     0.363737961476   16.379209779514   12.517064463147  204.619112810632
     0.364488995088   16.325680615610   12.475454790107  203.869688179955
     0.365087623844   16.310680744435   12.490382952591  203.278844899027
     0.366100219453   16.411913246445   12.508969644556  203.943462331607
     0.367104685170   16.395448343045   12.485189235471  204.462655477285
     0.368107794863   16.347990245351   12.472019917380  204.361978324268
     0.369116702386   16.350590332208   12.509409080669  204.592821292002
     0.369848111471   16.371625118373   12.519787135353  205.244445239373
     0.370851501163   16.310022896809   12.525481166496  204.495156538755
     0.371855144381   16.666776664295   12.610528552182  209.059334300590
     0.372845957896   16.705229659376   12.646146571244  209.281439560057
     0.373429414698   16.744729246921   12.656346860176  210.204988065765
     0.373936858660   16.808125661469   12.673654687054  210.752252606400
     0.374082419371   16.833371027003   12.680480953400  211.045799474879
     0.374593145919   16.907412217472   12.703120693930  212.371313331618
     0.375079813381   16.889846462282   12.730241410910  212.619081394888
     0.375963245319   16.552450713511   12.647244337159  209.448081771236
     0.376510321029   16.289762834361   12.573480226516  207.042045416288
     0.376794178649   16.225676264692   12.563281538117  206.575097214950
     0.377323050345   16.037970983196   12.527050077011  204.149710140037
     0.378024151444   16.025777659738   12.512526345685  203.900558924413
     0.379029185122   16.140088565545   12.542017442766  205.457944278634
     0.379762023402   16.258973442439   12.565867411588  207.272478672666
     0.380337660595   16.151077473048   12.542886038882  206.562894514961
     0.381310273831   16.094044293748   12.590687015302  207.234085998734
     0.381977146396   16.142053307525   12.564913941557  207.101154496438
     0.382575142491   16.034283658794   12.557892051116  206.931417880110
     0.383255229763   15.956947035644   12.562935621939  206.323149912030
     0.383864881644   15.930315207316   12.549039464925  205.242113186309
     0.384306120821   15.951482594374   12.559431866883  205.902062107103
     0.384779989969   16.015585806206   12.576723087998  206.604489615563
     0.385263851840   16.038197784266   12.610243704021  206.935508428083
     0.385917707868   16.170134490009   12.645417167462  208.189117996250
     0.386608932782   16.145327202168   12.635249182894  207.646596495131
     0.387215469738   16.165998369914   12.639745381591  208.178163146020
     0.387682887764   16.238632922298   12.666736387843  209.411951792670
     0.388334678590   16.147946294952   12.660799713685  209.096582602784
     0.388822945414   16.062002633026   12.647801113526  208.561698132108
     0.389636763628   16.025488434079   12.638541661481  208.443769202421
     0.390127688053   16.075675563407   12.655926239283  208.874305432885
     0.390635109177   16.133578058623   12.662170473502  209.172216382632
     0.391356930665   16.226769667115   12.710586384153  210.565197826157
     0.391787352214   16.195870642579   12.705991319177  210.470103964360
     0.392248420155   16.070578197748   12.668175707512  209.272598244195
     0.392813379265   16.022628447259   12.661660785890  209.251441565904
     0.393282253677   16.009795664854   12.672394851582  209.310558373069
     0.393715044303   15.976487032666   12.660541207837  208.882244974517
     0.394211156812   15.916830925911   12.643582232894  208.432924026580
     0.394723748801   15.904639728470   12.650034378828  208.456592397718
     0.395388106489   15.990832635616   12.668463086424  208.981907333321
     0.395833803847   16.060188724275   12.684343389954  209.351795416432
     0.396266187536   16.189304835234   12.716358600575  210.689851151567
     0.396626109128   16.306824757219   12.757947285691  212.481437425560
     0.397275314585   16.228953677069   12.763716060666  212.616621433673
     0.397710096016   15.986956414742   12.702136432634  210.418813524130
     0.398124495486   15.875943554674   12.665694968139  208.969159165579
     0.398514000262   15.837985262690   12.645637036662  208.481243591958
     0.398919753798   15.797326126942   12.644574021048  207.939872944821
     0.399334052345   15.761494048353   12.628473148215  207.158768947223
     0.399789144992   15.806947795228   12.646376920642  207.998178797918
     0.400207470093   15.939940416309   12.688280117389  209.503282264007
     0.400639026890   16.097353360831   12.736219157141  211.165314217001
     0.401132200736   16.158053244580   12.757644886300  212.044674090764
     0.401599347108   16.125967503371   12.764020810383  212.633075721095
     0.402033765367   16.135674547956   12.774658893319  213.183141180382
     0.402572090248   16.168139953103   12.788098785441  213.651251121164
     0.403074778116   16.165458806201   12.786462386660  213.484244043582
     0.403767898082   16.197791772087   12.799567489667  214.061326030887
     0.404156670003   16.212319175675   12.806582407532  214.358341500723
     0.404582404889   16.214929998932   12.805677930884  214.414245842031
     0.405346013989   16.283215844395   12.836600186089  215.301490550955
     0.405955787361   16.366933767954   12.859954792674  216.171588665544
     0.406343342319   16.396401594748   12.862496282107  216.511932023291
     0.406724361793   16.340950672116   12.849324618177  215.993829630335
     0.407094891760   16.269384386189   12.833283457929  215.233255445827
     0.407451321545   16.274442593880   12.836298570000  215.329306885315
     0.407857875316   16.294794397495   12.853314048920  215.670690198132
     0.408208295576   16.305401582402   12.857636536639  215.779446484142
     0.408702674320   16.314315453097   12.871004735237  216.321856208773
     0.409205565205   16.196508008639   12.845751385915  215.524178944040
     0.409614530633   15.966227182650   12.790546017297  213.547918774030
     0.410040983814   15.607081979287   12.679335879922  209.415798933559
     0.410441744308   15.440313669504   12.628590642550  207.699812406297
     0.410826218937   15.426327862752   12.632267452722  207.816911797954
     0.411262628953   15.372561238359   12.616653428722  206.988859731934
     0.411677703019   15.355349837814   12.605598918415  206.289595510267
     0.412125247071   15.425570411819   12.630919572550  207.419865973929
     0.412556627332   15.531926381828   12.668522875511  208.856207263053
     0.412944350908   15.624498954917   12.699805130309  209.868863540058
     0.413410288495   15.631985822428   12.705189111770  210.205304550811
     0.413902347867   15.696870654975   12.740018842897  211.885821795447
     0.414347797676   15.741356422430   12.763724680100  212.636110461713
     0.414789309938   15.729652603625   12.754456035699  212.153633548496
     0.415217272879   15.634701473202   12.727798708456  211.145320095803
     0.415656391310   15.539576415708   12.701346178819  210.195139697545
     0.416153021766   15.643239807597   12.738413008921  211.573365628479
     0.416873746943   15.736873459747   12.766810438425  212.421042787483
     0.417464458387   15.810578737036   12.793654905697  213.558933875104
     0.418328952735   15.959074058834   12.846774185939  216.198746066880
     0.418723597038   16.022401360918   12.874919094785  217.051668970521
     0.419143850123   15.977879959755   12.857023070378  216.460838182931
     0.419579824100   15.878672594368   12.821584519116  215.355657486671
     0.420050522833   15.777439014609   12.810967716418  214.470728024769
     0.421018720679   15.826399674273   12.825934307821  214.888058304746
     0.421986918524   15.805101542075   12.809470507574  214.724490816133
     0.422531704847   15.793870414135   12.810053223615  214.579758853723
     0.423326732517   15.955775502763   12.858323823448  216.128530480175
     0.424173851604   16.065298822100   12.916499210721  218.517104325755
     0.424594409336   15.929395646589   12.886880752039  217.786999907187
     0.425000169657   15.630536379485   12.800792132472  214.311571398721
     0.425608014336   15.461105253875   12.742541711466  212.111129238099
     0.426537078446   15.484139870198   12.751294423820  211.711339376436
     0.427203269516   15.640430157275   12.803529745822  214.301911860406
     0.427610924878   15.661279545951   12.811344076723  214.590993986520
     0.428017286628   15.637715850676   12.796660538983  214.156869526585
     0.428399784571   15.669698023502   12.818157356100  214.680672865535
     0.428760776873   15.697141463974   12.847089294620  215.315502916320
     0.429135097540   15.753828821703   12.865641633104  216.023186926831
     0.429513865052   15.820853947007   12.890874393699  217.020008103498
     0.429940514870   15.669869070344   12.848523964141  215.458904121907
     0.430354976437   15.562425705996   12.816742772403  214.341680896531
     0.430905527753   15.606390646832   12.836261666505  215.152596966413
     0.431316085627   15.663750299258   12.849938331450  215.457225409360
     0.431775623143   15.773363439235   12.885689634670  216.900705249868
     0.432189281319   15.924955641316   12.935676080791  219.192154654786
     0.432563248273   16.029121799576   12.976615402156  220.624817900339
     0.433262914230   16.005273822765   12.973234090041  220.463765479389
     0.434179448423   15.919747359993   12.946724675253  219.596283188087
     0.434790629195   15.919215232736   12.936973958853  219.660913647869
     0.435493702856   15.932728857432   12.953413171142  220.282611014208
     0.436034501385   15.869589603300   12.947006608015  220.034894312162
     0.436668545629   15.814439820903   12.934763422595  219.562620063974
     0.437079677325   15.683374556707   12.914439978426  218.474023499843
     0.437505045115   15.380779773655   12.811417760254  214.424127665647
     0.437916943747   15.200480744757   12.753338071571  212.286284326934
     0.438262418073   15.172492849009   12.756841133655  212.147054225497
     0.438644217910   15.178578603039   12.755006694755  211.877854980802
     0.439009676374   15.199748994253   12.757197955802  211.889396774409
     0.439379119088   15.242147431154   12.773854736165  212.530602238088
     0.439796896052   15.371850243806   12.819223289920  214.178349858901
     0.440155416990   15.520767382828   12.879105239189  216.745299304511
     0.440561842855   15.558007013980   12.904178336472  217.935887967590
     0.441013120692   15.472409719107   12.880863419807  217.211067055321
     0.441404970347   15.477423612467   12.885765477255  217.489768547655
     0.442036683568   15.512790775099   12.896383627614  217.553505065592
     0.442719068584   15.438622963296   12.879502352561  216.886228608602
     0.443117984032   15.283820223293   12.825875444662  215.147312673223
     0.443535117669   15.300943400578   12.829248810597  215.533825035173
     0.443967149036   15.367601580604   12.854599531962  216.209669860891
     0.444381368836   15.420390685148   12.867026177791  216.248496273963
     0.444709610102   15.541107269202   12.913237512189  217.893987428554
     0.445157229481   15.682677853748   12.962159013042  220.009017753117
     0.445609135171   15.809685783702   13.007485700645  221.655801249120
     0.446081225260   15.714934106915   12.981518219099  220.651947051883
     0.446733430202   15.588700229251   12.943760459267  219.434787698327
     0.447083464711   15.603554488987   12.951714811570  219.748601443972
     0.447454971339   15.613804191862   12.949053808615  219.546341201617
     0.447847136881   15.624406278798   12.937729708582  219.259574034196
     0.448415920738   15.715015610750   12.991956457506  220.957380560251
     0.448961413067   15.738020298002   13.008705342678  221.678161645327
     0.449311946958   15.620957406882   12.973126597878  220.404056424313
     0.449729689301   15.581534381521   12.952354276134  220.034605936492
     0.450080958163   15.646198147261   12.977463042685  221.042351895241
     0.450477771294   15.650497025617   12.985025889668  220.801007096797
     0.450872946071   15.630083413808   12.972912118804  219.922539499392
     0.451278664337   15.713577151698   12.995835645118  220.695653363799
     0.451655023221   15.813783366760   13.030945708443  222.018115762251
     0.452093742447   15.836440120187   13.043738576312  222.706248008856
     0.452572350590   15.742608486470   13.032130432534  222.759194058347
     0.453294432811   15.372593152369   12.927348401839  218.654466314562
     0.453838945898   15.222645740899   12.878091936194  216.924846644387
     0.454370735476   15.185302325681   12.859530783423  216.202981418070
     0.455009659003   15.247785785427   12.877195719013  216.640057989943
     0.455760132180   15.411284965629   12.939548577205  218.986346504936
     0.456286910662   15.513558599205   12.969471556152  220.076613934911
     0.456716464490   15.520584402924   12.976062614065  220.452641592158
     0.457157230122   15.556587026284   12.991659461560  221.161558891341
     0.457611501179   15.514458561733   12.990936777697  221.261661554250
     0.458062334827   15.455966930336   12.986338031038  221.010529725017
     0.458515848180   15.319610422512   12.947073838626  219.656223184408
     0.459065126736   15.305728248335   12.942214643678  219.414148793501
     0.459575002598   15.421203566496   12.976549209991  220.603330395738
     0.459979419678   15.514792420159   13.004291343293  221.520529507249
     0.460398429716   15.570462015330   13.022453038274  222.329148340374
     0.460795897066   15.520642624127   13.008309749341  221.968676026820
     0.461545197215   15.398114885034   12.985327979460  220.837254925232
     0.462066644768   15.386465917816   12.978734790063  220.489874933146
     0.462414332694   15.382365211001   12.965524061930  220.092461955253
     0.462763626058   15.371111621413   12.957663558356  219.781023108235
     0.463207334172   15.424492249222   12.984527090272  220.979164510967
     0.463832481564   15.565431194359   13.040819797212  222.807299740781
     0.464399468107   15.783959683190   13.113905341714  225.738820953902
     0.465033732885   15.819892304791   13.141091422549  227.344633482557
     0.465427337119   15.558351570383   13.059445507357  224.379790754237
     0.465745433509   15.360914847049   13.006500956882  222.227007240279
     0.466132160946   15.166589452265   12.943634545887  219.708740668643
     0.466448519475   15.089077199783   12.917271691436  218.722918240756
     0.466771971952   15.067296753632   12.916425608636  218.357517113709
     0.467215058381   14.993630083424   12.887153097494  216.758066697903
     0.467608049131   15.009840499890   12.887547714159  216.779388244172
     0.468014759904   15.117775710940   12.928865413242  218.433552113662
     0.468421627398   15.244289604255   12.966166085628  219.833355682217
     0.468830560672   15.345374573190   13.011074264629  221.711831062427
     0.469207506386   15.368113471737   13.024488115533  222.470355631980
     0.469583178685   15.407258424771   13.044201920655  223.387193162175
     0.469924923273   15.422820869167   13.055203778533  223.901234691161
     0.470274842056   15.341459704038   13.034724564941  223.155437602023
     0.470623152283   15.262565558232   13.012377569773  222.292261062298
     0.470993695440   15.284373226460   13.020032962561  222.558621936756
     0.471368700567   15.357578720625   13.041761778308  223.232700170242
     0.471736914981   15.424832874165   13.057307040013  223.653531074199
     0.472055968563   15.531912484509   13.088298656512  224.708620170848
     0.472093495978   15.547361180410   13.093191200002  224.886188318642
     0.472462905112   15.682920538247   13.139073052598  226.615481876065
     0.472798391588   15.744473010904   13.162623358423  227.603654903938
     0.473229988000   15.767893711283   13.181123629395  228.487634326617
     0.473832000516   15.559130463608   13.123422452185  226.154663586594
     0.474208654905   15.369978013623   13.065150917031  224.097926697139
     0.474617521152   15.183770466276   13.003649167999  221.753317841268
     0.475019883736   14.992208023073   12.925380510070  218.522247576324
     0.475388776052   14.971172015116   12.926470040647  218.335887000034
     0.475742664551   14.984633935500   12.936989424777  218.824960112485
     0.476101090078   15.007805753745   12.940702013670  218.808128592578
     0.476468537959   15.129881080524   12.984670591326  220.581795557259
     0.476857625672   15.232212879950   13.034622090916  222.834175943576
     0.477260766975   15.238534771607   13.044404089252  223.306026417761
     0.477671601751   15.179473267394   13.027581971887  222.764405261047
     0.478027257072   15.161840550393   13.024041600190  222.657575614194
     0.478379159757   15.190001194439   13.032426870926  222.994888810012
     0.478759073855   15.239793024422   13.047100839699  223.480153002037
     0.479143013492   15.305263194465   13.071233673135  224.333558625594
     0.479539812301   15.349118923189   13.091616643636  225.091158665033
     0.479968881421   15.341894697957   13.094548133756  225.276903698509
     0.480429653698   15.314725186016   13.089749017734  225.154381148726
     0.481116682666   15.366620087828   13.106705019618  225.763540236942
     0.481625185621   15.438216497625   13.126180123714  226.508604240191
     0.482042023512   15.481937032315   13.136953296580  227.123024681441
     0.482428776464   15.438179704267   13.122405083932  226.618167764612
     0.482787211641   15.329301054130   13.088509486657  225.273712559997
     0.483181651895   15.270725645354   13.078383091452  224.520384872186
     0.483598624934   15.303698600322   13.085137209226  224.592824579467
     0.483952725511   15.343937517469   13.092611681664  224.620939064541
     0.484337956716   15.413206065562   13.111216756316  225.203102380673
     0.484715325468   15.545069466560   13.163240818438  227.665755477711
     0.485052986475   15.635619533089   13.203381281941  229.485333567794
     0.485490141761   15.699606508720   13.236036420143  230.438948706791
     0.486020171733   15.478509776374   13.168953590823  228.019607477887
     0.486511846849   15.284324197728   13.115783423379  225.972704494010
     0.486882664349   15.147401655380   13.067554132656  224.230625068705
     0.487202215330   15.044749444227   13.031216570103  222.916292681341
     0.487569564475   14.950358640741   13.001013442797  221.530150833386
     0.487913448297   14.947409707445   12.991624319747  221.094821522215
     0.488290655853   14.980310320105   13.005057970679  221.209023346050
     0.488654963460   15.046394404390   13.028509036431  222.103948291515
     0.489034948903   15.118262030739   13.048809963821  222.859503033110
     0.489402207938   15.281553081244   13.110120650761  225.395629161184
     0.489714046965   15.432533406945   13.171279727086  228.104568731233
     0.490161065963   15.533562699998   13.216150995076  229.932106056352
     0.490560006137   15.390493691700   13.173886547457  228.281026804630
     0.490982677185   15.152490092903   13.110462158263  225.909840248014
     0.491362928187   14.912432461469   13.027514663014  222.663533877886
     0.491822042244   14.808223502449   12.988149047628  221.146842205610
     0.492382433288   14.831532312857   12.987320002195  220.736565255055
     0.492723867134   14.924006716016   13.013268215877  221.614743314857
     0.493109209549   15.093734065326   13.072165049617  224.133091064386
     0.493483307216   15.239114330198   13.116754537491  225.881385102883
     0.494110006818   15.284933482318   13.143666794149  226.581845066412
     0.494850944463   15.351013713855   13.185628906650  228.993228482218
     0.495591882108   15.327887014567   13.161019319565  228.304014651184
     0.496193046149   15.384786336665   13.174335457661  228.623637099652
     0.496903942474   15.533795997592   13.220401142916  230.241533630676
     0.497323219368   15.641431871967   13.264840720644  232.378440762128
     0.497757217095   15.704096318445   13.309339231463  233.814904079651
     0.498207290145   15.415224517532   13.208327897629  230.126492381212
     0.498676949132   15.171635235388   13.147261013129  227.486941392431
     0.499103194945   15.017912577525   13.098527876773  225.276285481586
     0.499614755119   14.920013392632   13.060258921645  223.563887813600
     0.500004733154   14.756898305685   12.997130774664  220.980639465587
     0.500004733154   15.919018865898   12.997130760236  220.980638974979
