# {0} signal over time, extracted at r = 500 km
# All quantities are measured in a resting observer's frame at infinity
# cols=4 rows=864
#              time        luminosity               <e>             <e^2>
#               "s"           "foe/s"           "MeV^1"           "MeV^2"
    -0.144379115573  5.9548715807e-12    4.374762605425   21.212636511431
    -0.143377704985    0.013879049531    3.295149292444   12.623146703970
    -0.142372841351    0.066027387772    3.709922045276   15.914717799496
    -0.141367977718    0.088987470402    3.778644802711   16.500029801291
    -0.140333856664    0.092744837405    3.793921870482   16.644291397910
    -0.139309783517    0.093722328814    3.809677908499   16.780471174604
    -0.138299382627    0.094217281297    3.824306900264   16.904796003177
    -0.137263730577    0.094887978289    3.835668179167   17.001613277407
    -0.136202365142    0.095978244940    3.844925895268   17.081373521704
    -0.135151943056    0.097252481914    3.853720443480   17.158580914922
    -0.134101520970    0.098562715402    3.864484147387   17.250874424302
    -0.133051098883    0.099871573439    3.876841626876   17.355892936546
    -0.132000676797    0.101177912371    3.890896743886   17.475654961381
    -0.130930375307    0.102524586055    3.906942549338   17.612548350322
    -0.129890375307    0.103850258692    3.924347178924   17.760796558938
    -0.128850375307    0.105078504868    3.947715681606   17.957918829750
    -0.127810375307    0.106375153285    3.971579849748   18.159668000963
    -0.126770375307    0.107844575570    3.993610249780   18.347216999338
    -0.125730375307    0.109529552876    4.012745973607   18.512006643856
    -0.124690375307    0.111419197023    4.028790592099   18.652415562138
    -0.123650375307    0.113494110305    4.042514518274   18.774866905886
    -0.122610375307    0.115737112520    4.054963279847   18.887809597744
    -0.121570375307    0.118184079306    4.067768833910   19.004119451532
    -0.120530375307    0.120766567445    4.081883739145   19.130931722843
    -0.119490375307    0.123390842285    4.095678687129   19.256592176221
    -0.118450375307    0.126113401494    4.109327708756   19.382690687949
    -0.117410375307    0.128997155656    4.122778725762   19.508294302317
    -0.116370375307    0.132101406241    4.135203409919   19.626071524727
    -0.115330375307    0.135396900832    4.147585791735   19.744330624825
    -0.114290375307    0.138865502774    4.159846116312   19.862396652746
    -0.113250375307    0.142413227747    4.172691699940   19.986130569535
    -0.112370375307    0.145473492453    4.184238350147   20.097078160548
    -0.111330375307    0.149177963778    4.198788695003   20.236379151119
    -0.110290375307    0.152983028277    4.214269697967   20.384157919357
    -0.109250375307    0.156968535423    4.229977095598   20.534499403035
    -0.108210375307    0.161192440082    4.245321946607   20.682545150383
    -0.107170375307    0.165636806918    4.260501227395   20.830099449077
    -0.106130375307    0.170259579970    4.275735098958   20.979205386941
    -0.105090375307    0.175074746672    4.291139295234   21.130690718029
    -0.104050375307    0.180157525444    4.306353324402   21.281324199543
    -0.103010375307    0.185506255356    4.321370646699   21.431054082057
    -0.101970375307    0.191082573414    4.336596807496   21.583413818563
    -0.100930375307    0.196876522105    4.352133865341   21.739434024023
    -0.099890375307    0.202838715010    4.368088383003   21.900254756960
    -0.098850375307    0.209005504303    4.384597646352   22.066965232108
    -0.097810375307    0.215437646458    4.401768780925   22.240536350467
    -0.096770375307    0.222173103123    4.419575857935   22.420863850251
    -0.095730375307    0.229238158032    4.437953117903   22.607442620982
    -0.094690375307    0.236662367005    4.456940185811   22.800956804800
    -0.093650375307    0.244572977617    4.475813076657   22.994899147444
    -0.092610375307    0.252904064113    4.494889778777   23.192503258487
    -0.091570375307    0.261667474595    4.514751959231   23.399159523432
    -0.090770375307    0.268720605049    4.530777961545   23.566403085454
    -0.089730375307    0.278346552819    4.552985106428   23.798687606471
    -0.088690375307    0.288661952356    4.578352422608   24.062102390841
    -0.087650376379    0.299553518071    4.605319103624   24.343138771314
    -0.086610376379    0.310996218149    4.632590590797   24.629899957148
    -0.085570376379    0.323082890922    4.660089917242   24.921035663744
    -0.084530376379    0.336010479043    4.687202532104   25.210461360257
    -0.083490376379    0.349725306141    4.714767392596   25.506142800092
    -0.082450376379    0.364200054244    4.743339687710   25.813995120286
    -0.081410376379    0.379477572095    4.773096820021   26.135730815747
    -0.080370376379    0.395639447529    4.803981694248   26.470831489134
    -0.079330376379    0.412785405198    4.836188568104   26.821820665563
    -0.078290376379    0.430992753751    4.869439004234   27.186525463661
    -0.077250376379    0.450455434141    4.903165581615   27.559397957100
    -0.076210376379    0.471291270781    4.937404627600   27.940708568794
    -0.075250376379    0.491605849424    4.969703836686   28.302403940124
    -0.074210376379    0.514612567934    5.005063509795   28.699828076900
    -0.073170376379    0.538692950188    5.040917506890   29.103787470534
    -0.072130376379    0.563958813578    5.077477573398   29.516567029696
    -0.071090376379    0.590542163306    5.114764127994   29.937725513091
    -0.070050376379    0.618796669351    5.152015408860   30.358914476802
    -0.069010376379    0.648473870213    5.188186250670   30.771023658177
    -0.067970376379    0.679385250377    5.223294947446   31.173926336307
    -0.066930376379    0.711232446750    5.257022801137   31.564115911474
    -0.065890376379    0.744180541837    5.290115922736   31.948840075990
    -0.064850376379    0.778634907529    5.323197853364   32.334593826223
    -0.063810376379    0.815142736103    5.355852548915   32.717413983212
    -0.062770376379    0.853617357537    5.389234488166   33.109521851117
    -0.061730376379    0.894493202887    5.423956309324   33.517941720665
    -0.061490376379    0.904272040782    5.432018807580   33.613255898527
    -0.060450376379    0.948232250966    5.467364901608   34.032207926685
    -0.059410376379    0.994688080005    5.503365557457   34.460029027466
    -0.058370376379    1.044228021179    5.538293017615   34.877605756938
    -0.057330376379    1.096703741379    5.572588225555   35.289052602627
    -0.056290376379    1.151898260336    5.607099775457   35.704644682325
    -0.055250376379    1.209544409075    5.641273059817   36.120125185449
    -0.054210376379    1.269802723093    5.675664191679   36.541878038722
    -0.053170376379    1.333925058184    5.709879589434   36.963899562519
    -0.052130376379    1.401732524631    5.745010564676   37.398045527680
    -0.051090376379    1.473158620710    5.781802511424   37.852699605828
    -0.050770376379    1.495702712582    5.792875538253   37.991034352625
    -0.049730376379    1.571425713409    5.828408881353   38.438241982612
    -0.048690376379    1.652249692437    5.863293643668   38.880602827419
    -0.047650376379    1.738843944908    5.898773316195   39.332106138436
    -0.046610376379    1.830467086145    5.935398513019   39.801199207803
    -0.045570376379    1.926891853370    5.972661318353   40.283262632736
    -0.044530376379    2.029643231285    6.009816800181   40.768641163388
    -0.043490376379    2.139280207000    6.046855992713   41.255274921418
    -0.042450376379    2.257172582581    6.085470319203   41.762207415096
    -0.042210376379    2.285627320164    6.094784009202   41.884548566497
    -0.041170376379    2.413665850925    6.136325457626   42.431666772712
    -0.040130376379    2.551095297336    6.178359695788   42.990310954649
    -0.039090376379    2.699787329758    6.220424348090   43.554171781293
    -0.038050376379    2.859048010918    6.265308739708   44.154611908325
    -0.037010376379    3.029556355629    6.311813045909   44.779564895846
    -0.035970376379    3.215672206684    6.357871830191   45.407943590249
    -0.035170376379    3.369230133194    6.393487246083   45.899577745757
    -0.034130376379    3.582475836502    6.440811944956   46.557746090831
    -0.033090376379    3.814197839579    6.488230843168   47.223075595062
    -0.032050376379    4.066239320751    6.536075743595   47.900670808073
    -0.031010376379    4.341102758514    6.585882214399   48.614073372290
    -0.029970376379    4.644376323505    6.637425916813   49.356618392938
    -0.029090376379    4.924587212459    6.682303510880   50.006626597328
    -0.028050376379    5.285504162086    6.738023190902   50.814224346293
    -0.027010376379    5.682737940869    6.793337188473   51.624438791777
    -0.025970383992    6.124439284452    6.850618112546   52.470776405218
    -0.024930383992    6.617878410284    6.909434295925   53.349389531904
    -0.024530383992    6.822634129527    6.932025699375   53.688339210906
    -0.023490383992    7.397864383496    6.992085659166   54.592486351211
    -0.022450383992    8.041721847206    7.054210844035   55.536368813502
    -0.021410383992    8.769786911241    7.118625463796   56.523670218096
    -0.020450383992    9.527950603812    7.180623731472   57.478725609391
    -0.019410383992   10.453908241019    7.248139551565   58.529493597685
    -0.018370383992   11.497937844606    7.315399163729   59.589054710705
    -0.017490383992   12.491959391542    7.371595171975   60.483353936852
    -0.016450383992   13.823062986416    7.438810682768   61.563008358944
    -0.015410383992   15.338808011979    7.505456796786   62.646130702258
    -0.014690383992   16.512929946077    7.549460012908   63.368351257766
    -0.013650397313   18.433197710586    7.612518869590   64.408422582924
    -0.012722397313   20.431599221920    7.668025152932   65.343751802869
    -0.011714428563   22.943037310574    7.726533046213   66.351209794898
    -0.010814428563   25.520181469850    7.776073207021   67.225297050958
  -9.7884285629e-03   28.947243344867    7.828629374965   68.180325552971
  -9.4104285629e-03   30.369656128387    7.847762031707   68.529746794321
  -8.3979285629e-03   34.678893972412    7.893161189378   69.400110194053
  -8.1954285629e-03   35.640022727445    7.901071357763   69.558375101269
  -7.1829285629e-03   41.056621190396    7.934310044505   70.265881317710
  -6.3020556810e-03   46.739707637596    7.952926406546   70.736431321685
  -5.5882431810e-03   52.181000289907    7.962256416602   71.039357012677
  -4.9731494310e-03   57.585784093418    7.969659996858   71.301124678017
  -4.4036181810e-03   63.200840786388    7.977209723664   71.564924691416
  -3.9024306810e-03   68.624617388300    7.987955381778   71.872290850107
  -3.4411103685e-03   73.921119246519    8.005835375406   72.295962229982
  -3.0481803329e-03   78.542455865319    8.028730265303   72.793548331456
  -2.7021900985e-03   82.609134200815    8.055902321639   73.356967847365
  -2.4042540634e-03   86.043101087821    8.085326594936   73.951430384241
  -2.1362316821e-03   89.028561808682    8.116649463381   74.576374340665
  -1.8973999278e-03   91.583822433619    8.148133322161   75.201732725254
  -1.6855544566e-03   93.762179151778    8.178803506842   75.810256624401
  -1.4952282560e-03   95.638837380985    8.208685805660   76.403035119251
  -1.3249751115e-03   97.233874002042    8.237388357762   76.972218014406
  -1.1762593813e-03   98.554012261866    8.264056020581   77.500890554601
  -1.0492977927e-03   99.621906414753    8.288017900806   77.975865139262
  -9.3363645027e-04  100.535911226101    8.310564902386   78.423556655258
  -8.2994007427e-04  101.307066663951    8.331378558955   78.837443122076
  -7.4020282581e-04  101.934791301564    8.349863680681   79.205383133236
  -6.6067904144e-04  102.457234702975    8.366627095416   79.539259946434
  -5.8807526661e-04  102.903773439685    8.382242450449   79.850428428522
  -5.3051247942e-04  103.235573927257    8.394827162316   80.101319731714
  -4.8248010890e-04  103.496580006306    8.405459762175   80.313381333193
  -4.7788037384e-04  103.520785171847    8.406484152508   80.333816824203
  -4.7168221251e-04  103.553056616693    8.407860514181   80.361279718687
  -4.5586369625e-04  103.634253772623    8.411381534168   80.431543020229
  -4.3174149860e-04  103.754775761435    8.416772892404   80.539151709557
  -4.1035812267e-04  103.858226731599    8.421574088919   80.635003664025
  -3.9138727557e-04  103.947310694145    8.425850676727   80.720400032472
  -3.7575170812e-04  104.018806030206    8.429387432230   80.791035735569
  -3.6217028689e-04  104.079483665723    8.432468344970   80.852576558637
  -3.5177697883e-04  104.125017068795    8.434831524593   80.899786494729
  -3.4309031085e-04  104.162470648556    8.436810284372   80.939320566155
  -3.3464123392e-04  104.198369720450    8.438738084090   80.977839807889
  -3.2638561840e-04  104.232939097226    8.440624734071   81.015539988150
  -3.2560245633e-04  104.236192322558    8.440803858878   81.019119531969
  -3.1753100832e-04  104.269455681154    8.442651526953   81.056044046035
  -3.0963827286e-04  104.301513272313    8.444460983379   81.092207782982
  -3.0218197433e-04  104.331369526637    8.446172805359   81.126422799247
  -2.9421406088e-04  104.362811398383    8.448004688792   81.163040308438
  -2.8663801348e-04  104.392260866084    8.449748936202   81.197908715093
  -2.7897277082e-04  104.421611808636    8.451516140729   81.233238667606
  -2.7148848660e-04  104.449835337688    8.453243961143   81.267783782142
  -2.6319232175e-04  104.480615479716    8.455161885851   81.306132649284
  -2.5353881711e-04  104.515758478586    8.457397107091   81.350829685540
  -2.4364255215e-04  104.551028139071    8.459692382905   81.396731874968
  -2.3740592547e-04  104.572859158774    8.461140846778   81.425701245003
  -2.2917364269e-04  104.601203636562    8.463055127591   81.463989562398
  -2.2463787755e-04  104.616590489806    8.464110960435   81.485108951555
  -2.1855952199e-04  104.636951688171    8.465527112099   81.513437031522
  -2.1200575843e-04  104.658572386004    8.467055610761   81.544014201843
  -2.0712498205e-04  104.674448820969    8.468194994160   81.566808397668
  -1.9916538575e-04  104.699924578623    8.470055051702   81.604022322782
  -1.9516698925e-04  104.712527489382    8.470990325171   81.622735192987
  -1.8994882504e-04  104.728777555107    8.472211800666   81.647175360879
  -1.8149313899e-04  104.754633095505    8.474193298477   81.686824921125
  -1.7600278204e-04  104.771105074969    8.475481326933   81.712599745263
  -1.6787578297e-04  104.795025756779    8.477389939824   81.750795301965
  -1.6107648199e-04  104.814613709856    8.478988622822   81.782790420772
  -1.5221823101e-04  104.839548021313    8.481073922988   81.824527056956
  -1.4302890710e-04  104.864710543842    8.483240202022   81.867887512306
  -1.3666046191e-04  104.881725807217    8.484743269828   81.897974867796
  -1.3414664502e-04  104.888346739630    8.485336969709   81.909859535439
  -1.2556105902e-04  104.910546060115    8.487366408693   81.950486461747
  -1.2237065760e-04  104.918633238047    8.488121228284   81.965597682409
  -1.2123341792e-04  104.921494606289    8.488390370784   81.970985907369
  -1.2112481434e-04  104.921767264840    8.488416075162   81.971500510898
  -1.1628236720e-04  104.933819186152    8.489562647203   81.994455361794
  -1.0853164516e-04  104.952680651599    8.491399567070   82.031232905747
  -9.9516367836e-05  104.973952799969    8.493538896655   82.074067552341
  -9.7375638011e-05  104.978898749221    8.494047316089   82.084247740673
  -9.2949146503e-05  104.988995241799    8.495099087939   82.105308070055
  -8.4713878095e-05  105.007311254203    8.497057723642   82.144528756809
  -7.7190816907e-05  105.023508876859    8.498849041819   82.180400816956
  -7.0642105762e-05  105.037190884727    8.500409982387   82.211660818406
  -6.4106686709e-05  105.050454691982    8.501969267918   82.242888917437
  -5.7992834371e-05  105.062507748624    8.503429332336   82.272131001032
  -5.2570744214e-05  105.072908151929    8.504725289837   82.298087239723
  -4.7251961286e-05  105.082845202217    8.505997561546   82.323569868065
  -4.1994242918e-05  105.092408689841    8.507256198033   82.348780146994
  -3.6662755377e-05  105.101841623705    8.508533476484   82.374364575066
  -3.1630763802e-05  105.110499230536    8.509739920120   82.398530828617
  -2.6637985804e-05  105.118852653676    8.510937834036   82.422526866042
  -2.2149052172e-05  105.126161083811    8.512015602976   82.444116752517
  -1.7934110628e-05  105.132848597482    8.513028227741   82.464402123519
  -1.3628954469e-05  105.139503742614    8.514063163385   82.485134884614
  -9.4433485437e-06  105.145803468229    8.515069977460   82.505304715903
  -4.9760472364e-06  105.152341021053    8.516145233333   82.526846113574
  -9.4161202188e-07  105.158079352064    8.517116894231   82.546312515637
   2.7737284826e-06  105.163224254312    8.518012206980   82.564249673908
   6.3176063222e-06  105.168006617426    8.518866650136   82.581368317457
   9.8134184083e-06  105.172604082830    8.519709934189   82.598263661265
   1.3632947362e-05  105.177490549182    8.520631796391   82.616733635089
   1.7337279322e-05  105.182092896337    8.521526340833   82.634656582454
   1.8933689643e-05  105.184034700862    8.521911999847   82.642383672933
   2.5886747531e-05  105.380518811977    8.524034179158   82.684341699313
   3.8948532764e-05  105.392842580539    8.527194387914   82.747668095889
   5.5728836734e-05  105.406387124884    8.531276877054   82.829458497525
   7.3865244274e-05  105.417786262101    8.535711061603   82.918284216795
   9.0430133809e-05  105.424980507766    8.539774824343   82.999689173620
   1.0779279729e-04  105.429004652460    8.544043505395   83.085205836869
   1.2377819270e-04  105.429396390890    8.547978690466   83.164051803596
   1.4075809310e-04  105.426242526352    8.552161898785   83.247880538515
   1.5589480303e-04  105.420290934307    8.555892690841   83.322655375681
   1.7354325185e-04  105.409591076189    8.560244163043   83.409884202489
   1.8978299040e-04  105.396182770803    8.564250614393   83.490208294619
   2.0709113281e-04  105.378149245022    8.568523609172   83.575886399343
   2.2551358991e-04  105.354746763551    8.573076194889   83.667179490147
   2.4269315754e-04  105.329053939635    8.577326906898   83.752425043987
   2.6103559498e-04  105.297542201127    8.581872080644   83.843580104657
   2.8040936192e-04  105.259735021129    8.586681379392   83.940035355751
   3.0095178438e-04  105.214630287314    8.591791277075   84.042521706838
   3.2093355121e-04  105.165859198011    8.596772602790   84.142431287105
   3.4151113799e-04  105.110634231966    8.601913939018   84.245552492538
   3.6331117294e-04  105.046635808123    8.607373441452   84.355058727746
   3.8647382778e-04  104.972469573753    8.613188295385   84.471698005812
   4.1117828656e-04  104.886358924710    8.619405673882   84.596419667106
   4.3762185137e-04  104.786130105828    8.626077813507   84.730275432917
   4.6583125318e-04  104.669925778076    8.633214470940   84.873465259901
   4.9158782229e-04  104.555326304363    8.639747401122   85.004556309421
   5.2053687766e-04  104.416628035612    8.647109242229   85.152297170064
   5.5156683551e-04  104.256073771927    8.655023435480   85.311141748624
   5.8222307417e-04  104.085168545700    8.662869241598   85.468629188148
   6.1786462824e-04  103.870358707379    8.672014769011   85.652234010922
   6.5630261484e-04  103.618854963375    8.681906985383   85.850861598317
   6.9763779091e-04  103.324740217164    8.692579527429   86.065192555973
   7.4139942630e-04  102.985779604010    8.703917683912   86.292929320472
   7.8791865296e-04  102.593370217376    8.716012578752   86.535909604505
   8.3741722645e-04  102.138489413615    8.728926933900   86.795401881673
   8.9118480880e-04  101.599931634983    8.743021697826   87.078667116720
   9.4386591581e-04  101.026191911739    8.756858975253   87.356824049652
   1.0030530797e-03  100.326754425328    8.772451716730   87.670360082531
   1.0725213437e-03   99.431210047703    8.790802578015   88.039514703095
   1.1548164366e-03   98.266034128221    8.812595026110   88.478146949352
   1.2413349441e-03   96.920196614767    8.835584603884   88.941013462409
   1.3448961445e-03   95.137320916052    8.863106691357   89.495369009941
   1.4506968276e-03   93.114191990809    8.891073005906   90.059407785533
   1.5576045157e-03   90.861382694429    8.919223556903   90.628093610213
   1.6971569267e-03   87.617215714769    8.956386537486   91.378250269315
   1.8397005108e-03   83.989826991141    8.995861274924   92.169320471140
   1.9822440949e-03   80.128825581663    9.036743051153   92.982217337086
   2.1441662746e-03   75.659980609672    9.079955092675   93.849748433908
   2.3172159604e-03   71.207679099485    9.110321863317   94.500916110945
   2.4902656462e-03   67.735732886423    9.114529605125   94.674084767459
   2.6633153320e-03   66.004094081164    9.099393381355   94.465493730859
   2.8363650177e-03   66.707042461200    9.092579337961   94.387858253077
   3.0094147035e-03   70.374207503404    9.130101685782   95.180474525466
   3.1886398118e-03   77.690571967670    9.243138056209   97.571886655616
   3.4067178970e-03   91.716190089197    9.486317846679  102.868634888488
   3.6174109137e-03  110.597585432465    9.804120851346  110.030985083704
   3.8281039305e-03  134.294450572417   10.167856252360  118.529032367361
   4.0387969472e-03  161.862405749742   10.546088679460  127.690651496584
   4.2494899639e-03  191.923040471966   10.915663675344  136.957628284756
   4.5010565868e-03  228.942330193250   11.326315978144  147.613201267135
   4.7519719889e-03  264.715348162451   11.691049870325  157.385498098265
   5.0028873910e-03  297.045321000754   12.005950435608  166.053812287640
   5.2538027931e-03  324.200548050391   12.268157772395  173.443215866136
   5.5047181952e-03  345.168401445221   12.478189595937  179.491910463207
   5.7573531924e-03  359.720872959006   12.641464324068  184.293341618483
   6.0113830817e-03  367.923106653502   12.761763147483  187.917807909348
   6.2654129710e-03  370.341978791592   12.841937782136  190.423612663827
   6.5194428603e-03  368.102770858642   12.885920186708  191.901862816643
   6.7734727496e-03  362.287880569371   12.901823493491  192.556373779124
   7.0275026389e-03  353.962708549862   12.892366298581  192.475954010500
   7.2815325282e-03  343.924306207897   12.867805779455  191.940499681501
   7.5355624175e-03  333.189101945640   12.830634578261  191.012437846814
   7.7895923068e-03  321.879606573870   12.784275682436  189.807897436754
   8.0397890599e-03  310.682247514870   12.728253016655  188.318263297318
   8.2922625448e-03  299.525318641652   12.667409139439  186.676188151770
   8.5447360296e-03  288.269462606143   12.596957341660  184.781558203980
   8.7972095145e-03  277.522064935181   12.524458748113  182.810873856015
   9.0496829993e-03  266.697841200525   12.445388403734  180.684643896067
   9.3021564842e-03  256.365983276269   12.359725009700  178.379314329655
   9.5546299691e-03  246.456267777270   12.274710502744  176.102332865460
   9.8071034539e-03  236.842765289608   12.183238075944  173.688248195434
     0.010059576939  227.987509082102   12.094449352115  171.326247026120
     0.010312050424  218.933021858068   12.000565003286  168.848961527811
     0.010564523908  210.427272798003   11.902704164754  166.271753356673
     0.010814731405  202.691430586076   11.811934028472  163.869549123415
     0.011065417111  194.925321411141   11.714045797627  161.308332350997
     0.011316102817  188.024226117815   11.621648801802  158.880658896706
     0.011566788523  181.499416995488   11.534536354279  156.591367912689
     0.011817474229  175.198609599036   11.445294000138  154.268428944644
     0.012068159935  169.629223860250   11.364952383034  152.180017258777
     0.012318844071  164.070520400565   11.284958663514  150.136145974139
     0.012569527759  158.814006637620   11.204290388587  148.093670015280
     0.012820211446  154.285465974867   11.133925921401  146.290200245652
     0.013070895133  149.795590139830   11.066631189167  144.560012998031
     0.013321578821  145.304611064021   10.996485209480  142.763843957689
     0.013572262508  141.451560840284   10.933582596269  141.144376720989
     0.013822946195  137.896523503145   10.875984302482  139.661400132949
     0.014073629883  133.949782938660   10.810937877904  138.010399620271
     0.014324313570  130.181905675830   10.747647780995  136.406654993802
     0.014575157820  127.192330247797   10.697640706945  135.131562159717
     0.014826420806  124.447214707652   10.652627075931  133.992776864545
     0.015081924984  121.280018744455   10.599114960138  132.672704847442
     0.015338657392  118.150212644051   10.544895819098  131.352851996047
     0.015594646174  115.497908675279   10.501002720032  130.281635252039
     0.015850040253  113.190555917461   10.464358219735  129.384879690435
     0.016103536605  110.757468710725   10.423014920848  128.387696448336
     0.016358804029  108.023215322392   10.371129691539  127.154982414804
     0.016616497175  105.492003667935   10.322963050208  126.026080598092
     0.016866670690  103.450901566149   10.288793876489  125.237823170899
     0.017119289895  101.328262564816   10.254722312978  124.437352554927
     0.017371909100   98.799452922435   10.205843609537  123.279293312332
     0.017624212393   96.462011686941   10.155641082281  122.108651400628
     0.017875533664   94.724497592972   10.118831566998  121.277872815528
     0.018127906130   93.213686091493   10.090781518166  120.658711615717
     0.018383122771   91.324440297081   10.052809051600  119.791192537027
     0.018638312452   89.300644921142   10.008514657602  118.787836223007
     0.018893236169   87.631138895628    9.970297913322  117.918029425191
     0.019145286779   86.275694147238    9.940068601193  117.223660435408
     0.019395759096   84.877242599163    9.909972963156  116.533351121696
     0.019652052279   83.257814593018    9.873000923874  115.709389238164
     0.019908345461   81.721376625802    9.837942420187  114.953815308033
     0.020164638643   80.386354116075    9.809896306844  114.358009667641
     0.020420931825   79.202865368582    9.785346364511  113.808775198891
     0.020676868896   78.118131355726    9.761939040199  113.239754555592
     0.020934793824   76.868068817523    9.732731770627  112.546114079891
     0.021190470270   75.443053089303    9.699270852530  111.817921984314
     0.021446146716   74.072324440278    9.667806132792  111.162333415641
     0.021701823162   72.958239809112    9.641759739779  110.617850667053
     0.021957499608   72.085779698063    9.620462873146  110.150236136155
     0.022213863564   71.214617349233    9.598308515999  109.638834451687
     0.022464634431   70.204372418428    9.571617573076  109.047009477249
     0.022720389930   69.195687531129    9.545849917328  108.509983426628
     0.022976145430   68.364628886840    9.526351264199  108.126690430406
     0.023231900930   67.626232508582    9.510295675478  107.827269713528
     0.023487656430   66.895722524425    9.494011656973  107.503875294015
     0.023743411930   66.147452680957    9.474547404673  107.043442447786
     0.023997209662   65.324287980990    9.448948487968  106.414982694798
     0.024247234986   64.476097327648    9.423341587101  105.840536411962
     0.024503093741   63.631072226341    9.401676558276  105.414714437410
     0.024758952496   62.819310957817    9.383057749772  105.077729925453
     0.025014811251   62.087569000459    9.365880652100  104.755294315544
     0.026023395168   59.497484164780    9.288577450107  102.995604997818
     0.027026611148   57.242059151693    9.231096802482  101.929245684103
     0.028029827129   55.270957659533    9.174908693791  100.802221120247
     0.029033043109   53.329712358577    9.130251277546   99.957808331947
     0.030036259090   51.457424661257    9.075091689310   98.837490774586
     0.031039475070   50.210248918307    9.041941905513   98.189114413648
     0.032042691050   49.342504614119    9.016527475860   97.661069653935
     0.033045907031   48.359939473325    9.000086014280   97.393293757530
     0.034049123011   47.597326185353    8.996371197088   97.365112466763
     0.035052338992   46.020351263099    8.971449563296   97.009818079640
     0.036055554972   44.585562077687    8.926259352663   96.044153082200
     0.037058770952   43.579578599015    8.897397135756   95.529314821778
     0.038071003029   42.014766123422    8.836514249758   94.304965058190
     0.039076937600   40.572930774236    8.790455483457   93.386078834224
     0.039499814553   40.068386018602    8.780543263149   93.218461031023
     0.040512156350   39.030012551920    8.759923537858   92.839302255450
     0.041524498147   38.432765718221    8.765920728797   93.051966020147
     0.042536839944   37.935199142224    8.764808719710   93.077242243203
     0.043549181740   37.579128471833    8.768217057415   93.139953683333
     0.044561523537   37.432973793650    8.782647777774   93.497434513222
     0.045573865334   37.322586440401    8.808100628473   94.121332596614
     0.046586207131   37.168469529206    8.824508336609   94.461855476442
     0.047598548928   37.106730182816    8.839857627055   94.780852798902
     0.048610890725   37.106635205292    8.867339285411   95.422314727379
     0.049623232522   37.057509042466    8.888567097841   95.884170217444
     0.050635574319   36.927323211865    8.900542402527   96.074061719188
     0.051647916115   36.758358566259    8.917906675018   96.445133390897
     0.052660257912   36.703995011028    8.951582085004   97.217741618696
     0.053672599709   36.564107246381    8.978730590876   97.754915914950
     0.054684941506   36.454456334153    9.008441036632   98.376884787962
     0.055697283303   36.446255107703    9.048916038727   99.284169195639
     0.056709625100   36.500307624821    9.093237938685  100.263589073526
     0.057721966897   36.413804364955    9.123788405899  100.895016091565
     0.058734308694   36.455228279832    9.165742923708  101.840830998850
     0.059746650490   36.672043816671    9.218615492962  103.073790077652
     0.060758992287   36.912741749954    9.267935402319  104.224770857658
     0.061771334084   37.141508850044    9.307772146674  105.127517759061
     0.062783675881   37.325421565856    9.333750460159  105.700680308968
     0.063796017678   37.538692648779    9.355111602441  106.198376674499
     0.064808359475   37.764994214651    9.366696339384  106.474802843528
     0.065820701272   38.105581335050    9.376740236471  106.736755525149
     0.066833043069   38.505189570139    9.387441952396  107.022985487438
     0.067845384865   38.990446390800    9.402781278571  107.418027581425
     0.068857726662   39.500079422999    9.416114893555  107.763370516985
     0.069870068459   40.023847930454    9.425359446623  108.019553444765
     0.070882410256   40.423634746428    9.425191562800  108.049348657895
     0.071894752053   40.797889259001    9.430149424739  108.213004115933
     0.072907093850   41.053297687369    9.435740629865  108.399921704395
     0.073919435647   41.245164848821    9.442937759868  108.623014893194
     0.074931777444   41.317679588525    9.443972164507  108.695409566263
     0.075944118759   41.332657985849    9.443363060335  108.749962191320
     0.076956459889   41.312005577054    9.443716678753  108.789230835386
     0.077968801019   41.248532345103    9.451230682663  108.991411366879
     0.078981142149   41.222585859323    9.471381888337  109.509744986427
     0.079993483279   41.237873339514    9.498796365944  110.193330463541
     0.081005824408   41.233802764362    9.521490945128  110.751273696299
     0.082018165538   41.200917606014    9.536828371437  111.124062800121
     0.083030506668   41.159255791037    9.553770718012  111.549570241142
     0.084042847798   41.116401812203    9.575386752570  112.092427117893
     0.085055188928   41.113479606339    9.601478560888  112.762892270040
     0.086067530058   41.088838879367    9.623955046114  113.327465181944
     0.087079871187   40.989973675351    9.635597974409  113.602578997068
     0.088092212317   40.859859286173    9.646035929601  113.836587192609
     0.089104553447   40.712225505609    9.658619141940  114.139753752455
     0.090014379019   40.678603007913    9.676937690717  114.592705886067
     0.091026720149   40.677756542320    9.701377001137  115.203691269611
     0.092039061279   40.764719364708    9.719578306734  115.655203824326
     0.093051402409   40.584198099785    9.737969443863  116.095617965510
     0.094063743539   40.615125801770    9.767366163231  116.806262602099
     0.095076084669   40.529058902715    9.789560780658  117.346681165534
     0.096088425799   40.282149420679    9.803373759382  117.629199283593
     0.097100766928   40.199456696013    9.833206402333  118.354661942980
     0.098113108058   40.138757369732    9.865611774276  119.178955569263
     0.099125449188   40.043337025666    9.890527547321  119.780906325965
     0.100137790318   39.954393111769    9.914471172907  120.371804535040
     0.101150131448   39.882541204548    9.938513326296  120.988685225030
     0.102162472578   39.824461433765    9.961256641262  121.601804475019
     0.103174813707   39.735665136755    9.981947349196  122.142183789117
     0.104187154837   39.694855075162   10.003431526017  122.681613253330
     0.105199495967   39.716322716221   10.030036941598  123.367626741029
     0.106211837097   39.687905356285   10.052808774524  123.955115264777
     0.107224178227   39.659486714427   10.072601496103  124.449468124577
     0.108236519357   39.572854380779   10.089303767470  124.884121904335
     0.109248860486   39.449096145252   10.103387901797  125.249663798128
     0.110261201616   39.408784877185   10.124156582087  125.804075213512
     0.111273542746   39.301675433302   10.141166221999  126.265347105968
     0.112285883876   39.151946334140   10.152733096332  126.554609514523
     0.113298225006   39.083780336231   10.169944153442  127.009207030694
     0.114310566136   38.990197533401   10.185906151357  127.434463743488
     0.115322907266   38.906521594571   10.202095872693  127.863294979681
     0.116335248395   38.908407096724   10.227124407279  128.585913491431
     0.117336312165   38.868200633975   10.246606104101  129.117251848448
     0.118339932339   38.829733106559   10.263680493931  129.551133600095
     0.119343552513   38.811027230284   10.283712496460  130.071509455414
     0.120347172687   38.801795259859   10.302793410508  130.581501811364
     0.121350792861   38.777254983152   10.322099783634  131.115617214360
     0.122354413035   38.745577270353   10.339896463155  131.596985815529
     0.123358033209   38.736478804254   10.361689952135  132.239557596151
     0.124361653383   38.707435177719   10.380159600362  132.748165318350
     0.125365273557   38.712986175155   10.398737135223  133.239471465820
     0.126368893731   38.720202518767   10.419553834767  133.803934612240
     0.127372513905   38.722912279517   10.440613725398  134.377685983872
     0.128376134079   38.697953269478   10.458572635422  134.897180264605
     0.129384436416   38.686290178636   10.476802310937  135.437368772443
     0.130396778213   38.664701818938   10.492879189163  135.876960233988
     0.131409120010   38.716592474328   10.518424982189  136.582919202448
     0.132421461807   38.741393116591   10.539482856314  137.169010754745
     0.133433803604   38.628615275203   10.550672864367  137.484011166085
     0.134443227770   38.523703975121   10.563849852074  137.895847268130
     0.135446599449   38.372034637642   10.574728133643  138.243856115997
     0.136449971129   38.307233173216   10.589270895999  138.633962627229
     0.137453342809   38.219988004648   10.603816673434  139.040003962867
     0.138456714488   38.132832591564   10.615679103128  139.342116954682
     0.139460086168   38.061040219704   10.629737732448  139.750459697082
     0.140463457848   37.958954791567   10.644816107659  140.175631699389
     0.141466821537   37.930328234603   10.663985407298  140.733498347082
     0.142469762571   37.665448380296   10.663422423026  140.722420682572
     0.143474496593   37.554150281545   10.676344722209  141.174730344815
     0.144477868272   37.382964204288   10.685589885097  141.473236260081
     0.145487809989   37.371331657042   10.706951020885  142.060243531475
     0.146489139468   37.310450337556   10.719358013659  142.458058814619
     0.147498528470   37.127743917847   10.721664029642  142.476594112889
     0.148507917471   37.084383711180   10.737646550711  143.038702705373
     0.149514611496   36.956356892122   10.747770206164  143.315609267537
     0.150523647025   36.906272982553   10.764028290628  143.805876434259
     0.151533938510   36.729480594416   10.771980857741  144.006102491562
     0.152544229994   36.750314915788   10.795110832457  144.757699157879
     0.153554521478   36.585584386771   10.801239583291  144.910886472359
     0.154560961647   36.591527720595   10.821653384160  145.483163571758
     0.155571253132   36.510022057574   10.836515007183  145.898365669353
     0.156581544616   36.431665405439   10.848562117088  146.229131009309
     0.157591836100   36.311411184716   10.857229588191  146.538477809659
     0.158602127585   36.252707518018   10.876352004671  147.193451691775
     0.159619530254   36.226106253966   10.897308965511  147.831259931113
     0.160629552991   36.091471611836   10.906376427513  148.076049855777
     0.161638460514   35.854276364096   10.905992267208  148.028808085130
     0.162647368038   35.750334666749   10.914023883296  148.299998338666
     0.163656086111   35.556209795583   10.916956419230  148.359937613836
     0.164666377595   35.532672146736   10.932571598707  148.830443572198
     0.165676669080   35.397894640268   10.936596419542  148.966677601012
     0.166677300104   35.353313916120   10.952286438992  149.467529982802
     0.167689641901   35.280397752753   10.967786027407  150.038026735388
     0.168701983698   35.273047077958   10.985574902993  150.589088881652
     0.169714325495   35.147458894820   10.991211252699  150.742926290670
     0.170726667292   35.084585007074   11.001327694684  151.027995076554
     0.171729364713   35.048837592007   11.016897561215  151.470845940188
     0.172739656198   34.980584751954   11.029323169519  151.828564955191
     0.173742173581   34.868346907002   11.036179115605  152.052784208307
     0.174754515377   34.743129364428   11.044053847510  152.383324021390
     0.175766857174   34.751688681630   11.067502549078  153.158938185748
     0.176779198971   34.732677684165   11.084106626124  153.655897896549
     0.177788663450   34.677026352047   11.092638521123  153.841358454735
     0.178801005247   34.616369352219   11.103824508503  154.171271863005
     0.179813347044   34.630630326326   11.123792996975  154.755450414926
     0.180825688841   34.487830987701   11.129125402109  154.919524015457
     0.181832315502   34.428413615088   11.144379394642  155.574516220063
     0.182838237872   34.390535596852   11.161198002859  156.064990908738
     0.183844160242   34.405478084600   11.178371390530  156.571326871971
     0.184850082612   34.245861187371   11.177455431365  156.512298237593
     0.185856004983   34.191301405859   11.190605512297  156.914690857217
     0.186736187056   34.109276167680   11.198160986111  157.135069606497
     0.187742109426   33.976739577631   11.198181568964  157.074778476660
     0.188751744677   33.994362644010   11.221861612302  157.998942823243
     0.189762036162   34.089348020056   11.254205041723  158.995541176901
     0.190772327646   34.017906331435   11.258608799585  159.134666032263
     0.191782619130   33.877313613709   11.258637620696  159.159543087528
     0.192792910615   33.818735507992   11.269457346341  159.479053080907
     0.193803202099   33.736860433883   11.274820799746  159.623778460650
     0.194812239364   33.677572761362   11.283640501416  159.818593610611
     0.195824581161   33.712489814235   11.305561676156  160.703664489847
     0.196836922958   33.772533688743   11.333664714512  161.545115935216
     0.197849264755   33.704244778613   11.342819658065  161.822332179107
     0.198861606552   33.525986758042   11.340060095520  161.717366047078
     0.199870972040   33.481083161504   11.350981428211  162.084805195809
     0.200883313837   33.382313652437   11.354076554902  162.077330645664
     0.201895655634   33.375238112821   11.367526442680  162.500322132349
     0.202907997430   33.333564204636   11.384899310343  163.024254419000
     0.203920339227   33.264960327435   11.397816029416  163.712530300683
     0.204932681024   33.079443659712   11.396852484560  163.700816975114
     0.205938989442   33.027800741377   11.409700348295  164.128028199830
     0.206951331239   32.817155904037   11.400659664807  163.762778747625
     0.207963673036   32.867959080958   11.419076729802  164.318315086585
     0.208976014832   32.880602457943   11.437369587522  164.755670898398
     0.209988356629   32.979768199044   11.465238083429  165.645784157537
     0.211000698426   32.781596193178   11.460630270589  165.519906727129
     0.212010751582   32.542453275792   11.449508573210  165.200654678033
     0.213021043066   32.456909916900   11.456973772449  165.654885815429
     0.214031334551   32.708980174791   11.498394746493  166.944483591071
     0.215041626035   32.775909130888   11.519679670574  167.499803940664
     0.216051917519   32.642919921735   11.518879315820  167.566705994597
     0.217062209004   32.392404741100   11.504626104949  167.160406108122
     0.218072500488   32.225279511350   11.499885274406  166.979537601058
     0.219082791973   32.220055752650   11.513331907386  167.432543693130
     0.220089441484   32.406171399299   11.553235995785  168.832939360617
     0.221101783281   32.450925877351   11.575409130362  169.391005602248
     0.222114125077   32.310463652816   11.574217959585  169.411090522604
     0.223126395002   32.109700138502   11.568853285214  169.277084942703
     0.224138191567   31.965898221803   11.568569560874  169.289910480082
     0.225149410689   31.951376585780   11.581604011229  169.666661113209
     0.226153998996   31.821440236174   11.584019516555  169.624690055535
     0.227164290480   31.803346648406   11.599802337178  170.160074571375
     0.228174581965   31.813164879107   11.617106626879  171.061847214575
     0.229180025314   31.628292251780   11.613705038706  171.049215284452
     0.230190316799   31.561470141565   11.625850935314  171.490050640687
     0.231200608283   31.431986035763   11.621266368964  171.320177096586
     0.232210899768   31.332623671372   11.622625454060  171.381755972266
     0.233221191252   31.357546168143   11.638838991535  171.882863867753
     0.234223979465   31.239059631078   11.636137649394  171.677231998747
     0.235224877320   31.204670892559   11.649457480686  172.129948464665
     0.236235168804   31.102668942802   11.651595332210  172.093325988444
     0.237235747787   31.067024874371   11.663620266066  172.481942175680
     0.238237422958   31.071545674979   11.675496504836  173.066112180152
     0.239246541652   30.952470381484   11.684077382811  173.566068812522
     0.240258558001   30.909593984924   11.697404935619  173.868209601406
     0.241268849485   30.600909700794   11.668849907891  172.668760532645
     0.242279140970   30.540115805561   11.678505596640  173.493170514310
     0.243287247758   30.599524381842   11.702875197485  174.223842805123
     0.244289698273   30.459514945842   11.692832657898  173.835266358901
     0.245292148788   30.467982501094   11.704517171146  174.282408102742
     0.246294599304   30.395602215413   11.707865652713  174.208720332244
     0.247297049819   30.410731997421   11.724686129107  174.993890989841
     0.248299500334   30.553731607901   11.754648161405  176.163809286510
     0.249307184267   30.526425173270   11.757126785125  176.078918957623
     0.250313739124   30.485908318273   11.775283691760  176.523251539738
     0.251325997909   30.416263355412   11.780164345442  176.585207037062
     0.252336526192   30.396855796561   11.798733494558  177.220904124700
     0.253347054475   30.439804019157   11.822090822340  178.340051314510
     0.254357582757   30.356229082910   11.825133163835  178.447747799196
     0.255362202665   30.217814091563   11.823997169966  178.430510367257
     0.256369753499   30.092965079256   11.820924821707  178.435909436771
     0.257377673291   29.999305560383   11.820474434120  178.357623316841
     0.258379676800   29.937378534177   11.822180724264  178.257198795902
     0.259381680310   30.000654221373   11.838982290281  178.848974448836
     0.260383683819   29.948743914624   11.840539998653  178.913868161090
     0.261386585636   29.769997222965   11.830947499864  178.523981480389
     0.262389196820   29.745798479042   11.838865927361  178.803533105954
     0.263394580835   29.827508974293   11.879441888593  180.218600922162
     0.264406843187   29.727832862322   11.874196976473  180.377718801133
     0.265417134672   29.717610829218   11.891169268093  180.980114476583
     0.266429916138   29.554434467044   11.878815502412  180.542154795535
     0.267431504743   29.477548642749   11.876001499512  180.546063614338
     0.268443621671   29.494602590031   11.887655396998  180.801186243255
     0.269453698932   29.443055302600   11.885516659436  180.623960582110
     0.270455133067   29.454145927144   11.906622863205  181.241020373446
     0.271462880992   29.341872465368   11.896987487848  181.046920994064
     0.272473913980   29.185832957579   11.900566137591  181.018872366216
     0.273486548543   29.185953988388   11.929413733708  181.955508637241
     0.274499183106   29.275502944940   11.941149867773  182.571379486172
     0.275502283779   29.314340983828   11.959853127810  183.028664963007
     0.276512575263   29.217970888948   11.969050627706  183.239991225054
     0.277522866748   29.208478138656   11.977766286841  184.071174059300
     0.278529506113   29.219403375172   11.991648861333  184.533500326507
     0.279539797597   29.174348428319   11.994491022684  184.581800644415
     0.280551357778   29.113056109685   11.990926583232  184.523530773777
     0.281557183709   29.042256848100   11.997518034932  184.542069266147
     0.281848325008   29.054578788659   11.998770462905  184.647578831809
     0.282856702676   28.940667443125   11.989755241879  184.386139308949
     0.283863882784   28.874177056015   11.997172565744  184.306721245954
     0.284870170387   28.997379288361   12.044457849956  185.602437973360
     0.285871343580   28.911585582778   12.032996427100  185.956071653211
     0.286881897434   28.961090215009   12.068102901128  186.983121795016
     0.287886892546   28.845760884986   12.042680636348  186.384981878443
     0.288888747046   28.799667328867   12.052883746767  186.598481654995
     0.289894016549   28.745729603141   12.032396965078  186.305753717462
     0.290841375750   28.712872110342   12.052711083936  186.448136123174
     0.291846145253   28.773275673398   12.097586095667  187.449755633630
     0.292849304984   28.859299203025   12.100072760151  188.425016908597
     0.293850237856   28.776762570931   12.103515207422  188.557897391790
     0.294855528194   28.687794882323   12.111209295554  188.609727316114
     0.295864173078   28.516924443269   12.090640896789  187.816739520685
     0.296878279220   28.518490207814   12.096356989718  188.563842435866
     0.297881221471   28.330787165434   12.083681351309  187.749165256043
     0.298884134525   28.352067386696   12.090456047922  188.458854081491
     0.299703415611   28.378551207042   12.106623595588  188.955647637161
     0.300436217214   28.180905296004   12.085272286159  188.139876832515
     0.301443034755   28.202853244243   12.157707617189  189.226015683396
     0.302450725327   27.900770887508   12.097770105855  186.884209226629
     0.303453234513   28.002257696340   12.128660624700  188.431386583856
     0.304453793339   28.217457947710   12.167348002926  189.801616630522
     0.305457461160   28.218617990103   12.171399764855  189.978753290135
     0.306467052681   28.191558157064   12.185419474859  190.438771074204
     0.307472455029   28.071621669435   12.173578542689  190.258549029184
     0.308488221792   27.960839939048   12.179081773665  190.176097137741
     0.309501064180   27.945058138232   12.168833883276  190.066684629147
     0.310513031129   28.001938804695   12.185160645162  190.667907350816
     0.311526090535   27.906354855021   12.177573677379  190.438059845206
     0.312529174118   27.845795955478   12.180428570898  190.511368702513
     0.313533609429   27.817931262103   12.190116410329  190.701439917244
     0.314544427898   27.869605136954   12.208948408629  191.279160538305
     0.315548647365   27.787527433171   12.215131819959  191.205841606947
     0.316551868404   27.846983785021   12.236379412453  191.931950375661
     0.317555824914   27.901960342856   12.258701461313  193.252652841305
     0.318561512535   28.045705578151   12.295439391806  194.448403163926
     0.319562160776   28.047104404295   12.317697020194  195.045083918983
     0.320564255803   27.793116179721   12.293380147812  194.283326617613
     0.321571863696   27.746764089774   12.303321633085  194.479455607530
     0.322576857642   27.760674693830   12.307066634264  194.768104176348
     0.323579912693   27.701229776032   12.315879674593  194.932732376728
     0.324583983687   27.531076753445   12.293813133591  194.281318159772
     0.325585357766   27.642483418978   12.328807613938  195.313822913446
     0.326593442036   27.489826642552   12.290441286851  194.558639571605
     0.327595147837   27.384771354914   12.285999467774  194.499226639417
     0.328598113726   27.352267845119   12.296094394632  194.687655533882
     0.329609795458   27.248199898520   12.287292482362  194.396897247914
     0.330612848877   27.243624459853   12.296026010997  194.590679974468
     0.331616201408   27.246416189161   12.301740946645  194.801339324312
     0.332624837357   27.289301787693   12.323725095442  195.240684222778
     0.333625258538   27.284799877615   12.319751699698  195.275664082739
     0.334626042662   27.278993473951   12.344058363252  195.575826913229
     0.335626930765   27.364877883626   12.356565171566  196.284462008873
     0.336610065176   27.331078486275   12.369566563987  197.265728566711
     0.337610956060   27.465984186245   12.423208996981  198.872541712509
     0.338615670065   27.214507435325   12.389239730817  197.747494996663
     0.339619369359   27.185952088100   12.405845869861  198.281799804352
     0.340626930993   27.138034892647   12.409820679820  198.462915830456
     0.341629169359   26.978933868702   12.397382594811  198.156133963327
     0.342631407724   26.878062754195   12.385106597967  197.870783405365
     0.343633646090   26.851043488621   12.389187063350  198.053009627424
     0.344635884455   26.913247838483   12.410396902013  198.748521368837
     0.345638122821   26.876754519495   12.415256269268  198.809227125141
     0.346644135284   26.852627453373   12.421375231294  199.053915676780
     0.347656408573   26.791664245874   12.417798437890  198.912844115015
     0.348663217569   26.827848820608   12.429888292374  199.174834378852
     0.349671134853   26.883476119440   12.450172961519  199.518170974941
     0.350671292671   27.096941474278   12.501463339788  201.739393994996
     0.351678101667   27.082128450918   12.504198147657  202.194974336373
     0.352683747847   27.054809097192   12.508210419123  202.360767221077
     0.353685574467   26.997739623721   12.518777906604  202.575679692005
     0.354694802768   26.630479700955   12.455572957470  199.822248899270
     0.355697607569   26.505160740102   12.436110384362  199.424738237583
     0.356698696898   26.475357032046   12.457941109684  199.615825521479
     0.357699316571   26.580168332067   12.483599867507  201.091765029209
     0.358705359982   26.710170157992   12.511966808946  202.304377563590
     0.359569036215   26.678570844573   12.524012057218  202.771573867324
     0.360571107980   26.440574011856   12.513449022496  201.968020333646
     0.361580229880   26.187666006814   12.465138938010  200.037343798542
     0.362590423120   26.166066864520   12.469985743736  200.617205187261
     0.363592783491   26.397782110491   12.515080166907  202.370262659963
     0.364596922168   26.462402131619   12.535689607352  202.734680885892
     0.365597553070   26.488003768757   12.537930779409  202.973016335788
     0.366600688865   26.452221748891   12.540987589135  203.016663983350
     0.367607497860   26.463824604978   12.554561917979  203.422770967079
     0.367659799626   26.465290840734   12.556209843873  203.465638029287
     0.368666608622   26.349045443433   12.540036360560  203.245777702837
     0.369674283383   26.104460394149   12.508498411025  202.210214875963
     0.370678987872   26.177205301910   12.530547525835  202.682537605612
     0.371683344219   26.350334509498   12.581409357210  204.917395649659
     0.372591886867   26.450118085849   12.591891695206  205.518458614362
     0.373596619076   26.385040470330   12.613596895811  205.956042025438
     0.374512054605   26.308377905993   12.595222960342  205.899502205400
     0.375432594430   26.178331332031   12.604816192610  205.631148598749
     0.376363852461   26.292359890945   12.633493440504  206.581072237538
     0.377372235167   26.170809120872   12.616023401972  205.966759001889
     0.378322264629   26.207812326458   12.631478439326  206.790852697811
     0.379235380082   26.038279910441   12.617827105719  206.159727579594
     0.380153822258   26.077753525550   12.639600801726  206.901040376055
     0.381070094489   25.974666228335   12.624585162716  206.342929266301
     0.382030171293   25.995868982594   12.640511677576  206.975749510363
     0.383031140931   25.882819839286   12.634269000303  206.756933494499
     0.384040650013   25.810849907924   12.620316336708  206.417673868607
     0.385047889116   25.917618194438   12.639107124027  206.726020434613
     0.386055103763   26.053634263059   12.677339979807  207.925722847075
     0.387055236665   25.796908410236   12.641115225102  206.998601716760
     0.388064750081   25.669548342391   12.621440155363  206.511903457732
     0.389065175092   25.709578109323   12.636383069857  206.880981755890
     0.390075878546   25.622259623608   12.629155143815  206.352545591956
     0.391084786070   25.787786739532   12.667399699709  208.208010164814
     0.392092299167   25.989653802129   12.709778428925  209.933570083643
     0.393023395973   25.898244403159   12.716007615971  210.142504886220
     0.393961474135   25.629618305219   12.692067529214  208.523544744645
     0.394973788644   25.396799241809   12.639425305363  206.681799458527
     0.395976067962   25.660892404562   12.705558678661  209.646978050863
     0.396977945096   25.726784960839   12.692827561344  209.144447868095
     0.397909512968   25.836129078958   12.721433970555  209.883739266673
     0.398918148917   25.760943102044   12.731524868087  210.290331704290
     0.399870453635   25.528097494979   12.681469913016  209.072562943286
     0.400683205481   25.668589581262   12.717769120911  209.957489141892
     0.401689087233   25.754298406296   12.756758320552  211.151220033158
     0.402694067474   25.883780651087   12.773368552897  212.560392348797
     0.403702452377   25.835387676953   12.786466271473  212.940930104240
     0.404703513099   25.592990792951   12.749501763816  210.952320020070
     0.405593140875   25.478487093832   12.727170916620  209.961888957082
     0.406596512554   25.689089786785   12.778641517065  212.238419785483
     0.407599884234   25.592973252064   12.764572792351  212.338393646976
     0.408603255914   25.622243160326   12.777947438325  212.820063937131
     0.409611860162   25.578988264846   12.784991136785  213.149833197097
     0.410615987894   25.422284386560   12.761597596142  212.300373856021
     0.411623946294   25.509376225219   12.789432319734  213.134035097967
     0.412630388103   25.400252120182   12.774124789556  212.691532276308
     0.413607958970   25.476609649252   12.792242191868  213.134470962869
     0.414611330650   25.506680585742   12.815812745205  213.271747508330
     0.415623504039   25.613307289840   12.831142289933  214.302146983445
     0.416630414988   25.346399144741   12.798953555854  213.449316460801
     0.417636051622   25.276317352020   12.780087866427  212.807280733050
     0.418638957710   25.409654321165   12.809389471695  213.473623780695
     0.419644865583   25.281708512033   12.786131636194  212.831515255436
     0.420654099875   25.276162437572   12.804112976732  213.345316205566
     0.421655421243   25.163195495622   12.788609869700  212.584607132826
     0.422663923627   25.292236265371   12.825757386383  213.794223654155
     0.423407356440   25.138407888126   12.807583930287  213.094149457079
     0.424386578076   25.071475455270   12.807762056561  213.042307079524
     0.425367181684   25.324751740039   12.860824843455  215.983634319006
     0.425387679803   25.332121339459   12.863258826881  216.058201307827
     0.426225037553   25.338771414146   12.882685952455  216.637650905701
     0.426874243308   25.147219654161   12.871417394293  215.875738532694
     0.427824502743   24.881135774562   12.817017429271  213.225965326065
     0.428827261187   25.180785963745   12.875564182639  216.230757500710
     0.429827413263   25.247328632582   12.877444254814  216.274383332162
     0.430828878792   25.111228764240   12.874802370899  216.637228830330
     0.431766727369   25.031133742505   12.875758766401  216.598200212000
     0.432770086885   24.943466171436   12.863741000144  215.917045247493
     0.433470289789   25.075159948397   12.877613441591  216.270742505950
     0.434238461246   25.156773670392   12.904796985537  216.680372314367
     0.435184807249   25.363234967862   12.938390453699  219.030996861095
     0.436195357107   25.304008011003   12.928520174807  218.064447567869
     0.437169918939   24.892626851954   12.878902889646  216.659945755965
     0.437875497598   24.949324956667   12.888652005019  216.968380111263
     0.438856155711   24.968778515564   12.904011385787  216.795837198412
     0.439691582037   25.329687031653   12.964722320094  219.886512234224
     0.440578316906   25.214856643047   12.954648714024  219.572056876167
     0.441477830187   25.023436382255   12.939407187660  218.226964366550
     0.442386405193   24.823732148732   12.889009911387  216.671618698949
     0.443250533357   24.818816557055   12.907742277142  216.739130803191
     0.444166766685   25.086179676329   12.950781778630  219.253216248687
     0.444933241380   25.174044539547   12.995977668636  220.074379271585
     0.445834065539   25.072735595719   12.978023634078  220.351606091792
     0.446790464252   24.880345584192   12.966189946831  219.760598682423
     0.447716641666   24.864465828090   12.960490236460  219.770032439447
     0.448436333242   24.841173606891   12.961430777965  219.563052993121
     0.449353653133   24.871120952116   12.975928160557  219.393860754685
     0.450355371217   25.146352358409   13.038994973234  222.541653791033
     0.451337883338   24.899718060877   12.981114487266  220.367699940998
     0.452346790861   24.660278956911   12.967022422845  220.198698384800
     0.453182134364   24.616434279346   12.946380186327  218.996567800814
     0.454066175641   24.827198069943   13.002960296873  220.602529102178
     0.454940733485   24.996572368143   13.050191846713  223.177643604522
     0.455944290410   24.840226277486   13.020601852940  222.356943818553
     0.456950748519   24.767584493482   12.999208110098  220.976457984346
     0.457957557803   24.450864701522   12.945233107988  220.095184050296
     0.458603719592   24.326541044557   12.951956320694  219.731525544611
     0.459494794094   24.351740020945   12.964670728956  219.390680780575
     0.460479074889   24.603865575147   13.013984838324  221.764174281470
     0.461046058295   24.738264895845   13.045147073632  223.066242673049
     0.461936859360   24.621491343317   13.037743416520  223.052483042538
     0.462857665596   24.458981925750   13.023906329550  221.453148683084
     0.463839383229   24.374889244290   13.003628962535  220.596195177623
     0.464809556281   24.502726625014   13.024781105258  222.397023578628
     0.465728108484   24.671620873804   13.052091693601  222.875479371330
     0.466708766597   24.600800019294   13.041361546661  222.863444822694
     0.467689424710   24.490004812598   13.043245413037  223.307104515920
     0.468670082822   24.306655626452   13.020660054326  222.471645556061
     0.469650740935   24.380191105327   13.038395560851  223.045084964894
     0.470631399048   24.314454905812   13.026929529092  222.512453076515
     0.471494337044   24.320806288290   13.043665644794  223.181918371965
     0.472283771670   24.251502955860   13.043290380528  223.306641906207
     0.472834186794   24.176491719656   13.047981670590  222.920528800105
     0.473518509551   24.245879306874   13.058585024966  222.732207006862
     0.474419039114   24.548459043238   13.122206109440  225.765620056500
     0.474672730032   24.609131051242   13.144232914669  226.414070852471
     0.475452465305   24.651183989693   13.150236515485  227.332138771225
     0.475979956084   24.474259271031   13.134191811890  226.239755609090
     0.476813508917   24.162744169725   13.065737841700  223.105898959261
     0.477742145561   24.365360327988   13.099925052830  224.683427343685
     0.478652296409   24.559085647703   13.136268736329  226.592329271967
     0.479553011304   24.293732591358   13.087006792524  225.347103584977
     0.480485777516   24.117676661529   13.056096076432  222.854485665701
     0.481230840267   24.218836782240   13.076254719968  224.556055499546
     0.482150633678   24.406735803573   13.134874833414  225.822779118662
     0.483134914473   24.458199284167   13.150228541413  226.358741487383
     0.484119195268   24.384071333134   13.143364895457  226.221506890215
     0.485103476063   24.389168805050   13.144151612305  226.393135933320
     0.485834561446   24.250999564436   13.120466215356  225.611260619353
     0.486779941512   24.218061618405   13.140924406023  225.892737139591
     0.487725321578   24.373609928795   13.171960195680  228.495510383680
     0.488622438554   24.318548210752   13.178584131117  228.993957505220
     0.489389229827   24.213860761044   13.168570732751  228.774992151875
     0.490164176173   24.139471565748   13.151205373631  226.659919673411
     0.491010379386   24.026966043014   13.137738326130  225.643655215519
     0.491825641352   24.057785827594   13.131549325521  225.778448449005
     0.492622206775   23.944509642369   13.109916266405  225.086639004121
     0.493455402697   23.879452255265   13.110233242531  225.204865389613
     0.494263295382   23.915895056224   13.135593389823  226.948536979759
     0.494969996526   24.142101245380   13.197090439052  228.710132611642
     0.495799534156   24.162725297711   13.195468266130  228.284901538902
     0.496377264155   24.207390099969   13.226297089190  229.969039098303
     0.496984191659   24.001993910126   13.189074625848  229.290631772821
     0.497937391345   23.743539159799   13.161036045729  227.021725841378
     0.498783309889   23.840977837887   13.154545909206  227.835411878547
     0.499603328035   23.890361907827   13.173749313435  228.568157025641
     0.500017975730   23.898403339606   13.193228409158  229.157086623402
