# {0} signal over time, extracted at r = 500 km
# All quantities are measured in a resting observer's frame at infinity
# cols=4 rows=701
#              time        luminosity               <e>             <e^2>
#               "s"           "foe/s"           "MeV^1"           "MeV^2"
  -4.7168221251e-04  1.0349924642e-06    8.159185136814   77.298460721855
  -4.5586369625e-04  1.0348467703e-06    7.603300083553   70.479496959390
  -4.3174149860e-04  1.0355872546e-06    6.887536020161   61.697362193667
  -4.1035812267e-04  1.0378970215e-06    6.367743245841   55.300279852586
  -3.9138727557e-04  1.0421771409e-06    5.993154966467   50.661607784554
  -3.7575170812e-04  1.0474670834e-06    5.729194777509   47.380475145027
  -3.6217028689e-04  1.0534004220e-06    5.528528111458   44.877470013615
  -3.5177697883e-04  1.0587355941e-06    5.390635630429   43.152402659754
  -3.4309031085e-04  1.0637123285e-06    5.283992006879   41.815370191726
  -3.3464123392e-04  1.0690070772e-06    5.187033640636   40.597419665799
  -3.2638561840e-04  1.0746139060e-06    5.098119504481   39.478200823521
  -3.2560245633e-04  1.0751677656e-06    5.089949779412   39.375220712685
  -3.1753100832e-04  1.0811048456e-06    5.008626541197   38.349301456377
  -3.0963827286e-04  1.0873085288e-06    4.933531895689   37.399986845017
  -3.0218197433e-04  1.0935284079e-06    4.866261596393   36.547926746299
  -2.9421406088e-04  1.1005610906e-06    4.797979751257   35.681722904401
  -2.8663801348e-04  1.1075903571e-06    4.736630266316   34.902978993610
  -2.7897277082e-04  1.1150089475e-06    4.677534570605   34.151644074205
  -2.7148848660e-04  1.1225472291e-06    4.622545022782   33.451407911739
  -2.6319232175e-04  1.1312443651e-06    4.564523029684   32.711345367257
  -2.5353881711e-04  1.1418235039e-06    4.500689305152   31.895191550785
  -2.4364255215e-04  1.1532122571e-06    4.439054660235   31.105337351724
  -2.3740592547e-04  1.1606807583e-06    4.402075006233   30.630511088316
  -2.2917364269e-04  1.1708928805e-06    4.355318071596   30.029126994619
  -2.2463787755e-04  1.1766947239e-06    4.330507928462   29.709515529410
  -2.1855952199e-04  1.1846714438e-06    4.298283760343   29.293880340743
  -2.1200575843e-04  1.1935351312e-06    4.264799794279   28.861278389407
  -2.0712498205e-04  1.2003195257e-06    4.240679495033   28.549510931524
  -1.9916538575e-04  1.2116928086e-06    4.202838187346   28.060966315288
  -1.9516698925e-04  1.2175392938e-06    4.184473940303   27.823641786948
  -1.8994882504e-04  1.2253050130e-06    4.161123622768   27.521604960002
  -1.8149313899e-04  1.2382211174e-06    4.124711713617   27.049964694521
  -1.7600278204e-04  1.2468306785e-06    4.101977726336   26.755095186921
  -1.6787578297e-04  1.2599079399e-06    4.069550431272   26.334454409896
  -1.6107648199e-04  1.2711318405e-06    4.043464766943   25.996227020782
  -1.5221823101e-04  1.2861311303e-06    4.010883315931   25.573317647825
  -1.4302890710e-04  1.3021516401e-06    3.978669519450   25.154582439208
  -1.3666046191e-04  1.3135351196e-06    3.957237373416   24.875594579488
  -1.3414664502e-04  1.3180928944e-06    3.948975767533   24.767942146307
  -1.2556105902e-04  1.3339463569e-06    3.921548202244   24.410254777851
  -1.2237065760e-04  1.3399510742e-06    3.911656377358   24.281130518211
  -1.2123341792e-04  1.3421063992e-06    3.908170021766   24.235590246323
  -1.2112481434e-04  1.3423125330e-06    3.907838304671   24.231248590179
  -1.1628236720e-04  1.3515855955e-06    3.893225204881   24.040228812331
  -1.0853164516e-04  1.3667419632e-06    3.870563869420   23.743601379885
  -9.9516367836e-05  1.3848715900e-06    3.845290850134   23.412166347567
  -9.7375638011e-05  1.3892569440e-06    3.839452673544   23.335524726157
  -9.2949146503e-05  1.3984247471e-06    3.827578034649   23.179411608284
  -8.4713878095e-05  1.4158525875e-06    3.806159189550   22.897485596894
  -7.7190816907e-05  1.4322004095e-06    3.787334477194   22.649099150609
  -7.0642105762e-05  1.4467725101e-06    3.771496033262   22.439702473889
  -6.4106686709e-05  1.4616399136e-06    3.756177728084   22.236806550253
  -5.7992834371e-05  1.4758467610e-06    3.742274577407   22.052246006561
  -5.2570744214e-05  1.4886917891e-06    3.730281259015   21.892691391918
  -4.7251961286e-05  1.5015219364e-06    3.718809684928   21.739851812960
  -4.1994242918e-05  1.5144301222e-06    3.707749860320   21.592162917876
  -3.6662755377e-05  1.5277524290e-06    3.696812874738   21.445801395755
  -3.1630763802e-05  1.5405448476e-06    3.686737072233   21.310675995457
  -2.6637985804e-05  1.5534504504e-06    3.676975464327   21.179440573520
  -2.2149052172e-05  1.5652382870e-06    3.668389292026   21.063772898377
  -1.7934110628e-05  1.5764677109e-06    3.660490109525   20.957121070213
  -1.3628954469e-05  1.5881010211e-06    3.652581552690   20.850110864695
  -9.4433485437e-06  1.5995717583e-06    3.645044648292   20.747895226215
  -4.9760472364e-06  1.6119914064e-06    3.637162984863   20.640744912352
  -9.4161202188e-07  1.6233666606e-06    3.630183952301   20.545648827028
   2.7737284826e-06  1.6339777309e-06    3.623869847326   20.459445886779
   6.3176063222e-06  1.6442204039e-06    3.617952026182   20.378443180491
   9.8134184083e-06  1.6544423709e-06    3.612208490140   20.299678605384
   1.3632947362e-05  1.6657460370e-06    3.606039969957   20.214884544231
   1.7337279322e-05  1.6768448868e-06    3.600162756205   20.133898339669
   1.8933689643e-05  1.6816697400e-06    3.597660770020   20.099365675156
   2.5886747531e-05  1.7205975329e-06    3.591556672064   19.996066761450
   3.8948532764e-05  1.7651725746e-06    3.572087511953   19.724482634733
   5.5728836734e-05  1.8265213384e-06    3.549371403251   19.403599994683
   7.3865244274e-05  1.8977931046e-06    3.527368854466   19.086313416992
   9.0430133809e-05  1.9672637227e-06    3.509351797284   18.820290388481
   1.0779279729e-04  2.0444211843e-06    3.492384305656   18.563132557794
   1.2377819270e-04  2.1192582931e-06    3.478335461267   18.344017299308
   1.4075809310e-04  2.2026175511e-06    3.464914956657   18.128042460000
   1.5589480303e-04  2.2801879263e-06    3.454147852697   17.948858744665
   1.7354325185e-04  2.3744077581e-06    3.442903754210   17.754580124681
   1.8978299040e-04  2.4646179524e-06    3.433709241057   17.588765164194
   2.0709113281e-04  2.5644053334e-06    3.425037050072   17.424831512232
   2.2551358991e-04  2.6746934661e-06    3.416997019030   17.264013475907
   2.4269315754e-04  2.7812955629e-06    3.410533500596   17.126089391226
   2.6103559498e-04  2.8991032392e-06    3.404668289185   16.991076729104
   2.8040936192e-04  3.0280163910e-06    3.399569275524   16.861638068595
   3.0095178438e-04  3.1697693411e-06    3.395324370873   16.738574389892
   3.2093355121e-04  3.3127145483e-06    3.392281248742   16.632338924550
   3.4151113799e-04  3.4652482987e-06    3.390207441767   16.536286384850
   3.6331117294e-04  3.6329801699e-06    3.389109702854   16.448628330903
   3.8647382778e-04  3.8189698067e-06    3.389036598251   16.370022320410
   4.1117828656e-04  4.0310581469e-06    3.389914408453   16.297484852656
   4.3762185137e-04  4.3231073285e-06    3.388572792063   16.158808957013
   4.6583125318e-04  4.8883649763e-06    3.374099849911   15.736572932177
   4.9158782229e-04  5.8525014156e-06    3.342850203824   15.041501247407
   5.2053687766e-04  7.7054105423e-06    3.303180704765   14.227774670297
   5.5156683551e-04  1.0880806160e-05    3.257149503356   13.465899078533
   5.8222307417e-04  1.5693711090e-05    3.231753489526   12.975010821460
   6.1786462824e-04  2.4309999889e-05    3.217774481486   12.662100357931
   6.5630261484e-04  3.8946740433e-05    3.230941286772   12.629353798803
   6.9763779091e-04  6.3746461806e-05    3.261981556113   12.773033372697
   7.4139942630e-04  1.0456807451e-04    3.317965314755   13.116373767874
   7.8791865296e-04  1.7011193743e-04    3.403022780593   13.704716766936
   8.3741722645e-04  2.7290341778e-04    3.481908903485   14.329917870432
   8.9118480880e-04  4.3740344010e-04    3.532832659127   14.763188786899
   9.4386591581e-04  6.7469834301e-04    3.570966975248   15.105836239460
   1.0030530797e-03  1.0747025637e-03    3.616879912244   15.497762605579
   1.0725213437e-03  1.8046432916e-03    3.670374973784   15.975973291939
   1.1548164366e-03  3.2454027946e-03    3.740419784456   16.582800647205
   1.2413349441e-03  5.8576163936e-03    3.813713332647   17.228364043118
   1.3448961445e-03    0.011517756852    3.891291900820   17.925872632581
   1.4506968276e-03    0.022053048790    3.967598001329   18.616068561506
   1.5576045157e-03    0.040710019429    4.058469089728   19.424506447390
   1.6971569267e-03    0.083331821592    4.200460654905   20.743422526483
   1.8397005108e-03    0.151907132101    4.385120631827   22.589034201950
   1.9822440949e-03    0.245030999654    4.611644348105   25.047317504785
   2.1441662746e-03    0.379785187516    4.926673103529   28.716506057988
   2.3172159604e-03    0.563886983077    5.322555522895   33.687732329534
   2.4902656462e-03    0.804663824679    5.787913241124   40.056219210822
   2.6633153320e-03    1.118581837416    6.298181621200   47.618071676871
   2.8363650177e-03    1.510355969103    6.817373367596   55.900082622083
   3.0094147035e-03    1.967287700974    7.310432740497   64.279017783565
   3.1886398118e-03    2.484993954791    7.777687248748   72.694823175248
   3.4067178970e-03    3.139975287555    8.281216571272   82.311046830688
   3.6174109137e-03    3.768729460844    8.704503800734   90.889056224170
   3.8281039305e-03    4.368881618601    9.074238500420   98.808203851919
   4.0387969472e-03    4.921232629277    9.396281620823  106.081048406036
   4.2494899639e-03    5.414358492845    9.675500337095  112.713992901446
   4.5010565868e-03    5.925707572000    9.959802103823  119.825140144372
   4.7519719889e-03    6.362816103036   10.197992419933  126.098915575855
   5.0028873910e-03    6.737121193156   10.399213984993  131.650117462774
   5.2538027931e-03    7.059115952997   10.568559810030  136.524562131295
   5.5047181952e-03    7.340672638671   10.708115050209  140.708727616166
   5.7573531924e-03    7.591254098018   10.823452550978  144.291508832167
   6.0113830817e-03    7.814826135167   10.920622941484  147.392939480117
   6.2654129710e-03    8.019686559522   11.002573180355  150.061235344430
   6.5194428603e-03    8.226918494699   11.070620564466  152.300266473121
   6.7734727496e-03    8.433443285856   11.133285626994  154.335309560961
   7.0275026389e-03    8.654130798762   11.187430784781  156.087477360727
   7.2815325282e-03    8.892619206888   11.246494638450  157.924616973513
   7.5355624175e-03    9.152793840828   11.314576221033  159.984128570549
   7.7895923068e-03    9.435680770015   11.389843845098  162.238756325263
   8.0397890599e-03    9.745546171754   11.468028099624  164.577679126258
   8.2922625448e-03   10.076560219866   11.551118042323  167.063438206364
   8.5447360296e-03   10.435406921985   11.631688692039  169.469464692252
   8.7972095145e-03   10.805631147514   11.715483270142  171.975227438446
   9.0496829993e-03   11.198065154419   11.796906150530  174.402042591803
   9.3021564842e-03   11.595770938746   11.874850410606  176.739605229106
   9.5546299691e-03   11.990034047957   11.951042716040  179.037854349192
   9.8071034539e-03   12.395910540641   12.021197551348  181.144095058629
     0.010059576939   12.786651585018   12.090903607773  183.232952214515
     0.010312050424   13.169672073707   12.152710224767  185.077237147015
     0.010564523908   13.547883153589   12.206590372609  186.674249804500
     0.010814731405   13.912289817707   12.260564569884  188.268413977282
     0.011065417111   14.268988636988   12.305266860808  189.573374623840
     0.011316102817   14.620383400538   12.348975660154  190.837737398135
     0.011566788523   14.959692321717   12.393209671485  192.133472765027
     0.011817474229   15.284190784888   12.428209879209  193.152077887445
     0.012068159935   15.614624069944   12.464447639433  194.207267016970
     0.012318844071   15.932559171069   12.501350341331  195.329541045954
     0.012569527759   16.221871208933   12.530162592712  196.195054075052
     0.012820211446   16.521003080490   12.557900144814  196.963671329763
     0.013070895133   16.835484313321   12.590778447104  197.899263365895
     0.013321578821   17.120442661195   12.619253471822  198.739570277473
     0.013572262508   17.393744439162   12.641226828234  199.354983588183
     0.013822946195   17.689556590236   12.661868211575  199.884495926657
     0.014073629883   17.993162980884   12.685480299267  200.528035559513
     0.014324313570   18.267736387286   12.711760444874  201.320896208594
     0.014575157820   18.533718443644   12.735900429970  202.058562308299
     0.014826420806   18.815338222545   12.756409845587  202.636864081440
     0.015081924984   19.100566558415   12.770988954184  202.993719650802
     0.015338657392   19.373128052003   12.785617624176  203.373373025810
     0.015594646174   19.636160516329   12.809558147319  204.118216522296
     0.015850040253   19.904632363562   12.838374644805  205.039683548071
     0.016103536605   20.169825229683   12.859625417203  205.681150442107
     0.016358804029   20.399565248886   12.866159782280  205.828122168387
     0.016616497175   20.615263093919   12.871574529637  205.944302990630
     0.016866670690   20.839322558361   12.892719056814  206.603020245812
     0.017119289895   21.060886444622   12.921262391238  207.519844448293
     0.017371909100   21.245833354696   12.934229228708  207.919887212839
     0.017624212393   21.397138464571   12.933905184979  207.881784051913
     0.017875533664   21.550736417271   12.935069031682  207.889186971973
     0.018127906130   21.739538225104   12.950209240449  208.343322805574
     0.018383122771   21.923937364599   12.967524435733  208.860107547956
     0.018638312452   22.061171404944   12.975338134938  209.120068878931
     0.018893236169   22.185567293641   12.976970684965  209.187428657609
     0.019145286779   22.329142700108   12.981214454182  209.327421214915
     0.019395759096   22.486297480626   12.987457476186  209.510917721158
     0.019652052279   22.630325134824   12.986958797571  209.474217896296
     0.019908345461   22.763230592328   12.984931816362  209.401126088374
     0.020164638643   22.906082829307   12.992030673858  209.660561783473
     0.020420931825   23.047937385889   13.005197979517  210.161880597864
     0.020676868896   23.195222346043   13.016587984950  210.578146578045
     0.020934793824   23.341269070368   13.017177808577  210.589379904681
     0.021190470270   23.483053806098   13.013089093141  210.451965422098
     0.021446146716   23.615469678485   13.011892285878  210.411181485097
     0.021701823162   23.732021000161   13.012817562922  210.449168757451
     0.021957499608   23.850657295489   13.016326159370  210.584108369444
     0.022213863564   23.990885094167   13.026561340347  210.979163032026
     0.022464634431   24.129026685583   13.042314447210  211.663524319499
     0.022720389930   24.254911061845   13.060847866529  212.506093994001
     0.022976145430   24.359002549914   13.075618222280  213.178222375693
     0.023231900930   24.428836367904   13.082135070170  213.480224395539
     0.023487656430   24.462448334016   13.079025062723  213.319363108495
     0.023743411930   24.477549348131   13.067077208259  212.720309516749
     0.023997209662   24.495594652167   13.050472296761  212.001493605956
     0.024247234986   24.532819366986   13.039846349056  211.618822190665
     0.024503093741   24.600782036499   13.044245845640  211.874027335394
     0.024758952496   24.680753461417   13.061013648319  212.626447451806
     0.025014811251   24.736830558790   13.074875565422  213.228891350062
     0.026023395168   24.863486451154   13.053536766357  212.242917216489
     0.027026611148   25.019796507325   13.049494103927  212.178309876714
     0.028029827129   25.228666331262   13.051726867293  212.212119973947
     0.029033043109   25.419150053236   13.082591728924  213.428383049066
     0.030036259090   25.565635099690   13.080062604231  213.277367353618
     0.031039475070   25.666785103914   13.089041548563  213.563731228067
     0.032042691050   25.711058521145   13.089710789750  213.593358920062
     0.033045907031   25.746827828732   13.098371061081  213.995014086222
     0.034049123011   25.899555769957   13.120480267035  214.731478131512
     0.035052338992   26.050252927299   13.135216099579  215.345660586056
     0.036055554972   26.142587330389   13.138301435097  215.302536641719
     0.037058770952   26.119424952474   13.138432049511  215.407604873524
     0.038071003029   25.931678811149   13.106072338395  214.341864229154
     0.039076937600   25.718257504761   13.087694835698  213.738507143645
     0.039499814553   25.719576388324   13.093226916898  213.980551112212
     0.040512156350   25.884210152456   13.113408209758  214.625383847064
     0.041524498147   25.839794530188   13.115724728898  214.581476650415
     0.042536839944   25.620015216501   13.103275276477  214.114627199592
     0.043549181740   25.531617506904   13.120811804779  214.583819358455
     0.044561523537   25.482494433329   13.135866571228  215.025029145865
     0.045573865334   25.431492575733   13.162506434376  215.984924315204
     0.046586207131   25.412751551302   13.181131957422  216.486545532864
     0.047598548928   25.442140202640   13.193325448637  216.787862898930
     0.048610890725   25.501055301382   13.219332298719  217.733890030821
     0.049623232522   25.460379427694   13.235905067751  218.392028947234
     0.050635574319   25.400189493965   13.236520620030  218.296925862786
     0.051647916115   25.397201522217   13.245790077336  218.683748898693
     0.052660257912   25.335903843452   13.256456849831  219.234151199690
     0.053672599709   25.250417750474   13.252966570716  219.044466123211
     0.054684941506   25.222864130905   13.255830623409  219.147179797553
     0.055697283303   25.200128528727   13.264590432966  219.541398963531
     0.056709625100   25.130320062491   13.272467703505  219.896186835031
     0.057721966897   25.012629783493   13.260226931756  219.391335793517
     0.058734308694   24.966037171602   13.262488719646  219.512656598172
     0.059746650490   24.942743918576   13.276604973297  220.143388167546
     0.060758992287   24.899692966838   13.289826839798  220.739636713763
     0.061771334084   24.847224483069   13.295533770132  220.949817565019
     0.062783675881   24.769862792214   13.287875312917  220.596627633061
     0.063796017678   24.702753880080   13.289256809423  220.660925949552
     0.064808359475   24.637512519504   13.293661624880  220.845686373355
     0.065820701272   24.543227194635   13.293436687070  220.881801949887
     0.066833043069   24.468404818960   13.298269110070  221.115590639463
     0.067845384865   24.446242654098   13.312516242397  221.655958302693
     0.068857726662   24.428775789296   13.323990707878  222.056001115287
     0.069870068459   24.393636931930   13.330390105749  222.292219476550
     0.070882410256   24.345043254154   13.335306438511  222.490714090985
     0.071894752053   24.317275287536   13.347408955869  222.950980031568
     0.072907093850   24.267456493132   13.357597210776  223.366053643503
     0.073919435647   24.239177087287   13.369151327519  223.832312674628
     0.074931777444   24.214140271935   13.379357571121  224.267160125615
     0.075944118759   24.182678746751   13.391698425825  224.835556086742
     0.076956459889   24.128199028820   13.400148336985  225.201166216595
     0.077968801019   24.047978317280   13.403556958982  225.373070140750
     0.078981142149   24.013644265442   13.412097837500  225.729850246406
     0.079993483279   24.000887718235   13.424412367527  226.216068387543
     0.081005824408   23.960780795108   13.430356897557  226.443085246714
     0.082018165538   23.898590857937   13.431149771617  226.485236788958
     0.083030506668   23.825711718301   13.433332363291  226.611115592630
     0.084042847798   23.786541248120   13.442461230269  227.011765137536
     0.085055188928   23.783888445356   13.458775033023  227.735851271988
     0.086067530058   23.764985383765   13.475310528827  228.467480633207
     0.087079871187   23.679799667172   13.474375246279  228.485439726391
     0.088092212317   23.584069644521   13.471580645684  228.407592937555
     0.089104553447   23.527163051426   13.475776722248  228.606723958081
     0.090014379019   23.500752157301   13.483081308636  228.923712909490
     0.091026720149   23.444011845388   13.486774221098  229.105420913210
     0.092039061279   23.398868620250   13.480930323502  229.012770490582
     0.093051402409   23.368417640799   13.494733839389  229.610358382390
     0.094063743539   23.353978919149   13.505083546120  230.032457323124
     0.095076084669   23.214227937053   13.496803269234  229.778354230870
     0.096088425799   23.152624331492   13.500385151058  229.938983935693
     0.097100766928   23.105726617885   13.504170311357  230.087663508297
     0.098113108058   23.055157655782   13.510640903347  230.420048819785
     0.099125449188   22.964374085623   13.509390158418  230.396363043072
     0.100137790318   22.905837734548   13.511958219872  230.518308255395
     0.101150131448   22.850310221394   13.516051741385  230.725299701887
     0.102162472578   22.787137286350   13.521539150270  231.047583123894
     0.103174813707   22.705914518791   13.527514558401  231.395175993616
     0.104187154837   22.653326334255   13.531860162848  231.594790254672
     0.105199495967   22.587684040743   13.534542422745  231.738187505777
     0.106211837097   22.526149264750   13.537340862281  231.899298814540
     0.107224178227   22.467283107255   13.538805335478  231.966171941176
     0.108236519357   22.380701765373   13.536979048924  231.928984993126
     0.109248860486   22.330872428423   13.541465481756  232.149368654265
     0.110261201616   22.269741441005   13.544156728777  232.301770527978
     0.111273542746   22.185918197229   13.545464177541  232.418552315111
     0.112285883876   22.119319461483   13.546863265402  232.499030508237
     0.113298225006   22.061024409536   13.548235019229  232.575798933968
     0.114310566136   21.973019161586   13.546493701959  232.556052297170
     0.115322907266   21.901714645360   13.547223439592  232.636828728550
     0.116335248395   21.868686161707   13.558741539581  233.228496516522
     0.117336312165   21.796257446360   13.563293131430  233.502406353586
     0.118339932339   21.736118966134   13.563995081583  233.544483107287
     0.119343552513   21.672273739244   13.563676046275  233.544753200095
     0.120347172687   21.621226415152   13.565989965230  233.669873941684
     0.121350792861   21.555842349261   13.567923424431  233.792127127649
     0.122354413035   21.496022522276   13.569708505720  233.912742501754
     0.123358033209   21.448408955330   13.576986028000  234.324009999874
     0.124361653383   21.399008762188   13.584890121180  234.716222766120
     0.125365273557   21.338750385723   13.584227075403  234.706832364888
     0.126368893731   21.266299224211   13.583029535136  234.683051169700
     0.127372513905   21.231035532570   13.589598344680  234.965929357280
     0.128376134079   21.165756545159   13.589990748538  235.060016604635
     0.129384436416   21.115208112481   13.597604540459  235.497254199400
     0.130396778213   21.058397729593   13.598875717211  235.600842670963
     0.131409120010   21.009797684373   13.601197871302  235.699871210209
     0.132421461807   20.959112881543   13.603331280460  235.822992589008
     0.133433803604   20.906207988224   13.605744895020  235.945907805037
     0.134443227770   20.843942569479   13.608022326258  236.149558443438
     0.135446599449   20.806589080372   13.620666439430  236.777236131080
     0.136449971129   20.761419652133   13.622584456219  236.883486342134
     0.137453342809   20.688233699549   13.619883820621  236.798943075380
     0.138456714488   20.647934591236   13.620296235561  236.795873156497
     0.139460086168   20.571017489891   13.615991961536  236.640520685321
     0.140463457848   20.538541730924   13.622578984559  236.938494258405
     0.141466821537   20.489116492648   13.623683246183  237.022808124920
     0.142469762571   20.414726794590   13.619797116847  236.900792396464
     0.143474496593   20.392931637505   13.631818252738  237.553788515151
     0.144477868272   20.324565907754   13.636005124624  237.835415150211
     0.145487809989   20.297691823434   13.639123668543  237.947047197578
     0.146489139468   20.234156311723   13.633494382941  237.812451108537
     0.147498528470   20.166614627478   13.629637596385  237.562338660247
     0.148507917471   20.099061074930   13.625116415422  237.536473118040
     0.149514611496   20.062771164304   13.630928056800  237.732328264961
     0.150523647025   19.994122101531   13.628079440470  237.663471194947
     0.151533938510   19.948711279597   13.632289997411  237.831672446066
     0.152544229994   19.913203957030   13.639783199972  238.349202913437
     0.153554521478   19.865316326803   13.641925384356  238.457974837581
     0.154560961647   19.827719382661   13.640757254710  238.374406991152
     0.155571253132   19.767346217978   13.638767781112  238.295716998478
     0.156581544616   19.740817614768   13.639210641016  238.291024519929
     0.157591836100   19.671162322850   13.636714376073  238.276380765100
     0.158602127585   19.652699387086   13.652206004899  239.120505637665
     0.159619530254   19.630310095620   13.661920134132  239.591820217229
     0.160629552991   19.571812915400   13.660805676485  239.546756039778
     0.161638460514   19.529311709905   13.660444976520  239.492464324117
     0.162647368038   19.456490938846   13.653923905071  239.282122888600
     0.163656086111   19.405092195424   13.653134267666  239.243639803221
     0.164666377595   19.353086755450   13.649060001309  239.072135557537
     0.165676669080   19.292874909469   13.645087418204  238.946671458269
     0.166677300104   19.252298491288   13.648264115722  239.108890649763
     0.167689641901   19.215529755700   13.659346438237  239.795926686981
     0.168701983698   19.181942383843   13.668362721863  240.289880609704
     0.169714325495   19.130148361047   13.667129118052  240.253352032863
     0.170726667292   19.076541348445   13.662782148452  240.059712664193
     0.171729364713   19.038855016291   13.662933432662  240.040470209815
     0.172739656198   18.993112980858   13.661583957796  239.958293033495
     0.173742173581   18.953192777973   13.659740307742  239.919738434924
     0.174754515377   18.900869862866   13.661755010527  240.152493376316
     0.175766857174   18.903686754705   13.683590814709  241.242132280638
     0.176779198971   18.848851284377   13.682854092639  241.239831865407
     0.177788663450   18.805278078426   13.678291464506  240.966872027826
     0.178801005247   18.753700186684   13.674708995029  240.798574863354
     0.179813347044   18.721438236107   13.676116432321  240.836906739471
     0.180825688841   18.682829051988   13.677675526729  240.908056993012
     0.181832315502   18.659934384392   13.691776632006  241.844724802793
     0.182838237872   18.637165235702   13.702901898269  242.347800241910
     0.183844160242   18.620603478508   13.702603742967  242.317976528017
     0.184850082612   18.549199386318   13.694841238020  241.947522845413
     0.185856004983   18.523563190683   13.698045794329  242.072841415786
     0.186736187056   18.480420948537   13.694376319037  241.918460495666
     0.187742109426   18.423065831524   13.686784609879  241.494326842224
     0.188751744677   18.418283825390   13.702768022265  242.503073078345
     0.189762036162   18.416786909544   13.721754969706  243.374302260263
     0.190772327646   18.390942202385   13.718162511396  243.229474717338
     0.191782619130   18.327618042693   13.713164400231  243.024687951380
     0.192792910615   18.292837794902   13.715413223393  243.084933240948
     0.193803202099   18.225481771193   13.706659064910  242.695186306622
     0.194812239364   18.188170127732   13.703119759741  242.441180007289
     0.195824581161   18.186148666079   13.715683481186  243.312885416044
     0.196836922958   18.202786024608   13.738603557484  244.333446088377
     0.197849264755   18.160159505093   13.737053018612  244.237766715641
     0.198861606552   18.109923531958   13.734858448341  244.122737454086
     0.199870972040   18.067567979502   13.732924763881  244.066718294091
     0.200883313837   18.028479444728   13.725837911933  243.635341222232
     0.201895655634   17.985199825580   13.721286215844  243.390330006840
     0.202907997430   17.968858691078   13.730323075849  243.766230682737
     0.203920339227   17.961784708122   13.749240496767  245.028277793528
     0.204932681024   17.929379880493   13.758127852541  245.482359131614
     0.205938989442   17.901764223458   13.760174402669  245.603425323280
     0.206951331239   17.851305346089   13.752381916152  245.161514018578
     0.207963673036   17.836250717859   13.749570721218  244.985697292946
     0.208976014832   17.783579772596   13.743457163629  244.515819413557
     0.209988356629   17.765614000263   13.745531027200  244.583495424062
     0.211000698426   17.718520915699   13.745074050719  244.609203493109
     0.212010751582   17.682103578124   13.745297937379  244.633566314131
     0.213021043066   17.659619402879   13.752112598117  245.301657415950
     0.214031334551   17.677828824067   13.766863288677  245.955222247351
     0.215041626035   17.631255235464   13.759551514719  245.464443549261
     0.216051917519   17.596408819931   13.759088262041  245.522031110185
     0.217062209004   17.553058111717   13.762296918512  245.726689555136
     0.218072500488   17.499275018933   13.757959265450  245.499688765376
     0.219082791973   17.459898067207   13.751872702612  245.294557453464
     0.220089441484   17.488233267159   13.776461113686  246.642942308572
     0.221101783281   17.478908607794   13.778701773828  246.549656285503
     0.222114125077   17.444028325783   13.775681662963  246.492808215942
     0.223126395002   17.416010631252   13.781126391108  246.752024404974
     0.224138191567   17.368869384824   13.779474972471  246.705954578994
     0.225149410689   17.348110344357   13.778062053224  246.567788515647
     0.226153998996   17.304417165550   13.775480144034  246.264150518222
     0.227164290480   17.288592561208   13.774869993635  246.280569900844
     0.228174581965   17.291484115772   13.785636968944  247.235914661073
     0.229180025314   17.277757974840   13.807908027823  248.355807241814
     0.230190316799   17.241652970257   13.812428380070  248.598802278180
     0.231200608283   17.213916509083   13.805474342740  248.305036188616
     0.232210899768   17.168827084928   13.802828908736  248.163369443787
     0.233221191252   17.137796187152   13.800344764004  248.025304758549
     0.234223979465   17.091158358295   13.793278459677  247.557795479446
     0.235224877320   17.072215963834   13.793760197980  247.587254115091
     0.236235168804   17.037275866821   13.789048027165  247.215864361033
     0.237235747787   16.994751646772   13.786765223031  247.051567103482
     0.238237422958   16.987863615023   13.785996719754  247.384532072264
     0.239246541652   16.988468390912   13.823177487399  249.229252236104
     0.240258558001   16.984042552754   13.831276858150  249.462506696218
     0.241268849485   16.881944010811   13.793679885826  247.382022547854
     0.242279140970   16.899660492920   13.816173005219  249.113874106075
     0.243287247758   16.885582000437   13.823127962073  249.356985846575
     0.244289698273   16.839274788224   13.811587327722  248.762058888392
     0.245292148788   16.809014040145   13.805906752221  248.543615968257
     0.246294599304   16.773753983594   13.802574777617  248.080654878302
     0.247297049819   16.744575988630   13.800272331179  248.346468211463
     0.248299500334   16.758064861690   13.825209089162  249.759799334110
     0.249307184267   16.726464784211   13.817080604103  249.201398838973
     0.250313739124   16.706058796937   13.827660383120  249.428236336243
     0.251325997909   16.680829118446   13.822751533027  249.078624101950
     0.252336526192   16.657817391316   13.822656108319  249.184519992567
     0.253347054475   16.682818761723   13.852869801740  251.038935177551
     0.254357582757   16.660639550388   13.854975994254  251.165518514948
     0.255362202665   16.636381249002   13.858427861012  251.326831118202
     0.256369753499   16.606346551135   13.854452505313  251.313108073968
     0.257377673291   16.576159342156   13.855857061742  251.157830050669
     0.258379676800   16.539370252425   13.846632585019  250.568023550418
     0.259381680310   16.495126354192   13.837269791633  250.178400062577
     0.260383683819   16.468134468613   13.833185808237  249.970635005999
     0.261386585636   16.433949188886   13.836124950227  250.009376090913
     0.262389196820   16.403348792632   13.829593531598  249.738380597226
     0.263394580835   16.406491334222   13.850548863400  250.790359816703
     0.264406843187   16.408535660569   13.866039731953  252.006535928583
     0.265417134672   16.409433553645   13.881925712334  252.610710597683
     0.266429916138   16.367324429362   13.871151111192  252.180302081429
     0.267431504743   16.331251350532   13.863449061311  251.929397243708
     0.268443621671   16.299258057209   13.859107805615  251.520582939981
     0.269453698932   16.257817738125   13.839634496447  250.576290989640
     0.270455133067   16.232731796392   13.849115009424  250.721209712122
     0.271462880992   16.212949323291   13.842417382138  250.581286174254
     0.272473913980   16.183333853245   13.851657933697  250.732200750539
     0.273486548543   16.170726885714   13.861880265255  251.330643344471
     0.274499183106   16.183944497044   13.870120670738  252.024961984900
     0.275502283779   16.155345105180   13.862331672172  251.395478184918
     0.276512575263   16.138752224798   13.866743830177  251.389869584988
     0.277522866748   16.145441438131   13.876860972325  252.612704766423
     0.278529506113   16.142505817705   13.894819191456  253.464102537106
     0.279539797597   16.101968397337   13.890430350584  253.195202945546
     0.280551357778   16.083313232695   13.885915241073  253.062257188090
     0.281557183709   16.043598154808   13.891069321295  252.992435033792
     0.281848325008   16.040542194423   13.885760376573  252.885127476277
     0.282856702676   16.012728216731   13.884498427286  252.809590464968
     0.283863882784   15.966669128766   13.875176622690  252.040981865280
     0.284870170387   15.956142687029   13.894185820594  252.395285346186
     0.285871343580   15.982796342707   13.907762717308  254.131816465263
     0.286881897434   15.985045686176   13.931704688976  254.979985753942
     0.287886892546   15.959707068788   13.906945599251  254.219487955045
     0.288888747046   15.932830541594   13.908010699547  254.147077133534
     0.289894016549   15.888746765618   13.879171670755  253.402119980661
     0.290841375750   15.864199737115   13.908062167192  253.525500453953
     0.291846145253   15.821777635241   13.919447986950  253.586486386469
     0.292849304984   15.860149680952   13.922675401634  255.145814445343
     0.293850237856   15.871030759519   13.950842178544  256.197952156963
     0.294855528194   15.848302927206   13.947110880668  255.932179514477
     0.295864173078   15.771850451947   13.907166985048  253.914612911779
     0.296878279220   15.808536984513   13.939895163961  255.950303869218
     0.297881221471   15.726904972464   13.906955477474  254.026567713926
     0.298884134525   15.753368056586   13.926757024126  255.551305276647
     0.299703415611   15.739654265667   13.931771594586  255.672850738620
     0.300436217214   15.690654580281   13.918585051413  254.969294182197
     0.301443034755   15.666435007221   13.980602847621  255.639187511465
     0.302450725327   15.568776873793   13.883402572994  251.819177894709
     0.303453234513   15.594255354433   13.907223192005  253.639885029481
     0.304453793339   15.609983789869   13.922632322473  254.539167273864
     0.305457461160   15.607174587165   13.919566904888  254.376929239190
     0.306467052681   15.587416831079   13.932453814987  254.817682092617
     0.307472455029   15.571667902418   13.924545795014  254.920254685515
     0.308488221792   15.554282793201   13.945064101284  255.295146929246
     0.309501064180   15.521560621970   13.915866297707  254.528840784114
     0.310513031129   15.507637303691   13.920074438923  254.559278509755
     0.311526090535   15.495389173220   13.917158917928  254.493664242590
     0.312529174118   15.466256738728   13.919002526908  254.496493589082
     0.313533609429   15.446236119850   13.920592603283  254.332960295464
     0.314544427898   15.431140043445   13.911468257689  254.052188123987
     0.315548647365   15.407556435302   13.922209693680  253.926535512626
     0.316551868404   15.391425552756   13.914069610000  253.745842259404
     0.317555824914   15.422241939224   13.940274389932  255.706277150700
     0.318561512535   15.442697671449   13.965188835161  256.882825023391
     0.319562160776   15.434446113307   13.985150562037  257.408011737655
     0.320564255803   15.411422017660   13.984132686421  257.624056471960
     0.321571863696   15.383365572034   13.985054390958  257.545470181038
     0.322576857642   15.371768474707   13.977320323365  257.353959278260
     0.323579912693   15.345418139173   13.986532152531  257.579572250645
     0.324583983687   15.318102564417   13.978930034680  257.416357040296
     0.325585357766   15.312355916701   13.994293177784  257.746437766944
     0.326593442036   15.284430712436   13.964950563889  257.246044609103
     0.327595147837   15.254287340309   13.976694947288  257.617987733178
     0.328598113726   15.237208741305   13.983468217781  257.728184748635
     0.329609795458   15.208389752251   13.979600740615  257.606391195112
     0.330612848877   15.171352532888   13.970355661375  257.234282537543
     0.331616201408   15.164950880247   13.969057892562  257.013449778247
     0.332624837357   15.144507255609   13.969556493978  256.693940104046
     0.333625258538   15.126143356895   13.957916575352  256.239562280141
     0.334626042662   15.095682189754   13.969371829009  255.982113206452
     0.335626930765   15.092255473789   13.952429457844  255.699637175634
     0.336610065176   15.113494618273   13.983146249897  257.759585744414
     0.337610956060   15.145525517368   14.029909436153  259.800204045754
     0.338615670065   15.107714840105   14.012286374254  259.156167077287
     0.339619369359   15.104036652718   14.036201397489  259.928296110089
     0.340626930993   15.090221079848   14.029866501815  259.839830097107
     0.341629169359   15.067692286751   14.029192161503  259.923734169449
     0.342631407724   15.025180182775   14.009914130249  259.241119166269
     0.343633646090   15.012006317500   14.010354151240  259.252500025750
     0.344635884455   15.012249491705   14.013143107938  259.321728774520
     0.345638122821   14.993495565269   14.008477531267  258.981599622218
     0.346644135284   14.966053354882   14.005794707051  258.873737733769
     0.347656408573   14.941664967104   14.002649603303  258.670948131541
     0.348663217569   14.921363973668   13.994372874217  258.217549297172
     0.349671134853   14.907545376245   13.997091853609  257.667537567723
     0.350671292671   14.934259410309   14.017429495506  259.244906594106
     0.351678101667   14.965386762214   14.048579484107  261.261151628639
     0.352683747847   14.948703641347   14.054646652840  261.514019836338
     0.353685574467   14.934910618960   14.071011842847  261.987567213138
     0.354694802768   14.813454058848   14.003030988801  258.381273140429
     0.355697607569   14.795533214346   13.998196107923  258.265984683661
     0.356698696898   14.768615090192   14.008017940219  257.905992150311
     0.357699316571   14.792688754184   14.018670479713  259.299614840153
     0.358705359982   14.811702889553   14.048484260862  260.929375079719
     0.359569036215   14.800232395440   14.055563807879  261.434534775742
     0.360571107980   14.792024735827   14.076185247827  261.692649727300
     0.361580229880   14.694730992246   14.002812653567  258.041649111290
     0.362590423120   14.678852854900   14.002196350586  258.362883950113
     0.363592783491   14.719849092642   14.034856001485  260.219412732474
     0.364596922168   14.694690404547   14.034323566156  259.500854201594
     0.365597553070   14.671454295430   14.015544840734  259.110487720644
     0.366600688865   14.642808883539   14.016156209106  258.961846392793
     0.367607497860   14.632451822574   14.019277994715  259.006105216904
     0.367659799626   14.632233828886   14.020555238275  259.040235567441
     0.368666608622   14.625623627083   14.016222740683  259.387920264697
     0.369674283383   14.590244046749   14.019109327343  259.499346789338
     0.370678987872   14.558292999057   14.018839241213  259.025955638232
     0.371683344219   14.616088704145   14.070863517534  262.071578827551
     0.372591886867   14.619731762696   14.063642174027  262.289040291635
     0.373596619076   14.609344793887   14.090084740672  263.015912203253
     0.374512054605   14.609469233344   14.075310899803  263.237551323821
     0.375432594430   14.576846472434   14.097712723192  263.341000881524
     0.376363852461   14.567029265899   14.093016471750  263.210023747764
     0.377372235167   14.545663702172   14.080613993925  262.626457132177
     0.378322264629   14.552573872408   14.087650076580  263.313492435160
     0.379235380082   14.527168147076   14.101212727123  263.350160258573
     0.380153822258   14.517754465567   14.098124707949  263.528031861034
     0.381070094489   14.495430191146   14.086186260250  262.960206676841
     0.382030171293   14.486403303861   14.090787119127  263.241646345949
     0.383031140931   14.463026626977   14.093133545517  263.303102303172
     0.384040650013   14.443282175679   14.078397489688  262.836099199073
     0.385047889116   14.418720066520   14.068566126404  261.657314884430
     0.386055103763   14.412253093870   14.070673811197  261.596133062999
     0.387055236665   14.393010946117   14.071165508472  262.182442205889
     0.388064750081   14.373347653326   14.074524578309  262.461504892207
     0.389065175092   14.339270345288   14.071239919641  262.011266640987
     0.390075878546   14.303516763206   14.055700692832  261.034460112361
     0.391084786070   14.326400511675   14.073678583714  262.513712982597
     0.392092299167   14.369108661629   14.111408212313  264.623283646979
     0.393023395973   14.367446714020   14.129561545089  265.443655845185
     0.393961474135   14.312762503184   14.123275919440  264.080555359733
     0.394973788644   14.226952886801   14.057695154548  260.996678115417
     0.395976067962   14.288850595886   14.110190339822  264.298644171573
     0.396977945096   14.262253345723   14.088863543705  263.191349572172
     0.397909512968   14.236660733308   14.086600911274  262.821358945036
     0.398918148917   14.227960990322   14.110299699410  263.988365399312
     0.399870453635   14.209404259892   14.091534369254  263.953314078092
     0.400683205481   14.199919546204   14.097845626973  263.561373153839
     0.401689087233   14.183659430353   14.100758133150  263.580271154631
     0.402694067474   14.238508871782   14.130397623973  266.242722490757
     0.403702452377   14.226015083527   14.149616305663  266.898184204875
     0.404703513099   14.160786255963   14.120128600489  264.518181825534
     0.405593140875   14.102157026996   14.079750662057  262.301140180397
     0.406596512554   14.122438347403   14.094206884981  263.695955278445
     0.407599884234   14.157643480237   14.137325095783  266.388770374116
     0.408603255914   14.144135721166   14.143217413783  266.646181789250
     0.409611860162   14.141966812413   14.155848636829  267.288712995171
     0.410615987894   14.110552101620   14.143143789138  266.667939289650
     0.411623946294   14.102805785923   14.146230097400  266.678428754307
     0.412630388103   14.088631719962   14.140486898749  266.574205300683
     0.413607958970   14.074584684253   14.134633756106  266.014455088282
     0.414611330650   14.044150748686   14.126438328044  264.750633154628
     0.415623504039   14.053000314119   14.119318020959  264.949831690067
     0.416630414988   14.028916748252   14.134426039544  266.068224965463
     0.417636051622   14.006929332212   14.137469419309  265.874477966766
     0.418638957710   13.970699910554   14.116282713494  264.792296485538
     0.419644865583   13.947002689985   14.106614597162  264.477512716773
     0.420654099875   13.939302588118   14.126830179779  265.222923475130
     0.421655421243   13.912117249392   14.113011231846  264.365779475986
     0.422663923627   13.909922873492   14.116368575277  264.352124567319
     0.423407356440   13.887814805673   14.109298978096  263.935072187463
     0.424386578076   13.872988961726   14.117682628374  264.133642806899
     0.425367181684   13.952684933695   14.161563860377  267.663364598534
     0.425387679803   13.954124035122   14.164159678025  267.752519363093
     0.426225037553   13.946570886928   14.179367478199  268.537345121685
     0.426874243308   13.939339286331   14.204233386466  268.932666338123
     0.427824502743   13.827414786629   14.124702946256  264.435083613516
     0.428827261187   13.889224219272   14.153091719150  267.043960519574
     0.429827413263   13.876608700331   14.142836389857  266.482654547214
     0.430828878792   13.881910229053   14.178495029588  268.550238101097
     0.431766727369   13.864533658685   14.191417155388  269.042126385605
     0.432770086885   13.833089109941   14.181220594426  268.391300266474
     0.433470289789   13.814063798218   14.156398185245  267.190652990199
     0.434238461246   13.789366636079   14.167987454217  266.577840904412
     0.435184807249   13.854286944357   14.193021958931  269.504923684442
     0.436195357107   13.811240543106   14.156886522855  267.384007103571
     0.437169918939   13.773404261758   14.179304500589  268.393452714665
     0.437875497598   13.767106507326   14.175447438426  268.321651420893
     0.438856155711   13.720009886252   14.162134669067  266.652322491595
     0.439691582037   13.799049484426   14.200133656598  269.725085314579
     0.440578316906   13.787297325299   14.209499224475  270.210259550340
     0.441477830187   13.740575684621   14.202141865178  268.885863783248
     0.442386405193   13.685108433549   14.154041594320  266.928726826939
     0.443250533357   13.654294956924   14.149643988435  265.999603052707
     0.444166766685   13.716664380873   14.175041023779  268.333487563407
     0.444933241380   13.710740629442   14.197726701938  268.416157055090
     0.445834065539   13.728754197539   14.209380148778  269.940434711949
     0.446790464252   13.704722980266   14.212978361315  270.347616992899
     0.447716641666   13.690441965794   14.204634633842  270.040062737857
     0.448436333242   13.671361875941   14.199015950153  269.444191754834
     0.449353653133   13.631704376096   14.186409874114  267.921082916623
     0.450355371217   13.690922497964   14.222975385964  270.681863932162
     0.451337883338   13.623540763882   14.176429360092  268.344580464822
     0.452346790861   13.635372790132   14.225019293628  271.019534790670
     0.453182134364   13.584165101838   14.185245082654  268.809608708763
     0.454066175641   13.566693296795   14.182876877810  267.834531739641
     0.454940733485   13.651633589849   14.249819327352  272.103298639712
     0.455944290410   13.641721306290   14.246978413811  272.374025217552
     0.456950748519   13.554061602431   14.172517192583  268.281709877410
     0.457957557803   13.566776500410   14.207460590702  270.647260241536
     0.458603719592   13.546817405326   14.225406917927  270.860187492932
     0.459494794094   13.497212482234   14.198820736165  268.876587079047
     0.460479074889   13.529405022170   14.195502241371  269.654772538123
     0.461046058295   13.555271847818   14.222680622873  271.086709205425
     0.461936859360   13.553831115277   14.241791566680  272.133641847557
     0.462857665596   13.501877986321   14.223077752854  270.108025350557
     0.463839383229   13.433311714770   14.170657236585  267.209498078201
     0.464809556281   13.494559979082   14.210417215280  270.487618029989
     0.465728108484   13.463208217492   14.196738615149  269.179946932208
     0.466708766597   13.452637492599   14.203997937893  269.811026261810
     0.467689424710   13.468878104439   14.239289539261  272.125603882838
     0.468670082822   13.455156080817   14.246057176627  272.380892027273
     0.469650740935   13.444501327856   14.237260772142  271.886018224872
     0.470631399048   13.420299156782   14.220857013663  270.937668611620
     0.471494337044   13.419852314890   14.228807493176  271.358178183007
     0.472283771670   13.420189169620   14.237342693844  271.892270666043
     0.472834186794   13.405219863631   14.250673198827  271.755679048509
     0.473518509551   13.362787072073   14.211350369902  269.478504322806
     0.474419039114   13.410024435275   14.235311469290  271.522016496768
     0.474672730032   13.422648608146   14.262803187669  272.517569617457
     0.475452465305   13.435149410385   14.264816356604  273.641768147195
     0.475979956084   13.423242710624   14.290090175812  273.889696734200
     0.476813508917   13.313052954721   14.221986296509  269.972811885854
     0.477742145561   13.311154820222   14.210627775208  269.978105965034
     0.478652296409   13.362620027145   14.254689355007  272.698328364068
     0.479553011304   13.364261646659   14.271504880718  273.880818381421
     0.480485777516   13.254138095174   14.196667571086  268.824497344087
     0.481230840267   13.291753493374   14.209769190668  270.673906633477
     0.482150633678   13.298662158893   14.248188688650  271.239500318466
     0.483134914473   13.272044015741   14.207916008750  269.566202603245
     0.484119195268   13.261759513909   14.217064566051  269.771350844753
     0.485103476063   13.247319605820   14.209366867084  269.670438738761
     0.485834561446   13.230879220649   14.209726803258  269.785937652959
     0.486779941512   13.217736505617   14.233393655084  270.148721967359
     0.487725321578   13.295871117177   14.275836272915  274.308917179156
     0.488622438554   13.299727441792   14.306901212184  275.987843784037
     0.489389229827   13.304469192923   14.319827445126  276.827493775774
     0.490164176173   13.217780465102   14.265742327620  272.376763581688
     0.491010379386   13.152848639228   14.229816911419  269.957074182114
     0.491825641352   13.140554038615   14.213051798405  269.717934071321
     0.492622206775   13.125230619156   14.208427162169  269.538100165733
     0.493455402697   13.117397648330   14.214125562773  270.022838397820
     0.494263295382   13.160935220508   14.244864540510  272.522683984336
     0.494969996526   13.189708250995   14.289624706351  273.943279836490
     0.495799534156   13.142865605772   14.239336000998  271.112575566031
     0.496377264155   13.155468581706   14.266438270915  273.025312058034
     0.496984191659   13.183707745670   14.290512555719  275.300820338251
     0.497937391345   13.128033007217   14.287531359018  273.725823820538
     0.498783309889   13.120359640569   14.241801531896  272.710673867345
     0.499603328035   13.134020974355   14.275923126651  274.101091696431
     0.500017975730   13.133428504103   14.292065233271  274.668063354107
