# {0} signal over time, extracted at r = 500 km
# All quantities are measured in a resting observer's frame at infinity
# cols=4 rows=919
#              time        luminosity               <e>             <e^2>
#               "s"           "foe/s"           "MeV^1"           "MeV^2"
  -4.1906375880e-04  1.0370051490e-06    4.124431601498   23.790457088876
  -3.7971936870e-04  1.1681347602e-06    3.571171090563   16.552314733185
  -3.6338804619e-04  1.3945688114e-06    3.531811689268   16.026426646270
  -3.4591730817e-04  1.7216608627e-06    3.506744733673   15.680686752418
  -3.2899564669e-04  2.1137671450e-06    3.492018594834   15.466649001154
  -3.1148650104e-04  2.5880764523e-06    3.481219525782   15.306496229502
  -2.9455784382e-04  3.1055401389e-06    3.474564671308   15.198129939446
  -2.8615219946e-04  3.3839531341e-06    3.471860522282   15.155123927088
  -2.6830794859e-04  4.0198485047e-06    3.467645305744   15.083883591393
  -2.5686387710e-04  4.4593595542e-06    3.466646432213   15.054633354698
  -2.4755534161e-04  4.8361055437e-06    3.466416874150   15.037360791641
  -2.3718534162e-04  5.2756506634e-06    3.466573241582   15.023291598641
  -2.2985592696e-04  5.5991261618e-06    3.466948965774   15.016632062573
  -2.2083676081e-04  6.0129226713e-06    3.467740958037   15.012252414842
  -2.1055784506e-04  6.5057007126e-06    3.468939781124   15.010936153191
  -1.9790504958e-04  7.1430292139e-06    3.470746127404   15.013755484493
  -1.8883994440e-04  7.6211911747e-06    3.472174009780   15.017754185350
  -1.7776687656e-04  8.2279680310e-06    3.473913881620   15.022699908994
  -1.6788256807e-04  8.7901886851e-06    3.475544126320   15.028288378959
  -1.5867879137e-04  9.3331221550e-06    3.477164149509   15.035112071892
  -1.5054056534e-04  9.8300199016e-06    3.478641794682   15.042083801189
  -1.4313539253e-04  1.0295978782e-05    3.480070682908   15.049534315499
  -1.3153307481e-04  1.1050971607e-05    3.482566845219   15.063841050378
  -1.2048853843e-04  1.1795205101e-05    3.485211584009   15.079889149114
  -1.0822093654e-04  1.2649669667e-05    3.488351955780   15.099701508548
  -9.8612714712e-05  1.3342222422e-05    3.490742120281   15.115074315567
  -8.6309331897e-05  1.4260349088e-05    3.493642605306   15.133498884236
  -7.5033103031e-05  1.5128614514e-05    3.496559690930   15.153030300745
  -6.4292005302e-05  1.5976998443e-05    3.499460299406   15.172946948824
  -5.4556723593e-05  1.6764689213e-05    3.502064899667   15.191036545548
  -4.6080026483e-05  1.7465533887e-05    3.504292314199   15.206601460141
  -3.8476576760e-05  1.8105703492e-05    3.506236646908   15.220151873113
  -3.0675019374e-05  1.8775055773e-05    3.508271735969   15.234713728256
  -2.3915183622e-05  1.9367194512e-05    3.510054439832   15.247690402294
  -1.8387917587e-05  1.9859283851e-05    3.511519029958   15.258445637377
  -1.2908794221e-05  2.0353837567e-05    3.512973108715   15.269188270507
  -7.1410049690e-06  2.0881459136e-05    3.514508154413   15.280607707656
  -1.8063409125e-06  2.1375985239e-05    3.515934405701   15.291304189738
   3.3236112472e-06  2.1857152381e-05    3.517308623376   15.301675800799
   8.0044594142e-06  2.2300783764e-05    3.518565937337   15.311228447236
   1.2685550088e-05  2.2748556249e-05    3.519823894849   15.320833458024
   1.7404959824e-05  2.3204204612e-05    3.521090149024   15.330564172433
   2.0201944441e-05  2.3476300230e-05    3.521839141642   15.336349608346
   3.1065941827e-05  2.5088308649e-05    3.522323000237   15.360720376630
   4.7528629265e-05  2.6789025775e-05    3.523514221854   15.374113365960
   6.6541277335e-05  2.8799662284e-05    3.523678273756   15.377518730454
   8.4805111010e-05  3.0768534191e-05    3.523583068059   15.378508936616
   1.0353568710e-04  3.2820636997e-05    3.523223341650   15.377253135162
   1.2092285676e-04  3.4752894553e-05    3.522578906425   15.373364481587
   1.3743624808e-04  3.6610710950e-05    3.521751760925   15.367829111416
   1.5539078826e-04  3.8653882107e-05    3.520607888240   15.359810801562
   1.7200771712e-04  4.0564224418e-05    3.519439541920   15.351735175860
   1.8969309897e-04  4.2613677859e-05    3.518241891557   15.343713959749
   2.0565254409e-04  4.4473948648e-05    3.517242812272   15.337307350341
   2.2401840666e-04  4.6623656332e-05    3.516204443071   15.331020068053
   2.4110053691e-04  4.8628821025e-05    3.515357652391   15.326295564758
   2.5918414269e-04  5.0755200429e-05    3.514597346585   15.322547379537
   2.7841323367e-04  5.3018531092e-05    3.513952365555   15.320040705952
   2.9636015706e-04  5.5131974322e-05    3.513508586905   15.319117093431
   3.1552991098e-04  5.7389857061e-05    3.513211205910   15.319696273257
   3.3588830942e-04  5.9788036939e-05    3.513102779218   15.322139322537
   3.5753389330e-04  6.2338533623e-05    3.513229136238   15.326862623789
   3.7843887069e-04  6.4803330539e-05    3.513593210829   15.333557377084
   4.0128374750e-04  6.7500162137e-05    3.514269088423   15.343333959887
   4.2568344467e-04  7.0386796525e-05    3.515317431252   15.356686447786
   4.5174052625e-04  7.3480414332e-05    3.516812646971   15.374335889756
   4.7727532584e-04  7.6527513363e-05    3.518657069436   15.395103700737
   5.0501640191e-04  7.9861348449e-05    3.521086857941   15.421641080603
   5.3476308213e-04  8.3471618668e-05    3.524181386329   15.454774003297
   5.6664514518e-04  8.7391598068e-05    3.528066188706   15.495832539078
   6.0106520663e-04  9.1694185444e-05    3.532929366004   15.546836229076
   6.3844245277e-04  9.6463602790e-05    3.539008611878   15.610371878304
   6.7854603921e-04  1.0170964175e-04    3.546467576347   15.688331381441
   7.2068646570e-04  1.0738250547e-04    3.555358035542   15.781525835528
   7.6556554500e-04  1.1362082121e-04    3.566009844310   15.893770401369
   8.1403495065e-04  1.2060031178e-04    3.578862172914   16.030179088007
   8.5873187444e-04  1.2726521497e-04    3.591902488112   16.169699961973
   9.0844042620e-04  1.3493475799e-04    3.607634196939   16.339454140769
   9.6570337519e-04  1.4409474529e-04    3.627127747695   16.551831299270
   1.0249501619e-03  1.5391186966e-04    3.648463088285   16.786643910379
   1.0947251906e-03  1.6586049816e-04    3.674489131286   17.076160058396
   1.1658176718e-03  1.7836173162e-04    3.701248189341   17.376992272196
   1.2454929574e-03  1.9278054104e-04    3.730676121525   17.709990457723
   1.3320391003e-03  2.1188934620e-04    3.763964264506   18.069320779580
   1.4146798101e-03  2.6441709015e-04    3.878904451044   18.985083012894
   1.5228719908e-03  5.1731410830e-04    4.253400758863   21.720829912790
   1.6312704912e-03  1.1128050623e-03    4.386275555664   22.579769513819
   1.7448315922e-03  2.3755143166e-03    4.439504678727   23.039605852087
   1.8657823615e-03  4.9523742324e-03    4.497327068529   23.649404490424
   1.9586701572e-03  8.0933127573e-03    4.562677131784   24.326778657815
   2.0868646430e-03    0.013788518583    4.704394949152   25.869218883854
   2.2149141885e-03    0.019872461941    4.898996574629   28.114365021550
   2.3429637340e-03    0.025309553634    5.121176701194   30.869966643039
   2.5004671294e-03    0.030872246085    5.402820022400   34.656121610456
   2.6561126996e-03    0.035609548890    5.669514995571   38.527733346563
   2.8117582698e-03    0.040080162286    5.914806114953   42.326653500185
   2.9674038400e-03    0.044554484220    6.135820979013   45.923663599281
   3.1230494103e-03    0.049211751406    6.336772260510   49.314881473563
   3.2786949805e-03    0.054256373813    6.524084070861   52.550674186662
   3.4343405507e-03    0.059982587783    6.704881394628   55.718408724288
   3.5899861209e-03    0.066758282337    6.886234711306   58.923957652148
   3.7745561114e-03    0.076674142033    7.108830096344   62.889217945039
   3.9853156295e-03    0.091129248503    7.374332313048   67.672144172024
   4.1956045321e-03    0.109527890739    7.646214710604   72.654512546739
   4.4058934347e-03    0.132635882856    7.918240753024   77.747727993287
   4.6161823374e-03    0.161205876742    8.183126119169   82.827645885835
   4.8264712400e-03    0.195907255824    8.433718491749   87.753857469949
   5.0367601426e-03    0.237227583681    8.664243392550   92.399300003606
   5.2470490452e-03    0.285699282467    8.871579862187   96.675954655442
   5.4573379478e-03    0.341854507084    9.055497966598  100.544773384286
   5.6676268504e-03    0.406191766650    9.217037333662  103.995342491953
   5.9185742734e-03    0.493972317614    9.381766768217  107.570606553047
   6.1713809872e-03    0.594678002248    9.520409717843  110.639055773906
   6.4241877011e-03    0.709098061895    9.639403035454  113.310733603305
   6.6769944150e-03    0.836783548422    9.742012375036  115.648331296424
   6.9298011289e-03    0.977328363449    9.825395089464  117.573950638617
   7.1826078427e-03    1.131819493169    9.897703604612  119.276869435344
   7.4354145566e-03    1.298925885244    9.957836372329  120.716755268680
   7.6882212705e-03    1.480139519357   10.014517816940  122.106404626393
   7.9410279843e-03    1.670496398246   10.059865789593  123.244564730139
   8.1938346982e-03    1.874262036497   10.102947162184  124.334446951241
   8.4466414121e-03    2.090913845308   10.143149460784  125.351639974437
   8.6980369806e-03    2.319678987182   10.179120040736  126.249409989257
   8.9495927691e-03    2.565410722457   10.218355810214  127.225918258878
   9.2019827322e-03    2.828143424591   10.260217730808  128.258438617616
   9.4543726952e-03    3.105585978308   10.298042277165  129.165756123645
   9.7067626583e-03    3.404280490596   10.344738364892  130.286652870580
   9.9591526214e-03    3.713371312808   10.389898451437  131.395671269940
     0.010209723326    4.023896856540   10.422411154512  132.174718392785
     0.010462261325    4.355807076772   10.460074760256  133.070050439210
     0.010714799324    4.703828128760   10.499531289956  134.030698387961
     0.010967337323    5.057215009483   10.529736846933  134.722210849094
     0.011219875322    5.413293105117   10.548813708856  135.093252088542
     0.011472413321    5.780904557710   10.565632706787  135.431569197024
     0.011724951320    6.171108139766   10.593571109547  136.105690713069
     0.011977489319    6.566645741561   10.623225503276  136.835951968034
     0.012230027318    6.951455142378   10.640255061955  137.212684611364
     0.012482565317    7.337813391383   10.651330893465  137.425486155465
     0.012735103316    7.742197205753   10.665973130568  137.746273115317
     0.012987641315    8.167466092766   10.684606168236  138.169491360807
     0.013240179314    8.604198667927   10.704505018800  138.602112282995
     0.013492717313    9.057317725995   10.728718532383  139.154835736889
     0.013745255312    9.536808934526   10.763283017316  140.044939249669
     0.013997793311   10.016646075933   10.796555954632  140.939155328608
     0.014250331310   10.477678393371   10.818537667000  141.494336208084
     0.014502869309   10.927610546271   10.833008221480  141.795143006057
     0.014755425771   11.366021038314   10.842932426654  142.007073420940
     0.015010851833   11.821597670988   10.857121736678  142.396689810126
     0.015266277896   12.290938653556   10.873752271467  142.802980129596
     0.015521703959   12.738173344850   10.879863796487  142.835391042493
     0.015777130022   13.166614958967   10.879444809306  142.690642374922
     0.016032556084   13.608927292158   10.886528291500  142.798456035019
     0.016287982147   14.055213996269   10.896216073571  142.990611124576
     0.016543408210   14.498613627942   10.903369271022  143.091855566145
     0.016798834273   14.946839570585   10.912284349627  143.192530632704
     0.017054260335   15.388258514431   10.918910651675  143.212266870367
     0.017309686398   15.834153324670   10.925034159375  143.245122231881
     0.017565112461   16.306307443171   10.938115876263  143.446447704185
     0.017820538523   16.789726626166   10.952497004442  143.670435213819
     0.018075964586   17.289930677049   10.969392473070  143.997450442152
     0.018335511494   17.838563799665   10.996060855625  144.616300487183
     0.018595064820   18.408072926272   11.023929368512  145.283299751782
     0.018854618146   18.989750134110   11.051700098755  145.951110903403
     0.019114171472   19.596044988439   11.083042953014  146.725126149212
     0.019373724798   20.225014200821   11.114143664137  147.529849674980
     0.019633278124   20.871745683802   11.143458674277  148.303263279057
     0.019892831451   21.542126504923   11.175331923775  149.140547695208
     0.020152384777   22.237526775413   11.208885583219  150.015317461857
     0.020411938103   22.952424574162   11.241186722853  150.875038796993
     0.020671491429   23.693382287361   11.275552472054  151.810255346238
     0.020931044755   24.469609172076   11.313071010875  152.827494568798
     0.021190598081   25.280961682151   11.353165224144  153.899009055302
     0.021450151407   26.106836279979   11.392853429457  154.937162768129
     0.021709704733   26.943461743426   11.430439499760  155.931373949679
     0.021969258059   27.806512734497   11.470494275360  157.047630126507
     0.022228811386   28.656594433920   11.510113709998  158.172087857645
     0.022488364712   29.440919353118   11.542702701768  159.076892815811
     0.022747918038   30.166970462518   11.569985853604  159.822388373705
     0.023007471364   30.871682546041   11.597775991963  160.611447802962
     0.023267024690   31.576984996110   11.628496769981  161.523619538495
     0.023526578016   32.270727719160   11.658836351290  162.426722182819
     0.023786131342   32.926336612743   11.684794968490  163.175776533363
     0.024045684668   33.536852102172   11.706249822715  163.777353751626
     0.024305237994   34.123457125777   11.726727101916  164.359709860319
     0.024564791320   34.688431088328   11.745367317313  164.908743735408
     0.024824344647   35.223531735203   11.759456174301  165.332656894289
     0.025009739880   35.596658425892   11.768049694350  165.584081742461
     0.026017113932   37.251918736115   11.795723521554  166.336007823280
     0.027025784941   38.521542613737   11.799131709152  166.257851101332
     0.028039467121   39.917097848881   11.815289631564  166.686154406620
     0.029045424706   41.280286667903   11.829829271776  167.077071275182
     0.030047267813   42.393988689741   11.831776166697  167.161832715907
     0.031059275018   43.660780079190   11.854395925882  167.879777553051
     0.032071282223   44.654457649981   11.870440393349  168.485705536796
     0.033083289427   45.148989654452   11.859667131453  168.206492008031
     0.034089910706   45.491959505346   11.848416698847  167.948986203770
     0.035109748080   46.101865970488   11.837480794794  167.464846595336
     0.036123696673   47.149586901085   11.855160964872  168.168611255523
     0.037145039771   48.217164029038   11.881687125628  168.788959771203
     0.038163922156   49.346038418460   11.905467490446  169.580532798485
     0.039182804542   50.638935139266   11.955651764434  171.102973084713
     0.040201686928   51.568041057585   11.975924763200  171.633734030200
     0.041229349691   52.453366125265   12.001850888784  172.490491091398
     0.042234759735   53.249788055319   12.013745858201  172.916772005645
     0.043273829466   54.100310599063   12.037824000748  173.551924933167
     0.044302044842   55.053775956221   12.066877492539  174.415815886958
     0.045330260219   55.687027663370   12.063098182864  174.491836338509
     0.046363148247   56.514938185748   12.100578357392  175.567848007512
     0.047396238332   57.109054111985   12.128346474108  176.163151424936
     0.048402338373   57.706341437124   12.153141892722  177.057322877994
     0.049425266522   58.458844633899   12.185556086573  177.835488493110
     0.050436446599   59.232972456344   12.207412472776  178.868560229553
     0.051438896599   59.880613905034   12.238145142624  179.558500255651
     0.052458896599   60.648307521384   12.254622641914  180.312192978182
     0.053458907033   61.477739723931   12.312912711868  181.800494764674
     0.054475907033   62.411863534288   12.338082271432  182.741849498549
     0.055504284292   63.312543547783   12.377717737802  183.719089459207
     0.056505334424   64.352745817091   12.418914463576  184.912355185715
     0.057544534424   65.191407365024   12.442831793307  185.979777512004
     0.058594294424   65.702301012751   12.484567939693  187.015199135620
     0.059644054424   66.321315672970   12.503767009091  187.778321259976
     0.060653854424   66.978441574286   12.541469497007  188.987778948332
     0.061666645633   67.465831786161   12.578931222631  190.150556743011
     0.062687557922   67.784890962387   12.610872449761  191.112583346679
     0.063697344258   67.955645820367   12.627537423745  191.657639884393
     0.064701007916   68.039651430161   12.641194448651  192.034942329850
     0.065712087724   68.297207183913   12.656795612495  192.550626649414
     0.066716722584   68.847296942551   12.697506039613  193.454840766496
     0.067751489208   69.633755631154   12.704042949969  194.092796341771
     0.068757093277   70.316276181614   12.741455149873  195.283499341975
     0.069784116796   70.826120294455   12.784730084957  196.541027635848
     0.070799949725   70.938233514466   12.815171278554  197.378899095690
     0.071823509613   71.042472173195   12.830049635810  197.781425509360
     0.072841955728   71.829088052226   12.849317420799  198.828819545394
     0.073887643916   72.460627810727   12.902256199436  200.332713078621
     0.074905136886   72.788025586022   12.939460575873  201.287547868902
     0.075949033728   73.211197399727   12.965856259127  202.309763707314
     0.076966434351   74.061948831069   13.029260361891  204.645351371435
     0.077990539362   74.244864136343   13.077698740706  205.930603151612
     0.079038888539   74.285625918691   13.068226048293  205.976993235025
     0.080067852271   74.825569820415   13.121780840242  207.660962623509
     0.081071607164   74.556789711119   13.141453932618  208.185304270162
     0.082077477291   74.552612945277   13.144855915260  208.375827484706
     0.083084505754   75.208598640014   13.197876702463  210.097070137074
     0.084086138468   75.324808975872   13.215605240254  210.766726054072
     0.085113832495   75.691117160594   13.249687021226  211.733306233290
     0.086151150688   76.016065597503   13.276401927572  212.766048583750
     0.087170804885   76.259937491845   13.306897330083  213.731059272629
     0.088175638290   77.105126271188   13.374256188863  215.842244353108
     0.089186588063   76.921520064260   13.399054543293  216.543278056851
     0.089983940605   76.893088647556   13.409238271296  217.278034400227
     0.091010808191   77.300252686967   13.463848491744  218.951400106450
     0.092012727961   77.833584711202   13.493242714793  219.724857334523
     0.093028742043   78.039496310217   13.520793620716  220.987290604866
     0.094080207348   78.705507711159   13.580593681817  223.080072069791
     0.095094960260   78.491584625315   13.598155369716  223.786053295640
     0.096119164869   78.204052515502   13.597699965427  223.727772026361
     0.097152286173   78.722632286823   13.673542150597  226.062075543445
     0.098184957562   78.882371803349   13.712052959778  227.482374563904
     0.099202171414   78.571805364522   13.728661095550  228.153859794350
     0.100205408085   78.742469211016   13.759957513050  229.428239962792
     0.101209574073   78.943188826157   13.812926679861  230.924726348032
     0.102235757613   78.926807464830   13.815857775674  231.210191798498
     0.103236328301   79.193502367897   13.871177066023  233.206727500854
     0.104237348737   79.279336818353   13.918959269840  234.847872227385
     0.105239841803   79.224045674755   13.927971042066  235.276756121496
     0.106245088315   79.567236601644   13.986356934934  237.167402573580
     0.107270586129   79.600383715359   14.015393110052  238.302431046732
     0.108275652025   79.263221313365   14.055183755169  239.715246287287
     0.109277314715   79.510536423052   14.107608226199  241.623820773961
     0.110278736537   79.239197975848   14.116510277666  241.929628431744
     0.111291899604   79.158755752117   14.122455205176  242.433915252185
     0.112309314649   79.196248581684   14.164173751095  243.716191146080
     0.113328370209   78.889546289053   14.179496310673  244.054021911109
     0.114333451410   79.452041860812   14.249389839155  247.040528881419
     0.115342022850   79.434118149997   14.281888728942  248.039450401447
     0.116344822788   79.531195176513   14.308272860654  249.019659453885
     0.117361088021   79.791187448038   14.377585587429  251.257319243599
     0.118372646310   79.402245497352   14.404510474205  252.750486756938
     0.119376201725   79.221100252726   14.438651736723  254.186112208401
     0.120378966199   78.654246076793   14.451141097703  254.575746448713
     0.121386818393   78.487951120316   14.472506534184  255.363244983388
     0.122403704144   78.198748488080   14.474116136898  255.881526448455
     0.123411418136   78.005249134239   14.537435965584  257.189682478912
     0.124416835199   78.212176934650   14.577768970755  259.494493827343
     0.125417811141   78.443885408529   14.617918776331  260.807946441119
     0.126423050228   78.740564734444   14.678393056699  263.454775058051
     0.127427173017   78.884949066738   14.750134805869  266.174111244243
     0.128436320961   78.136904650834   14.765310954168  266.709717610165
     0.129439434310   77.393517074633   14.770207028637  267.039841965754
     0.130450630649   76.674622254909   14.772007415744  267.133574966744
     0.131454586484   76.519778076551   14.781129908427  267.284613580063
     0.132462700674   76.888206010760   14.856206821625  270.243234430763
     0.133468207491   77.591625382138   14.924304058789  272.691585799157
     0.134470527413   77.886312819339   14.974159841890  274.838951203964
     0.135482076054   78.110275267003   15.034774174773  277.402180449532
     0.136485184180   78.584682488727   15.104793356028  279.817150561877
     0.137495395777   78.624954681988   15.153634019685  281.697751080078
     0.138505058895   78.497436014816   15.190273879626  283.678967258548
     0.139513649705   78.133418552787   15.206473886437  284.196849690738
     0.140520401235   78.256654773466   15.252946978252  286.183334596868
     0.141522012508   78.390571217613   15.287898029360  287.454684925733
     0.142530042865   78.593271406444   15.359626475333  290.596828121956
     0.143535562727   78.538241544258   15.384329762560  291.284454187662
     0.144537052172   78.769394941148   15.437813363388  293.777729243848
     0.145539397169   78.850716390929   15.493654620828  296.003196214402
     0.146543633825   78.821095631904   15.501747461897  296.350854529300
     0.147552311012   79.175424798311   15.585493659308  300.038559535921
     0.148557934530   79.208145786574   15.593248193414  300.264124240512
     0.149563555752   79.020307712947   15.663684299140  303.261186232091
     0.150565319453   78.665033856448   15.680310204945  303.951789967679
     0.151565814661   78.543649749748   15.709220735177  305.081578590059
     0.152567715882   79.099788389281   15.759015360678  306.955384959249
     0.153571125937   79.261767936242   15.823895596575  310.157243531783
     0.154573612375   78.920287724472   15.829352647295  309.916528555119
     0.155579188460   79.246863922291   15.890895751942  312.756892932280
     0.156580484989   79.776401688840   15.959862097246  315.610548100147
     0.157584137786   79.785032208082   15.979657110780  316.387616630544
     0.158590757057   79.698669619859   16.053309581123  320.144141085303
     0.159593718900   79.609470718651   16.062462630465  320.025677794679
     0.160087472883   79.578462245840   16.066704438885  320.169285452791
     0.161089808153   79.738424882444   16.123974166835  322.577966491022
     0.162094211357   79.964847144099   16.185937524050  325.546796214891
     0.163096813209   80.149878862542   16.201893543902  326.039053395300
     0.164010758915   80.187826257474   16.263094282032  329.355888342778
     0.165014131739   79.908504990166   16.261783578544  328.759125059972
     0.166016008796   80.428338224362   16.354809514523  333.086418875882
     0.167018218506   80.884710979586   16.409812523583  335.410128665360
     0.168019243939   80.912090752166   16.422744357685  335.601054453746
     0.169021381824   81.267796554884   16.499147604023  339.490819564829
     0.170021509845   80.948102878175   16.487392654807  338.608299069521
     0.171021953827   81.211138641361   16.562914008288  343.357019013627
     0.172025875578   81.153193569742   16.579782918049  343.247066633846
     0.173029805054   81.019851191881   16.622698589370  345.879892199896
     0.174030884272   80.921297448088   16.642084299945  345.784659623485
     0.175032537304   81.398539960290   16.699766114109  349.407847040678
     0.176032909495   82.071426811272   16.782357225247  352.776190274506
     0.177034596821   81.620604561643   16.783375220295  352.455057962833
     0.177444807581   81.529092258469   16.785670878171  352.192800757887
     0.178447579273   81.332367715506   16.819673651454  354.458040589425
     0.179451380631   80.481081949412   16.795167866482  352.707962348913
     0.180453739514   80.931343267827   16.810300531880  353.080800656016
     0.181454032867   81.029509013028   16.836496240615  353.889478717731
     0.182454326220   81.848899535285   16.914131185240  357.572288917858
     0.183455244998   82.125817283965   16.935982310392  357.803989741352
     0.184457830257   82.774363115892   17.022371455983  362.069833472556
     0.185460415516   82.695376652222   17.051032023766  363.486078881305
     0.186464320965   82.399580070757   17.057806623665  363.700456499948
     0.187465589485   82.824037422573   17.106632676942  366.275029620203
     0.188466131824   82.516539777680   17.097450179340  365.296776094445
     0.189467807341   82.531232125367   17.130534099198  366.954970971851
     0.190469482858   83.453142809718   17.211171742150  370.945853533072
     0.191469492102   83.282405655007   17.223513537698  370.850733287130
     0.192472238177   82.714426673598   17.225650808778  370.740949931573
     0.193473561251   83.224599939606   17.309106170950  375.869157824027
     0.194475003370   83.792799216775   17.353659858178  377.591820155699
     0.195477070174   83.743867794677   17.397850852397  379.593441226209
     0.196479136977   84.202448273848   17.473520506493  383.743124005512
     0.197480395845   83.934248985184   17.489671700816  384.537192994163
     0.197502736463   83.918702701978   17.488999904073  384.484850844053
     0.198505271679   84.047582101557   17.495831301347  383.619949681311
     0.199507806895   84.346256305696   17.565466671643  387.752774616716
     0.200508612355   84.253484541838   17.579375592000  388.298620709335
     0.201510294629   84.214441025194   17.594149101433  387.922302177944
     0.202510971830   84.844694287394   17.678644243681  392.845367425927
     0.203512535198   84.696711553851   17.681690072290  392.417390619403
     0.204510112217   84.780826099584   17.705620339189  393.556451362938
     0.205507689236   85.805810097367   17.785844546535  397.559859651176
     0.206509264468   85.526890330928   17.796190607930  397.821328348325
     0.207512094194   85.024982658864   17.793058644234  397.491565930652
     0.208512213675   85.193223979557   17.834592081922  399.948213773918
     0.209512621115   85.594167035416   17.906067547336  404.194918712514
     0.210513210691   85.294082574924   17.914553995061  404.679123751132
     0.211513906628   85.622454238313   17.938012281763  405.019962011969
     0.212027788025   86.145339206123   17.970932278478  405.852185189761
     0.213008477714   86.624093093954   18.042909626926  410.448941953681
     0.213870429201   86.497581556423   18.057136805242  410.888252717179
     0.214871608331   86.440414943035   18.072313081533  411.338721349827
     0.215835701025   86.105050124323   18.066718848803  410.418955042179
     0.216770400961   86.431205176183   18.128035980243  414.283191630838
     0.217771602306   86.937190350365   18.167100427077  415.521619698390
     0.218766841442   86.702375449521   18.167864520374  415.220304370242
     0.219532426001   86.848175238813   18.205217271229  418.175000347118
     0.220296822902   86.877321477768   18.236092463346  419.310331244602
     0.221059850105   86.758081476101   18.239656234044  419.517291044052
     0.221821624933   87.085477095235   18.268330657545  420.826118061240
     0.222822090531   87.173730042798   18.286918318803  421.341404196352
     0.223656074097   87.052341894087   18.281400262893  420.790223502148
     0.223735940753   87.124016380062   18.285557995707  421.122616731706
     0.224484607462   87.847407776344   18.360343495196  425.621666417850
     0.225424394687   87.637851979720   18.365729565857  425.720196398972
     0.226267440017   87.389177154197   18.369111808323  425.961548683644
     0.227039888323   87.427925258365   18.379910457355  426.642277499049
     0.227812336630   87.378629408985   18.394263234783  427.395126863436
     0.228584784937   87.430483467430   18.415274362889  428.372685578122
     0.229357233243   87.340701081416   18.409218393632  427.465377959442
     0.230129681550   87.436279356470   18.421263840565  427.457990974337
     0.230902129856   88.439598523350   18.487677172772  431.215162891893
     0.231674578163   88.429655615431   18.504333551726  431.744443949400
     0.232447026469   88.430751474197   18.526057800743  432.674896953643
     0.233219474776   87.891750176998   18.510675805480  432.030201864603
     0.233914678252   87.727508501777   18.524592321860  432.789516426565
     0.234834741413   87.294066962007   18.523820102136  432.673950707511
     0.235574648183   87.148797813084   18.526894888348  432.768656293504
     0.236266807202   87.514801426521   18.569498768027  435.770317449203
     0.236958966222   87.740086258402   18.597289785998  437.201358753334
     0.237607808704   88.480135503060   18.650373937901  439.013474239387
     0.238230550197   88.671114051487   18.678059762454  440.702824411619
     0.238853291689   89.117229793703   18.718127387196  443.273234447225
     0.239609786725   88.954943342469   18.732255472795  444.007530706689
     0.240304249584   88.726446289819   18.735322677459  444.118029077577
     0.240947192019   88.575588259264   18.723284168597  443.613410711476
     0.241558998194   88.651708158428   18.751160014991  445.153196391836
     0.242170804369   88.535982346430   18.753672755985  445.203271498666
     0.242447340761   88.688088486198   18.766482261241  445.653122712323
     0.243101042285   88.633974556235   18.777329430510  446.039939873944
     0.243695461788   88.785544556972   18.787299504816  445.704972072581
     0.244289881290   88.931458390233   18.809734878433  447.255773712433
     0.244884300793   89.223521878646   18.839524809242  448.961799614547
     0.245478720295   89.379762514107   18.865073576102  449.904527613913
     0.246073139797   89.190996022941   18.862710785155  449.466033829137
     0.246667559300   89.291839455098   18.881319225379  450.577342732689
     0.247261978802   89.450546274403   18.901429706089  451.912431250697
     0.247856398305   89.523513786689   18.927618445383  453.661341089336
     0.248450817807   89.232787813453   18.917958315867  452.822557345045
     0.249045237310   89.296079386732   18.932932527945  453.800582797252
     0.249639656812   89.155482915377   18.932916777324  453.775013002729
     0.249844137121   89.188324507163   18.936526257376  454.009745004457
     0.250379352441   89.522106312756   18.964768569159  455.433004748877
     0.250914329993   89.449545551348   18.972816826244  455.553713940372
     0.251449307545   89.494455400396   18.981282815075  455.472787210940
     0.251984285098   89.625140598482   18.998893790984  456.493421457045
     0.252519262650   89.883035863959   19.030218865527  458.722304992522
     0.253054240202   90.100438625032   19.064005134115  460.856850694005
     0.253589217754   89.965938064343   19.070053544714  461.102650212685
     0.254124195306   89.876572951355   19.067603930153  460.667472512769
     0.254659172859   90.020929468895   19.088632087788  461.706163119904
     0.255194150411   89.869161974883   19.096147127702  461.907716907939
     0.255682981647   89.941282930110   19.107003560835  462.258957227024
     0.256164425191   89.789116822257   19.105117496699  461.941563122757
     0.256314635576   89.737674106295   19.103888982012  461.969607474102
     0.256796079119   90.100612969296   19.134680981088  464.088321925762
     0.257277522663   90.329933275019   19.172344625407  466.106404211646
     0.257758966206   90.080431305357   19.173104970431  466.555950637628
     0.258240409749   90.095100604227   19.181788326861  466.908971444107
     0.258721853292   89.821721545363   19.180213202325  466.823621861606
     0.259203296836   89.841267610803   19.185174753702  466.797878826658
     0.259684740379   89.887063337720   19.203041574740  467.553277237286
     0.260166183922   89.587530945719   19.194437742299  466.953309825169
     0.260647627465   89.670394742422   19.203604973052  466.982850379118
     0.261129071009   89.399186895981   19.193997075557  466.301209139522
     0.261610514552   89.462525316607   19.201238149768  467.008993665670
     0.262091958095   89.751386136630   19.242121505369  469.806518577723
     0.262509851091   89.541404053632   19.244506670274  470.024313707021
     0.262991294634   89.590668081977   19.250955679637  470.132526900667
     0.263472738177   89.559175658809   19.258393332695  470.486182421563
     0.263510290774   89.537455737972   19.258270901767  470.504583078663
     0.263908315693   89.314359715021   19.250432678412  470.075407736038
     0.264367641676   89.447055088530   19.265496487155  470.653740597572
     0.264981736482   89.279229097951   19.264733550831  470.272026582137
     0.265595831288   87.490026741198   19.125319336084  462.276495218473
     0.266209926095   87.029847217513   19.066875309480  458.811032724832
     0.266824020901   87.125455210230   19.079357952102  459.375754091854
     0.267438115707   86.673368095056   19.046528148894  457.081567628763
     0.268052210513   86.900014352597   19.055818903986  457.454326296511
     0.268666305320   86.792248552593   19.056396306676  457.477624539365
     0.269280400126   87.188399381300   19.087441302539  459.278854885417
     0.269894494932   87.204270697566   19.105922922511  460.380833294210
     0.270508344036   87.118789441271   19.111841859457  460.699123271466
     0.271061013189   86.982492430863   19.104674716051  460.183588107452
     0.271098594691   86.984071444919   19.105247335328  460.226279557261
     0.271651263844   87.178873794382   19.125991173256  461.428736599783
     0.272203932998   87.178351028437   19.133987593677  461.876050418413
     0.272756602151   87.539852528464   19.166215440819  463.654260925375
     0.273309271304   87.317069730747   19.165513030651  463.687860234291
     0.273861940457   87.316707472938   19.170496071330  463.907587556352
     0.274414609610   87.110613852718   19.169342895340  463.782580407896
     0.274967278763   87.143957799441   19.171511983381  463.657306230110
     0.275519947916   87.080394671554   19.181573466745  464.153596935294
     0.276072617070   86.800512518254   19.179206987502  464.200742052146
     0.276625286223   86.594322712634   19.176593174717  464.103289821945
     0.277177955376   86.654052430763   19.182636413045  464.229218204483
     0.277730624529   86.809074317792   19.200628416578  465.008151017408
     0.278283293682   86.834919404272   19.209002121714  465.322601994535
     0.278594999085   86.950123190131   19.221600950181  465.965202251491
     0.279147668238   86.608965014473   19.210014247062  465.343300615793
     0.279700337391   86.811915829752   19.225755962958  466.086191218599
     0.280253006544   86.589240385749   19.225395671988  466.065219367246
     0.280805675697   86.552684188058   19.228421619480  466.196508994011
     0.281358344851   86.438023276492   19.228139497020  466.065379132965
     0.281911014004   86.666699646255   19.252936023868  467.377417814026
     0.282463683157   86.497376602198   19.254555608142  467.452082609776
     0.283016352310   86.652560344858   19.277335091212  468.825131597149
     0.283569021463   86.384023587050   19.277365135395  468.801592743804
     0.284074262411   86.336796973966   19.281694401889  469.051846549901
     0.284571524783   86.413348126796   19.294769416665  469.764102858984
     0.285068787154   86.508232937148   19.308497147718  470.696703480351
     0.285506378041   86.932653452533   19.348370316186  472.950719020098
     0.286003640413   86.811881928442   19.352638225080  473.167128777527
     0.286500902784   86.903996206774   19.360676502580  473.527123658584
     0.286998165156   86.748910046945   19.357103688565  473.222458661857
     0.287495427527   86.902082106521   19.371750387346  474.072905927991
     0.287992689899   86.980125667040   19.389930285461  475.175089015640
     0.288489952270   86.866783118577   19.385758334256  474.773967044491
     0.288987214642   86.781792357368   19.396339367421  475.518400720138
     0.289484477013   86.406501492354   19.380939650819  474.643889700063
     0.289981739385   86.572490515417   19.391668570884  474.922619186600
     0.290479001756   86.459201942685   19.389785154842  474.664509757715
     0.290976264128   86.711118735917   19.408108157802  475.464726397856
     0.291473526499   86.585078788711   19.408005739069  475.395286403103
     0.291913106436   86.629225414762   19.412493932060  475.559315122054
     0.292410368807   86.586193680664   19.415483582599  475.604657890528
     0.292907631179   86.628263184605   19.421028004283  475.776481576061
     0.293404893550   86.756471889679   19.431699886032  476.249674618176
     0.293902155922   86.917073445159   19.446537254595  477.093837061901
     0.294399418293   87.199488462013   19.481789410135  479.138393005573
     0.294896680665   86.853082026160   19.471661453409  478.601588706931
     0.295393943036   86.704811267361   19.473277470873  478.644848718428
     0.295891205408   86.206149392468   19.446706326038  477.157814895669
     0.296388467779   86.316910854670   19.455281704226  477.432177655456
     0.296885730151   86.360547627768   19.461842959707  477.705696373447
     0.297382992522   86.620671527266   19.491855771288  479.491124762801
     0.297854481181   86.494522620087   19.490647927532  479.392343705228
     0.298301987352   86.638010735551   19.506200816620  480.341821237372
     0.298422814018   86.711077565341   19.513695507379  480.782480121203
     0.298870320188   86.762172357549   19.523110562871  481.309589001765
     0.299317826359   86.858455434148   19.534963992868  481.979257386535
     0.299765332529   87.138104325219   19.556334114535  483.047201008615
     0.300212838700   87.265886952860   19.563810763607  483.236494595562
     0.300660344870   87.410291589358   19.576938156085  483.884600983082
     0.301107851041   87.295088780214   19.572853529496  483.583444020459
     0.301555357211   87.381786881133   19.581911534741  484.031673365963
     0.302002863382   87.302369584587   19.585322249230  484.214784350942
     0.302450369552   87.168226766313   19.583964763122  484.173151618159
     0.302897875722   87.179367554747   19.590325747756  484.488692563617
     0.303345381893   87.084187452002   19.587587460762  484.257498714386
     0.303792888063   87.267821986830   19.603157454753  485.048239741698
     0.304240394234   87.070368557463   19.596583540678  484.620432175575
     0.304502632850   87.067792369608   19.594967155450  484.438472387133
     0.304950139020   87.395684456124   19.616488191807  485.381644851031
     0.305397645191   87.293411818364   19.618818754917  485.445751670790
     0.305845151361   87.356008605798   19.628303286632  485.936446840652
     0.306292657532   87.205403469197   19.626768861551  485.803004004765
     0.306740163702   87.170742491476   19.625761321265  485.710947176238
     0.307187669872   87.471569456773   19.651051650191  486.992712206992
     0.307604981973   87.487686040726   19.659051549790  487.542492627745
     0.308007689820   87.808979866416   19.689831862815  489.458481936490
     0.308410397668   87.896765683445   19.709689937934  490.661217421473
     0.308813105515   87.888114068700   19.713941038026  491.005520105531
     0.309215813363   88.129586325365   19.730520915394  491.747620458460
     0.309618521210   88.159133885178   19.732621664547  491.694543419819
     0.310021229057   88.341149277361   19.742043129977  492.065360843197
     0.310342589919   88.492529812489   19.751734417473  492.449844013686
     0.310745297767   88.475501536273   19.752881056012  492.473692213852
     0.311148005614   88.447216039290   19.754404646116  492.590000332520
     0.311550713461   88.360310488104   19.749220984219  492.213329392010
     0.311953421309   88.514037721780   19.751782530177  492.154489925480
     0.312356129156   88.851158156476   19.773190183743  493.128815953545
     0.312758837003   88.786429399739   19.771832972100  492.988163170561
     0.313161544851   88.909739721569   19.774534808540  493.028060692663
     0.313564252698   89.186521518953   19.801273404018  494.463244401721
     0.313966960546   88.955180650204   19.793778094659  494.092702304900
     0.314369668393   88.932974893233   19.792851684262  494.016655155633
     0.314772376240   88.872256805380   19.798241815057  494.326082560617
     0.315175084088   88.661286390607   19.786974281552  493.706033439818
     0.315577791935   88.803186624454   19.795401147477  494.067591033440
     0.315641419775   88.845872307837   19.798901839413  494.249808292749
     0.316044127622   88.962642953470   19.812587251638  494.983057047539
     0.316446835469   89.038382162199   19.821981578628  495.597324481498
     0.316849543317   89.332556511305   19.853480854547  497.411524240433
     0.317252251164   89.124905022601   19.850218556982  497.198864160517
     0.317654959012   88.951442731207   19.838109154361  496.530831534621
     0.318057666859   89.190008388187   19.863313179823  498.074695895701
     0.318460374706   89.169234298390   19.870178528403  498.515545431108
     0.318863082554   89.246834014076   19.877764603762  498.980790670676
     0.319265790401   89.289283765652   19.886361993634  499.422082637542
     0.319668498248   89.090160773074   19.872625953653  498.613140800223
     0.320071206096   89.291565839709   19.885093189297  499.252453383382
     0.320473913943   89.382828545636   19.895384755983  499.712864170819
     0.320876621790   89.312067024369   19.890748706696  499.436090060021
     0.320954747113   89.340040347146   19.892335351897  499.515914374234
     0.321357454960   89.565386165153   19.909342529675  500.348264600571
     0.321760162807   89.395831953682   19.904596629584  500.046194933378
     0.322162870655   89.315265509156   19.901294183500  499.873350433058
     0.322565578502   89.493366408787   19.915193738023  500.506308348071
     0.322968286349   89.361611338705   19.910804261057  500.244933701705
     0.323370994197   89.419977640494   19.912983495975  500.291345772049
     0.323773702044   89.549029864694   19.927145261666  500.948062953727
     0.324176409891   89.345099747553   19.916081072383  500.323762957233
     0.324579117739   89.559572430247   19.924045144440  500.591978047410
     0.324981825586   89.770938166661   19.944542904134  501.605416851758
     0.325384533433   89.620847539738   19.937957571173  501.259365130643
     0.325787241281   89.874126727785   19.957029423363  502.237687261728
     0.326189949128   89.833264399878   19.966556890204  502.783513034712
     0.326376000154   89.726492600637   19.962313087657  502.554151206337
     0.326778708001   89.664392991546   19.961671870029  502.524042836696
     0.327181415848   89.587172879316   19.967090804234  502.815136655007
     0.327584123696   89.286675619235   19.949399235377  501.837099243527
     0.327986831543   89.567175559080   19.969494409239  502.942606700663
     0.328389539390   89.653207725588   19.990132536247  504.180774902543
     0.328792247238   89.526094404259   19.983815158469  503.875175073816
     0.329194955085   89.769263514582   20.008235775669  505.361322930665
     0.329597662932   89.650012946629   20.008438751959  505.398555307767
     0.330000370780   89.695349702178   20.006252691899  505.168278705055
     0.330403068792   89.982718414081   20.026409105322  506.091443819480
     0.330805504904   89.866998231491   20.020812823524  505.796040352633
     0.331207555240   89.990026192712   20.024913400270  505.899854629265
     0.331609273694   90.100035948257   20.035002598672  506.321052433275
     0.331827646176   90.023245587355   20.030346341410  506.047830474766
     0.332228776820   90.098759951697   20.034426233012  506.258928126655
     0.332629551026   90.219486325607   20.046569112316  506.845487083698
     0.333029976337   90.043013477837   20.037145697433  506.303814811475
     0.333430000119   90.160459066023   20.046212938008  506.785554740470
     0.333829698886   90.205859575328   20.057969110281  507.385905760481
     0.334229025469   89.874522806401   20.042592289889  506.620435273735
     0.334627984752   89.932780300136   20.050477647306  507.059990066531
     0.335026622134   89.846662686886   20.057527993339  507.511400358673
     0.335424862358   89.494260726416   20.044469469198  507.010069316252
     0.335822767566   89.524324244932   20.050504164347  507.298956785786
     0.336220313617   89.399627477658   20.048226032161  507.132465263406
     0.336617502197   89.399250948958   20.048869858268  507.090616613320
     0.337014336945   89.563859445313   20.064529214258  507.791577788510
     0.337253882980   89.457178083365   20.062830257472  507.685389963936
     0.337650136992   89.169847325369   20.053874087530  507.300775570192
     0.338046073028   89.190449182767   20.064050933795  507.835179692142
     0.338441652504   88.933680734350   20.055508217968  507.314994556604
     0.338836855280   88.904635803312   20.049861440400  506.859380055221
     0.339231746939   89.237168612239   20.075572276518  508.059521742743
     0.339626258094   89.031911533149   20.069924634533  507.759516572133
     0.340020425221   89.030413801208   20.072015793191  507.840509235268
     0.340414269358   89.074738731644   20.083876512696  508.420180159749
     0.340807727066   88.900022298581   20.075835624121  507.991377684393
     0.341200844161   89.112450497752   20.094415964836  508.977857138170
     0.341593650685   88.989719775318   20.094319388192  508.965895641602
     0.341986030975   88.968722400447   20.092472476528  508.881465047505
     0.342378118478   89.417331437582   20.135225427253  511.263459929304
     0.342407902624   89.426287682660   20.137265192473  511.378361478200
     0.342799454153   89.111571472898   20.130182647445  511.038900070773
     0.343190586606   89.284770450126   20.147391708713  512.148663124751
     0.343581529273   89.604250827512   20.184136813363  514.257402906728
     0.343971933969   89.189891611458   20.167286878550  513.354086244402
     0.344362182959   88.401492279991   20.108192153578  509.830731682769
     0.344751936495   88.015191695276   20.068514114125  507.391645558701
     0.345141429308   87.833067885638   20.058272915988  506.869198181425
     0.345530546806   88.051485402610   20.070153902239  507.468913557196
     0.345919310270   88.034272833204   20.068726056449  507.317701885717
     0.346307754070   88.057520692209   20.068470718266  507.290647581143
     0.346695794258   88.250294260839   20.085325287721  508.115799594939
     0.347083590801   87.967825318769   20.071954276638  507.438834738015
     0.347115366116   87.953842502088   20.070897277665  507.384382435760
     0.347502664213   88.136324819914   20.079963829542  507.747300157726
     0.347889756364   88.142519407294   20.087871725751  508.146815651347
     0.348276362640   87.890605925250   20.075253368802  507.527264083840
     0.348662740387   88.054464990456   20.087567478776  508.052104060657
     0.349048708429   87.956851520991   20.086104751965  507.942524295684
     0.349434357522   87.892211206554   20.081338758063  507.609044455452
     0.349819656882   88.026531198353   20.095641551430  508.350610155324
     0.350204609624   87.846977750212   20.089375576376  507.997722694183
     0.350589225422   87.808727404301   20.085037026713  507.699176781697
     0.350973483965   88.025309307021   20.101566018709  508.495927313606
     0.351357432919   87.922394062110   20.101111852349  508.507049404193
     0.351740987324   87.935117397102   20.105832694714  508.758613347565
     0.352117382087   87.924181554096   20.109393313413  508.892982366650
     0.352500232442   87.890727310268   20.108732489649  508.846088909518
     0.352882837309   88.072063766093   20.125373595149  509.672628811307
     0.353265029139   87.936617179206   20.121292481411  509.442455905660
     0.353646902817   88.091609765656   20.132644680454  510.017821774854
     0.354028449141   88.208707605364   20.149930346133  510.967153594413
     0.354409623265   87.983759756963   20.140989609314  510.486537174486
     0.354790483598   87.980813996544   20.143735374844  510.621665547160
     0.355171002226   88.028070382446   20.154555174676  511.194204471870
     0.355551157587   87.772771080581   20.140481012638  510.450359595789
     0.355930989502   87.914664233020   20.151667042095  511.041386897773
     0.356310482274   87.803344503708   20.151440657465  511.047815136977
     0.356689608158   87.730491183810   20.146758697632  510.823833354808
     0.356704766241   87.741416887908   20.147495397649  510.865570009834
     0.357083557107   88.084411575054   20.177615070914  512.600591953085
     0.357462002102   88.044925949972   20.181383750313  512.892128740994
     0.357840077816   88.188725304867   20.189613124075  513.337962828440
     0.358217878568   88.414465063404   20.211483364982  514.499688885398
     0.358595281333   88.209173691317   20.200456767208  513.886934153176
     0.358972372827   88.301480492533   20.207001210407  514.212728792022
     0.359349126287   88.283396855913   20.210275292998  514.271338073001
     0.359725511111   87.999774164328   20.184715478847  512.781839429631
     0.360101572363   88.356993568680   20.208124046061  514.036701019839
     0.360477299179   88.500833322011   20.225029675537  514.942019416973
     0.360852665245   88.383504926375   20.218225739107  514.603633925752
     0.361227698621   88.580340529808   20.235162537495  515.493174483151
     0.361442837705   88.520591990594   20.236557956109  515.597384613194
     0.361817316705   88.185810265335   20.215619512945  514.518024052186
     0.362191464189   88.399912196198   20.228069188337  515.096660915043
     0.362565308406   88.426052211052   20.238826337252  515.697384857469
     0.362938747137   88.188403445979   20.222984493059  514.844063309108
     0.363311917996   88.515355922187   20.246151885879  515.997405956818
     0.363684709593   88.403115276126   20.253067715807  516.462602003146
     0.364057176406   88.042110557296   20.235606533268  515.596569083751
     0.364429308477   88.172825705996   20.249290061735  516.254919354138
     0.364801090467   87.975336328824   20.246142063969  516.096166058523
     0.365172538768   87.858543259665   20.241439423431  515.816119214252
     0.365543656362   87.927645228359   20.251227318488  516.230025814055
     0.365914434357   87.768372587069   20.243726066419  515.770510034113
     0.366074502097   87.783101012240   20.245245055401  515.835474862236
     0.366444809515   87.907237240404   20.258532886167  516.484132521126
     0.366814776031   87.683780561886   20.248381803085  515.930727202642
     0.367184408997   87.676019825793   20.246620664387  515.786303704568
     0.367553701056   87.853064911175   20.257769082691  516.238774292613
     0.367922640073   87.886122160777   20.259095790524  516.229328021534
     0.368291242057   88.005800957077   20.265612993186  516.483175645229
     0.368659495824   88.166235161453   20.275851958486  516.960817493312
     0.369027413177   88.428156397093   20.296038934015  518.077197218375
     0.369394984296   88.598115705949   20.316852218783  519.276501756535
     0.369762208013   88.516943468489   20.316263700085  519.232255956784
     0.370129082329   88.456830059813   20.315715376865  519.199622474757
     0.370495636045   88.343330575314   20.314091610101  519.089952186235
     0.370604808373   88.298680182085   20.311739886802  518.948115999612
     0.370970894709   88.322663844638   20.312861160845  518.959018404903
     0.371336673018   88.455548742493   20.329754900151  519.892303333511
     0.371702089560   88.196920930947   20.319143097689  519.292309282166
     0.372067181486   87.977645580823   20.300929901222  518.231155777350
     0.372431928040   88.127207313013   20.313176533639  518.878966756675
     0.372796327537   88.159766118264   20.320417178766  519.316354494800
     0.373160400179   88.190988176959   20.324916544371  519.593075134710
     0.373524119248   88.156214324398   20.324642050467  519.678930579518
     0.373887493210   88.391959466981   20.340354470205  520.587742974819
     0.374250517210   88.649127280397   20.363038193602  521.801583309542
     0.374613219510   88.561337351032   20.360082394667  521.623057236426
     0.374975532408   88.628538576330   20.362073507762  521.676856247549
     0.375178291688   88.782662508916   20.374019182399  522.285678644428
     0.375540110459   88.693031220114   20.374769989648  522.311865884974
     0.375901549820   88.442220695250   20.359188826554  521.492733042309
     0.376262673724   88.570482942862   20.371401876975  522.127814252967
     0.376623438065   88.442280323355   20.371804284443  522.206165381246
     0.376983856290   88.165461006533   20.351741441279  521.047944393149
     0.377343958953   88.181360739656   20.353684047629  521.116165332638
     0.377703686881   88.135555846704   20.353195628107  521.063382981838
     0.378063095993   88.194101782566   20.359902296828  521.442271204770
     0.378422165595   88.187229477256   20.367026165069  521.806775990442
     0.378780873513   87.945580119735   20.350895003234  520.854344656681
     0.379139270231   88.065950378086   20.362294299322  521.516473914885
     0.379490859137   88.094428754524   20.373057933129  522.131133620461
     0.379848549953   87.966705861914   20.366239076550  521.740744365603
     0.380205906672   88.139766078346   20.380002490038  522.419431855479
     0.380562906406   88.054694565246   20.380168309722  522.408425971549
     0.380919561120   88.035517520382   20.377917587590  522.221701180997
     0.381275870944   88.234504085474   20.394517038292  523.049360805610
     0.381631837974   88.062037876225   20.389380080217  522.776559736560
     0.381987428742   88.041009844848   20.390220747713  522.797508267726
     0.382342711105   88.128600313957   20.401654170833  523.349378325438
     0.382697637636   87.975091975273   20.394945664222  522.980806843710
     0.383052207201   88.068515214838   20.402443479582  523.313069601139
     0.383406484448   88.152976260457   20.420188592862  524.286402718227
     0.383760351237   87.724796481529   20.399748619842  523.277669975879
     0.383879894116   87.629156962490   20.393602652228  522.949571519869
     0.384233370880   87.767138300503   20.403393859232  523.374130244912
     0.384586461161   87.788411733044   20.410435282928  523.685529585640
     0.384939237618   87.688393998857   20.405407316935  523.373365271198
     0.385291667551   87.840417520807   20.420935241964  524.174458907352
     0.385643755452   87.682063473105   20.416657931274  523.945987372160
     0.385995485160   87.623908220713   20.412903373387  523.694532728905
     0.386346887884   87.795115054847   20.428721700247  524.474473292591
     0.386697941677   87.692629348263   20.423864876238  524.189610833155
     0.387048602583   87.874077143872   20.436917015565  524.914493930908
     0.387398993263   88.111858086212   20.464312298778  526.481918525943
     0.387748957422   87.934734168368   20.456284515862  526.064447260436
     0.388098611264   88.064773793411   20.468378185235  526.805364046567
     0.388113290884   88.080378496382   20.469921639947  526.895419838567
     0.388462579002   88.226841492119   20.492994534423  528.194669735256
     0.388811513114   87.842551167990   20.466536078290  526.585131063805
     0.389160103264   87.815203036255   20.462312969461  526.258856422306
     0.389508367786   87.855571904518   20.473586920705  526.844418230161
     0.389856263030   87.488603072024   20.451769854281  525.632223133624
     0.390203819682   87.370269541165   20.444145668583  525.176510141762
     0.390551035477   87.367433391553   20.449944955132  525.464790373790
     0.390897860350   87.178885707042   20.439627870405  524.913596792191
     0.391244395222   87.356574925767   20.455274889323  525.755731966299
     0.391590546577   87.471584550803   20.471160684907  526.689721650715
     0.391936338477   87.574453974809   20.486532788701  527.640601278451
     0.392281808080   87.700442767128   20.508691451064  528.902328440599
     0.392326697854   87.683272527289   20.508967625725  528.909725752066
     0.392671780543   87.338254202176   20.486847789527  527.557565488855
     0.393016462575   87.302399716458   20.482501340365  527.318878628431
     0.393360870049   87.579926545604   20.511981331890  529.032622051807
     0.393704841985   87.321015488047   20.498430950574  528.235951829533
     0.394048514521   87.192581442387   20.486037128874  527.519595185388
     0.394391819540   87.573666586358   20.516664549541  529.133915535808
     0.394734764511   87.492614923842   20.519611079003  529.368806637314
     0.395077366103   87.400449782154   20.517450243516  529.264580647327
     0.395419593463   87.365543867351   20.519412189610  529.342381954311
     0.395761525929   87.279835220393   20.517693509764  529.250682143602
     0.396103015223   87.319881384081   20.525664784469  529.644404937977
     0.396444245022   87.342952428988   20.533450530333  530.017201231680
     0.396697836747   87.279749956451   20.532263571283  529.959923869027
     0.397038397231   87.182688640514   20.530033335337  529.829128554740
     0.397378635487   87.211736354698   20.536805797353  530.121780230030
     0.397718477773   87.212009973750   20.537710754032  530.099041728683
     0.398058012031   87.290434062087   20.547156196887  530.573003710568
     0.398397132796   87.174575565188   20.544810918211  530.423331740881
     0.398735957907   87.160747359365   20.542848022464  530.201672262735
     0.399074358110   87.290567628444   20.554471638334  530.735619095651
     0.399412450835   87.321630302209   20.561944854840  531.107312371922
     0.399750182684   87.388882155797   20.569611620947  531.483825735371
     0.400087510836   87.411661396763   20.579165394018  532.007175785406
     0.400424543068   87.373599029391   20.581468494381  532.109563495330
     0.400761142167   87.357384726954   20.584190112982  532.251755968838
     0.400880215783   87.340979012580   20.585068800354  532.297152167007
     0.401216414442   87.294296087593   20.586242592641  532.349713373262
     0.401552160012   87.437463513792   20.598459574940  533.024814448225
     0.401887584834   87.592141435616   20.618254383798  534.164765808419
     0.402222623415   87.437816443046   20.615073350858  534.019371211356
     0.402557283917   87.336361182563   20.604565610492  533.411119797568
     0.402891625487   87.642740436856   20.628915001105  534.799820585197
     0.403225553664   87.820099172283   20.648803488914  535.909010952516
     0.403559126410   87.705944759976   20.645623564824  535.787995656196
     0.403892306175   87.561355131130   20.637531597283  535.365692840192
     0.404225129615   87.503196840651   20.632364346650  535.004383948332
     0.404557545226   87.630579878135   20.636121890708  535.045624224177
     0.404889624176   87.932174678925   20.656401455713  536.025175622666
     0.405023681382   87.996705329710   20.662579952550  536.332188653112
     0.405322375915   87.881998433798   20.659630192223  536.172070038801
     0.405620937761   87.765961377253   20.655585806084  535.989502686430
     0.405919499607   87.766981824126   20.660882527310  536.296640970288
     0.406218061453   87.568635993068   20.650748421830  535.776328426525
     0.406516623299   87.521576385758   20.644831229628  535.393243233285
     0.406815185145   87.791845254979   20.664727897532  536.361251791873
     0.407113746991   87.810200455407   20.672406919388  536.730651962019
     0.407412308836   87.564183882876   20.657974949489  535.948910734975
     0.407710870682   87.621434556530   20.662860770149  536.168349477380
     0.408009432528   87.779201524530   20.679697797233  537.034408135705
     0.408307994374   87.544034841828   20.667871435303  536.394583307032
     0.408606556220   87.444940972342   20.658789268721  535.818334589125
     0.408697916145   87.504580932930   20.662547366395  535.978968710994
     0.408996477991   87.709230694823   20.681285782842  536.915285821835
     0.409295039837   87.550669093953   20.674361608806  536.533246038157
     0.409593601683   87.495962518323   20.667554910627  536.076552279304
     0.409892163529   87.840550366573   20.695198233848  537.502656340540
     0.410190725374   87.778782303521   20.699596100013  537.777707732027
     0.410489287220   87.502702977628   20.679465122265  536.677834294912
     0.410787849066   87.724796786816   20.693772829954  537.387972567803
     0.411086410912   87.797371912467   20.707295872877  538.152206884247
     0.411384972758   87.503097661178   20.689399389625  537.183168911944
     0.411683534604   87.598694084704   20.695518963351  537.447556505407
     0.411982096450   87.773057230612   20.717025287472  538.616230426014
     0.412280658296   87.526763192327   20.706692776121  538.069211536848
     0.412579220142   87.418873357768   20.696884940994  537.505120154187
     0.412644306624   87.473094056290   20.700707787413  537.710819379493
     0.412942868470   87.862500175854   20.736842697777  539.742993852174
     0.413241430316   87.825962100083   20.745232598446  540.212656940392
     0.413539992162   87.436721548203   20.716862325734  538.579516922836
     0.413838554008   87.449315237850   20.719054517862  538.644364018130
     0.414137115854   87.464864572898   20.726559389343  539.051029295912
     0.414167569162   87.448120984379   20.725769164078  539.006838667023
     0.414489663653   87.200512254154   20.708461615420  538.010158518784
     0.414812110446   87.272446065376   20.716037723714  538.404067783276
     0.415134557240   87.306426052571   20.724655235569  538.869402688646
     0.415457004033   87.196180775705   20.718526720025  538.497553429010
     0.415779450827   87.239146951647   20.733109288095  539.305529476463
     0.416101897621   86.866054542777   20.720448454095  538.351286433313
     0.416424344414   86.460913814253   20.682391978325  536.008690264769
     0.416746791208   86.512416311096   20.687670183693  536.244318362940
     0.417069238001   86.424964478546   20.685561420524  536.143677673217
     0.417391684795   86.351457028682   20.676144878753  535.574679220482
     0.417714131589   86.629536611460   20.700660295383  536.969491964759
     0.418036578382   86.733106325864   20.718014613702  537.968477213548
     0.418359025176   86.551778764788   20.706545156952  537.275828986208
     0.418495742616   86.496798016592   20.702958452830  537.075864422801
     0.418818189410   86.555205327172   20.711031700887  537.565234260270
     0.419140636204   86.655923241241   20.721764003834  538.132837266733
     0.419463082997   86.631464075043   20.722871162838  538.169825965118
     0.419785529791   86.683698503305   20.731420117594  538.603585248450
     0.420107976584   86.576265682527   20.728954680377  538.388156592182
     0.420430423378   86.327300749195   20.712295056786  537.406312449363
     0.420752870172   86.295401573949   20.711348023768  537.302742001733
     0.421075316965   86.289884990621   20.714136535568  537.447814593007
     0.421397763759   86.253111121798   20.715180183832  537.522206877735
     0.421720210552   86.281127691149   20.725312722076  538.134086168197
     0.422042657346   86.240210822532   20.728406267394  538.352841958617
     0.422365104140   86.222425468390   20.729088756107  538.366834156070
     0.422687550933   86.326003153618   20.744429085236  539.200066490517
     0.422897786243   86.296405333068   20.748471237661  539.441866050948
     0.423220233036   86.103044501735   20.738587505568  538.857329444697
     0.423542679830   85.993588319451   20.734617808955  538.616141255376
     0.423865126623   85.888074547788   20.731552931709  538.459970717924
     0.424187573417   85.915184650878   20.733207682268  538.449412396151
     0.424510020211   86.038540665084   20.745856948157  539.059641124532
     0.424832467004   86.085874917323   20.753758250944  539.450662395484
     0.425154913798   86.064656216525   20.758515579573  539.695992730003
     0.425477360591   85.926591456079   20.758281010266  539.710180201417
     0.425799807385   85.778840803383   20.750474200600  539.246798789211
     0.426122254179   85.814984124776   20.753337372297  539.318374979494
     0.426444700972   85.832143610908   20.759617932638  539.620542060424
     0.426767147766   85.788205814472   20.759370260582  539.552179915093
     0.427089594559   85.782389989494   20.762702139354  539.685145358600
     0.427363029440   85.796963756171   20.770649086686  540.107282391601
     0.427685476234   85.695122440053   20.769192188741  539.998218248987
     0.428007923028   85.577033174571   20.765051726112  539.751429534984
     0.428330369821   85.509900472090   20.767477813181  539.880387519783
     0.428652816615   85.420505066468   20.764305994397  539.663779648257
     0.428975263408   85.368648962448   20.761416159907  539.419354546588
     0.429297710202   85.446316812991   20.771138509643  539.860962503587
     0.429620156996   85.463154034112   20.777450511015  540.165318269491
     0.429942603789   85.373272328982   20.775607854026  540.036133945638
     0.430265050583   85.338484427079   20.778906775866  540.171075139989
     0.430587497376   85.330729631315   20.781730962320  540.280695589940
     0.430909944170   85.322835609508   20.784349025818  540.360732873733
     0.431232390964   85.430328708829   20.800234430781  541.203962847829
     0.431554837757   85.310591919482   20.798804077949  541.120450035618
     0.431877284551   85.174045262569   20.791611395810  540.672913445701
     0.431951447313   85.199322952306   20.794172150813  540.795900309205
     0.432273894107   85.348781788632   20.811549169189  541.712782765830
     0.432596340900   85.139742416801   20.800882863764  541.120956597485
     0.432918787694   85.145901667831   20.801944424680  541.146839272733
     0.433255431276   85.361426590596   20.827431438065  542.588930509802
     0.433739205210   85.131172554074   20.817965286222  542.045063707562
     0.434222979144   85.311388299865   20.837702747460  543.001089507689
     0.434706753078   85.164394398158   20.831913921409  542.589979060347
     0.434751260280   85.175597672010   20.833135310107  542.644049976990
     0.434934486514   85.281054215271   20.840771716912  543.019660410940
     0.434973010867   85.290005895620   20.842151929305  543.089573313451
     0.434981903662   85.291547433929   20.842438485271  543.104076162285
