# {0} signal over time, extracted at r = 500 km
# All quantities are measured in a resting observer's frame at infinity
# cols=4 rows=1312
#              time        luminosity               <e>             <e^2>
#               "s"           "foe/s"           "MeV^1"           "MeV^2"
    -0.377791556599  1.0440199805e-12    3.211413285076   12.183198655806
    -0.376791290966  3.8671865125e-03    3.658757042559   15.703167982154
    -0.375752902373    0.011276597282    3.735757417289   16.388142090083
    -0.374752276849    0.015214596132    3.715034484393   16.270289505090
    -0.373710580435    0.016388026655    3.681486230652   16.035574841320
    -0.372699374348    0.016852561891    3.664280672752   15.922085736460
    -0.371652379090    0.017240067464    3.664293953244   15.930724529755
    -0.370618013247    0.017476979193    3.671188803614   15.983513606315
    -0.369583647403    0.017630423692    3.678198718541   16.037685570577
    -0.368514766788    0.017747254307    3.683739109881   16.085671611229
    -0.367474766788    0.017853528064    3.690125283744   16.140208332011
    -0.366434766788    0.017981374550    3.694464718973   16.175650236995
    -0.365394766788    0.018162382028    3.696852980685   16.196292364806
    -0.364354766788    0.018380269255    3.699892539048   16.222346956087
    -0.363314766788    0.018582276340    3.703140211325   16.248949870567
    -0.362274766788    0.018771715517    3.706859696533   16.279364253077
    -0.361234766788    0.018961770493    3.711402150171   16.316399024881
    -0.360194766788    0.019167400051    3.716092652315   16.353959157783
    -0.359154766788    0.019394371177    3.720121251528   16.386062803378
    -0.358114766788    0.019626481577    3.723806846547   16.416052665307
    -0.357074766788    0.019848700082    3.727126282397   16.444207337638
    -0.356034766788    0.020075685301    3.730276414810   16.471681272748
    -0.354994766788    0.020315282370    3.733797285117   16.501776855425
    -0.353954766788    0.020570946580    3.737692183163   16.535218959335
    -0.352914766788    0.020836508544    3.742796865621   16.578473303159
    -0.351874766788    0.021065346322    3.747698911848   16.619107969907
    -0.350834766788    0.021309875399    3.752673085382   16.661180595104
    -0.349794766788    0.021580083499    3.757615903120   16.703318452140
    -0.348754766788    0.021857826737    3.761888929468   16.739577602678
    -0.347714766788    0.022134829693    3.766076496394   16.775267201844
    -0.346674766788    0.022389284117    3.770405587831   16.812302823574
    -0.345634766788    0.022633876814    3.773699178444   16.840788441926
    -0.344594766788    0.022947322871    3.777418973718   16.873443466729
    -0.343554766788    0.023269000915    3.781624015120   16.909002146771
    -0.342514766788    0.023565829518    3.785582151725   16.942748096111
    -0.341474766788    0.023852764017    3.790030916517   16.981386050259
    -0.340434766788    0.024144847680    3.795130138863   17.024953164861
    -0.339394766788    0.024459499430    3.799951114049   17.065423171215
    -0.338354766788    0.024789353316    3.804212206287   17.101489407812
    -0.337314766788    0.025116622250    3.808582372765   17.139203814527
    -0.336274766788    0.025441786569    3.813223111112   17.179590390385
    -0.335234766788    0.025778959576    3.818193591535   17.222759759304
    -0.334194766788    0.026132203921    3.824080282857   17.273374461465
    -0.333154766788    0.026453895500    3.829709095148   17.321334025476
    -0.332114766788    0.026788460172    3.835405812208   17.370998777321
    -0.331074766788    0.027138201026    3.841101188010   17.420553567890
    -0.330034766788    0.027495139935    3.846066138955   17.463264609535
    -0.328994766788    0.027855815915    3.850660356904   17.503143705659
    -0.327954766788    0.028208837439    3.855424685229   17.545153091525
    -0.326914766788    0.028565391252    3.860296879749   17.588022107357
    -0.325874766788    0.028935175248    3.864899109033   17.628351559727
    -0.325794766788    0.028963991073    3.865243564327   17.631372229045
    -0.324754766788    0.029339622336    3.869693617201   17.670440418687
    -0.323714766788    0.029715928178    3.874151596142   17.709634314155
    -0.322674766788    0.030094804813    3.878595061573   17.748806901413
    -0.321634766788    0.030479142052    3.883005909298   17.787889544669
    -0.320594766788    0.030870495855    3.887383275850   17.826878577565
    -0.319554766788    0.031267915625    3.891816203109   17.866360543481
    -0.318514766788    0.031669302249    3.896403324123   17.907091327727
    -0.317474766788    0.032073134024    3.901177874079   17.949406058549
    -0.316434766788    0.032479302416    3.906140816047   17.993173376758
    -0.315394766788    0.032885994090    3.911229663448   18.037656362563
    -0.314354766788    0.033292885386    3.916408701500   18.082736836256
    -0.313314766788    0.033701642661    3.921641801704   18.128283197428
    -0.312274766788    0.034113190583    3.926699073214   18.172687411778
    -0.311234766788    0.034529651377    3.931538269688   18.215368160606
    -0.310194766788    0.034951998916    3.936321798421   18.257600441752
    -0.309154766788    0.035377743327    3.941042443144   18.299638317712
    -0.308114766788    0.035805661216    3.945736335794   18.341632024182
    -0.307074766788    0.036234466464    3.950472260661   18.383864606174
    -0.306034766788    0.036664081831    3.955268667749   18.426271092950
    -0.304994766788    0.037093600323    3.960117628053   18.468780439052
    -0.303954766788    0.037522934727    3.964888382902   18.510771835518
    -0.302914766788    0.037953350402    3.969520346420   18.551769231033
    -0.301874766788    0.038386253291    3.974102075424   18.592210618606
    -0.300834766788    0.038822902733    3.978602349622   18.632064534555
    -0.299794766788    0.039265259800    3.983004378916   18.671171210071
    -0.298754766788    0.039714002600    3.987434263582   18.710301643579
    -0.297714766788    0.040169023563    3.991896245933   18.749754611293
    -0.296674766788    0.040630051882    3.996410783602   18.789780544259
    -0.295634766788    0.041094730064    4.000948538543   18.830031326190
    -0.294594766788    0.041561976453    4.005494334990   18.870281392253
    -0.293554766788    0.042035232427    4.010032473250   18.910431908345
    -0.292514766788    0.042514383090    4.014474308715   18.949947442644
    -0.291474766788    0.042999737465    4.018873974576   18.989148718513
    -0.290434766788    0.043491456771    4.023320659653   19.028744573710
    -0.289394766788    0.043987367115    4.027729541519   19.068190575311
    -0.288354766788    0.044486955557    4.032123024552   19.107383610800
    -0.287314766788    0.044990964696    4.036567811488   19.146924820327
    -0.286274766788    0.045498116377    4.041026593580   19.186845071737
    -0.285234766788    0.046008458527    4.045461188984   19.226782087300
    -0.284194766788    0.046522471338    4.049917939003   19.266852528244
    -0.283154766788    0.047040354450    4.054485365981   19.307669042988
    -0.282114766788    0.047563118150    4.059038774001   19.348432349377
    -0.281074766788    0.048090697027    4.063516675096   19.388810310717
    -0.280034766788    0.048621757796    4.067938990575   19.428839796007
    -0.278994766788    0.049156879435    4.072278575004   19.468468431649
    -0.277954766788    0.049695589135    4.076605050550   19.508155888193
    -0.276914766788    0.050236969634    4.080911874500   19.547809811688
    -0.275874766788    0.050783586339    4.085211303146   19.587503774259
    -0.274834766788    0.051336491650    4.089539473434   19.627430444768
    -0.273794766788    0.051891747388    4.093808486977   19.666977592017
    -0.272754766788    0.052446836921    4.098069742679   19.706603581685
    -0.271714766788    0.053000612474    4.102321162118   19.746298556328
    -0.270674766788    0.053556101517    4.106529001761   19.785803716107
    -0.269634766788    0.054115103838    4.110764505315   19.825474996881
    -0.268594766788    0.054674688906    4.115017851096   19.865083748293
    -0.267554766788    0.055236427327    4.119334360236   19.905188365456
    -0.266514766788    0.055800405507    4.123616149736   19.945185439995
    -0.265474766788    0.056368225701    4.127879616091   19.985165071916
    -0.264434766788    0.056942477850    4.132132244922   20.025142807510
    -0.263394766788    0.057521431242    4.136400457546   20.065315745603
    -0.262354766788    0.058105088958    4.140744696119   20.106171200187
    -0.261314766788    0.058693090821    4.145042428729   20.146878092689
    -0.260274766788    0.059286114539    4.149372910215   20.187766568974
    -0.259234766788    0.059886984232    4.153767948177   20.228971034757
    -0.258194766788    0.060494985858    4.158102882172   20.269787168884
    -0.257154766788    0.061108979213    4.162376756232   20.310177153080
    -0.256994766788    0.061203962484    4.163031027998   20.316367158370
    -0.255954766788    0.061825065767    4.167344121317   20.357177783679
    -0.254914766788    0.062449353560    4.171801333909   20.399154507643
    -0.253874766788    0.063072327311    4.176385868022   20.442258625215
    -0.252834766788    0.063692896320    4.181051535566   20.486077632950
    -0.251794766788    0.064309356785    4.185723394647   20.529725324583
    -0.250754766788    0.064921013034    4.190216658476   20.571768822480
    -0.249714766788    0.065527704124    4.194481383625   20.611830439155
    -0.248674766788    0.066129990183    4.198589677945   20.650449866054
    -0.247634766788    0.066730940101    4.202515800121   20.687719836596
    -0.246594766788    0.067333555140    4.206238168468   20.723292602271
    -0.245554766788    0.067940108919    4.209896816949   20.757907548255
    -0.244514766788    0.068553896371    4.213512301153   20.791902792946
    -0.243474766788    0.069175913666    4.217044993596   20.825146887033
    -0.242434766788    0.069806018613    4.220543369426   20.858016168378
    -0.241394766788    0.070442479485    4.224031900436   20.890753536010
    -0.240354766788    0.071081690101    4.227413822308   20.922632824687
    -0.239314766788    0.071725368277    4.230593301687   20.952746783047
    -0.238274766788    0.072373582002    4.233575386341   20.980971837036
    -0.237234766788    0.073021790960    4.236506853582   21.008579880261
    -0.236194766788    0.073666947352    4.239446430238   21.036233118467
    -0.235154766788    0.074310471742    4.242437835059   21.064205527722
    -0.234114766788    0.074954227260    4.245492897207   21.092363908513
    -0.233074766788    0.075597582365    4.248536294387   21.120062965271
    -0.232034766788    0.076242964631    4.251573338371   21.147648710803
    -0.230994766788    0.076895246396    4.254608976957   21.175477919721
    -0.229954766788    0.077559419587    4.257804627200   21.204648732993
    -0.228914766788    0.078234471443    4.261249616715   21.235624982484
    -0.227874766788    0.078919814047    4.264905478925   21.268210408408
    -0.226834766788    0.079621842020    4.268591038951   21.301187176048
    -0.225794766788    0.080364055091    4.272678810930   21.337971050507
    -0.224754766788    0.081112844952    4.277043936007   21.377479514730
    -0.223714766788    0.081847889768    4.281257582420   21.416107753319
    -0.222674766788    0.082584897670    4.285272044132   21.453149471098
    -0.221634766788    0.083338907550    4.288972764571   21.487518570152
    -0.220594766788    0.084108394842    4.292391704855   21.519776579255
    -0.219554766788    0.084882916146    4.295805869073   21.552238665882
    -0.218514766788    0.085662919553    4.299263178228   21.585196510524
    -0.217474766788    0.086455521853    4.302673904785   21.617875496646
    -0.216434766788    0.087269537214    4.306053263214   21.650462349976
    -0.215394766788    0.088109130962    4.309519734241   21.684014740549
    -0.214354766788    0.088973604714    4.313122495514   21.719054822942
    -0.213314766788    0.089862297911    4.316884402705   21.755822952689
    -0.212274766788    0.090773538218    4.320766425127   21.793828343748
    -0.211234766788    0.091711882612    4.324802603457   21.833300063088
    -0.210194766788    0.092677568888    4.328930267314   21.873708478369
    -0.209154766788    0.093666743973    4.333155755820   21.915183859734
    -0.208114766788    0.094683317139    4.337753518324   21.959711675223
    -0.207074766788    0.095721048115    4.342726543973   22.007544995516
    -0.206034766788    0.096781393993    4.348002338345   22.058206037138
    -0.204994766788    0.097872887977    4.353329289014   22.109407587098
    -0.203954766788    0.099004153179    4.358625265171   22.160313424933
    -0.202914766788    0.100180045419    4.363964052981   22.211743445523
    -0.201874766788    0.101403339078    4.369419019610   22.264756070999
    -0.200834766788    0.102673718111    4.374990112713   22.319526930462
    -0.199794766788    0.103980614673    4.380672009123   22.375854418500
    -0.198754766788    0.105308622527    4.386452984726   22.433253589146
    -0.197714766788    0.106649177231    4.392285503277   22.491256650126
    -0.196674766788    0.108004649542    4.398101351801   22.549509656744
    -0.196194766788    0.108636793800    4.400774530113   22.576400504506
    -0.195154766788    0.110025173841    4.406576461508   22.634992144197
    -0.194114766788    0.111441932880    4.412412514573   22.694272908853
    -0.193074766788    0.112888560232    4.418326199958   22.754464181848
    -0.192034766788    0.114364972066    4.424294946588   22.815272963376
    -0.190994766788    0.115877441159    4.430351638056   22.876894213073
    -0.189954766788    0.117429143957    4.436506256250   22.939396362542
    -0.188914766788    0.119013393678    4.442744114418   23.002612469460
    -0.187874766788    0.120630674850    4.449056040693   23.066381095514
    -0.186834766788    0.122276520346    4.455456055006   23.130889128056
    -0.185794766788    0.123948020424    4.461837560219   23.195166780650
    -0.184754766788    0.125650210998    4.468184641324   23.259040759826
    -0.183714766788    0.127396110328    4.474525025199   23.322581971362
    -0.182674766788    0.129192343275    4.480904650337   23.386219058671
    -0.181634766788    0.131040297058    4.487286497556   23.449660800366
    -0.180594766788    0.132955772678    4.493950802414   23.515641903993
    -0.179554766788    0.134938849772    4.500799591476   23.583548062222
    -0.178514766788    0.136974351421    4.507741471296   23.652556975430
    -0.177474766788    0.139048360999    4.514702743469   23.721977029242
    -0.176434766788    0.141157177634    4.521562102608   23.790830701084
    -0.175394766788    0.143311662490    4.528332679126   23.859037550978
    -0.174354766788    0.145530940171    4.535183727273   23.928207193564
    -0.173314766788    0.147851182396    4.542393341756   24.000952984253
    -0.172274766788    0.150244081012    4.550018213949   24.077979846802
    -0.171234766788    0.152662118694    4.557704300069   24.155988524720
    -0.170194766788    0.155108699241    4.565377013900   24.234026136974
    -0.169154766788    0.157592227799    4.572857171348   24.310430880870
    -0.168114766788    0.160130499347    4.580243510732   24.386209580483
    -0.167074766788    0.162719866326    4.587588017266   24.462283774407
    -0.166034766788    0.165352606204    4.594884763814   24.538176321698
    -0.164994766788    0.168007391021    4.601694375254   24.609477088610
    -0.163954766788    0.170833866789    4.609202673812   24.688052474846
    -0.162914766788    0.173765653003    4.617344616868   24.772555614651
    -0.161874766788    0.176712352067    4.625330937393   24.856142004728
    -0.160834766788    0.179680803362    4.633693638175   24.943260504099
    -0.159794766788    0.182707244561    4.642444255353   25.033584404888
    -0.158754766788    0.185849516607    4.650920851513   25.121823443985
    -0.157714766788    0.189110963425    4.659176166916   25.208956028864
    -0.156834766788    0.191938076618    4.666428235666   25.285450281944
    -0.155794766788    0.195354727492    4.675337772670   25.379030149294
    -0.154754766788    0.198870273447    4.684338340507   25.473758064163
    -0.153714766788    0.202481737240    4.693356812482   25.569372992105
    -0.152674766788    0.206177640766    4.702380650405   25.665611167613
    -0.151634766788    0.209955800351    4.711430867399   25.761783682882
    -0.150594766788    0.213827829667    4.720685788562   25.859484857449
    -0.149554766788    0.217792602129    4.730083963148   25.959127251801
    -0.148514766788    0.221839119443    4.739453862063   26.059383782175
    -0.147474766788    0.225978056901    4.748914020102   26.160747572517
    -0.146434766788    0.230226101817    4.758601106400   26.264088937775
    -0.145394766788    0.234583202059    4.768325916095   26.368282765193
    -0.144354766788    0.239057376176    4.778007576052   26.472766660039
    -0.143314766788    0.243647902286    4.787735471493   26.578016478969
    -0.142274766788    0.248343252871    4.797596110782   26.684503797645
    -0.141234766788    0.253151003549    4.807642086216   26.792907692341
    -0.140194766788    0.258081261048    4.817944150237   26.904400182856
    -0.139154766788    0.263132364174    4.828243241047   27.016493217575
    -0.138114766788    0.268308190017    4.838720353724   27.130108499712
    -0.137074766788    0.273643642446    4.849482350355   27.246353707959
    -0.136034766788    0.279143188675    4.860137002279   27.362851653861
    -0.134994766788    0.284815030565    4.870739994033   27.479803842340
    -0.134274766788    0.288845358802    4.878274343266   27.562354414237
    -0.133234766788    0.294793543400    4.889464047307   27.684337160258
    -0.132194766788    0.300884993853    4.900708062129   27.807776385014
    -0.131154766788    0.307110234461    4.911788268183   27.930647139286
    -0.130114766788    0.313481113754    4.923104071312   28.055342553579
    -0.129074766788    0.319990545016    4.934561242919   28.180905903400
    -0.128034766788    0.326650886391    4.945917463742   28.306017135792
    -0.126994766788    0.333456180717    4.956932337462   28.428429100140
    -0.125954766788    0.340424287279    4.967958425711   28.550493601407
    -0.124914766788    0.347579356520    4.978958459282   28.672173288389
    -0.123874766788    0.354953369274    4.989882432999   28.793727063648
    -0.122834766788    0.362615600171    5.001229421383   28.919747595272
    -0.121794766788    0.370580093257    5.013272462878   29.053238461989
    -0.120754766788    0.378785847420    5.025516302602   29.189787305002
    -0.119714766788    0.387206852374    5.037831072728   29.327359673173
    -0.118674766788    0.395874059523    5.050333491184   29.466754195877
    -0.117634766788    0.404800991740    5.062900041663   29.607619470088
    -0.116594766788    0.413983045832    5.075542686104   29.749991560331
    -0.115554766788    0.423411636420    5.088359570542   29.894967157255
    -0.114514766788    0.433085008958    5.101280362559   30.042035073176
    -0.113474766788    0.443039075645    5.114439320873   30.191968904448
    -0.112434766788    0.453294787744    5.127740393340   30.344282991004
    -0.111394766788    0.463897146462    5.141198871394   30.499272781553
    -0.110354766788    0.474851353837    5.154966134281   30.657559527139
    -0.109314766788    0.486147642150    5.169250987638   30.821203539326
    -0.108274766788    0.497767735659    5.183927524002   30.989670889254
    -0.107234766788    0.509682534276    5.198639510702   31.159688075807
    -0.106194766788    0.522000751527    5.213380938222   31.330836008912
    -0.105154766788    0.534758930536    5.228190143504   31.502775050257
    -0.104114766788    0.547934810433    5.242981085275   31.675100949680
    -0.103074766788    0.561513842405    5.257896935769   31.849839048231
    -0.102034766788    0.575531464866    5.272922388388   32.026234768296
    -0.101234766788    0.586669310074    5.284611452463   32.163875392326
    -0.100194766788    0.601646926373    5.300064595629   32.346263293837
    -0.099154766788    0.617170482021    5.315814099385   32.532067904055
    -0.098114766788    0.633264930282    5.331914644653   32.722370125475
    -0.097074766788    0.649966491897    5.348455768475   32.918632175229
    -0.096034766788    0.667275403464    5.365336184170   33.120117319169
    -0.094994766788    0.685141041808    5.382487377388   33.325585771953
    -0.093954766788    0.703568424908    5.399865766470   33.533707134938
    -0.092914766788    0.722600795375    5.417340483967   33.743257232440
    -0.091874766788    0.742241954612    5.434680577765   33.951776998470
    -0.090834766788    0.762534333616    5.451880141362   34.159610666886
    -0.089794766788    0.783557569176    5.468919845286   34.366339523999
    -0.088754766788    0.805590470924    5.486371379355   34.578160362225
    -0.087714766788    0.828682093330    5.504569715177   34.799315648500
    -0.086674766788    0.852634458572    5.523094280169   35.024976972778
    -0.085634766788    0.877382923753    5.541931201456   35.255197719884
    -0.084594766788    0.903013132709    5.561283176471   35.492397462780
    -0.083554766788    0.929634475194    5.581141684868   35.736370469459
    -0.082514766788    0.957307416680    5.601269212570   35.984126336516
    -0.082354766788    0.961652888426    5.604368021144   36.022345344727
    -0.081314766788    0.990503615753    5.624368931944   36.270152782952
    -0.080274766788    1.020511043023    5.644299758910   36.518645409162
    -0.079234766788    1.051752734120    5.664457654159   36.770714760968
    -0.078194766788    1.084329151751    5.684952216814   37.026933888693
    -0.077154766788    1.118285196926    5.705826404526   37.287927090765
    -0.076114766788    1.153690468083    5.726904264467   37.551783770424
    -0.075074766788    1.190631360162    5.748083586074   37.817562628864
    -0.074034766788    1.229318009946    5.769555826296   38.087565934724
    -0.072994766788    1.269815391493    5.791566408172   38.365115843998
    -0.071954766788    1.312072719003    5.813914602623   38.648065750233
    -0.070914766788    1.356233142776    5.836553279740   38.935913827708
    -0.069874766788    1.402651354937    5.859797868622   39.232767553887
    -0.068834766788    1.451345892928    5.883674110402   39.539268134806
    -0.067794766788    1.502359512701    5.908231648322   39.855957603876
    -0.066754766788    1.555691947476    5.933459629263   40.181637762181
    -0.066034766788    1.594008307299    5.951166817415   40.410789435940
    -0.064994766788    1.651714659094    5.977143439076   40.748197319034
    -0.063954766788    1.712554188473    6.003453011874   41.091699372207
    -0.062914766788    1.776668729611    6.030206454651   41.442684797198
    -0.061874766788    1.844290729428    6.057529425140   41.803508539505
    -0.060834766788    1.915663434577    6.085367536751   42.173363822654
    -0.060434766788    1.944217916580    6.096309311104   42.319253366132
    -0.059394766788    2.021366665612    6.125319815891   42.707556627702
    -0.058354766788    2.102573497301    6.154817030055   43.104813767979
    -0.057314766788    2.188076884226    6.184944696056   43.512507267783
    -0.056274766788    2.278181010297    6.215614127864   43.928932585240
    -0.055234766788    2.373287427095    6.246850530478   44.354755331422
    -0.054194766788    2.474091151279    6.279003816223   44.794706103196
    -0.053154766788    2.580976099495    6.311879072357   45.246026341970
    -0.052114766788    2.693682401701    6.345167636670   45.704486615913
    -0.051074766788    2.812374376801    6.378637820482   46.167092481318
    -0.050034766788    2.937458232822    6.412200693623   46.632285395589
    -0.049154766788    3.048420908720    6.440570979148   47.026475539316
    -0.048114766788    3.185832953369    6.474246262211   47.496739597346
    -0.047074766788    3.331417145704    6.508973850887   47.984650228828
    -0.046034766788    3.485653894642    6.544248843258   48.482883808286
    -0.044994766788    3.648934471522    6.579844731161   48.988710382717
    -0.043954766788    3.822191975105    6.616109890526   49.506647726863
    -0.042914766788    4.006481063741    6.652952404868   50.034998407336
    -0.041874766788    4.202627777995    6.690332189100   50.573954821584
    -0.040834766788    4.411753981163    6.728579743197   51.129347513923
    -0.039794766788    4.634220274615    6.767510212917   51.697840451431
    -0.038754766788    4.869335628924    6.806960223094   52.276048835045
    -0.037714766788    5.116107792079    6.846009960266   52.851788425559
    -0.036674766788    5.376375699146    6.884992564120   53.429215005258
    -0.035634766788    5.652923941052    6.923951265922   54.009585994840
    -0.035474766788    5.697235761965    6.930001344703   54.099983551655
    -0.034434766788    5.997748949966    6.970053383912   54.700207306994
    -0.033394766788    6.320895901743    7.011233761222   55.320659776118
    -0.032354766788    6.668644156094    7.053539571023   55.961570171827
    -0.031314766788    7.043108590112    7.096735869995   56.621903150817
    -0.030274766788    7.447961562969    7.141152710016   57.305798843592
    -0.029234766788    7.887630031117    7.186895007811   58.015194728345
    -0.028194766788    8.366479877103    7.234030761774   58.751210446523
    -0.028114766788    8.404984332496    7.237705584388   58.808853050993
    -0.027074766788    8.927696284097    7.285980245886   59.568935354009
    -0.026034766788    9.493651704036    7.334448172996   60.334839846598
    -0.024994766788   10.110193097853    7.383796394448   61.117272355927
    -0.024274766788   10.572985658245    7.418701271402   61.672964615531
    -0.023234766788   11.302642986597    7.469790597403   62.490838636727
    -0.022194766788   12.110964617217    7.520701089176   63.310666743412
    -0.021154766788   13.014192705216    7.572616584321   64.152250788925
    -0.020594766788   13.545954174527    7.601280902835   64.620130962702
    -0.019554766788   14.621494443164    7.654640448614   65.496179669377
    -0.018514766788   15.806269629224    7.705999421713   66.343121313512
    -0.017474766788   17.131048273609    7.757461536119   67.198158723916
    -0.016434766788   18.631736711084    7.808937769578   68.059899145435
    -0.015394766788   20.345770439787    7.858898458279   68.901983765411
    -0.015234766788   20.632234744195    7.866669945319   69.033383534897
    -0.014194766788   22.663794039402    7.917786592990   69.903432895061
    -0.013234766788   24.809051234774    7.965562738728   70.726610240833
    -0.012194766788   27.435277383468    8.015015435226   71.591183621381
    -0.011414766788   29.654180734942    8.049999778413   72.212241266444
    -0.010394766788   32.990621234690    8.093590947760   73.002150823223
  -9.8997667883e-03   34.821279673330    8.113686552494   73.374673225758
  -8.8647669324e-03   39.161442922006    8.152475986589   74.116779355714
  -8.6847669324e-03   39.994009104672    8.158554520156   74.236861972214
  -7.6722669324e-03   45.172474463418    8.186077710208   74.815096348381
  -7.6385169324e-03   45.362109694755    8.186823370707   74.831940671044
  -6.7272669324e-03   51.014314857812    8.200918775714   75.196803592259
  -5.9847669324e-03   56.505825543315    8.203251019557   75.359737445367
  -5.3266419324e-03   62.122111194748    8.199938186726   75.426554301099
  -4.7507825574e-03   67.686241726381    8.193906747106   75.441978072318
  -4.2382044324e-03   73.114098660301    8.188732393449   75.464317810293
  -3.7635950574e-03   78.474596620527    8.187753389642   75.553143746846
  -3.3411927137e-03   83.438712391814    8.192028404294   75.720384663011
  -2.9709974012e-03   87.856964452160    8.202107524744   75.975138192626
  -2.6506360731e-03   91.676259952433    8.216711687172   76.297071029400
  -2.3516321668e-03   95.193884666197    8.235445337430   76.686396055363
  -2.0953431043e-03   98.144872061954    8.255357886598   77.087973314457
  -1.8577417860e-03  100.798429026145    8.277043354899   77.517368631763
  -1.6575159559e-03  102.949531073860    8.297840142913   77.923800328350
  -1.4753104505e-03  104.821712330658    8.318593978257   78.326188174679
  -1.3131275281e-03  106.411437204324    8.338363019224   78.707672976831
  -1.1674632368e-03  107.771188184185    8.357159416324   79.069347312755
  -1.0413209638e-03  108.880132563870    8.373927221022   79.391462054720
  -9.2418885321e-04  109.847345938424    8.390008466069   79.699878584546
  -8.2395079703e-04  110.625328139195    8.404245184168   79.972455649782
  -7.3610171408e-04  111.267065270582    8.417066102497   80.217602515860
  -6.5669965834e-04  111.813187093826    8.428904286490   80.443766867444
  -5.8321052164e-04  112.288806414514    8.440055658630   80.656703392238
  -5.2239192576e-04  112.660001742037    8.449432073012   80.835687376099
  -4.6790860028e-04  112.974546310926    8.457941172991   80.998077647154
  -4.2930304625e-04  113.186587035055    8.464032444499   81.114301611976
  -4.1906375880e-04  113.241809070822    8.465675282214   81.145647184345
  -3.7971936870e-04  113.447520387151    8.472022489092   81.266736419843
  -3.6338804619e-04  113.529988794381    8.474673785354   81.317307327788
  -3.4591730817e-04  113.616309357746    8.477521148215   81.371611030009
  -3.2899564669e-04  113.698013175409    8.480289847336   81.424407149915
  -3.1148650104e-04  113.780543348696    8.483165774363   81.479239980640
  -2.9455784382e-04  113.858351878061    8.485956885792   81.532447595762
  -2.8615219946e-04  113.896249243876    8.487346557793   81.558936170643
  -2.6830794859e-04  113.975057436075    8.490305037006   81.615320834285
  -2.5686387710e-04  114.024414523867    8.492208333765   81.651589993805
  -2.4755534161e-04  114.063862658906    8.493759860515   81.681152788474
  -2.3718534162e-04  114.107065424506    8.495491890901   81.714151665853
  -2.2985592696e-04  114.137128909353    8.496718296192   81.737515244445
  -2.2083676081e-04  114.173585944650    8.498229939572   81.766310378843
  -2.1055784506e-04  114.214412141238    8.499956063294   81.799187936125
  -1.9790504958e-04  114.263609921937    8.502085777885   81.839748030730
  -1.8883994440e-04  114.298140656846    8.503614943259   81.868867574325
  -1.7776687656e-04  114.339504724948    8.505486619167   81.904505859006
  -1.6788256807e-04  114.375669569986    8.507160912394   81.936382479787
  -1.5867879137e-04  114.408698705453    8.508722952169   81.966119118749
  -1.5054056534e-04  114.437383213623    8.510106602150   81.992457514675
  -1.4313539253e-04  114.463057635345    8.511367584203   82.016459072517
  -1.3153307481e-04  114.502461401538    8.513347130477   82.054134416418
  -1.2048853843e-04  114.539033409306    8.515235760676   82.090075653314
  -1.0822093654e-04  114.578577202784    8.517338479894   82.130086926319
  -9.8612714712e-05  114.608750271019    8.518988867382   82.161488101244
  -8.6309331897e-05  114.646354768760    8.521106755625   82.201780545267
  -7.5033103031e-05  114.679794385129    8.523052181846   82.238788435256
  -6.4292005302e-05  114.710727895236    8.524909128976   82.274110198975
  -5.4556723593e-05  114.737984092483    8.526595370505   82.306182463740
  -4.6080026483e-05  114.761108584412    8.528066089186   82.334153669947
  -3.8476576760e-05  114.781366284622    8.529387242983   82.359278936106
  -3.0675019374e-05  114.801671768310    8.530744665412   82.385092577164
  -2.3915183622e-05  114.818871237516    8.531922351593   82.407487136480
  -1.8387917587e-05  114.832660728901    8.532886326209   82.425817061274
  -1.2908794221e-05  114.846085845697    8.533842811241   82.444003908852
  -7.1410049690e-06  114.859954071762    8.534850649809   82.463166492998
  -1.8063409125e-06  114.872538973676    8.535783689527   82.480906241491
   3.3236112472e-06  114.884420671254    8.536681713910   82.497979663194
   8.0044594142e-06  114.895073085658    8.537501794990   82.513570711317
   1.2685550088e-05  114.905544783147    8.538322553673   82.529174162204
   1.7404959824e-05  114.915918165735    8.539150681566   82.544917225731
   2.0201944441e-05  114.921978453404    8.539641779952   82.554252983949
   3.1065941827e-05  115.140666842874    8.541827935318   82.595720353563
   4.7528629265e-05  115.167906012560    8.544662801111   82.649612018648
   6.6541277335e-05  115.197975644794    8.547910295493   82.711349981119
   8.4805111010e-05  115.224942762330    8.551019302459   82.770450117403
   1.0353568710e-04  115.250086699512    8.554209621557   82.831085394924
   1.2092285676e-04  115.270707470911    8.557180294887   82.887533670140
   1.3743624808e-04  115.287549106540    8.560013723062   82.941361792414
   1.5539078826e-04  115.302561160678    8.563109790726   83.000165588295
   1.7200771712e-04  115.313221247187    8.565989953158   83.054856141117
   1.8969309897e-04  115.321029315142    8.569070377123   83.113336701974
   2.0565254409e-04  115.324892339548    8.571862626699   83.166335676385
   2.2401840666e-04  115.325577106894    8.575089163249   83.227565627133
   2.4110053691e-04  115.322621577037    8.578101635760   83.284721930854
   2.5918414269e-04  115.315763841105    8.581301521164   83.345422173803
   2.7841323367e-04  115.304346815545    8.584715560520   83.410171361187
   2.9636015706e-04  115.289945575872    8.587911935223   83.470779553223
   3.1552991098e-04  115.270663225838    8.591336083702   83.535692454678
   3.3588830942e-04  115.245885572463    8.594983562596   83.604822554748
   3.5753389330e-04  115.214802949359    8.598874025508   83.678538805505
   3.7843887069e-04  115.180247311820    8.602643580604   83.749945361689
   4.0128374750e-04  115.137455613745    8.606776329110   83.828210922036
   4.2568344467e-04  115.085994880005    8.611206021947   83.912076778186
   4.5174052625e-04  115.024467782076    8.615954451422   84.001952150933
   4.7727532584e-04  114.957534898006    8.620625385860   84.090337403546
   5.0501640191e-04  114.877262028252    8.625719540492   84.186707636533
   5.3476308213e-04  114.782273669446    8.631204020169   84.290439920172
   5.6664514518e-04  114.669982565888    8.637106627634   84.402056731994
   6.0106520663e-04  114.536264514168    8.643506870588   84.523056297479
   6.3844245277e-04  114.375975097941    8.650489252767   84.655028690902
   6.7854603921e-04  114.186024632314    8.658017822234   84.797285546085
   7.2068646570e-04  113.965759563536    8.665968484231   84.947473727890
   7.6556554500e-04  113.707081077105    8.674475760139   85.108123247031
   8.1403495065e-04  113.398919706684    8.683705980051   85.282358656205
   8.5873187444e-04  113.087611675644    8.692254444552   85.443656691622
   9.0844042620e-04  112.710266838622    8.701801926177   85.623715305807
   9.6570337519e-04  112.234575451295    8.712853567683   85.832003460638
   1.0249501619e-03  111.696186119999    8.724348579493   86.048468870064
   1.0947251906e-03  111.002180534545    8.737959644171   86.304520412400
   1.1658176718e-03  110.228900113401    8.751892051201   86.566295417997
   1.2454929574e-03  109.282702861594    8.767550196925   86.860072034410
   1.3320391003e-03  108.157564541909    8.784572690292   87.178935432476
   1.4146798101e-03  106.985001889067    8.800827271970   87.483009387324
   1.5228719908e-03  105.299423455356    8.822164888329   87.881815110306
   1.6312704912e-03  103.439944600674    8.843804281229   88.285821293159
   1.7448315922e-03  101.319621970724    8.867083515527   88.719076115525
   1.8657823615e-03   98.889542357972    8.892783120605   89.194214356124
   1.9586701572e-03   96.925983398103    8.913191799022   89.569302300195
   2.0868646430e-03   94.124404649752    8.941316016868   90.085330304856
   2.2149141885e-03   91.301643796611    8.967087861903   90.562374648070
   2.3429637340e-03   88.574742194451    8.987413091584   90.948530271083
   2.5004671294e-03   85.577126913272    9.001329601525   91.232486685137
   2.6561126996e-03   83.300024127591    9.002463567382   91.285943677258
   2.8117582698e-03   82.029010692831    8.995538022961   91.184524812701
   2.9674038400e-03   82.068245190518    8.989842499846   91.096848159892
   3.1230494103e-03   83.699515612786    8.997488964990   91.261490649149
   3.2786949805e-03   87.203992583258    9.031005088503   91.946433625197
   3.4343405507e-03   92.875209831128    9.101038134023   93.403885900611
   3.5899861209e-03  100.992580934040    9.214488865050   95.826339287107
   3.7745561114e-03  114.061332111764    9.406355816511  100.045327211122
   3.9853156295e-03  133.597175165180    9.687396060018  106.415576108921
   4.1956045321e-03  157.546210891700   10.008848006025  113.935507386232
   4.4058934347e-03  184.955853141121   10.344955136771  122.052382239210
   4.6161823374e-03  214.385330543503   10.673545903359  130.226020821720
   4.8264712400e-03  244.187809154818   10.980690149722  138.079794732571
   5.0367601426e-03  272.806603901363   11.258833513405  145.373970838358
   5.2470490452e-03  298.966771429404   11.504848646167  151.975604529105
   5.4573379478e-03  321.666821286287   11.718925571201  157.840070061579
   5.6676268504e-03  340.528458311641   11.902406729252  162.959965913055
   5.9185742734e-03  357.947124093023   12.084103917679  168.121863392623
   6.1713809872e-03  370.285251252454   12.230845561366  172.366030931725
   6.4241877011e-03  378.128152094453   12.347467597610  175.794253947503
   6.6769944150e-03  382.059981111800   12.437691658369  178.494138327504
   6.9298011289e-03  382.913634637571   12.505903923907  180.574840828758
   7.1826078427e-03  381.430522172402   12.553724849755  182.076498853804
   7.4354145566e-03  378.348002659027   12.590215919803  183.247206509247
   7.6882212705e-03  373.709270295545   12.612884583893  184.029853506012
   7.9410279843e-03  368.391274877497   12.627085692866  184.563179252219
   8.1938346982e-03  362.033795109262   12.629392330362  184.762097948071
   8.4466414121e-03  355.555150523950   12.626384570476  184.796233181376
   8.6980369806e-03  348.065897566604   12.614069678950  184.576490844274
   8.9495927691e-03  340.999680724367   12.596621308714  184.187684891692
   9.2019827322e-03  333.261831586839   12.575868059681  183.717784467182
   9.4543726952e-03  325.474136547478   12.545057073029  182.951561311838
   9.7067626583e-03  317.896675194552   12.514823508148  182.194769851627
   9.9591526214e-03  309.682175504364   12.473436078699  181.137620842437
     0.010209723326  302.467872732193   12.431164942799  180.027427632890
     0.010462261325  295.048209567027   12.391993355366  179.025356910744
     0.010714799324  287.243761285344   12.338983134601  177.643052867490
     0.010967337323  280.412646313440   12.291641494695  176.380038199777
     0.011219875322  272.869212779643   12.240587716387  175.037480839389
     0.011472413321  265.633365144368   12.180139483172  173.430117995783
     0.011724951320  259.145287640845   12.126326294947  171.998964487643
     0.011977489319  252.284064708401   12.071566050190  170.577362603277
     0.012230027318  245.864412881608   12.011339764815  169.016313100094
     0.012482565317  240.299382558169   11.958821183943  167.644258283377
     0.012735103316  234.372668449772   11.905606028373  166.243372443666
     0.012987641315  228.002335684782   11.838946256592  164.493088104136
     0.013240179314  222.815537292949   11.777549361372  162.868154688419
     0.013492717313  218.440556711844   11.728651659063  161.545088984196
     0.013745255312  213.270325626378   11.672934840832  160.064871562288
     0.013997793311  207.952954494353   11.607676853962  158.378731884707
     0.014250331310  203.712014925587   11.551019243445  156.906198887453
     0.014502869309  199.954248934570   11.504724897388  155.671343907289
     0.014755425771  195.064275081533   11.444356734966  154.109357561980
     0.015010851833  190.017368763847   11.373458656197  152.316584214855
     0.015266277896  185.926906192306   11.315569242006  150.829175724352
     0.015521703959  181.296263046732   11.256038054607  149.303574400262
     0.015777130022  176.403754437414   11.190842129357  147.719032551725
     0.016032556084  172.468736734121   11.136286517272  146.403236249306
     0.016287982147  168.375566491261   11.083443073897  145.121681705518
     0.016543408210  164.033593608429   11.029796102620  143.927270721817
     0.016798834273  160.435490736487   10.984815770804  142.930435891262
     0.017054260335  156.736464991242   10.937289562290  141.804317739876
     0.017309686398  152.851687296785   10.887084308347  140.683765046860
     0.017565112461  149.673685467152   10.846112781833  139.766219159338
     0.017820538523  146.735577562636   10.805937155213  138.823824555240
     0.018075964586  143.837954800854   10.764758283233  137.909966243099
     0.018335511494  141.024693874385   10.722989880435  136.922505526076
     0.018595064820  138.242169491336   10.678478044876  135.835808708549
     0.018854618146  136.028909029347   10.643031477817  135.038111082029
     0.019114171472  134.017749472477   10.609649314307  134.233563985503
     0.019373724798  131.396590236956   10.560203551044  132.954480284847
     0.019633278124  128.766678473114   10.506555171027  131.606453378600
     0.019892831451  126.843980062920   10.468048090893  130.686476260173
     0.020152384777  125.036527116024   10.430666228902  129.740546381592
     0.020411938103  122.936879424543   10.382580394078  128.475385468131
     0.020671491429  121.071894519466   10.338258543952  127.320915451124
     0.020931044755  119.699337851852   10.305600054121  126.476023538527
     0.021190598081  118.808674729746   10.284364415398  125.912735943033
     0.021450151407  118.167995368171   10.271285700703  125.556850620464
     0.021709704733  117.220710339048   10.252140327902  125.050687132382
     0.021969258059  115.921323534194   10.222593195961  124.272628078569
     0.022228811386  114.772710700424   10.194352602861  123.524575018333
     0.022488364712  114.118606349429   10.176592899077  123.045993160252
     0.022747918038  113.899242309585   10.168372162299  122.812535746418
     0.023007471364  113.805761917834   10.163893173797  122.686123722313
     0.023267024690  113.568986749795   10.158269868392  122.545783009071
     0.023526578016  113.207850561340   10.151271264650  122.376088783411
     0.023786131342  112.950646742285   10.146229540471  122.249150365778
     0.024045684668  112.895091063232   10.145059540604  122.212140159638
     0.024305237994  112.822105079729   10.144929247669  122.203204411139
     0.024564791320  112.341194887894   10.137893181956  122.034542994535
     0.024824344647  111.440344674050   10.121533267741  121.650899052868
     0.025009739880  110.781543675227   10.108374492443  121.342925783866
     0.026017113932  108.159621430364   10.047210697174  119.907228277587
     0.027025784941  107.159466656835   10.012651460431  119.089721519939
     0.028039467121  105.360737498797    9.962485103388  117.908482266518
     0.029045424706  103.412602640129    9.912259548239  116.708223663290
     0.030047267813  101.759160661029    9.873368362557  115.810035886451
     0.031059275018   99.404366094900    9.821667333519  114.656685705481
     0.032071282223   97.938164785889    9.797030597118  114.254759653182
     0.033083289427   95.618044205400    9.752180113368  113.351795277095
     0.034089910706   93.142557977957    9.710392755802  112.566109695490
     0.035109748080   90.449801349053    9.658981626197  111.417600030607
     0.036123696673   87.791370998571    9.607147755817  110.444603950974
     0.037145039771   86.045149005124    9.581680749232  109.865927847902
     0.038163922156   83.742910192303    9.537771378795  108.989468229473
     0.039182804542   82.356934622547    9.518573206501  108.656518824668
     0.040201686928   81.021235758445    9.495460525571  108.157760547496
     0.041229349691   79.362257255686    9.467171028218  107.630609955683
     0.042234759735   78.380140625590    9.450090476214  107.362972454091
     0.043273829466   76.744661711765    9.431675052986  107.014368920157
     0.044302044842   75.922704402788    9.430288347959  107.077153377882
     0.045330260219   74.922685008440    9.416219961726  106.978957650887
     0.046363148247   74.195693246738    9.422101395298  107.196838209834
     0.047396238332   73.507398702596    9.428476274561  107.280979666291
     0.048402338373   72.792935290957    9.432255796466  107.529388481308
     0.049425266522   72.297988869587    9.440696504690  107.670308934898
     0.050436446599   71.600162193130    9.442246154338  107.965841345812
     0.051438896599   71.328331687478    9.457952098052  108.248217720050
     0.052458896599   71.102392053221    9.469195731643  108.653656127871
     0.053458907033   71.063107584989    9.508428169661  109.476720113058
     0.054475907033   71.374285389015    9.534670958957  110.152635379946
     0.055504284292   71.639197025471    9.572400916410  110.946552446500
     0.056505334424   71.943572858213    9.610168471218  111.775509349363
     0.057544534424   72.404468067910    9.641031727758  112.665801606410
     0.058594294424   72.719891937561    9.689305669055  113.658947073408
     0.059644054424   73.179873209509    9.720715835999  114.450325402320
     0.060653854424   73.729674343121    9.769126338569  115.623211268548
     0.061666645633   74.037068795257    9.816412480662  116.750499938337
     0.062687557922   74.030470767744    9.852694111206  117.614310899170
     0.063697344258   74.166105855294    9.881731041959  118.324324577301
     0.064701007916   74.650189843683    9.916264067072  119.134056678895
     0.065712087724   75.125508159512    9.944694933822  119.883208738724
     0.066716722584   75.505422287436    9.981558290362  120.640837863662
     0.067751489208   76.138219467512   10.000989489077  121.365346091033
     0.068757093277   76.696128215638   10.030961434945  122.202853992616
     0.069784116796   77.347139907551   10.069118333608  123.136828587247
     0.070799949725   78.081156909528   10.100567025931  123.916983660313
     0.071823509613   78.512371678045   10.119007389684  124.366358506268
     0.072841955728   78.862609123600   10.120586250820  124.755231924374
     0.073887643916   78.960143727155   10.146680243586  125.373887688958
     0.074905136886   79.328033215448   10.172052120310  125.928058375132
     0.075949033728   79.968967438940   10.196057644042  126.666071460348
     0.076966434351   80.712941756760   10.245925269989  128.152205084280
     0.077990539362   80.487682441900   10.276791112256  128.793870270051
     0.079038888539   80.128368197819   10.267248658131  128.727263890403
     0.080067852271   80.681301484187   10.315582452960  129.964308769064
     0.081071607164   80.365719190509   10.344454540669  130.670757090896
     0.082077477291   79.733367667351   10.347796728251  130.801705225289
     0.083084505754   79.796590719215   10.388703948421  131.849353390975
     0.084086138468   79.814473877992   10.423393512803  132.841333394847
     0.085113832495   80.075204454322   10.468444640008  133.949111548760
     0.086151150688   80.282134615982   10.503564000396  134.956166727250
     0.087170804885   80.395201226807   10.545796056264  136.052053835288
     0.088175638290   81.006963747989   10.613252322263  137.773199904200
     0.089186588063   80.941880779363   10.651827272180  138.680167130798
     0.089983940605   81.123588495581   10.675371542050  139.523325607797
     0.091010808191   81.646226103318   10.733487267113  140.984427305317
     0.092012727961   81.978067804101   10.773834690447  141.922898140747
     0.093028742043   81.969995745422   10.811509007309  143.089914003033
     0.094080207348   82.617910098030   10.871782348917  144.742729562092
     0.095094960260   82.884592385873   10.921415000725  146.155750113514
     0.096119164869   82.568579628856   10.943314646025  146.673805935335
     0.097152286173   82.705258266196   11.015626519752  148.472096244756
     0.098184957562   82.803525756625   11.068556834088  149.972723691374
     0.099202171414   82.798380235930   11.109347209459  151.133163549623
     0.100205408085   82.994333286103   11.153841127166  152.500622921412
     0.101209574073   83.045094863672   11.217031011514  154.082545202262
     0.102235757613   83.005911971239   11.250053919028  155.107037773028
     0.103236328301   83.313372245485   11.311990290781  156.932651470069
     0.104237348737   83.527894203682   11.369047416781  158.560794264023
     0.105239841803   83.578019572718   11.399521295652  159.473530727708
     0.106245088315   83.921464263009   11.462553994839  161.182877698480
     0.107270586129   83.954234885476   11.501370778747  162.365776940512
     0.108275652025   83.848781859681   11.552017426784  163.810547122738
     0.109277314715   83.988669868684   11.604591194958  165.375006877245
     0.110278736537   83.678333129660   11.629516249386  166.057652188427
     0.111291899604   83.578944448887   11.650131917311  166.831609600934
     0.112309314649   83.686413234630   11.695858735592  168.053250627485
     0.113328370209   83.446344458160   11.725711932680  168.790309767478
     0.114333451410   83.868523527189   11.787997095688  170.957359075550
     0.115342022850   83.996096718286   11.831997536285  172.148602097878
     0.116344822788   84.081384694374   11.872059915862  173.342022984691
     0.117361088021   84.284269371215   11.935085963048  175.046768281625
     0.118372646310   84.037895269388   11.973525769267  176.530331774457
     0.119376201725   83.636720300221   12.003933973752  177.563126016146
     0.120378966199   83.088198574183   12.028995397856  178.279188058166
     0.121386818393   82.658091360970   12.053093630513  179.002870467816
     0.122403704144   82.496998242993   12.070197538936  179.862188926647
     0.123411418136   82.170828315297   12.129351553106  181.021276376179
     0.124416835199   82.562420745931   12.182920404866  183.202226776535
     0.125417811141   82.667817863337   12.228568815575  184.552748206737
     0.126423050228   83.055808417743   12.303419991300  187.165893009291
     0.127427173017   83.005537306491   12.370877839476  189.341661740792
     0.128436320961   82.277600177515   12.396661404018  190.110925949356
     0.129439434310   81.361947480657   12.405803285998  190.509511529823
     0.130450630649   80.528310068867   12.416965902240  190.907007328562
     0.131454586484   80.230989850973   12.435818006881  191.392828054046
     0.132462700674   80.845920188525   12.519202892716  194.181149818311
     0.133468207491   81.488364138399   12.592273337651  196.420487547373
     0.134470527413   81.986237375605   12.648883313002  198.416997158113
     0.135482076054   82.428680104590   12.714838024701  200.681629208316
     0.136485184180   82.748932085125   12.780853068792  202.628011216056
     0.137495395777   82.886810457509   12.835777963695  204.369371429003
     0.138505058895   82.890981054382   12.880086441791  206.198092176401
     0.139513649705   82.451823825551   12.901462532330  206.813586576092
     0.140520401235   82.557354799925   12.951935806015  208.613669007595
     0.141522012508   82.743822135788   12.996197190984  210.014116145787
     0.142530042865   83.043465727684   13.069406185591  212.669414549167
     0.143535562727   82.913536542412   13.098529027401  213.453224008591
     0.144537052172   83.165345273982   13.156751170028  215.674049819086
     0.145539397169   83.388947380016   13.214514796395  217.636505376160
     0.146543633825   83.200346255345   13.229354900871  218.124189731338
     0.147552311012   83.641618358779   13.313004204209  221.242418509723
     0.148557934530   83.747905902705   13.332177118611  221.812185141103
     0.149563555752   83.408741691420   13.393798490685  224.053023292797
     0.150565319453   83.052979674944   13.415761965102  224.822840926310
     0.151565814661   82.995812143118   13.452847445770  226.095997380909
     0.152567715882   83.418310486095   13.503064140862  227.714435008195
     0.153571125937   83.681292117020   13.570958490711  230.497406221826
     0.154573612375   83.455543113752   13.585760563167  230.656080011256
     0.155579188460   83.605825735095   13.642855181332  232.867336364422
     0.156580484989   84.260711835030   13.717400347272  235.540493548835
     0.157584137786   84.338416253988   13.744438674258  236.446079258078
     0.158590757057   84.231853002305   13.811618141480  239.328668339508
     0.159593718900   83.992605801922   13.827105301236  239.522765143650
     0.160087472883   83.945989332809   13.834276105533  239.742501937597
     0.161089808153   84.232826269125   13.892406615043  241.863453820229
     0.162094211357   84.499998996810   13.956726453996  244.422433807557
     0.163096813209   84.629119188548   13.976002232683  244.964489352679
     0.164010758915   84.612430103635   14.036839292051  247.726167436648
     0.165014131739   84.496736115066   14.047766745741  247.744080832608
     0.166016008796   84.864760286060   14.131443758161  251.053268586206
     0.167018218506   85.460785025015   14.193624638425  253.346958022815
     0.168019243939   85.508315072014   14.212328870652  253.706036591331
     0.169021381824   85.771743043090   14.277932422841  256.574177056032
     0.170021509845   85.492853126477   14.279958414340  256.374013308425
     0.171021953827   85.860408495090   14.350553771956  260.142302624110
     0.172025875578   85.606164082742   14.367637216252  260.158073000960
     0.173029805054   85.506938401069   14.414117199378  262.477556697971
     0.174030884272   85.385432339135   14.434509967211  262.556490332926
     0.175032537304   85.865536237323   14.492845598673  265.527805699537
     0.176032909495   86.533851653318   14.573284838939  268.370865051344
     0.177034596821   86.105297610948   14.579792315096  268.341198512072
     0.177444807581   85.958075324930   14.582890702395  268.189811235816
     0.178447579273   85.764223695899   14.622157310717  270.267218043296
     0.179451380631   84.776144581710   14.602312091850  268.972358604191
     0.180453739514   84.939196674380   14.628136881734  269.769996640475
     0.181454032867   85.389889240937   14.676110059238  271.381584833878
     0.182454326220   86.210644797379   14.747532690424  274.270706070062
     0.183455244998   86.418685063409   14.775955554433  274.796947213511
     0.184457830257   87.264757779773   14.859643496948  278.312685171885
     0.185460415516   87.104881155222   14.890138422692  279.574850783463
     0.186464320965   86.941792879606   14.903059769626  280.018445128192
     0.187465589485   87.122122490070   14.946197261774  281.994217284424
     0.188466131824   86.914247162650   14.945497179321  281.585745989840
     0.189467807341   86.954445911240   14.979291140455  282.974343061450
     0.190469482858   87.843515937589   15.054320880019  286.167174721392
     0.191469492102   87.733799500350   15.072968317438  286.409206389753
     0.192472238177   87.139607817651   15.080405214162  286.539823780947
     0.193473561251   87.723669794506   15.154191989140  290.463500230270
     0.194475003370   88.102075844248   15.197665846095  291.966651370630
     0.195477070174   88.248101429692   15.248159188396  293.952237453590
     0.196479136977   88.699083234093   15.316209104995  297.164163391629
     0.197480395845   88.308712944140   15.331414950642  297.818325536987
     0.197502736463   88.296038610463   15.331052028059  297.787730289072
     0.198505271679   88.420201368444   15.347201621956  297.572059960890
     0.199507806895   88.806833577687   15.412014608757  300.823557885922
     0.200508612355   88.678154831129   15.429323406387  301.439511059812
     0.201510294629   88.697480637062   15.449542615147  301.469578219353
     0.202510971830   89.238404663675   15.526378126329  305.271364083875
     0.203512535198   89.233702383340   15.543473946702  305.570018983863
     0.204510112217   89.390412392879   15.567675758878  306.555336095385
     0.205507689236   90.314072447756   15.641245016681  309.700675824459
     0.206509264468   90.145727882112   15.659179343158  310.274134210755
     0.207512094194   89.597421821522   15.658527915436  310.111148108101
     0.208512213675   89.779281273840   15.698286614255  312.127774425000
     0.209512621115   90.058654896402   15.758518975549  315.267824893095
     0.210513210691   89.703654796288   15.770097415138  315.802335547166
     0.211513906628   90.072067974409   15.801732283960  316.521273245900
     0.212027788025   90.572905685407   15.833388818444  317.261310409213
     0.213008477714   91.165111965371   15.899391645165  320.822837752421
     0.213870429201   91.088125767916   15.917513499134  321.395296737970
     0.214871608331   91.016630586325   15.935484683577  321.974169133980
     0.215835701025   90.679196077778   15.936598249233  321.506192550549
     0.216770400961   91.012120437717   15.990156545576  324.422448643067
     0.217771602306   91.556019847261   16.035853186242  325.868570995840
     0.218766841442   91.294589967424   16.038493116145  325.696912801618
     0.219532426001   91.459709813109   16.072037799334  327.969297075297
     0.220296822902   91.463507389027   16.100695010013  328.900475983688
     0.221059850105   91.293404229247   16.107908401842  329.201071448117
     0.221821624933   91.602194068243   16.136915711993  330.360384102682
     0.222822090531   91.694828289696   16.159186020268  331.018526356867
     0.223656074097   91.556635552016   16.159456533556  330.772121152176
     0.223735940753   91.622158386589   16.162894217512  331.011062652822
     0.224484607462   92.394977831250   16.228040508629  334.405048088655
     0.225424394687   92.144294844919   16.236188574787  334.612712766407
     0.226267440017   91.868769676299   16.242210964928  334.922023095685
     0.227039888323   91.873195707155   16.250487563542  335.394896828523
     0.227812336630   91.788264264072   16.267550882293  336.130998518876
     0.228584784937   91.821268738398   16.288147855345  336.971429033719
     0.229357233243   91.714323415023   16.288279328196  336.516917569059
     0.230129681550   91.856312909865   16.305170527865  336.753738405086
     0.230902129856   92.907828507489   16.364782443034  339.648116054998
     0.231674578163   92.922109581833   16.387351222488  340.397524766953
     0.232447026469   93.028263686000   16.408608259421  341.205648063836
     0.233219474776   92.435941804351   16.394832789883  340.697148297338
     0.233914678252   92.253812701033   16.408893116889  341.372705464034
     0.234834741413   91.809508461053   16.408815442403  341.319379447904
     0.235574648183   91.515705330175   16.414083893989  341.479541715258
     0.236266807202   91.933210930337   16.450421035412  343.728978779647
     0.236958966222   92.017775475533   16.477737060036  344.928886583588
     0.237607808704   92.923706251900   16.534582533912  346.803436554636
     0.238230550197   92.999199690250   16.557538315606  347.971675306886
     0.238853291689   93.565631525931   16.594193074236  349.988606529952
     0.239609786725   93.339076937486   16.609429180232  350.652615799317
     0.240304249584   93.151102663734   16.614241855455  350.847628652624
     0.240947192019   92.909906568767   16.604701448559  350.491824431073
     0.241558998194   93.017168949456   16.629194569503  351.680969254047
     0.242170804369   92.806017834173   16.632675870855  351.748900173194
     0.242447340761   92.992604789342   16.645451295402  352.172415585456
     0.243101042285   92.960987828095   16.661447216859  352.771448318443
     0.243695461788   93.080802476778   16.671111890323  352.548783424913
     0.244289881290   93.227887657663   16.692075625960  353.736300971623
     0.244884300793   93.584326777144   16.720429006357  355.146937337983
     0.245478720295   93.782612180796   16.751235807440  356.274646039012
     0.246073139797   93.640559441762   16.749727414788  355.952515841665
     0.246667559300   93.701467129802   16.766410509943  356.792433521088
     0.247261978802   93.882354361606   16.785648761618  357.869949184085
     0.247856398305   93.970413413136   16.810653656330  359.305154979150
     0.248450817807   93.642977004733   16.803760812081  358.733376870412
     0.249045237310   93.678497524532   16.817661368228  359.512112293367
     0.249639656812   93.492653649869   16.818873360798  359.524380163401
     0.249844137121   93.544268489353   16.822719296157  359.739141756390
     0.250379352441   93.862050676205   16.851540491460  361.037105804626
     0.250914329993   93.778070901647   16.860933321766  361.232747091329
     0.251449307545   93.857856210667   16.869780376024  361.231570595948
     0.251984285098   93.918374041423   16.885337818144  361.960995662052
     0.252519262650   94.295150936080   16.915389200691  363.785574495534
     0.253054240202   94.446081900690   16.947637142684  365.531744636548
     0.253589217754   94.357253083913   16.953450556339  365.748902373239
     0.254124195306   94.220055636190   16.954198139449  365.557019084718
     0.254659172859   94.363186469545   16.974961698057  366.469183054114
     0.255194150411   94.261083144673   16.984707550654  366.787351627676
     0.255682981647   94.219197023655   16.992655585792  366.952741521818
     0.256164425191   94.182566932211   16.992924709310  366.787439301750
     0.256314635576   94.134100753357   16.992319637476  366.822185765051
     0.256796079119   94.389362227368   17.018417631062  368.362862754469
     0.257277522663   94.733966725539   17.056043979316  370.129559408756
     0.257758966206   94.444474470198   17.057875431220  370.528050524337
     0.258240409749   94.385204011169   17.064158997194  370.729816909525
     0.258721853292   94.166505052544   17.066632719747  370.849990904699
     0.259203296836   94.101319050581   17.071646329478  370.868934493970
     0.259684740379   94.178204293956   17.090387151769  371.608575740927
     0.260166183922   93.863310238056   17.084630361336  371.227453326074
     0.260647627465   93.903914644469   17.092371986473  371.217618797193
     0.261129071009   93.682193903950   17.087267736982  370.830030599975
     0.261610514552   93.721451946948   17.094099163278  371.361910911187
     0.262091958095   94.012230131606   17.131526122819  373.569925050609
     0.262509851091   93.808737175450   17.135339466547  373.821255201003
     0.262991294634   93.830265312070   17.143323405254  374.023033702709
     0.263472738177   93.771231764469   17.152475082422  374.404597040925
     0.263510290774   93.750529033252   17.152507992297  374.423999481097
     0.263908315693   93.535855403025   17.146665313442  374.142381682427
     0.264367641676   93.621214761692   17.162026626670  374.708827156068
     0.264981736482   93.438037119730   17.163886655425  374.491765149820
     0.265595831288   91.394113661329   17.028501540153  367.457157984262
     0.266209926095   91.061157192911   16.988046679363  365.224091171706
     0.266824020901   91.168727366917   17.006780667354  366.033345707135
     0.267438115707   90.723546163189   16.979288721955  364.336587526002
     0.268052210513   90.778248001760   16.987169296171  364.575816550524
     0.268666305320   90.794482974892   16.990931706789  364.708942312353
     0.269280400126   91.068682748105   17.019408913152  366.100970692882
     0.269894494932   91.232731018885   17.040543040008  367.171122041443
     0.270508344036   91.044482737379   17.046413702025  367.421842711986
     0.271061013189   91.003124075584   17.043571079933  367.186703382480
     0.271098594691   91.007138346536   17.044287241802  367.229472029411
     0.271651263844   91.079241357851   17.062714392406  368.126846667062
     0.272203932998   91.188728129172   17.074353525385  368.685559409564
     0.272756602151   91.470582468885   17.104994193181  370.144232161669
     0.273309271304   91.343239945258   17.107638136799  370.311279253601
     0.273861940457   91.257718753301   17.112537956725  370.495168881507
     0.274414609610   91.126319237544   17.114938495534  370.545414496682
     0.274967278763   91.103924533575   17.117817340370  370.492570836247
     0.275519947916   91.087100166924   17.130381908241  371.030463624889
     0.276072617070   90.803195301911   17.129122001678  371.108074988974
     0.276625286223   90.578288175012   17.128969992075  371.116797287383
     0.277177955376   90.647070710108   17.138320474864  371.416679777782
     0.277730624529   90.754246636346   17.156073796730  372.076897884538
     0.278283293682   90.819174244635   17.166308140087  372.456611926012
     0.278594999085   90.884784371594   17.178210378742  372.973903287607
     0.279147668238   90.640921788386   17.171359586613  372.639034637766
     0.279700337391   90.757129096618   17.186271501242  373.253017931959
     0.280253006544   90.615772651421   17.189108354954  373.376248423856
     0.280805675697   90.514335551241   17.192454597428  373.503532137525
     0.281358344851   90.448687093523   17.195002343515  373.519397381455
     0.281911014004   90.624821959147   17.218694884057  374.622477687055
     0.282463683157   90.512960242955   17.222864160995  374.794112043928
     0.283016352310   90.616853352466   17.243832195500  375.893890482921
     0.283569021463   90.382924073072   17.246248094734  375.979049575851
     0.284074262411   90.295220206824   17.250966920287  376.217592893837
     0.284571524783   90.334549673545   17.263519109425  376.784841194705
     0.285068787154   90.451600904578   17.277471358827  377.589188301651
     0.285506378041   90.801939258198   17.314173628787  379.380219902354
     0.286003640413   90.781884305346   17.321661409920  379.723963435380
     0.286500902784   90.787934176665   17.328929920790  379.992334359910
     0.286998165156   90.709496624420   17.328474592690  379.877343888778
     0.287495427527   90.816758784765   17.343389672940  380.629902078232
     0.287992689899   90.927774173132   17.361616863311  381.580634736634
     0.288489952270   90.773874469889   17.357641018196  381.244547975217
     0.288987214642   90.684706605000   17.368129136428  381.865529804502
     0.289484477013   90.311037833717   17.354911774217  381.208375662324
     0.289981739385   90.383772835418   17.363952801325  381.382115296806
     0.290479001756   90.324414526892   17.364633809303  381.288828037285
     0.290976264128   90.484859642888   17.380682650231  381.882041409264
     0.291473526499   90.449099100092   17.384285449903  381.993476910790
     0.291913106436   90.458285170394   17.388338398231  382.118764913156
     0.292410368807   90.441649426586   17.393714980881  382.261780433636
     0.292907631179   90.472894653754   17.399037221115  382.410406669294
     0.293404893550   90.596463519899   17.410469085330  382.848813277388
     0.293902155922   90.778121492075   17.424621999531  383.542439600516
     0.294399418293   91.031614752603   17.456600359710  385.152685560027
     0.294896680665   90.755563319939   17.450494765918  384.873226211025
     0.295393943036   90.538843698402   17.451242558516  384.875791040729
     0.295891205408   90.062221659050   17.429319428881  383.794181159122
     0.296388467779   90.089003860746   17.436070782991  383.963948185166
     0.296885730151   90.139657742538   17.444070646385  384.260481339688
     0.297382992522   90.376602673550   17.470701416005  385.641202742111
     0.297854481181   90.260945584203   17.472258859017  385.665386245265
     0.298301987352   90.422080122309   17.487005259158  386.450087864359
     0.298422814018   90.474919515783   17.493784016982  386.793658777575
     0.298870320188   90.510345942184   17.504032487725  387.269844107904
     0.299317826359   90.641222382636   17.515329985107  387.833976576136
     0.299765332529   90.849767803148   17.534737296401  388.666248512158
     0.300212838700   91.059610091471   17.544172224806  388.939854658353
     0.300660344870   91.162408528993   17.555587762332  389.415729499180
     0.301107851041   91.107133068472   17.553948847202  389.256010053618
     0.301555357211   91.212066347212   17.563486478565  389.678846569357
     0.302002863382   91.142584513668   17.568120530361  389.880655040491
     0.302450369552   91.048993705576   17.568081933451  389.915877273429
     0.302897875722   90.978368388722   17.573068571875  390.114167173370
     0.303345381893   90.932964238555   17.572013513751  390.005327939151
     0.303792888063   91.034286748040   17.585699646053  390.601268666724
     0.304240394234   90.897541962059   17.581598758608  390.335483677908
     0.304502632850   90.899877434971   17.580367453122  390.209138429620
     0.304950139020   91.158272268260   17.599867654174  390.945871028468
     0.305397645191   91.151851451633   17.604578275718  391.125850148987
     0.305845151361   91.169234667699   17.612968075214  391.500645939490
     0.306292657532   91.071587785943   17.613276165052  391.465605317646
     0.306740163702   91.033104130814   17.613051779991  391.428568333856
     0.307187669872   91.301617936091   17.636404673759  392.457944112500
     0.307604981973   91.374412634472   17.645546269655  392.981989089983
     0.308007689820   91.630576662979   17.671729443814  394.405193934335
     0.308410397668   91.772043667521   17.691304264096  395.429597597981
     0.308813105515   91.782148790118   17.696565529264  395.766213603129
     0.309215813363   91.978760406957   17.710815637622  396.307256037572
     0.309618521210   92.056523776190   17.714611881599  396.354554708409
     0.310021229057   92.211266932516   17.722806128615  396.628898587861
     0.310342589919   92.363646498569   17.731926512502  396.939440698164
     0.310745297767   92.422810058481   17.736002577483  397.096218560295
     0.311148005614   92.402633721604   17.737823064766  397.197090045812
     0.311550713461   92.341053808024   17.733590031659  396.912779026503
     0.311953421309   92.498890696910   17.737373323207  396.931380967644
     0.312356129156   92.820534221903   17.755999134532  397.661970528614
     0.312758837003   92.808490722450   17.756230521226  397.611783843643
     0.313161544851   92.951417192730   17.760285272083  397.711604796700
     0.313564252698   93.255716082686   17.784846100386  398.867814579804
     0.313966960546   93.074887361544   17.780236816395  398.669290870940
     0.314369668393   93.056451825346   17.779647790833  398.620438345956
     0.314772376240   93.001909769593   17.784858935273  398.879798909017
     0.315175084088   92.799192584444   17.775329605708  398.414508096295
     0.315577791935   92.902220772427   17.782173230261  398.663619776386
     0.315641419775   92.937007239715   17.785196277941  398.800306154556
     0.316044127622   93.057756958362   17.798288509143  399.407214565905
     0.316446835469   93.165393503330   17.808087451022  399.956518135666
     0.316849543317   93.426637855432   17.835591202432  401.342443029448
     0.317252251164   93.268928474501   17.834590699515  401.264751577795
     0.317654959012   93.097221654189   17.824316052371  400.762272752412
     0.318057666859   93.303066793427   17.846053462292  401.924536374497
     0.318460374706   93.312083728923   17.853784950974  402.343248437134
     0.318863082554   93.368605802447   17.860504296049  402.700492258638
     0.319265790401   93.400447047683   17.868764223888  403.063613354194
     0.319668498248   93.227489912159   17.858426421958  402.515154222521
     0.320071206096   93.381039859501   17.868668986060  402.967679941764
     0.320473913943   93.471928358356   17.878612143059  403.353179417074
     0.320876621790   93.429331460368   17.876020515581  403.203599014043
     0.320954747113   93.453737043679   17.877415969808  403.264997641446
     0.321357454960   93.643215064526   17.891963251284  403.878389442478
     0.321760162807   93.535308877569   17.890078593976  403.747066235200
     0.322162870655   93.466253972186   17.887886281644  403.644728809767
     0.322565578502   93.611193726507   17.899976664889  404.115827359248
     0.322968286349   93.527529050290   17.898267693238  404.012525098040
     0.323370994197   93.568142605714   17.900736737024  404.070165233779
     0.323773702044   93.683953882591   17.913429469952  404.576697991620
     0.324176409891   93.513470723068   17.905280349266  404.162340119428
     0.324579117739   93.698447964512   17.912849693078  404.388613548831
     0.324981825586   93.924762273446   17.932124480704  405.225633963280
     0.325384533433   93.810758632828   17.927633184908  405.015561694685
     0.325787241281   94.040417979156   17.944454242738  405.767375856228
     0.326189949128   94.043019680144   17.955077747831  406.292006914227
     0.326376000154   93.956739303567   17.951843922738  406.138209546874
     0.326778708001   93.884213954850   17.951732259139  406.135104517077
     0.327181415848   93.788917931340   17.956239594871  406.341021569241
     0.327584123696   93.504197918141   17.941613520955  405.625485223214
     0.327986831543   93.718266878595   17.958825801175  406.452874761451
     0.328389539390   93.815015948178   17.977721770227  407.443215587445
     0.328792247238   93.686726861140   17.972437533927  407.213524301688
     0.329194955085   93.898419973176   17.993748849462  408.344834599564
     0.329597662932   93.811548522857   17.995527735872  408.441051327804
     0.330000370780   93.845824424102   17.994482568504  408.298211598837
     0.330403068792   94.113199109445   18.013109913297  409.040396172666
     0.330805504904   94.034197433288   18.009885308259  408.883048045875
     0.331207555240   94.146107767453   18.014139503017  408.983943814862
     0.331609273694   94.260580892063   18.023231476635  409.310389600820
     0.331827646176   94.215612501211   18.020554989424  409.163777812285
     0.332228776820   94.289472759610   18.025281887989  409.368916865419
     0.332629551026   94.391435915057   18.035642967134  409.791186106853
     0.333029976337   94.262753971262   18.029562724421  409.471120378437
     0.333430000119   94.361417257146   18.038076651474  409.861602886290
     0.333829698886   94.404652259892   18.048753134886  410.331603568521
     0.334229025469   94.126644743213   18.037545930029  409.847783834995
     0.334627984752   94.143528521293   18.043978133771  410.163086475046
     0.335026622134   94.060042493727   18.050864390025  410.542869767295
     0.335424862358   93.716503764410   18.040136055052  410.189265381151
     0.335822767566   93.668441919961   18.044104922809  410.345098654220
     0.336220313617   93.537055968299   18.043442709804  410.275199188468
     0.336617502197   93.504931211673   18.044423245817  410.261133731966
     0.337014336945   93.605734414620   18.057736380749  410.766977740371
     0.337253882980   93.521345009870   18.057666115038  410.750306490216
     0.337650136992   93.273989595650   18.052064778338  410.560723461093
     0.338046073028   93.233706188031   18.059848373609  410.917015063914
     0.338441652504   92.975911039081   18.052884993355  410.533152829548
     0.338836855280   92.905961393563   18.047538754453  410.155556450668
     0.339231746939   93.203239285884   18.071041195482  411.119372764643
     0.339626258094   93.051331912823   18.068981780003  411.020253451104
     0.340020425221   93.040339200355   18.071761741042  411.122598116296
     0.340414269358   93.084157788719   18.083521764695  411.628989862680
     0.340807727066   92.936617343701   18.078485510705  411.393207518053
     0.341200844161   93.089501397830   18.094582132707  412.139303324216
     0.341593650685   92.990036150738   18.095998319097  412.197031582641
     0.341986030975   92.947618539408   18.094556758838  412.133760644477
     0.342378118478   93.350016924785   18.132042625927  413.973539719058
     0.342407902624   93.361144812344   18.133984419861  414.069530989326
     0.342799454153   93.104224206354   18.130156788326  413.916157527254
     0.343190586606   93.236315872509   18.144297791774  414.722177877347
     0.343581529273   93.546958712028   18.177757659183  416.402292284955
     0.343971933969   93.186063893663   18.164773283639  415.782226241189
     0.344362182959   92.302043874659   18.111119320551  412.886318297620
     0.344751936495   91.946749177024   18.081840307853  411.217482609614
     0.345141429308   91.817418626424   18.075260736409  410.936918017083
     0.345530546806   91.887428844640   18.083892824107  411.295264596928
     0.345919310270   91.894268041315   18.083496872360  411.213004333599
     0.346307754070   91.859260008699   18.083256764385  411.171680929999
     0.346695794258   92.035022745056   18.098548548177  411.816539831224
     0.347083590801   91.818283448492   18.089260813977  411.406078239655
     0.347115366116   91.799994665780   18.088360912932  411.363396155521
     0.347502664213   91.908214467547   18.095416510119  411.581844945263
     0.347889756364   91.961282077986   18.104460233083  411.994718189127
     0.348276362640   91.697562209111   18.093912146237  411.523271587905
     0.348662740387   91.844616079815   18.104249704456  411.906861230622
     0.349048708429   91.743232276495   18.104529469733  411.882075486908
     0.349434357522   91.690929692141   18.100959850098  411.648436292921
     0.349819656882   91.791323189147   18.114544244072  412.262091583015
     0.350204609624   91.649293766487   18.110810810626  412.065955880491
     0.350589225422   91.589942138997   18.107288383197  411.843420816616
     0.350973483965   91.774942531690   18.122480223678  412.483570140302
     0.351357432919   91.726644786453   18.124620544025  412.613111829040
     0.351740987324   91.689467354461   18.127924266536  412.754903849378
     0.352117382087   91.712306384451   18.132805804653  412.944393481981
     0.352500232442   91.660044060602   18.132840754456  412.926787326273
     0.352882837309   91.815865042890   18.147170262502  413.551040204828
     0.353265029139   91.698781013162   18.145435385065  413.449962082398
     0.353646902817   91.836858458568   18.155457594080  413.894638739634
     0.354028449141   91.958579243461   18.172457376215  414.710423668723
     0.354409623265   91.765501327008   18.165575818513  414.377515809669
     0.354790483598   91.745680861130   18.168188948083  414.490103623788
     0.355171002226   91.787176737010   18.178715790933  414.976997638342
     0.355551157587   91.560153280169   18.167380373660  414.447106155476
     0.355930989502   91.633127123103   18.176119738715  414.844018008856
     0.356310482274   91.543117975709   18.177209387594  414.905327901251
     0.356689608158   91.441561347308   18.172699513927  414.702886354218
     0.356704766241   91.449759859462   18.173305118585  414.732898509073
     0.357083557107   91.761886026374   18.199887384212  416.077014358152
     0.357462002102   91.759100316251   18.205105572617  416.386736339210
     0.357840077816   91.883611523318   18.212575730568  416.732016394143
     0.358217878568   92.116277797407   18.233130761107  417.692604941539
     0.358595281333   91.960125033092   18.225837517698  417.325482337832
     0.358972372827   92.025750815650   18.231352413947  417.559087948963
     0.359349126287   92.020931315226   18.235485124773  417.660167422663
     0.359725511111   91.754299746296   18.213620187320  416.521282615409
     0.360101572363   92.051873834486   18.232936273777  417.422454616121
     0.360477299179   92.231192580777   18.249964410119  418.222361176194
     0.360852665245   92.147626671781   18.245395227642  418.018216186977
     0.361227698621   92.316091891414   18.260258589493  418.696567147631
     0.361442837705   92.287285862320   18.262669039199  418.833121770455
     0.361817316705   91.984483411728   18.245623938006  418.052508720401
     0.362191464189   92.143183373889   18.255724304153  418.456393308413
     0.362565308406   92.188637501043   18.266558126489  418.987035456657
     0.362938747137   91.958381953289   18.252977151400  418.332668156639
     0.363311917996   92.242660859123   18.273428913993  419.232183992646
     0.363684709593   92.177500121603   18.282042262957  419.710597070870
     0.364057176406   91.825726213227   18.266509664958  419.026582397216
     0.364429308477   91.893529832350   18.277980661900  419.507408354157
     0.364801090467   91.724094030404   18.276693429338  419.455487639268
     0.365172538768   91.557721966900   18.271590007315  419.187352291046
     0.365543656362   91.586275663232   18.280339739812  419.507876595996
     0.365914434357   91.459270878459   18.275882344030  419.253112227076
     0.366074502097   91.461412801391   18.277502929786  419.315273578503
     0.366444809515   91.558117857019   18.289663652404  419.835307594109
     0.366814776031   91.378781602654   18.283088625954  419.516089347476
     0.367184408997   91.336230182464   18.281204539132  419.380434033604
     0.367553701056   91.487100250031   18.291429108530  419.743124130723
     0.367922640073   91.529284917843   18.294039461494  419.796270587689
     0.368291242057   91.638820384257   18.300247556445  420.005369815204
     0.368659495824   91.809850187795   18.310458388229  420.423316904175
     0.369027413177   92.087113095506   18.329149829210  421.330364433712
     0.369394984296   92.278554452171   18.348380283333  422.301751575820
     0.369762208013   92.253303412235   18.349943182843  422.364574066193
     0.370129082329   92.212608117587   18.350273224399  422.372427569867
     0.370495636045   92.104514887598   18.348748692388  422.277402714431
     0.370604808373   92.064042598927   18.346885895767  422.176437427699
     0.370970894709   92.089314473795   18.348964391685  422.236312166925
     0.371336673018   92.215551767152   18.364533861499  422.993355960865
     0.371702089560   91.976814332752   18.356244443605  422.571796185386
     0.372067181486   91.750982002759   18.340628729788  421.760257481895
     0.372431928040   91.863753694725   18.351089233645  422.245362636203
     0.372796327537   91.882357521282   18.358030506014  422.605196942286
     0.373160400179   91.887932181785   18.361498324559  422.785931471598
     0.373524119248   91.849357779588   18.361449311521  422.846247978632
     0.373887493210   92.083014855542   18.375820039639  423.569994014002
     0.374250517210   92.329221953329   18.396128597711  424.520523989260
     0.374613219510   92.276544205295   18.394573118421  424.423567539704
     0.374975532408   92.349921420270   18.397183217974  424.497304225860
     0.375178291688   92.490363850791   18.407489047299  424.954800747946
     0.375540110459   92.446714369163   18.409909715979  425.054202816228
     0.375901549820   92.231670455447   18.397756134045  424.485342503115
     0.376262673724   92.342738989688   18.408541979698  424.978830558297
     0.376623438065   92.237730253928   18.410603145821  425.119743229454
     0.376983856290   91.960753086178   18.393422190297  424.236867556836
     0.377343958953   91.937186900587   18.394688450040  424.261100394646
     0.377703686881   91.891799264474   18.395698877253  424.282850437396
     0.378063095993   91.925848907869   18.401854679397  424.585006590147
     0.378422165595   91.905815057520   18.408567400571  424.886438803679
     0.378780873513   91.681810753642   18.395751655890  424.207302874619
     0.379139270231   91.760813332182   18.405297867200  424.691383234180
     0.379490859137   91.785918256413   18.415476885213  425.197178486418
     0.379848549953   91.662713025266   18.410268821915  424.926000366317
     0.380205906672   91.800571746969   18.422483308685  425.452159112793
     0.380562906406   91.733035305838   18.423786422856  425.493692162284
     0.380919561120   91.697140692233   18.421963077368  425.351569167482
     0.381275870944   91.872189935452   18.437078475682  426.013659145650
     0.381631837974   91.739602422305   18.434409351181  425.884563409741
     0.381987428742   91.703253385937   18.435180465033  425.896329840503
     0.382342711105   91.787078987021   18.445617638273  426.341036305074
     0.382697637636   91.661815197074   18.441144611059  426.118607670793
     0.383052207201   91.740490307992   18.448268948674  426.398915350976
     0.383406484448   91.828370202397   18.465063824339  427.212295421699
     0.383760351237   91.428372273847   18.448543520068  426.487478615613
     0.383879894116   91.327541119659   18.443074682756  426.227247009784
     0.384233370880   91.405080258863   18.450912693149  426.518377315167
     0.384586461161   91.416154337807   18.458607331120  426.831126142454
     0.384939237618   91.307693961841   18.454691893148  426.609819908676
     0.385291667551   91.422373182913   18.468743514073  427.247411734003
     0.385643755452   91.293933525284   18.466611987869  427.143680591172
     0.385995485160   91.212592713702   18.462948572160  426.924373891465
     0.386346887884   91.352284772824   18.476699576803  427.518126586721
     0.386697941677   91.279845509593   18.474034501580  427.368173189134
     0.387048602583   91.426916976092   18.485234111288  427.908693002333
     0.387398993263   91.673014576445   18.510287241367  429.171419147751
     0.387748957422   91.532309053271   18.505135113741  428.929734840203
     0.388098611264   91.647340363550   18.515399696899  429.479968337069
     0.388113290884   91.661622928512   18.516719796930  429.548092466572
     0.388462579002   91.816492668988   18.538228891483  430.614043646941
     0.388811513114   91.474783563269   18.517058724423  429.457608405565
     0.389160103264   91.435467468830   18.513709522387  429.220788417448
     0.389508367786   91.472892115268   18.525192537733  429.747718989664
     0.389856263030   91.128389663009   18.507226865753  428.858309224812
     0.390203819682   90.958454798312   18.499731852907  428.457868323206
     0.390551035477   90.935956876894   18.505403018464  428.707322512263
     0.390897860350   90.723675241905   18.496350378569  428.271148765121
     0.391244395222   90.833412252599   18.508871991975  428.860466967693
     0.391590546577   90.956524375867   18.524857700809  429.680860025664
     0.391936338477   91.055076886153   18.539092739311  430.447887905993
     0.392281808080   91.178505219653   18.559318236737  431.463092750152
     0.392326697854   91.165145390092   18.559852422032  431.482852933994
     0.392671780543   90.858193100182   18.542501928306  430.527755873506
     0.393016462575   90.799723753951   18.538464486180  430.324909129546
     0.393360870049   91.033798465575   18.564476660057  431.656948901466
     0.393704841985   90.792162862925   18.554258047891  431.111833506204
     0.394048514521   90.631003807146   18.542454912110  430.499935357110
     0.394391819540   90.983058436163   18.570244415854  431.792258988787
     0.394734764511   90.937594167916   18.575146951786  432.081561146326
     0.395077366103   90.829299190906   18.573006685003  431.981338742491
     0.395419593463   90.803420802945   18.576540545197  432.125049566363
     0.395761525929   90.731487190025   18.576086327093  432.104609124509
     0.396103015223   90.730383256525   18.582618773641  432.381644182743
     0.396444245022   90.754532003156   18.590600250551  432.726683561445
     0.396697836747   90.700527897863   18.590786181626  432.738030604701
     0.397038397231   90.582981942810   18.588780809920  432.624333997229
     0.397378635487   90.588332449886   18.594418685550  432.832797721991
     0.397718477773   90.573938539514   18.596480787943  432.870105623703
     0.398058012031   90.645438903071   18.605288346583  433.259224721688
     0.398397132796   90.529962721648   18.603827556759  433.161216722856
     0.398735957907   90.510664303358   18.602676718356  433.009891716956
     0.399074358110   90.637157105054   18.613788223609  433.465715807901
     0.399412450835   90.671212702189   18.621332628794  433.795289410109
     0.399750182684   90.753488864071   18.629510099338  434.155783563725
     0.400087510836   90.777328152668   18.638438786797  434.582369394780
     0.400424543068   90.765867934933   18.641781701268  434.726777115890
     0.400761142167   90.748814408392   18.645022042751  434.874021548859
     0.400880215783   90.727857955537   18.645627036519  434.897934807349
     0.401216414442   90.688234708646   18.646855276494  434.946501506473
     0.401552160012   90.821413287190   18.658810076224  435.525445544208
     0.401887584834   90.973921679210   18.676550454189  436.424573925731
     0.402222623415   90.834445411906   18.674178987140  436.326663979892
     0.402557283917   90.728013093690   18.665465097958  435.864615566462
     0.402891625487   91.015013983282   18.686577041392  436.927790836760
     0.403225553664   91.187052500773   18.705128179128  437.833800696232
     0.403559126410   91.103422193851   18.703735002171  437.799231717137
     0.403892306175   90.972639307033   18.697232628378  437.490360986934
     0.404225129615   90.906647598521   18.692606630032  437.192593385875
     0.404557545226   91.017872578921   18.695836030852  437.218131422841
     0.404889624176   91.288087170214   18.713862112630  437.982819669728
     0.405023681382   91.363415348704   18.720121394461  438.258405265804
     0.405322375915   91.316626571286   18.720459330004  438.270265845393
     0.405620937761   91.230857317115   18.718140735593  438.183367298254
     0.405919499607   91.236667602155   18.723136581683  438.436338601788
     0.406218061453   91.046594638253   18.714662883960  438.045586017402
     0.406516623299   90.963144896914   18.708319509538  437.683972026564
     0.406815185145   91.188000897192   18.724976059944  438.394713007104
     0.407113746991   91.230489692431   18.733499266329  438.761810949281
     0.407412308836   91.025727467276   18.722275469852  438.217135625523
     0.407710870682   91.063129373316   18.725870447715  438.350920052267
     0.408009432528   91.210579270488   18.741008801934  439.037767809168
     0.408307994374   91.002022843830   18.731815777092  438.591122162224
     0.408606556220   90.887706255854   18.723492793586  438.119540558743
     0.408697916145   90.938773850604   18.726759963788  438.242318690199
     0.408996477991   91.142765452554   18.744374706800  439.026468983759
     0.409295039837   91.012038282636   18.739621210113  438.786295937321
     0.409593601683   90.949766261470   18.733732991846  438.425824113656
     0.409892163529   91.281768445807   18.758869496610  439.576488140197
     0.410190725374   91.257312016458   18.764761570120  439.883407196989
     0.410489287220   90.998131131891   18.747372209401  439.033173973478
     0.410787849066   91.195446948314   18.760095261917  439.590763659095
     0.411086410912   91.273635527549   18.773320391186  440.243426024228
     0.411384972758   90.994860760542   18.757844115438  439.494822463261
     0.411683534604   91.057566925232   18.763015095244  439.687137748517
     0.411982096450   91.230354390446   18.783203669441  440.657705378914
     0.412280658296   91.011260131355   18.774629295164  440.248792727240
     0.412579220142   90.869225115505   18.764974364868  439.746922993812
     0.412644306624   90.911012099681   18.768121221303  439.894347417433
     0.412942868470   91.284157154864   18.800721080057  441.517187202347
     0.413241430316   91.287647161758   18.810722057217  442.012207500149
     0.413539992162   90.919952402508   18.786987335131  440.786782515188
     0.413838554008   90.919187249569   18.788367465316  440.807701223840
     0.414137115854   90.935691764073   18.796207952818  441.184782087065
     0.414167569162   90.918460868863   18.795655997806  441.156384730118
     0.414489663653   90.655155164972   18.780919043596  440.390481926013
     0.414812110446   90.696528005429   18.787165591438  440.673810891984
     0.415134557240   90.720027964211   18.796300446367  441.104349441847
     0.415457004033   90.612179900546   18.791840232285  440.853409450287
     0.415779450827   90.627144311823   18.803971014287  441.444750235815
     0.416101897621   90.242498728962   18.794216731114  440.723900616287
     0.416424344414   89.846404466882   18.764070958691  439.007140409873
     0.416746791208   89.909420404539   18.769371382291  439.215480649006
     0.417069238001   89.810665276663   18.768705418754  439.185964124939
     0.417391684795   89.698808769250   18.760373854500  438.722443889901
     0.417714131589   89.957182687463   18.781773075899  439.804515842388
     0.418036578382   90.043456330774   18.798763461482  440.653665176248
     0.418359025176   89.898539525759   18.790039445047  440.173851062313
     0.418495742616   89.852620086831   18.786910183535  440.018452516253
     0.418818189410   89.876856070372   18.793856717710  440.378733141865
     0.419140636204   89.986031881847   18.804868756955  440.891875046370
     0.419463082997   89.977981433997   18.807255143648  440.988048768537
     0.419785529791   90.010082077923   18.815565530990  441.352398302853
     0.420107976584   89.944756434596   18.815502609490  441.285439047614
     0.420430423378   89.683841723589   18.801168968527  440.524306871325
     0.420752870172   89.624620705081   18.800262805519  440.429398198103
     0.421075316965   89.622686440183   18.804246934078  440.615101763728
     0.421397763759   89.545113407880   18.805147848321  440.659856637519
     0.421720210552   89.556894817205   18.813593945481  441.108243860977
     0.422042657346   89.513895758404   18.817770897959  441.341424830609
     0.422365104140   89.483186891277   18.819521604581  441.396006531774
     0.422687550933   89.592553886057   18.833756131814  442.082209021981
     0.422897786243   89.565620135665   18.838620400843  442.330608873566
     0.423220233036   89.364987807962   18.831332104003  441.928834032015
     0.423542679830   89.245692516666   18.827536803644  441.722161774023
     0.423865126623   89.105020594796   18.825017254690  441.597888760495
     0.424187573417   89.089739295942   18.826510662556  441.581028137182
     0.424510020211   89.204671031789   18.838251239123  442.087989941765
     0.424832467004   89.249355460893   18.847529235936  442.495947803086
     0.425154913798   89.252229935639   18.853769069356  442.780897114422
     0.425477360591   89.120037111093   18.853642191332  442.789482688910
     0.425799807385   88.945162641417   18.847341654610  442.440489257830
     0.426122254179   88.961095849200   18.850570908197  442.524430150441
     0.426444700972   88.957842523367   18.856398679690  442.768176974727
     0.426767147766   88.905153588290   18.857808385627  442.779624753736
     0.427089594559   88.905085496279   18.861879215148  442.931711958998
     0.427363029440   88.911461541342   18.869233841913  443.273075686034
     0.427685476234   88.817405792516   18.870167760047  443.285486524539
     0.428007923028   88.700406832551   18.867923194053  443.151488133601
     0.428330369821   88.612942336742   18.870103479159  443.247887505757
     0.428652816615   88.495246103199   18.868176464992  443.108318333864
     0.428975263408   88.402177862849   18.865607952925  442.902633040626
     0.429297710202   88.458622565201   18.874619978780  443.264353166549
     0.429620156996   88.477373569175   18.882725695633  443.615233247015
     0.429942603789   88.379273950627   18.882431401096  443.562598727140
     0.430265050583   88.344325185682   18.885703202296  443.680654379610
     0.430587497376   88.321042092313   18.889643061142  443.828830544489
     0.430909944170   88.280678028720   18.892914527035  443.922375338375
     0.431232390964   88.393887660753   18.908225529051  444.643618862325
     0.431554837757   88.278125985977   18.909337291153  444.681443097739
     0.431877284551   88.094275418123   18.903250111436  444.319126035356
     0.431951447313   88.113162830701   18.905532199047  444.414645592365
     0.432273894107   88.277385997873   18.922610249095  445.221505252930
     0.432596340900   88.044111920563   18.914747704510  444.811700227018
     0.432918787694   87.979143048507   18.915365214643  444.788999096332
     0.433255431276   88.210607602017   18.939850980585  446.014743926179
     0.433739205210   87.917189030077   18.933139706588  445.630759210908
     0.434222979144   88.082657095481   18.953749169521  446.514667824048
     0.434706753078   87.874769624561   18.950187026677  446.234683226570
     0.434751260280   87.872510473647   18.951394050858  446.278469532784
     0.434934486514   87.930700022541   18.959327037339  446.610480668644
     0.434973010867   87.931994085543   18.960931959706  446.679686626754
     0.434981903662   87.931903207851   18.961279523419  446.694643626507
