# {0} signal over time, extracted at r = 500 km
# All quantities are measured in a resting observer's frame at infinity
# cols=4 rows=919
#              time        luminosity               <e>             <e^2>
#               "s"           "foe/s"           "MeV^1"           "MeV^2"
  -4.1906375880e-04  1.0719324875e-06    4.225632198425   26.225822428753
  -3.7971936870e-04  1.1324183776e-06    3.431123041742   15.893058560131
  -3.6338804619e-04  1.2570976443e-06    3.368678990455   15.065156229771
  -3.4591730817e-04  1.4362275771e-06    3.328399973126   14.527187330722
  -3.2899564669e-04  1.6478891044e-06    3.296111787520   14.130690760997
  -3.1148650104e-04  1.9054099366e-06    3.270833295635   13.815234432423
  -2.9455784382e-04  2.1942950255e-06    3.254798590334   13.602877180681
  -2.8615219946e-04  2.3511039992e-06    3.248695634524   13.519995459611
  -2.6830794859e-04  2.7096063533e-06    3.237933220511   13.373496725281
  -2.5686387710e-04  2.9554601591e-06    3.232714540776   13.299575878710
  -2.4755534161e-04  3.1639884183e-06    3.229223585171   13.248417818091
  -2.3718534162e-04  3.4047328279e-06    3.225884189064   13.198391886484
  -2.2985592696e-04  3.5799274972e-06    3.223839573417   13.166976851039
  -2.2083676081e-04  3.8009702561e-06    3.221645439990   13.132302550807
  -2.1055784506e-04  4.0599431384e-06    3.219531385146   13.097543259249
  -1.9790504958e-04  4.3886742460e-06    3.217428742076   13.060832767569
  -1.8883994440e-04  4.6307511428e-06    3.216232484270   13.038187212194
  -1.7776687656e-04  4.9338293363e-06    3.215084650048   13.014254319811
  -1.6788256807e-04  5.2128012065e-06    3.214463389674   12.997306933883
  -1.5867879137e-04  5.4815732173e-06    3.214021346433   12.983683583949
  -1.5054056534e-04  5.7271739264e-06    3.213728133414   12.972843166732
  -1.4313539253e-04  5.9573472445e-06    3.213591197834   12.964260096788
  -1.3153307481e-04  6.3309837585e-06    3.213484347833   12.952103482879
  -1.2048853843e-04  6.7021291487e-06    3.213660178278   12.943131581892
  -1.0822093654e-04  7.1327021546e-06    3.214152709963   12.936460590487
  -9.8612714712e-05  7.4825637012e-06    3.214579158788   12.932596223019
  -8.6309331897e-05  7.9451179492e-06    3.214974984047   12.927605927229
  -7.5033103031e-05  8.3841145772e-06    3.215407339836   12.924035244549
  -6.4292005302e-05  8.8152627216e-06    3.215986779661   12.921900636957
  -5.4556723593e-05  9.2171874696e-06    3.216655759819   12.921350417636
  -4.6080026483e-05  9.5760374468e-06    3.217335273062   12.921899210100
  -3.8476576760e-05  9.9047604536e-06    3.218010415046   12.923103034036
  -3.0675019374e-05  1.0248502936e-05    3.218759841306   12.924969787396
  -2.3915183622e-05  1.0551457740e-05    3.219446365831   12.927022239128
  -1.8387917587e-05  1.0802587264e-05    3.220029804902   12.928968746493
  -1.2908794221e-05  1.1054521623e-05    3.220622374812   12.931105694897
  -7.1410049690e-06  1.1322531251e-05    3.221273087747   12.933606533443
  -1.8063409125e-06  1.1573022679e-05    3.221887126746   12.936103799716
   3.3236112472e-06  1.1816219138e-05    3.222486673628   12.938656087093
   8.0044594142e-06  1.2040049081e-05    3.223040999022   12.941105475622
   1.2685550088e-05  1.2265671685e-05    3.223601832044   12.943662656170
   1.7404959824e-05  1.2494890300e-05    3.224173224860   12.946342001629
   2.0201944441e-05  1.2631546729e-05    3.224514346712   12.947974201307
   3.1065941827e-05  1.3699307677e-05    3.231111435313   12.998901603246
   4.7528629265e-05  1.4632407469e-05    3.233250259640   13.011600485957
   6.6541277335e-05  1.5738229717e-05    3.235365026235   13.023061076680
   8.4805111010e-05  1.6826610975e-05    3.237375793368   13.034230445652
   1.0353568710e-04  1.7968326826e-05    3.239447946366   13.046255370400
   1.2092285676e-04  1.9050743120e-05    3.241306675475   13.057279489748
   1.3743624808e-04  2.0098966441e-05    3.243029911967   13.067728199209
   1.5539078826e-04  2.1261258100e-05    3.244885875069   13.079260549047
   1.7200771712e-04  2.2358445599e-05    3.246532335167   13.089605959637
   1.8969309897e-04  2.3549260704e-05    3.248314234124   13.101203997960
   2.0565254409e-04  2.4644633552e-05    3.249914377203   13.111845842913
   2.2401840666e-04  2.5929700984e-05    3.251802260195   13.124839952782
   2.4110053691e-04  2.7148763936e-05    3.253637504006   13.137843630290
   2.5918414269e-04  2.8462409907e-05    3.255727120917   13.153107356886
   2.7841323367e-04  2.9882838095e-05    3.258142917566   13.171240572185
   2.9636015706e-04  3.1228371464e-05    3.260582070075   13.189963880034
   3.1552991098e-04  3.2684827740e-05    3.263386118346   13.211896839384
   3.3588830942e-04  3.4251618248e-05    3.266589889529   13.237388159416
   3.5753389330e-04  3.5938558771e-05    3.270252381325   13.266989864011
   3.7843887069e-04  3.7587417443e-05    3.274041189657   13.298043248580
   4.0128374750e-04  3.9410834844e-05    3.278465505766   13.334777632444
   4.2568344467e-04  4.1383370720e-05    3.283520490899   13.377291077689
   4.5174052625e-04  4.3519750241e-05    3.289299152879   13.426522300428
   4.7727532584e-04  4.5646001925e-05    3.295344443143   13.478692208408
   5.0501640191e-04  4.7998740734e-05    3.302332499822   13.539832380078
   5.3476308213e-04  5.0585840562e-05    3.310262652653   13.610390803939
   5.6664514518e-04  5.3471542050e-05    3.319049160839   13.690491508422
   6.0106520663e-04  5.6833978903e-05    3.328207011957   13.777766970111
   6.3844245277e-04  6.1159447028e-05    3.335920645830   13.860039493878
   6.7854603921e-04  6.8035700057e-05    3.333353771297   13.878185291724
   7.2068646570e-04  8.3649407976e-05    3.318191006698   13.710265592358
   7.6556554500e-04  1.1993959911e-04    3.270906880787   13.162168781035
   8.1403495065e-04  1.8346842272e-04    3.269276618176   13.041938255200
   8.5873187444e-04  2.6875644197e-04    3.268959942527   12.959974982173
   9.0844042620e-04  4.0399840749e-04    3.290554168038   13.094094925163
   9.6570337519e-04  6.3619158835e-04    3.336205594758   13.449071106164
   1.0249501619e-03  9.9973627560e-04    3.384977189754   13.839491774932
   1.0947251906e-03  1.6660569734e-03    3.436134559192   14.252646649974
   1.1658176718e-03  2.7371226441e-03    3.496801834779   14.732085298017
   1.2454929574e-03  4.6861763549e-03    3.569457947956   15.325969799954
   1.3320391003e-03  8.2115405433e-03    3.647884906924   15.976596356850
   1.4146798101e-03    0.013658988066    3.721047150267   16.576731142764
   1.5228719908e-03    0.025702953730    3.835396175544   17.550983794104
   1.6312704912e-03    0.046199879960    3.952835760114   18.558557185570
   1.7448315922e-03    0.079849045342    4.097517973565   19.885813430776
   1.8657823615e-03    0.131559010626    4.280856554268   21.690904256430
   1.9586701572e-03    0.183132716687    4.437116681033   23.324261670953
   2.0868646430e-03    0.272337542551    4.680848895519   26.026322980174
   2.2149141885e-03    0.384532216265    4.959167161643   29.327756595704
   2.3429637340e-03    0.523182697920    5.269137707692   33.227570916033
   2.5004671294e-03    0.738845346414    5.697109910589   39.018521193524
   2.6561126996e-03    1.011488612593    6.164102429298   45.829085971383
   2.8117582698e-03    1.350374100357    6.649731155350   53.422121072894
   2.9674038400e-03    1.757012235779    7.132936288387   61.493253906133
   3.1230494103e-03    2.225583027645    7.593366220247   69.647968927554
   3.2786949805e-03    2.745355443197    8.026602011097   77.777755329912
   3.4343405507e-03    3.302095101939    8.428526585507   85.728484844805
   3.5899861209e-03    3.881743300124    8.798931052725   93.433240398176
   3.7745561114e-03    4.578325401055    9.199456895213  102.213586846244
   3.9853156295e-03    5.353536544028    9.608706512373  111.712203156001
   4.1956045321e-03    6.062225617395    9.977339537417  120.830699343077
   4.4058934347e-03    6.703034863995   10.285292866081  128.733571060242
   4.6161823374e-03    7.273894490196   10.560235730316  136.208372398561
   4.8264712400e-03    7.769299416553   10.800408574680  143.076285675245
   5.0367601426e-03    8.193211076387   11.005927854931  149.229144781742
   5.2470490452e-03    8.556100169964   11.180065214283  154.674098503853
   5.4573379478e-03    8.869250905985   11.327104279504  159.458201268143
   5.6676268504e-03    9.147404245426   11.450564631638  163.619240819290
   5.9185742734e-03    9.453321228062   11.572563322636  167.862359772235
   6.1713809872e-03    9.751015586878   11.673658553705  171.468022938452
   6.4241877011e-03   10.055672133913   11.758869330430  174.539122317142
   6.6769944150e-03   10.378583715020   11.833359395888  177.206781277601
   6.9298011289e-03   10.726266635802   11.900649193536  179.571689246773
   7.1826078427e-03   11.109549543816   11.963700724291  181.722248428021
   7.4354145566e-03   11.529143639461   12.026946726085  183.800111856011
   7.6882212705e-03   11.980671906644   12.090940326396  185.844490005620
   7.9410279843e-03   12.460159069701   12.155327457049  187.860510095907
   8.1938346982e-03   12.967306403865   12.219747407044  189.848257982908
   8.4466414121e-03   13.499489961435   12.284378094381  191.820592819145
   8.6980369806e-03   14.047829349471   12.349160369834  193.785812341636
   8.9495927691e-03   14.616309123785   12.413818871086  195.742663094559
   9.2019827322e-03   15.199520451150   12.480040651249  197.745154349000
   9.4543726952e-03   15.788892929997   12.544446356773  199.704885371303
   9.7067626583e-03   16.383758415027   12.608761362676  201.666804977714
   9.9591526214e-03   16.975159136600   12.669991634243  203.552790126098
     0.010209723326   17.555867135832   12.727688391334  205.346061948260
     0.010462261325   18.141830451047   12.786756879184  207.179677200668
     0.010714799324   18.715845575120   12.840831899692  208.868399587769
     0.010967337323   19.285313832750   12.893221951608  210.505317231052
     0.011219875322   19.854093038718   12.944525498563  212.112460154946
     0.011472413321   20.409306032814   12.990827200637  213.574049741132
     0.011724951320   20.961263872077   13.035967278629  215.004892385370
     0.011977489319   21.512120747301   13.082173529194  216.480976482535
     0.012230027318   22.041037954356   13.123565959237  217.812186245716
     0.012482565317   22.571007177495   13.163412755354  219.081570309272
     0.012735103316   23.118717241658   13.204637265695  220.378654678056
     0.012987641315   23.641062189365   13.240471337111  221.516578337757
     0.013240179314   24.143176279589   13.272804563116  222.549925663150
     0.013492717313   24.661460848678   13.307786026825  223.650633235161
     0.013745255312   25.168386246663   13.341100531894  224.691753353883
     0.013997793311   25.617734404403   13.364961967964  225.434773753834
     0.014250331310   26.048226852406   13.385508073707  226.052783979712
     0.014502869309   26.487966834546   13.408039269646  226.699201161942
     0.014755425771   26.877668187671   13.421391620878  227.017750000532
     0.015010851833   27.204044573225   13.420841353721  226.841854735632
     0.015266277896   27.523255489985   13.418842599339  226.566856108550
     0.015521703959   27.811235990328   13.413713436304  226.149428064726
     0.015777130022   28.040092273845   13.398544608657  225.393721025831
     0.016032556084   28.270200885971   13.382897913495  224.631412275563
     0.016287982147   28.517779817349   13.371378841507  224.030785916458
     0.016543408210   28.750703229011   13.361914238577  223.538499383420
     0.016798834273   28.970515897159   13.356587607809  223.185839431566
     0.017054260335   29.182318927103   13.352181091774  222.878337378611
     0.017309686398   29.378978852550   13.344956053562  222.502675913239
     0.017565112461   29.583369294066   13.344710101121  222.374268589304
     0.017820538523   29.770932426399   13.345741412453  222.309611023268
     0.018075964586   29.938295426513   13.345235819018  222.227595285469
     0.018335511494   30.104114823803   13.349703558657  222.319330196361
     0.018595064820   30.229776009893   13.349887036840  222.273636585062
     0.018854618146   30.333651209035   13.348085701817  222.188612613602
     0.019114171472   30.449588375068   13.351793340755  222.287360234050
     0.019373724798   30.545844640542   13.351955172367  222.256864112893
     0.019633278124   30.620713406800   13.346341581861  222.060547144193
     0.019892831451   30.727088084937   13.347711739334  222.141805021575
     0.020152384777   30.863265754195   13.354640181140  222.381531818328
     0.020411938103   30.990981669502   13.356834862785  222.421323342633
     0.020671491429   31.131672663101   13.359500678415  222.494314706769
     0.020931044755   31.316303090480   13.367813010551  222.773693210410
     0.021190598081   31.543310100739   13.381718672352  223.235171418880
     0.021450151407   31.786625268930   13.397707871252  223.749981869266
     0.021709704733   32.019848311421   13.410202491952  224.150777806798
     0.021969258059   32.247213174769   13.420472539729  224.506063840119
     0.022228811386   32.483900792792   13.432734878696  224.953321566274
     0.022488364712   32.733161513544   13.448253278737  225.511741570667
     0.022747918038   32.991602528296   13.466512964520  226.159962545183
     0.023007471364   33.255717101474   13.486647800874  226.886693800320
     0.023267024690   33.530410398506   13.507946851262  227.669825884576
     0.023526578016   33.821512884297   13.530374296417  228.493120092816
     0.023786131342   34.122925991492   13.553848714855  229.346224982827
     0.024045684668   34.424905633382   13.578043372935  230.218712855159
     0.024305237994   34.728510425483   13.602931288726  231.107211959504
     0.024564791320   35.025765963087   13.625050732058  231.894512102627
     0.024824344647   35.303011206749   13.641112896710  232.468889581079
     0.025009739880   35.494533820877   13.650886410995  232.817369867539
     0.026017113932   36.421153913108   13.711797555525  235.109251093394
     0.027025784941   37.467519297925   13.778626885656  237.595127902500
     0.028039467121   38.431813704242   13.825972234571  239.429532662240
     0.029045424706   39.220710532453   13.842016192842  240.029789028500
     0.030047267813   40.125821055478   13.866885973632  241.052446399973
     0.031059275018   41.188731819615   13.906941808753  242.617070623256
     0.032071282223   42.164438750619   13.944609959902  244.142768949459
     0.033083289427   42.675780132055   13.945605490876  244.174503467667
     0.034089910706   43.112953213039   13.960005833287  244.785807182530
     0.035109748080   43.512635516441   13.956592816884  244.464675668157
     0.036123696673   43.871852865155   13.959394683405  244.849762712066
     0.037145039771   44.367623049294   13.977933728812  245.272616642424
     0.038163922156   44.718556629636   13.972812700141  245.164121575951
     0.039182804542   45.282020963068   14.011207557084  246.612096229318
     0.040201686928   45.524588713906   14.002178826867  246.121078721596
     0.041229349691   45.764140918967   14.009079553990  246.488337185116
     0.042234759735   46.055622244928   14.012177292637  246.698496867646
     0.043273829466   46.168238382350   14.008465028849  246.339746411742
     0.044302044842   46.534942167342   14.031791585522  247.280218663252
     0.045330260219   46.634487881554   14.009781111039  246.630827190125
     0.046363148247   46.923575841951   14.042390655692  247.755898128462
     0.047396238332   46.951450436767   14.038373141621  247.267797745721
     0.048402338373   47.022717808686   14.043554215567  247.747055548159
     0.049425266522   47.195224024089   14.058861003181  248.006844037668
     0.050436446599   47.279839263650   14.058851340272  248.556122276191
     0.051438896599   47.397579772524   14.083933192376  249.104806614555
     0.052458896599   47.424388609752   14.071807186782  249.039066154820
     0.053458907033   47.511036611753   14.120206273744  250.443189128778
     0.054475907033   47.625617919360   14.124070338933  251.004455121751
     0.055504284292   47.704479368263   14.139788875802  251.219378522482
     0.056505334424   47.873323642321   14.152931367416  251.723685323086
     0.057544534424   48.000527024498   14.156185787636  252.367757787834
     0.058594294424   48.111367239839   14.195078259764  253.425243756302
     0.059644054424   48.229719436933   14.199328754125  253.894244758983
     0.060653854424   48.424269045299   14.234174784957  255.253043233734
     0.061666645633   48.517510557066   14.272499466354  256.641660011827
     0.062687557922   48.539008790226   14.310917579664  257.964037568620
     0.063697344258   48.573810093391   14.337820854031  258.992435034774
     0.064701007916   48.575103101451   14.358080768147  259.640392050996
     0.065712087724   48.558499044623   14.377523620152  260.243503114802
     0.066716722584   48.606676769940   14.416144016642  261.013480685982
     0.067751489208   48.883699247344   14.420185716487  261.816798211214
     0.068757093277   49.215851595906   14.464834092533  263.339756403300
     0.069784116796   49.413044344926   14.505619503905  264.671050744027
     0.070799949725   49.504418553818   14.544402331722  265.936291870605
     0.071823509613   49.428050879817   14.549715390168  266.159561245298
     0.072841955728   49.602900562978   14.559384796440  267.157474761096
     0.073887643916   49.765595891510   14.613835288932  268.907172939431
     0.074905136886   49.978640365918   14.654039286519  270.141241569618
     0.075949033728   50.039079640057   14.661668671275  270.764162732294
     0.076966434351   50.248456408408   14.713573347904  273.233249235454
     0.077990539362   50.320418856366   14.775541295144  275.240029928712
     0.079038888539   50.458719161456   14.771403925793  275.770878939009
     0.080067852271   50.752296258174   14.820550787244  277.590554976712
     0.081071607164   50.397614728923   14.831900418584  277.856114664751
     0.082077477291   50.318729966597   14.838122252709  278.254602788861
     0.083084505754   50.692256398435   14.896508592422  280.569276676093
     0.084086138468   50.537110006064   14.894582220709  280.729638697642
     0.085113832495   50.511440492839   14.913308620125  281.241550549062
     0.086151150688   50.626257944893   14.941990699475  282.560894467738
     0.087170804885   50.570446456507   14.957514265594  283.142244348914
     0.088175638290   50.760687556154   15.002692057470  284.785005483170
     0.089186588063   50.580219935835   15.017459944619  285.253835327059
     0.089983940605   50.701631718012   15.035168984624  286.550001272156
     0.091010808191   50.743673023217   15.076613890727  288.013904220458
     0.092012727961   50.623385918738   15.082083111109  288.083311778878
     0.093028742043   50.763018140246   15.112207583116  289.843955251430
     0.094080207348   51.140041415313   15.167623232609  292.183832442909
     0.095094960260   50.761347140735   15.157489757261  291.984760567402
     0.096119164869   50.684944415174   15.170248699822  292.340818219777
     0.097152286173   50.881786427017   15.233149590365  294.512324041582
     0.098184957562   50.692869806422   15.240455702181  295.114738116622
     0.099202171414   50.646801014285   15.264475481434  296.378478652049
     0.100205408085   50.687790973160   15.289787760129  297.709127647176
     0.101209574073   50.529886785838   15.323431783705  298.629671229096
     0.102235757613   50.499828353711   15.318540850015  298.828573316433
     0.103236328301   50.534923294484   15.357893642146  300.452494420978
     0.104237348737   50.433552359731   15.397248078840  302.179032656837
     0.105239841803   50.446523998638   15.407666279745  302.914668548850
     0.106245088315   50.402557089914   15.439787099197  304.049365872549
     0.107270586129   50.300708899704   15.458199351879  304.922141252468
     0.108275652025   50.243628882272   15.504480084494  306.888162861699
     0.109277314715   50.136628415925   15.538820220258  308.645255098573
     0.110278736537   49.904176444034   15.541364625446  308.875189329309
     0.111291899604   49.890103633739   15.540500575743  309.235515070392
     0.112309314649   49.630205144088   15.552455322758  309.448014157008
     0.113328370209   49.480780534690   15.565707430079  309.649274272412
     0.114333451410   49.641542686061   15.622690479231  312.845993020245
     0.115342022850   49.448798214287   15.641391683584  313.557643442593
     0.116344822788   49.356680138321   15.646585632445  313.822896734255
     0.117361088021   49.260153441043   15.686947694359  315.022172101242
     0.118372646310   49.175083469387   15.720290922666  317.287236452798
     0.119376201725   49.043884643556   15.749286513142  318.920045536997
     0.120378966199   48.738039193600   15.754655247161  319.099429263116
     0.121386818393   48.572185743428   15.761438617774  319.432129900126
     0.122403704144   48.351348961750   15.747215451172  319.334528635961
     0.123411418136   48.066291766413   15.793913663616  319.784125655543
     0.124416835199   47.993232383058   15.802712222524  321.632688906018
     0.125417811141   47.880972508495   15.828520292018  322.488054902742
     0.126423050228   47.784716944556   15.848982153658  323.974592975533
     0.127427173017   47.786971485106   15.920925451419  327.220165471923
     0.128436320961   47.488731841794   15.932456941949  327.810373427686
     0.129439434310   47.180524835619   15.934025642514  328.181827209753
     0.130450630649   46.809473254642   15.928945367036  328.003734681626
     0.131454586484   46.490658791796   15.905207563001  326.740651018195
     0.132462700674   46.370013331286   15.940858280853  328.423752394345
     0.133468207491   46.319943679604   15.966727369749  329.485612354118
     0.134470527413   46.227720565921   15.991709346809  330.956107825839
     0.135482076054   46.101144604863   16.018699076236  332.539253921748
     0.136485184180   46.042286472966   16.061919968792  333.921502825700
     0.137495395777   45.965716732439   16.099824655828  335.951556556410
     0.138505058895   45.794911370324   16.109960851730  336.968142522070
     0.139513649705   45.610608931609   16.134853368862  338.218914970958
     0.140520401235   45.479990883461   16.150963298774  339.053273393419
     0.141522012508   45.324400765884   16.164010209924  339.812137971481
     0.142530042865   45.350274766703   16.222361780928  342.874341664437
     0.143535562727   45.107155865007   16.226140342408  342.646687135819
     0.144537052172   45.066887173658   16.262513761023  345.117341552856
     0.145539397169   45.014335612867   16.298739850147  346.423827400637
     0.146543633825   44.831454388263   16.298262237989  346.993947566505
     0.147552311012   44.842678734211   16.357995240001  349.956777718425
     0.148557934530   44.695612173162   16.339460104336  349.143150040332
     0.149563555752   44.626262401052   16.410148022168  352.364202584816
     0.150565319453   44.393666201251   16.422183837692  353.518818352461
     0.151565814661   44.199780454542   16.423443744723  353.076178865445
     0.152567715882   44.172450831838   16.449344052325  354.607030078936
     0.153571125937   44.170555649555   16.500396283465  357.570742885785
     0.154573612375   43.866506010720   16.480524105497  356.111678612871
     0.155579188460   43.934020757820   16.542403325796  359.676733751067
     0.156580484989   43.895286759616   16.571331891480  360.806025449057
     0.157584137786   43.803578956778   16.579166347995  361.195655983645
     0.158590757057   43.820363288163   16.659777657840  366.152695474646
     0.159593718900   43.586229352762   16.651074009124  365.418127449172
     0.160087472883   43.530407344121   16.640884977062  364.659626318443
     0.161089808153   43.420894929107   16.679417735878  366.709765973690
     0.162094211357   43.470573403644   16.729877026385  369.438263131686
     0.163096813209   43.306696777522   16.713830685710  368.653706591151
     0.164010758915   43.396063042490   16.789562626706  373.234834978090
     0.165014131739   43.088096061812   16.762406722095  371.513047755046
     0.166016008796   43.286970455110   16.856556874073  376.538139536040
     0.167018218506   43.165228992588   16.865972118195  376.813972851767
     0.168019243939   43.110265707814   16.871267557193  376.808856571608
     0.169021381824   43.174727822356   16.949947771935  381.763206103782
     0.170021509845   42.937191861842   16.903885272368  378.531658822595
     0.171021953827   43.078331568377   17.007263581112  386.075341387571
     0.172025875578   42.958855855369   17.007966069640  384.920081210291
     0.173029805054   42.849118617493   17.022828597560  386.311831655612
     0.174030884272   42.712307099383   17.055267928129  387.200882874431
     0.175032537304   42.814425993808   17.088317894926  390.175699157178
     0.176032909495   42.865801984021   17.134445415185  392.074598144289
     0.177034596821   42.706812549332   17.155645950873  393.182749519866
     0.177444807581   42.584868164180   17.137095073715  391.593861398167
     0.178447579273   42.520241574118   17.157242191806  393.129995152061
     0.179451380631   42.235267744943   17.170718583209  394.403328681663
     0.180453739514   42.414417261258   17.187773595788  394.891467335013
     0.181454032867   42.150085878097   17.153757075824  392.187501807347
     0.182454326220   42.484215880167   17.256980969000  398.391816722145
     0.183455244998   42.346278041412   17.246328088828  396.664229816036
     0.184457830257   42.584996963350   17.322221881720  400.879715902037
     0.185460415516   42.587786710762   17.385792150486  405.221626478865
     0.186464320965   42.469037301210   17.385505248370  405.081632670126
     0.187465589485   42.569815543319   17.432087782007  408.018349939995
     0.188466131824   42.288991335986   17.387055696390  404.320751741232
     0.189467807341   42.298640635690   17.408893723314  405.228743371289
     0.190469482858   42.535120369468   17.500012608139  411.140391682430
     0.191469492102   42.392264203810   17.480620572592  408.762925252341
     0.192472238177   42.198705282324   17.479192853216  408.119881831451
     0.193473561251   42.467302244084   17.593571862445  416.609541770159
     0.194475003370   42.540526001322   17.621301780156  417.729578407178
     0.195477070174   42.404334321595   17.625347412016  417.289702558243
     0.196479136977   42.652046759234   17.731723214626  424.560524332454
     0.197480395845   42.561679996815   17.754670521872  426.041446723076
     0.197502736463   42.555158512745   17.753967766985  425.982289336327
     0.198505271679   42.327030621643   17.703006591420  421.212163539635
     0.199507806895   42.487547468343   17.764190553330  425.262378936839
     0.200508612355   42.426101079015   17.790901459719  427.087365710560
     0.201510294629   42.235876021816   17.757818461869  423.342881046244
     0.202510971830   42.599363980202   17.878219552707  431.641422309832
     0.203512535198   42.427536701119   17.862685994402  430.070910978056
     0.204510112217   42.426004775335   17.865775632801  429.491726766691
     0.205507689236   42.795803832608   17.974625094563  436.603339150827
     0.206509264468   42.692441210002   17.967187513285  435.428986726722
     0.207512094194   42.545994771038   17.969656632283  435.239529946091
     0.208512213675   42.599933531929   17.997883061891  436.926437435987
     0.209512621115   42.851559606911   18.113239265132  445.075146571474
     0.210513210691   42.772175331486   18.134014440107  446.655497927436
     0.211513906628   42.702270659522   18.127720544127  445.365914543918
     0.212027788025   42.736730291623   18.114796204001  442.927668560416
     0.213008477714   43.039953466801   18.217797566918  450.559724995276
     0.213870429201   43.024317102185   18.237486174553  451.507528569312
     0.214871608331   42.914763857518   18.229934211796  450.415770110930
     0.215835701025   42.735483139056   18.191833072036  446.726587503767
     0.216770400961   42.999979909338   18.297013548573  454.113782393498
     0.217771602306   43.066251199750   18.313885852961  454.261728761740
     0.218766841442   42.971980558378   18.299965763582  452.471987186325
     0.219532426001   43.228053787513   18.384446529440  458.991477129949
     0.220296822902   43.255877371819   18.428035107489  461.347209703888
     0.221059850105   43.252738887101   18.438332428329  462.269947391705
     0.221821624933   43.324014752697   18.465724406612  463.857503218255
     0.222822090531   43.289352980538   18.467103389933  463.034333477320
     0.223656074097   43.226206048081   18.449159057039  460.992156942526
     0.223735940753   43.265754967870   18.455679504956  461.498555067188
     0.224484607462   43.681664105246   18.578141534038  470.077070530454
     0.225424394687   43.678322095115   18.604974174469  471.821081463538
     0.226267440017   43.631969225764   18.612243899499  472.343950176294
     0.227039888323   43.623901815639   18.620483336607  472.695896653952
     0.227812336630   43.683577795977   18.652387309769  474.865819894742
     0.228584784937   43.671052894196   18.670298950548  475.903355349481
     0.229357233243   43.575619739816   18.647560839452  473.446247047366
     0.230129681550   43.541768387255   18.636437651216  471.293367777096
     0.230902129856   43.978988680082   18.732063458225  477.914484629388
     0.231674578163   44.017307801450   18.746117221151  477.783682908443
     0.232447026469   44.029193181355   18.763884770148  478.394949011389
     0.233219474776   43.968311008190   18.765167086807  478.542911038934
     0.233914678252   43.885988252317   18.774720816257  479.129069852539
     0.234834741413   43.776507748519   18.774175283300  478.941025455089
     0.235574648183   43.752256857508   18.784262557799  479.398960728975
     0.236266807202   43.932860947096   18.843396766890  484.328297731806
     0.236958966222   44.065001235437   18.901845948512  488.396956771147
     0.237607808704   44.144947201958   18.908284744134  487.253845885308
     0.238230550197   44.324915800579   18.952575711312  490.054901664920
     0.238853291689   44.541563010296   19.012324694624  494.780181182081
     0.239609786725   44.610785432234   19.059233491719  497.987249491217
     0.240304249584   44.509103181770   19.056548737981  497.713886823015
     0.240947192019   44.500289735177   19.045933140134  496.924829031367
     0.241558998194   44.536711726051   19.079050799339  499.034200949547
     0.242170804369   44.538343650125   19.092539249694  499.915270697928
     0.242447340761   44.566494665476   19.097710023373  499.922034224085
     0.243101042285   44.486711634219   19.089434024551  498.898213272697
     0.243695461788   44.469379273951   19.075610709604  496.357213050557
     0.244289881290   44.614159281976   19.109718759654  498.815862547194
     0.244884300793   44.768898747536   19.158568165041  502.396763929058
     0.245478720295   44.787822372122   19.166312163021  501.906295739141
     0.246073139797   44.760687644060   19.160226047591  500.807012868913
     0.246667559300   44.853126289500   19.192184843445  502.981887903756
     0.247261978802   45.026443134624   19.235956100451  506.277728463289
     0.247856398305   45.104290513923   19.280782269019  509.922127231492
     0.248450817807   45.045798490476   19.275095243802  508.983028962425
     0.249045237310   45.049838049513   19.287314085976  509.975624471338
     0.249639656812   45.079433379845   19.300007124139  510.711742587727
     0.249844137121   45.075752763686   19.301462383943  510.903219475340
     0.250379352441   45.140490745060   19.319757615648  511.794097167622
     0.250914329993   45.153123768035   19.325246736580  511.330259494783
     0.251449307545   45.104044107828   19.316876245297  509.818777985370
     0.251984285098   45.290002680933   19.355298070360  512.253628825973
     0.252519262650   45.426503181139   19.401270536719  516.356628010627
     0.253054240202   45.591626223952   19.458403772491  520.643281747770
     0.253589217754   45.595944423435   19.471483240608  521.485381814262
     0.254124195306   45.490792552056   19.455350507663  519.868784192776
     0.254659172859   45.590995907041   19.471393365062  520.325484629222
     0.255194150411   45.453755462208   19.460648982572  519.134943439914
     0.255682981647   45.563084795763   19.478294722166  519.627655169782
     0.256164425191   45.500073595174   19.469079700450  518.763799303110
     0.256314635576   45.472428931498   19.467950225699  518.861952901119
     0.256796079119   45.695087789867   19.521492064604  523.078681629497
     0.257277522663   45.843783534902   19.568768977956  526.333006097158
     0.257758966206   45.763902557227   19.574074806801  527.389586423920
     0.258240409749   45.832612197601   19.595111133459  528.662515472775
     0.258721853292   45.698962511891   19.584865728281  527.995579376558
     0.259203296836   45.684747272985   19.582902321966  527.245393347892
     0.259684740379   45.690736126421   19.586772473237  526.827272551118
     0.260166183922   45.554607143908   19.569872624812  525.352317001908
     0.260647627465   45.603477860905   19.575102085569  524.802084481355
     0.261129071009   45.519821118252   19.563044680249  523.730221773443
     0.261610514552   45.568447996295   19.575855861506  525.013096045545
     0.262091958095   45.784710393776   19.642319260613  530.408952707725
     0.262509851091   45.749581119217   19.658516688362  531.869082193311
     0.262991294634   45.730226551628   19.658104600419  531.471832900965
     0.263472738177   45.756426763256   19.662406382223  531.334303319831
     0.263510290774   45.752124510327   19.662664416351  531.382533530806
     0.263908315693   45.654291737373   19.656741560592  531.124804162635
     0.264367641676   45.646117566298   19.657977975656  530.535888491898
     0.264981736482   45.662514822044   19.661256160835  529.976037008572
     0.265595831288   45.267164584811   19.576947605816  524.846778841087
     0.266209926095   45.300231162312   19.558545471647  523.299130617188
     0.266824020901   45.275799277545   19.562296198628  523.159656704698
     0.267438115707   45.049393854157   19.510501955231  518.809432997915
     0.268052210513   45.084091843240   19.512175863685  518.282136033460
     0.268666305320   45.096747821394   19.522721853926  518.996118765207
     0.269280400126   45.327251162311   19.582051886101  523.087786418413
     0.269894494932   45.377349574608   19.610729592967  525.254263171472
     0.270508344036   45.408114105335   19.634973779568  526.824914994988
     0.271061013189   45.323304426123   19.618498405620  525.525476051169
     0.271098594691   45.318750869284   19.618464855160  525.538391191034
     0.271651263844   45.469461526427   19.657541008305  528.078349301707
     0.272203932998   45.464886035232   19.666815598074  528.754742871861
     0.272756602151   45.649199075150   19.710138411110  531.495702931966
     0.273309271304   45.612255589944   19.716577393680  532.080511873262
     0.273861940457   45.607806801712   19.723957959467  532.368952643544
     0.274414609610   45.579103650860   19.727661846758  532.498973311002
     0.274967278763   45.552466246679   19.723102090253  531.656364847129
     0.275519947916   45.610125641110   19.738951369671  532.347174939197
     0.276072617070   45.485451710349   19.737400146660  532.579594075247
     0.276625286223   45.460818524624   19.745086723730  533.214792450558
     0.277177955376   45.388622985372   19.735795815762  532.245316196828
     0.277730624529   45.523782844789   19.762637446560  533.392827831898
     0.278283293682   45.503813174502   19.769494611666  533.629648063169
     0.278594999085   45.600012355049   19.789361297103  534.706667238350
     0.279147668238   45.494051237517   19.781864383977  534.306107888632
     0.279700337391   45.578504100467   19.798899381459  535.055305081519
     0.280253006544   45.540995268357   19.803288628380  535.338303000753
     0.280805675697   45.516227016924   19.806509521063  535.442166909114
     0.281358344851   45.511550873290   19.809153367933  535.412261584607
     0.281911014004   45.585655727529   19.832356945035  536.748463365051
     0.282463683157   45.588626215727   19.842966321794  537.431437152614
     0.283016352310   45.657188581362   19.871813340418  539.554597644684
     0.283569021463   45.613967243962   19.881140369324  540.213242681364
     0.284074262411   45.545226843921   19.881292635963  540.266872105547
     0.284571524783   45.660749048011   19.908476508145  542.000849301103
     0.285068787154   45.666355906603   19.925207132182  543.517266695364
     0.285506378041   45.941770740643   19.986181537767  547.524450802890
     0.286003640413   45.888121842342   19.992685366257  548.139486237890
     0.286500902784   45.968689703294   20.007622843811  548.772479749467
     0.286998165156   45.925964270063   20.005618410476  548.476437343986
     0.287495427527   45.975681602898   20.018804029506  549.174288406631
     0.287992689899   46.070753061507   20.045837674877  551.073334091357
     0.288489952270   46.015704851892   20.042273816434  550.563342753729
     0.288987214642   46.057218167846   20.060258297452  551.805157639114
     0.289484477013   45.850397574250   20.041780086183  550.794319774276
     0.289981739385   45.979115628577   20.056895176204  551.002487870252
     0.290479001756   45.924996590608   20.053787621969  550.586369735399
     0.290976264128   46.083493371530   20.080322933112  551.758284643315
     0.291473526499   46.077734822179   20.085885925154  552.026008741210
     0.291913106436   46.109029376419   20.093482133694  552.312846518696
     0.292410368807   46.146107462851   20.103195246661  552.679285259521
     0.292907631179   46.156058058129   20.108819148938  552.799400390303
     0.293404893550   46.278283840319   20.129212833820  553.820093127389
     0.293902155922   46.367443231289   20.149068849743  555.124584976954
     0.294399418293   46.596778982867   20.206055206033  559.003904126850
     0.294896680665   46.469773342144   20.199493017836  558.729469535125
     0.295393943036   46.438293667472   20.202299761538  558.706284790200
     0.295891205408   46.221763887187   20.169304837854  556.431201589115
     0.296388467779   46.262253380577   20.175461903364  556.375665577834
     0.296885730151   46.336150596096   20.190163058867  557.133955287897
     0.297382992522   46.488571860183   20.232977109619  560.172809352493
     0.297854481181   46.512819834904   20.247948940536  561.186392121783
     0.298301987352   46.563842449958   20.264072813161  562.342569523268
     0.298422814018   46.613632142314   20.275926006385  563.140102915610
     0.298870320188   46.720931058679   20.301576616788  564.812419421728
     0.299317826359   46.749590412756   20.314947305358  565.729466893600
     0.299765332529   46.950228679678   20.353084241828  567.928628273442
     0.300212838700   47.043407106817   20.366709935946  568.437761591350
     0.300660344870   47.169109028537   20.391038189736  569.721195582287
     0.301107851041   47.215565830808   20.400671131392  570.163894235534
     0.301555357211   47.269233546063   20.412535151008  570.748505415734
     0.302002863382   47.338458351635   20.429064213921  571.703857262562
     0.302450369552   47.259884556019   20.425530015635  571.576187650229
     0.302897875722   47.338980227301   20.441838848672  572.420494059611
     0.303345381893   47.304923752443   20.439552547274  572.178226389800
     0.303792888063   47.425953960870   20.461214567866  573.284265452057
     0.304240394234   47.402193154477   20.462368873926  573.275432877832
     0.304502632850   47.377461981195   20.458739359025  572.915101019353
     0.304950139020   47.608224881421   20.490378389196  574.325339888384
     0.305397645191   47.605634594567   20.497467307438  574.732178122115
     0.305845151361   47.668208777830   20.513233284697  575.588577009188
     0.306292657532   47.677742425169   20.519747554200  575.899483718961
     0.306740163702   47.639334138216   20.517385883261  575.672727690125
     0.307187669872   47.868851494018   20.554997284469  577.748104117776
     0.307604981973   47.891397518035   20.567521597145  578.774955661867
     0.308007689820   48.123812429415   20.616955382916  582.256065296383
     0.308410397668   48.262790960916   20.655722731773  585.078508668324
     0.308813105515   48.273292641150   20.667498687183  586.116371743136
     0.309215813363   48.466554568175   20.697435366285  587.709987494304
     0.309618521210   48.529309098252   20.706842256082  588.065465475266
     0.310021229057   48.672765739361   20.726449601276  588.951102204796
     0.310342589919   48.838308116255   20.749016504907  590.026710245806
     0.310745297767   48.896857704263   20.760305805492  590.656243093942
     0.311148005614   48.950653759176   20.771125752396  591.299880832827
     0.311550713461   48.968380434120   20.774011634543  591.308891323751
     0.311953421309   49.065370753165   20.781135065104  591.327832871040
     0.312356129156   49.324729877692   20.814764562493  592.954540821700
     0.312758837003   49.383589487317   20.827226471548  593.665434609613
     0.313161544851   49.501750605630   20.839501416405  594.143403791551
     0.313564252698   49.746026576202   20.879673434789  596.501520225472
     0.313966960546   49.714260897015   20.883735516001  596.906209925346
     0.314369668393   49.734394500083   20.884829086944  596.816903761068
     0.314772376240   49.775459263733   20.896531989819  597.508787428189
     0.315175084088   49.695187022583   20.887263497390  596.927201586238
     0.315577791935   49.783363099304   20.897397266239  597.267436622966
     0.315641419775   49.816918357668   20.902501484148  597.547969293387
     0.316044127622   49.963339280186   20.928485982334  599.134827878824
     0.316446835469   50.029312896485   20.944612957740  600.331238804327
     0.316849543317   50.271011408872   20.991671415507  603.409323073425
     0.317252251164   50.243779738532   20.998476442476  603.921113503956
     0.317654959012   50.158074660470   20.984519185650  602.932193160270
     0.318057666859   50.366133866842   21.023401600453  605.570640881432
     0.318460374706   50.425261918422   21.044261553743  607.214663013044
     0.318863082554   50.499975694341   21.058994854150  608.227465337157
     0.319265790401   50.605969522216   21.079847904789  609.517778816097
     0.319668498248   50.532982780457   21.068257103085  608.686233419148
     0.320071206096   50.665028535100   21.085067154939  609.541265635316
     0.320473913943   50.804735064886   21.108062873954  610.828855298136
     0.320876621790   50.808658874767   21.109561462343  610.888291695149
     0.320954747113   50.828040932501   21.112002732752  611.008803370788
     0.321357454960   51.032975278326   21.140187066899  612.481620933188
     0.321760162807   51.031724487349   21.144471769440  612.704820039267
     0.322162870655   51.009582597080   21.143618493701  612.616510956543
     0.322565578502   51.194439671439   21.168262236633  613.822523908853
     0.322968286349   51.188115960593   21.171212328003  613.996617563425
     0.323370994197   51.232506647004   21.175929564062  614.090783593448
     0.323773702044   51.393269373574   21.200300110362  615.336713137268
     0.324176409891   51.328439925101   21.194772248950  615.012032498015
     0.324579117739   51.459657790749   21.205104371010  615.218975280476
     0.324981825586   51.668617962630   21.236479868885  616.933935959467
     0.325384533433   51.636242357639   21.236192122192  616.985753303941
     0.325787241281   51.837787649481   21.263615162222  618.449451655751
     0.326189949128   51.913793433261   21.283598394922  619.772124406356
     0.326376000154   51.876771035119   21.281036082918  619.647526561283
     0.326778708001   51.861219714259   21.280110716943  619.508572566552
     0.327181415848   51.898709591317   21.291378120646  620.153058267604
     0.327584123696   51.748064610637   21.272906509522  619.010743530597
     0.327986831543   51.925181901032   21.297021613222  620.345643224257
     0.328389539390   52.068356292622   21.332223623585  622.850952808270
     0.328792247238   52.045257651418   21.334938561591  623.191554044721
     0.329194955085   52.266445839695   21.374916155911  625.933239597908
     0.329597662932   52.299031553552   21.390795935007  627.211822179917
     0.330000370780   52.352346091077   21.394633869620  627.247564109777
     0.330403068792   52.605355050301   21.427070758550  628.870173254861
     0.330805504904   52.621548162597   21.432952144735  629.322071409404
     0.331207555240   52.737050044981   21.444651742331  629.758481950317
     0.331609273694   52.913651703994   21.468351329334  630.943028582741
     0.331827646176   52.907262695324   21.468324804796  630.927570755833
     0.332228776820   52.993799936330   21.479406291950  631.502388586646
     0.332629551026   53.178250463747   21.505391395105  632.904850278029
     0.333029976337   53.148397082597   21.503596474648  632.768760167957
     0.333430000119   53.254053921654   21.517872680076  633.508974898236
     0.333829698886   53.389111159673   21.541480769723  634.879441560035
     0.334229025469   53.239346361911   21.527992587129  634.222660539197
     0.334627984752   53.285040790511   21.535730384744  634.607058250670
     0.335026622134   53.304881608930   21.547596101635  635.434275105574
     0.335424862358   53.112855429931   21.534025404494  635.041030925671
     0.335822767566   53.142157535251   21.539350506537  635.219017617131
     0.336220313617   53.111318981086   21.538644672948  635.118323623657
     0.336617502197   53.089130895153   21.536036141022  634.795860276612
     0.337014336945   53.250749480958   21.558139059526  635.793863227861
     0.337253882980   53.228872950696   21.558850393959  635.826874398606
     0.337650136992   53.065055903282   21.546971493757  635.298813924817
     0.338046073028   53.088740409324   21.555573694624  635.712900498318
     0.338441652504   52.995489344983   21.548783570168  635.233735558459
     0.338836855280   52.985006865402   21.543513035439  634.594560264515
     0.339231746939   53.259821131690   21.579187017907  636.362833760965
     0.339626258094   53.208624565855   21.581183369058  636.627104871643
     0.340020425221   53.223880327056   21.585202945988  636.754486878792
     0.340414269358   53.328350036041   21.604725857775  637.840164805860
     0.340807727066   53.225255648108   21.595369145558  637.307449150300
     0.341200844161   53.378668978238   21.618735317899  638.602214453308
     0.341593650685   53.357672438384   21.623526628025  638.962117892857
     0.341986030975   53.334906221460   21.621434793886  638.809920453246
     0.342378118478   53.672712376911   21.677590551876  642.332489805001
     0.342407902624   53.686735175351   21.680912153120  642.559771573981
     0.342799454153   53.564761604731   21.682264164545  642.942995030221
     0.343190586606   53.680198128723   21.705760771401  644.632766483428
     0.343581529273   54.000123494924   21.764987721358  648.709008214566
     0.343971933969   53.823682796146   21.753674909537  648.291347260655
     0.344362182959   53.532429846970   21.695611711324  644.078127028845
     0.344751936495   53.508254496464   21.660295045196  640.904543078181
     0.345141429308   53.326329148073   21.637655566225  639.470228252315
     0.345530546806   53.491499777012   21.657448501226  640.448488562024
     0.345919310270   53.529471783689   21.662199809787  640.650377704817
     0.346307754070   53.556752760915   21.669390884721  641.043595828551
     0.346695794258   53.804453380403   21.702664096518  642.864081003819
     0.347083590801   53.640702746751   21.691017168751  642.366555965358
     0.347115366116   53.633321162445   21.690335286874  642.327216389296
     0.347502664213   53.811575278227   21.708571809046  643.070452815388
     0.347889756364   53.867231756106   21.722189158891  643.884787592295
     0.348276362640   53.770933525424   21.716350440466  643.660351802121
     0.348662740387   53.892477181075   21.730853828656  644.222091598622
     0.349048708429   53.928066418264   21.740238724729  644.768997459208
     0.349434357522   53.925038398253   21.739807428220  644.595511897838
     0.349819656882   54.075385136137   21.764250703033  645.982215284651
     0.350204609624   54.045642907300   21.766251120574  646.166725648031
     0.350589225422   54.025182846325   21.763128372275  645.807728439522
     0.350973483965   54.257929324316   21.792695463438  647.377026247540
     0.351357432919   54.222873453553   21.796813347249  647.789447333263
     0.351740987324   54.287667108641   21.809525825824  648.515729055937
     0.352117382087   54.325562418060   21.817129523302  648.897152893363
     0.352500232442   54.334246015854   21.820455106481  649.056331658751
     0.352882837309   54.510544309974   21.846054580103  650.465629441331
     0.353265029139   54.500348567931   21.851678660760  650.882578330015
     0.353646902817   54.633597079053   21.870130184252  651.896342246332
     0.354028449141   54.803687364428   21.901304413271  653.880884678644
     0.354409623265   54.727101896326   21.898684747227  653.815129988430
     0.354790483598   54.740791755161   21.902832382083  653.962227964089
     0.355171002226   54.853578726936   21.921894445143  655.091430466470
     0.355551157587   54.696764164838   21.905825950719  654.175568717514
     0.355930989502   54.832567950093   21.922831479486  655.059128319346
     0.356310482274   54.834699170603   21.929695567482  655.573976531456
     0.356689608158   54.823549995803   21.931381203168  655.729284604323
     0.356704766241   54.832929375023   21.932614472659  655.803626968352
     0.357083557107   55.168738317522   21.983630385492  659.145992900526
     0.357462002102   55.247985228545   22.007217200877  661.059171190146
     0.357840077816   55.411126863775   22.030456242096  662.538599256360
     0.358217878568   55.690921941008   22.073711181021  665.275793773586
     0.358595281333   55.629480319566   22.072070020786  665.285825150633
     0.358972372827   55.733161918310   22.084296890510  665.839987752581
     0.359349126287   55.824298717044   22.098786172929  666.560322622283
     0.359725511111   55.660658576057   22.071091324049  664.524103264732
     0.360101572363   55.966482861029   22.108549966091  666.638844625479
     0.360477299179   56.206939104890   22.148328990077  669.249643820561
     0.360852665245   56.176623815722   22.149964423120  669.502062255846
     0.361227698621   56.399544384487   22.178796076518  671.129585144360
     0.361442837705   56.419044485447   22.185685414942  671.647066714051
     0.361817316705   56.223557623339   22.165125276932  670.534567554105
     0.362191464189   56.390341903362   22.180316216713  671.101560651217
     0.362565308406   56.498149166987   22.199947403660  672.373078594248
     0.362938747137   56.374524957686   22.186862372937  671.633510283519
     0.363311917996   56.621484986225   22.214214499856  672.946900843612
     0.363684709593   56.637420421193   22.227981580296  674.022025739223
     0.364057176406   56.387122622267   22.206035659335  672.883324861680
     0.364429308477   56.506649885106   22.219971436523  673.416888164840
     0.364801090467   56.427156628883   22.217835134703  673.368029223455
     0.365172538768   56.360150800321   22.213298591787  673.012051555507
     0.365543656362   56.507916538598   22.232627827189  673.927496138925
     0.365914434357   56.452142881726   22.229495642067  673.694917638658
     0.366074502097   56.476070134488   22.232909798038  673.840128235024
     0.366444809515   56.648188150213   22.255371395895  675.017669502960
     0.366814776031   56.548584457558   22.248490744308  674.658386256485
     0.367184408997   56.568572373628   22.249913307895  674.575714664769
     0.367553701056   56.764249482001   22.270884954179  675.532820869046
     0.367922640073   56.861499340617   22.283448390965  676.191315789372
     0.368291242057   57.013913833757   22.300659485753  677.032287595875
     0.368659495824   57.220783908338   22.325594359169  678.446961016250
     0.369027413177   57.499177692099   22.363415893954  680.857346232965
     0.369394984296   57.760380688468   22.405979548597  683.756273840646
     0.369762208013   57.812756074841   22.418352246753  684.634001593582
     0.370129082329   57.831048811737   22.421535280368  684.740593511635
     0.370495636045   57.845445177540   22.426355125184  684.971674307516
     0.370604808373   57.837684419083   22.425863485953  684.920815774733
     0.370970894709   57.906199769106   22.432234989569  685.152633057837
     0.371336673018   58.075347163034   22.457804613223  686.725602846573
     0.371702089560   57.975151906515   22.452164865254  686.433223246275
     0.372067181486   57.835117204400   22.429255018189  684.724081202810
     0.372431928040   57.971072332884   22.444209134780  685.459785448851
     0.372796327537   58.067882399114   22.462467532669  686.741420879887
     0.373160400179   58.174071339101   22.479151215662  687.855081232731
     0.373524119248   58.250236024119   22.493560874003  688.991067763481
     0.373887493210   58.488967884041   22.526136335937  691.224609852631
     0.374250517210   58.806127740503   22.570611767722  694.089283165625
     0.374613219510   58.874834061995   22.583806713531  695.033842260543
     0.374975532408   59.003019454725   22.596074202859  695.631579138439
     0.375178291688   59.186755051248   22.616470756507  696.749090142282
     0.375540110459   59.265484528793   22.630271120567  697.639515229819
     0.375901549820   59.160088839715   22.620644519598  697.129021504362
     0.376262673724   59.308362384618   22.638309764099  698.055548577702
     0.376623438065   59.299276401902   22.645497204889  698.675291894068
     0.376983856290   59.123751413716   22.622454572215  697.051901530155
     0.377343958953   59.173811030997   22.624991486895  696.916487024095
     0.377703686881   59.194185761679   22.629787992669  697.170472155209
     0.378063095993   59.265907183304   22.640784464850  697.825086669024
     0.378422165595   59.344592388763   22.656343086038  698.799880189532
     0.378780873513   59.199434677082   22.638014634614  697.486194874934
     0.379139270231   59.312839505333   22.652401013986  698.304417776518
     0.379490859137   59.423700391803   22.674485345789  699.847676600774
     0.379848549953   59.373478557655   22.672919374035  699.806932093688
     0.380205906672   59.557760842091   22.694419335950  700.924127657035
     0.380562906406   59.573262904554   22.701303911594  701.380650175056
     0.380919561120   59.606833332246   22.704403889251  701.431576763344
     0.381275870944   59.846545543951   22.731012030671  702.822188656074
     0.381631837974   59.800054582688   22.731162931881  702.893458668293
     0.381987428742   59.827836862599   22.735898111517  703.087071939924
     0.382342711105   59.980065331451   22.754604004786  704.062128673556
     0.382697637636   59.928589843319   22.751829635435  703.919429750858
     0.383052207201   60.031763056630   22.762457913519  704.347133318493
     0.383406484448   60.169805189645   22.786830501127  705.864606082493
     0.383760351237   59.915686811577   22.767137885867  704.922578841465
     0.383879894116   59.845050135396   22.759500864031  704.444524318678
     0.384233370880   59.955530991650   22.769105907060  704.689274417583
     0.384586461161   60.040761306102   22.781520060354  705.329645130376
     0.384939237618   60.005851403861   22.780245456600  705.204065515937
     0.385291667551   60.181153880276   22.803503571147  706.498151410506
     0.385643755452   60.130193992364   22.803284734792  706.565798859369
     0.385995485160   60.112317124759   22.801271101789  706.311714080959
     0.386346887884   60.338141884809   22.828222312358  707.783694012705
     0.386697941677   60.334361821958   22.831313864547  708.027308592640
     0.387048602583   60.536998429114   22.856000666324  709.524834652318
     0.387398993263   60.844712327263   22.903600830085  712.775076076458
     0.387748957422   60.813348160877   22.907439468023  713.244356481971
     0.388098611264   60.978233339947   22.929469415554  714.711520150337
     0.388113290884   60.994000463568   22.931770007039  714.868263641864
     0.388462579002   61.237177612500   22.974101734477  717.830856977345
     0.388811513114   61.032305555651   22.949164837390  716.020662664576
     0.389160103264   61.010995704295   22.938752283122  714.875448021905
     0.389508367786   61.110780892208   22.953582264405  715.659151462103
     0.389856263030   60.847242558124   22.925510559812  713.849531414710
     0.390203819682   60.752778813605   22.911702341531  712.689359576547
     0.390551035477   60.783739653388   22.917225451235  712.893882372273
     0.390897860350   60.658702111709   22.906591373782  712.240376095662
     0.391244395222   60.861990252770   22.932923727740  713.802700594874
     0.391590546577   61.040946323927   22.964082068904  716.029595928999
     0.391936338477   61.187959247670   22.993374630346  718.240702440147
     0.392281808080   61.386128546540   23.031648937454  720.959480064599
     0.392326697854   61.386759880744   23.033374750915  721.088116862451
     0.392671780543   61.182966816870   23.010132410102  719.413091132879
     0.393016462575   61.146438808220   23.000280740327  718.509120504826
     0.393360870049   61.439262946149   23.044401866069  721.511901770560
     0.393704841985   61.329468121305   23.038068925801  721.199332727234
     0.394048514521   61.263385266967   23.026408687758  720.238806935757
     0.394391819540   61.638362666239   23.071701964992  722.947039339898
     0.394734764511   61.662605248632   23.085312248341  724.096599797812
     0.395077366103   61.657614455607   23.090683422241  724.505683896624
     0.395419593463   61.693570377001   23.096823095241  724.796153818318
     0.395761525929   61.647130494602   23.094845203222  724.669176261409
     0.396103015223   61.729452627206   23.108078252782  725.383412968257
     0.396444245022   61.806388200698   23.121678619311  726.164019531822
     0.396697836747   61.787286127457   23.122173850765  726.206101770227
     0.397038397231   61.759980749874   23.122307080615  726.141768340070
     0.397378635487   61.837941625194   23.133932971180  726.703254475388
     0.397718477773   61.916226758753   23.141642467959  726.986662648856
     0.398058012031   62.052944181653   23.158161562623  727.875422267844
     0.398397132796   62.053502268270   23.163273509645  728.181258535029
     0.398735957907   62.120537787185   23.168188165399  728.222650550320
     0.399074358110   62.295071219036   23.187036446801  729.144696626490
     0.399412450835   62.427271491235   23.206882036422  730.385551563255
     0.399750182684   62.557870387693   23.223839307589  731.379151594442
     0.400087510836   62.684890071495   23.244524743450  732.704135918516
     0.400424543068   62.731080578149   23.254090723267  733.322918610617
     0.400761142167   62.794688679329   23.262960770705  733.825522077735
     0.400880215783   62.819760148503   23.266765632397  734.047139675134
     0.401216414442   62.858595044906   23.275284550902  734.601717155188
     0.401552160012   63.053254847844   23.299510187322  736.137954142245
     0.401887584834   63.287812643311   23.334331507728  738.507604817586
     0.402222623415   63.266460923275   23.342163125075  739.230135777946
     0.402557283917   63.289949275039   23.340648822074  739.001285547655
     0.402891625487   63.610496886936   23.380220595320  741.624592757935
     0.403225553664   63.895272412833   23.421370242543  744.463112601740
     0.403559126410   63.939090245638   23.432825895680  745.417324221317
     0.403892306175   63.909513420471   23.431459254100  745.351249098276
     0.404225129615   63.965009220784   23.433643023106  745.281794326595
     0.404557545226   64.160251060965   23.447765462289  745.788609129004
     0.404889624176   64.560309195923   23.487256625809  747.927014641815
     0.405023681382   64.686150215018   23.501004954810  748.726491221934
     0.405322375915   64.714560088219   23.508408440623  749.265046301270
     0.405620937761   64.686972279799   23.509482052873  749.411310336203
     0.405919499607   64.744627689742   23.517729490858  749.888260599599
     0.406218061453   64.641863597656   23.509485894143  749.435875004839
     0.406516623299   64.666349688128   23.508760043735  749.202893461642
     0.406815185145   64.985526133010   23.539889986079  750.797725351260
     0.407113746991   65.133928661226   23.558862823725  751.926000574141
     0.407412308836   65.020814142316   23.549390027743  751.393901510685
     0.407710870682   65.129999783524   23.559692426101  751.853644191308
     0.408009432528   65.372294596287   23.586072578243  753.337342782021
     0.408307994374   65.296069554857   23.581779836330  753.150648279705
     0.408606556220   65.300368305649   23.579201239684  752.779528354251
     0.408697916145   65.375439473965   23.585564575459  753.050638547811
     0.408996477991   65.648096594359   23.614397850008  754.625787035969
     0.409295039837   65.638130282717   23.616926051737  754.847496736245
     0.409593601683   65.679587534275   23.618306605519  754.727370083888
     0.409892163529   66.058707790305   23.658282997525  756.981288149726
     0.410190725374   66.141548156210   23.674123404400  758.133187266187
     0.410489287220   65.996024254810   23.659126401411  757.224728735722
     0.410787849066   66.233449913184   23.679362942253  758.199360366213
     0.411086410912   66.406848453960   23.701852097136  759.651564228659
     0.411384972758   66.247353934995   23.688789865216  758.931600134963
     0.411683534604   66.387882343438   23.701246133952  759.471014085145
     0.411982096450   66.629416092313   23.731541526929  761.322212236603
     0.412280658296   66.521204597131   23.726728644293  761.162686027721
     0.412579220142   66.514557295823   23.723417057195  760.826560350006
     0.412644306624   66.584969558893   23.730178634267  761.211944937498
     0.412942868470   67.037653242881   23.784615185560  764.776852917969
     0.413241430316   67.135141845121   23.807411017568  766.521198592242
     0.413539992162   66.889799796988   23.779412578957  764.557965291995
     0.413838554008   66.934710029582   23.780165654686  764.269341134583
     0.414137115854   67.011827241988   23.791585027406  764.951997274425
     0.414167569162   67.007554485437   23.791390384544  764.940412516259
     0.414489663653   66.897506767383   23.778246859004  763.942052336520
     0.414812110446   67.019157651942   23.791451655779  764.626767083210
     0.415134557240   67.157501102271   23.811011767487  765.897560692020
     0.415457004033   67.153709455267   23.810656120273  765.787740855497
     0.415779450827   67.289415690014   23.834395803302  767.342441235894
     0.416101897621   67.206821901032   23.825397178559  766.357156875712
     0.416424344414   67.050752821565   23.777296176722  762.239089527770
     0.416746791208   67.152141689561   23.779753762803  761.931281261631
     0.417069238001   67.166301717044   23.785226064371  762.300187403383
     0.417391684795   67.251653270444   23.787151176081  762.187678585909
     0.417714131589   67.583334698110   23.827415413804  764.845675858428
     0.418036578382   67.897008815478   23.872860320918  768.055454751631
     0.418359025176   67.882754717054   23.872262521866  767.962732127155
     0.418495742616   67.854358711896   23.869466407309  767.747873798893
     0.418818189410   68.036127420832   23.891269524185  769.160368721867
     0.419140636204   68.308499790747   23.921789374358  771.139659528526
     0.419463082997   68.385820608749   23.935055720908  772.033542344187
     0.419785529791   68.570514752263   23.956935921586  773.311323377039
     0.420107976584   68.559162236266   23.957421414963  773.167489709501
     0.420430423378   68.392269096141   23.938371028718  771.672517419196
     0.420752870172   68.449412769787   23.939958063601  771.440551971208
     0.421075316965   68.507961675517   23.947564720691  771.863028000365
     0.421397763759   68.594871018151   23.958721289188  772.535725738091
     0.421720210552   68.754884772286   23.982600554794  774.198523772298
     0.422042657346   68.849556544336   24.000834656580  775.606057764748
     0.422365104140   68.979830311666   24.014204797088  776.389258519622
     0.422687550933   69.164062549656   24.039872413703  778.057866762524
     0.422897786243   69.204266064924   24.050601869222  778.848035738783
     0.423220233036   69.153248328020   24.046737277703  778.475377978095
     0.423542679830   69.098994902137   24.041176540186  777.923140517343
     0.423865126623   69.106525362855   24.045384383564  778.169361879744
     0.424187573417   69.308258431799   24.062312944595  778.978318473960
     0.424510020211   69.557376354070   24.089887121500  780.564516664762
     0.424832467004   69.784300265994   24.115235130015  782.095241281467
     0.425154913798   69.908940207768   24.130872211384  783.037452528795
     0.425477360591   69.872014057399   24.136192411713  783.463858507509
     0.425799807385   69.880617100130   24.137719472263  783.435632591709
     0.426122254179   70.059353846868   24.151225361335  783.980745912918
     0.426444700972   70.228821408040   24.170924069850  785.108710579979
     0.426767147766   70.379892521047   24.186317900444  785.946260948133
     0.427089594559   70.525491944014   24.201318197090  786.734433832976
     0.427363029440   70.661470007098   24.219964895200  787.882401379041
     0.427685476234   70.720937974370   24.229769214509  788.445905019007
     0.428007923028   70.726669888637   24.231444671200  788.421980429536
     0.428330369821   70.765827013942   24.240215975684  788.919275165388
     0.428652816615   70.832388667179   24.247431682442  789.235292282901
     0.428975263408   70.973172839025   24.258379423822  789.638147195112
     0.429297710202   71.233732535845   24.285094252271  791.110651951834
     0.429620156996   71.467813177271   24.310990009908  792.693324683074
     0.429942603789   71.601209456120   24.325541664362  793.514618521006
     0.430265050583   71.730575360020   24.341322659893  794.410221987819
     0.430587497376   71.918288132095   24.360801505150  795.538874211497
     0.430909944170   72.183236980922   24.384918187737  796.850659446256
     0.431232390964   72.492266184479   24.420752061407  799.120793185105
     0.431554837757   72.589166863739   24.436771619857  800.194951925269
     0.431877284551   72.733395733904   24.448946154413  800.726733685025
     0.431951447313   72.811886147054   24.455806746394  801.095949684000
     0.432273894107   73.137909527937   24.490267360170  803.231724605781
     0.432596340900   73.202798426371   24.500158054037  803.859605466391
     0.432918787694   73.552529844172   24.528069070528  805.359851480212
     0.433255431276   74.051008029265   24.582627148499  809.045330853455
     0.433739205210   74.358369647723   24.619124248025  811.440954680214
     0.434222979144   75.087544454659   24.683709375997  815.209982786203
     0.434706753078   75.495357079864   24.721862575520  817.375480255336
     0.434751260280   75.575198850405   24.728364596377  817.730469577860
     0.434934486514   75.991121908864   24.759609274851  819.495640499887
     0.434973010867   76.070588667171   24.766192953589  819.875563365033
     0.434981903662   76.088549371644   24.767684796222  819.961907224664
