# {0} signal over time, extracted at r = 500 km
# All quantities are measured in a resting observer's frame at infinity
# cols=4 rows=871
#              time        luminosity               <e>             <e^2>
#               "s"           "foe/s"           "MeV^1"           "MeV^2"
  -4.5070286502e-04  1.0497508027e-06    7.112061986052   63.907958650492
  -4.4002381410e-04  1.0472244630e-06    6.234602783041   52.587886233964
  -4.2316389414e-04  1.0470147828e-06    5.422705069183   42.113457717216
  -4.0319234736e-04  1.0526549958e-06    4.869991774623   34.981882252829
  -3.6327993460e-04  1.0826700501e-06    4.287543595954   27.462043581929
  -3.4093756190e-04  1.1102640974e-06    4.097646965448   25.006830100122
  -3.2813560579e-04  1.1296059907e-06    4.012501299417   23.904604133748
  -3.1410848113e-04  1.1538108063e-06    3.933497470503   22.880679144093
  -2.9945904368e-04  1.1825125505e-06    3.863497575540   21.972056714956
  -2.8519893031e-04  1.2138754991e-06    3.805090786447   21.212481594629
  -2.7158637452e-04  1.2470317382e-06    3.756581438197   20.580208310733
  -2.6181469973e-04  1.2728077772e-06    3.725422334805   20.173155629836
  -2.5237743535e-04  1.2992998912e-06    3.697849110520   19.812158639542
  -2.4643068649e-04  1.3168120599e-06    3.681620646237   19.599267034442
  -2.3760223607e-04  1.3439955989e-06    3.659014601995   19.302079816242
  -2.3046723154e-04  1.3670147727e-06    3.641940113136   19.077036827922
  -2.2421289990e-04  1.3879772800e-06    3.627783658008   18.890011047828
  -2.1509284383e-04  1.4198841351e-06    3.608395612290   18.633101836608
  -2.0547750923e-04  1.4552738155e-06    3.589437068380   18.380867298871
  -1.9593988932e-04  1.4921895920e-06    3.572003558827   18.147849584904
  -1.8613254958e-04  1.5320708663e-06    3.555379212979   17.924488358444
  -1.7677065056e-04  1.5719928835e-06    3.540640435213   17.725323253047
  -1.6747079386e-04  1.6134760641e-06    3.527006716252   17.539949617181
  -1.5705116222e-04  1.6621591489e-06    3.512832042800   17.345825412280
  -1.4716156084e-04  1.7105638194e-06    3.500372728701   17.173784701461
  -1.3467774860e-04  1.7747977602e-06    3.485916973823   16.972158388891
  -1.2474116031e-04  1.8284758077e-06    3.475347473572   16.823072087161
  -1.1537747615e-04  1.8811762389e-06    3.466092069241   16.691120581164
  -1.0533183631e-04  1.9400470093e-06    3.456873575866   16.558140777039
  -9.4621867953e-05  2.0055275868e-06    3.447803917835   16.425485993008
  -9.0324042420e-05  2.0326061160e-06    3.444372791807   16.374751439800
  -8.1258640945e-05  2.0912546984e-06    3.437507776672   16.272186399775
  -7.2946314581e-05  2.1468871481e-06    3.431637762103   16.183205214848
  -6.5585285071e-05  2.1976621313e-06    3.426762404937   16.108246359950
  -5.8524414047e-05  2.2477218049e-06    3.422358512740   16.039578160914
  -5.2285405540e-05  2.2930755194e-06    3.418680812938   15.981431041482
  -4.5798740556e-05  2.3413618652e-06    3.415061996335   15.923395726136
  -3.9951939433e-05  2.3858871657e-06    3.411973115177   15.873124987460
  -3.4542934591e-05  2.4279357995e-06    3.409257010891   15.828284187640
  -2.9029083601e-05  2.4716582776e-06    3.406624185246   15.784171977747
  -2.4089201617e-05  2.5115739740e-06    3.404378819620   15.745982828442
  -1.9221821832e-05  2.5516000089e-06    3.402268557472   15.709551652991
  -1.4269190580e-05  2.5930441654e-06    3.400222905254   15.673671515052
  -9.3845302238e-06  2.6346354447e-06    3.398303291643   15.639429330139
  -4.4647557353e-06  2.6772520175e-06    3.396465922465   15.606062684883
  -1.8030862525e-07  2.7149646232e-06    3.394942594900   15.577900619007
   4.1100606636e-06  2.7532942466e-06    3.393487316014   15.550517155624
   8.7291341076e-06  2.7951985835e-06    3.391997472377   15.521931188265
   1.2989314257e-05  2.8344385957e-06    3.390692688410   15.496372296343
   1.7424837924e-05  2.8759028223e-06    3.389403504354   15.470566529606
   2.1451178600e-05  2.9140844878e-06    3.388293325115   15.447838729003
   2.1751308359e-05  2.9169514144e-06    3.388212831729   15.446170780986
   3.0803152125e-05  3.0386227124e-06    3.386303362032   15.398540103202
   4.4878844188e-05  3.1864431067e-06    3.383303995919   15.329138132488
   6.2078349775e-05  3.3768621018e-06    3.380515283708   15.254634783650
   7.9021000742e-05  3.5752504784e-06    3.378630978254   15.191313219373
   9.5534765620e-05  3.7793241494e-06    3.377555801645   15.138513165756
   1.1254024591e-04  4.0008513535e-06    3.377179610294   15.092725814837
   1.2897867206e-04  4.2261506254e-06    3.377480851590   15.056268177665
   1.4562743045e-04  4.4657960040e-06    3.378419998398   15.026762327783
   1.6147336995e-04  4.7048655767e-06    3.379879500948   15.005280414733
   1.7850444642e-04  4.9740602304e-06    3.382036043892   14.989038441873
   1.9526074384e-04  5.2515953974e-06    3.384725677298   14.979667763411
   2.1230342163e-04  5.5471042037e-06    3.388013244591   14.976562788707
   2.3031467433e-04  5.8742703824e-06    3.392065256616   14.980016345340
   2.4788699735e-04  6.2085306614e-06    3.396564049423   14.989765826359
   2.6580970077e-04  6.5651406689e-06    3.401682214497   15.005927679228
   2.8478627449e-04  6.9603616324e-06    3.407657572023   15.029600727550
   3.0344935825e-04  7.3670968929e-06    3.414065931070   15.059191265886
   3.2286620231e-04  7.8095686379e-06    3.421267046967   15.096350675211
   3.4399694997e-04  8.3137872838e-06    3.429693786153   15.143880401828
   3.6527024011e-04  8.8455414875e-06    3.438767502446   15.198880855436
   3.8658582308e-04  9.4027978372e-06    3.448421215902   15.260867688436
   4.0919556644e-04  1.0020690018e-05    3.459237202896   15.333771281598
   4.3325003129e-04  1.0708330489e-05    3.471335125896   15.418890737945
   4.5891238927e-04  1.1476645623e-05    3.484773838982   15.517232514888
   4.8637916777e-04  1.2342611521e-05    3.499168234868   15.627137110046
   5.1526589171e-04  1.3332418597e-05    3.511984779204   15.731711996662
   5.4307097142e-04  1.4533110956e-05    3.507106278544   15.702769622038
   5.7206758237e-04  1.6583672362e-05    3.456685929614   15.257205497078
   6.0292989201e-04  2.0530346176e-05    3.366592408932   14.364910567244
   6.3361215520e-04  2.7009773638e-05    3.291813611924   13.537357717347
   6.6951357352e-04  3.8524317840e-05    3.252828608494   13.027854698358
   7.0758860650e-04  5.6743957220e-05    3.244464321410   12.793536114763
   7.4799963863e-04  8.5010395358e-05    3.267069246960   12.820684275269
   7.8806114195e-04  1.2466790849e-04    3.315125394689   13.116930320864
   8.3102908717e-04  1.8329755315e-04    3.363607405065   13.481956839037
   8.7795154296e-04  2.7440789363e-04    3.404587496005   13.809350792514
   9.2826556325e-04  4.1515373836e-04    3.435526601360   14.073959024913
   9.8276118937e-04  6.3861836716e-04    3.492393025969   14.528247493010
   1.0395910074e-03  9.8904300948e-04    3.545049803933   14.964198830673
   1.1025233853e-03  1.5798965854e-03    3.612709041847   15.541924537315
   1.1763146993e-03  2.6937550593e-03    3.687801042951   16.159425264716
   1.2570703578e-03  4.7293310777e-03    3.759880743112   16.764996452628
   1.3471681944e-03  8.6355667615e-03    3.830741695486   17.379034308414
   1.4495854209e-03    0.016548837261    3.905796382038   18.043856011273
   1.5537504581e-03    0.030943237542    3.984630007425   18.755031121825
   1.6672085421e-03    0.057782339290    4.087856238939   19.697675958311
   1.7988322056e-03    0.107709500890    4.241098628930   21.180671263168
   1.9435515748e-03    0.188184821087    4.461683614437   23.460181738359
   2.0860663452e-03    0.295542651042    4.727910425087   26.413809182783
   2.2279564067e-03    0.433041240856    5.036936866603   30.079608322126
   2.3985846587e-03    0.647478820717    5.465121683515   35.576568162467
   2.5700589163e-03    0.933463153950    5.961459418841   42.516128117888
   2.7415331740e-03    1.308094933797    6.493605641343   50.565213036342
   2.9130074316e-03    1.773923002459    7.026436991787   59.235888300822
   3.0844816893e-03    2.314130366560    7.526186824416   67.898614300894
   3.2559559469e-03    2.900578434597    7.981300783362   76.262479823201
   3.4274302046e-03    3.504128460496    8.387153393643   84.114164169167
   3.6612023406e-03    4.310317326336    8.867573005789   93.961765798924
   3.8926770181e-03    5.052333209400    9.268268502148  102.697826510009
   4.1241516956e-03    5.713485445437    9.605232377959  110.473307814482
   4.3556263731e-03    6.283459062027    9.888417821946  117.357899923230
   4.5871010506e-03    6.764061975087   10.126265420380  123.431525677804
   4.8185757281e-03    7.166116825160   10.325468008589  128.760552986484
   5.0500504055e-03    7.503143379026   10.491300704036  133.396791946963
   5.2842678478e-03    7.791683344358   10.632614023844  137.504549478749
   5.5214073767e-03    8.046705829633   10.755329970638  141.192397075957
   5.7583941218e-03    8.275430924214   10.861069022551  144.468229758963
   5.9950245824e-03    8.483840256684   10.951658164902  147.354398521860
   6.2484603984e-03    8.695262763313   11.035008940939  150.069461997110
   6.5009327182e-03    8.888909520719   11.103630925122  152.361602246844
   6.7527200893e-03    9.073044695270   11.160382147210  154.288297027898
   7.0045074604e-03    9.248126685064   11.209259083798  155.946994631644
   7.2553770709e-03    9.443700844281   11.253835916201  157.420267294630
   7.5075199875e-03    9.668015666168   11.299189946829  158.854859739972
   7.7605946865e-03    9.930806868591   11.350493608990  160.408312202961
   8.0107981141e-03   10.222596813570   11.408433617955  162.113908526470
   8.2612377605e-03   10.533275506572   11.469687345506  163.897565060634
   8.5147146200e-03   10.864428203130   11.532470141979  165.721951520975
   8.7652600422e-03   11.202177629143   11.597242383218  167.601499135140
   9.0155282159e-03   11.546743415362   11.662631333384  169.507925263486
   9.2676168394e-03   11.891110070249   11.726083195148  171.352991294079
   9.5196705497e-03   12.243048767939   11.787271895213  173.132850107670
   9.7717242600e-03   12.595254205337   11.846760515983  174.862873375542
     0.010023777970   12.967928534872   11.902739710838  176.473607168470
     0.010275831681   13.352236079887   11.961415224076  178.162057248721
     0.010527699550   13.745226309949   12.013877537195  179.659545196328
     0.010783373912   14.158334970257   12.068063440792  181.222593681210
     0.011038824679   14.569890742423   12.126773610299  182.947928463053
     0.011294187143   14.981600590810   12.177049226289  184.408850253614
     0.011549386863   15.402793153830   12.229950630040  185.936378311796
     0.011804498683   15.811471086141   12.284155177680  187.527029572541
     0.012059468022   16.205112725180   12.326595760779  188.767102769326
     0.012314364836   16.608807165466   12.371627024129  190.065781348454
     0.012569188632   16.995376081580   12.418336155271  191.429336554662
     0.012823884184   17.359466898543   12.452704686870  192.420570041735
     0.013075474290   17.740627245776   12.488193733515  193.430147124413
     0.013327064396   18.118206095182   12.530444602891  194.663117176840
     0.013578654502   18.451587172608   12.562393696544  195.597561857977
     0.013830244608   18.773918515731   12.585088232604  196.225437059010
     0.014081834714   19.121389265645   12.611536584684  196.957198029402
     0.014333424819   19.456586940850   12.644124398477  197.942332031319
     0.014585014925   19.755517322509   12.672766302147  198.836246051313
     0.014836605031   20.048358396210   12.694199322863  199.457467094654
     0.015088195137   20.364239064879   12.714766486597  200.007321983886
     0.015339785243   20.689786989570   12.739916549072  200.717881199821
     0.015591375349   20.980698123194   12.766333226587  201.531645609963
     0.015842965454   21.256263269817   12.788869573740  202.240993797713
     0.016094555560   21.548583045955   12.808667849886  202.820862910226
     0.016346145666   21.851795932387   12.825990243254  203.281855458805
     0.016597735772   22.150443001775   12.840301571236  203.653478645959
     0.016849325878   22.446172092336   12.860282143128  204.256827448633
     0.017100915984   22.734922422789   12.887042239861  205.122380663006
     0.017352506089   23.019515964541   12.912051919317  205.924868274201
     0.017604096195   23.308304089598   12.932138120722  206.530985154601
     0.017855686301   23.589937279537   12.944951812186  206.876077490370
     0.018107276407   23.851358131743   12.952500532687  207.053642082478
     0.018358866513   24.117736183548   12.965774326520  207.439939099049
     0.018615174804   24.399271325279   12.990794903298  208.255007079560
     0.018866827496   24.671004457886   13.018406874951  209.172155366259
     0.019118480188   24.931373538518   13.037708337701  209.786887601977
     0.019373843425   25.165853886709   13.046079262209  210.016843145051
     0.019627335008   25.372320592885   13.048427462960  210.047030794435
     0.019885747569   25.585480552199   13.054468179254  210.235249969100
     0.020148148413   25.832565856273   13.074897472456  210.930599973588
     0.020410531683   26.075614703899   13.100582614318  211.796712096297
     0.020664048339   26.270308774961   13.116595805286  212.329308800210
     0.020921812281   26.431909573318   13.121545043990  212.459906773139
     0.021179804117   26.583080120286   13.123114746100  212.483143510364
     0.021440300349   26.736838962122   13.128580047189  212.654389412435
     0.021690642784   26.889365873762   13.137622426383  212.920257188165
     0.021950885642   27.047554037866   13.148020900429  213.234965069845
     0.022201266250   27.175665857418   13.155765473785  213.498274813742
     0.022461086368   27.292794635106   13.160884208745  213.702079050441
     0.022720906486   27.418733897516   13.166217017477  213.910990171430
     0.022980726604   27.556217088453   13.172080804087  214.109215444831
     0.023236521167   27.704857335754   13.178146902705  214.286974058516
     0.023495909510   27.852242497947   13.179524394230  214.294166511090
     0.023752257925   27.991425796197   13.176641984071  214.159335518988
     0.024008604646   28.154100334586   13.179648053061  214.251768350447
     0.024263440136   28.339334833096   13.191796415374  214.696439126205
     0.024523869069   28.530887045488   13.207371994280  215.298390783003
     0.024777902882   28.722976068452   13.220528132688  215.830875443535
     0.025020389703   28.919470319275   13.231174436201  216.260978939604
     0.026032763070   29.702958953346   13.256515243022  217.131932053744
     0.027047789522   30.294510250806   13.266518135570  217.696202780945
     0.028056436128   30.833588307728   13.296852381717  218.924982999839
     0.029065082733   31.112159032875   13.302774186980  219.345201079943
     0.030073729339   31.325942530925   13.306991409113  219.568987649577
     0.031087179023   31.588325699667   13.325273333951  220.387276998634
     0.032101253977   32.015868410722   13.347970353259  221.216205025320
     0.033119796085   32.497369311671   13.370988731083  221.985785818012
     0.034130314092   33.122451690810   13.419284995986  223.817851880223
     0.035134575590   33.720739035812   13.448490417042  224.754601431355
     0.036156618200   34.232092246522   13.472370798108  225.579462329585
     0.037162101206   34.460216507452   13.489137002066  226.292526483578
     0.038174348375   34.215397651932   13.461269634307  225.498762282640
     0.039191286291   34.176592067481   13.437820725759  224.671124038233
     0.040218721882   34.385809807689   13.464016412185  225.645818703855
     0.041244823132   34.573928481646   13.472821593561  226.047607116164
     0.042245726632   34.658955284185   13.449548473048  225.114532345678
     0.043272457469   35.121290547514   13.482462193067  226.443554010719
     0.044291977469   35.406391755339   13.511481839880  227.791404267114
     0.045308892778   35.598128107159   13.538956905897  228.465696280572
     0.046329523533   35.635368204635   13.538288526968  228.609529315384
     0.047333700564   35.555320070958   13.541837182616  228.498671401090
     0.048350313043   35.549358785962   13.537679020306  228.520706350385
     0.049352624055   35.568501506265   13.561421302837  229.153327208566
     0.050355905131   35.476439227523   13.562742231284  229.264520326809
     0.051360041183   35.590313864810   13.578304080439  229.893514390303
     0.052371248613   35.651757960940   13.577207127547  229.823084130440
     0.053371290623   35.602836518675   13.591865689137  230.589651495796
     0.054392235919   35.597104632088   13.601741998977  230.855223433505
     0.055401496018   35.560244697271   13.622796615971  231.546963697730
     0.056404799961   35.512171922875   13.641537801818  232.158273256771
     0.057414474525   35.183709795433   13.634673483663  231.625626047107
     0.058420908073   34.902397497155   13.637041898517  231.813350147310
     0.058756027984   34.944445062342   13.655916676031  232.518568933254
     0.059761656685   35.215465719031   13.709930320105  234.475429617932
     0.060763331577   35.543606739770   13.757409000276  236.153411962385
     0.061763662432   35.517351787225   13.753086648892  235.791168730255
     0.062768183320   35.202467720557   13.746689402477  235.489871692495
     0.063782898838   34.641958770658   13.710244333524  234.472993296660
     0.064792064458   34.472570206990   13.710027428204  234.347721516055
     0.065794951083   34.658685334115   13.751628477677  235.686175080084
     0.066830891741   34.889827789732   13.778278993297  236.681353344753
     0.067835035231   34.878924943953   13.778159949929  236.637501412552
     0.068842029323   34.524934170929   13.766792979769  236.102575058825
     0.069849857939   34.551384557043   13.783064587241  236.634432389332
     0.070866010465   35.012664373937   13.833466110770  238.476602018147
     0.071880848648   34.828612716071   13.841143366488  239.083507762578
     0.072901859254   34.388478364687   13.823661603051  238.709165504897
     0.073909652711   34.675054657572   13.869704019659  240.170509289393
     0.074924484686   35.134385804532   13.926681084112  242.333699842902
     0.075927485720   35.068173685002   13.936524380277  242.998261560483
     0.076949007325   34.658043807470   13.929441839555  242.621680701761
     0.077971004939   34.527641813393   13.929026186087  242.598954292952
     0.078979153327   34.854575982159   13.980902173062  244.505164774197
     0.079989292673   34.974807284891   14.015584761014  245.828334170747
     0.081004464509   34.869718754834   14.017615878912  245.954751726650
     0.082022116475   34.770106553815   14.029830960293  246.427675387294
     0.083026160094   34.770749572408   14.049745985367  247.260972378848
     0.084045167628   35.104562756977   14.105175591779  249.581325588442
     0.085069296156   35.160635164628   14.132494570246  250.901499659622
     0.086084995246   35.118647438451   14.152637939294  251.816120474845
     0.087107617309   35.084148924830   14.178097451273  252.193299172126
     0.088118579605   35.175913075305   14.199404331723  253.477057886712
     0.089142217011   35.032929148566   14.213407802453  254.102782361709
     0.090009288397   35.028637847937   14.229470504698  254.625413482715
     0.091017945515   34.992033672132   14.238076876100  254.979131733053
     0.092019650302   35.030397164065   14.248593862735  255.559335368812
     0.093019762122   34.837388902345   14.253182519712  255.788805765272
     0.094023972840   34.943811449012   14.285670535446  257.299904238257
     0.095063898405   35.015110726495   14.313913263846  258.655061735795
     0.096094551622   34.993491899419   14.330437079283  259.342747418965
     0.097100123967   34.813766003766   14.334867620817  259.406582407448
     0.098116351726   34.840145529940   14.356308963564  260.262984418948
     0.099130738842   34.780208774240   14.375867609843  261.068711017744
     0.100139804226   34.626841666274   14.390599203323  261.573922497038
     0.101152798843   34.535250613612   14.393153335548  261.609585351979
     0.102163573568   34.514538710763   14.406442314512  262.315714527582
     0.103174562878   34.427321755668   14.421483766556  262.990840391451
     0.104175049798   34.253504886788   14.427101647548  263.281490787588
     0.105189811158   34.355640707693   14.468705760305  264.997151619649
     0.106203788951   34.306433095745   14.480847471946  265.479040212420
     0.107222421731   34.119552931134   14.476572556278  265.447314065640
     0.108227334906   34.113534714558   14.495540136400  266.320591904794
     0.109251486750   34.129741724059   14.524798939712  267.493204962551
     0.110286570311   33.970989763192   14.540684537603  268.565968588662
     0.111296603788   33.901673086836   14.556616931525  269.039792756788
     0.112321740235   33.878314511216   14.576897943442  269.808781773175
     0.113337290496   33.771192737479   14.581286380503  270.005892626073
     0.114344493967   33.587975769341   14.587528080778  270.087357072019
     0.115348550635   33.470746313714   14.589817319322  270.610660767229
     0.116373264475   33.598721339579   14.635966855132  272.472952852806
     0.117384219017   33.355087585505   14.636729926662  272.633979901684
     0.118429019031   33.244626710150   14.640960308969  273.035664124448
     0.119433449327   33.238511077544   14.660310300053  273.849542846736
     0.120436923440   33.087886144653   14.674416742529  273.973263279819
     0.121464415930   32.927160282922   14.671193927157  274.096223841962
     0.122468671899   32.856333338541   14.700180502814  275.667825265842
     0.123474718925   32.812808112538   14.721662588014  276.540140111361
     0.124487423199   32.707948327619   14.723160161986  276.273218367137
     0.125498958838   32.418378320186   14.705726357673  275.789105083422
     0.126536662508   32.444516961699   14.738949658502  277.264223652038
     0.127544938746   32.463721330182   14.761929352788  278.233225872464
     0.128550109185   32.172526468533   14.749110875459  278.166230803493
     0.129561307576   32.012019049716   14.760703711693  278.714901159861
     0.130574510508   32.088641357594   14.806615553761  280.612266352399
     0.131583790997   31.899925883902   14.791957568482  279.905075358124
     0.132597583046   31.616026518769   14.780254933207  279.261876988379
     0.133613935235   31.623460884816   14.815344431369  281.467660381936
     0.134616965488   31.560610895465   14.827038162212  282.103438229679
     0.135627935728   31.461564317946   14.843294551681  282.312793417203
     0.136631739741   31.288393925202   14.839591183970  282.166258817998
     0.137653203922   31.198947963470   14.865388727548  283.925951322903
     0.138661469861   31.041629913351   14.878018554022  284.540144370924
     0.139662506715   30.988460156086   14.878436602833  284.463717438293
     0.140671040121   30.772092871345   14.871279680412  284.132143092613
     0.141688320276   30.647327514547   14.891445139629  284.691122353235
     0.142700883409   30.599346001949   14.891542113372  285.889461874674
     0.143701766135   30.368797747372   14.909750213694  286.046714781032
     0.144703892669   30.332842246384   14.906593946364  286.051986842280
     0.145709988792   30.179143604960   14.918177937367  286.536483471274
     0.146723916138   30.100636733934   14.945256186954  287.862910700056
     0.147740682001   29.972489112898   14.948567390689  288.236150515820
     0.148748633004   29.830494522696   14.939572918248  288.061095246740
     0.149751918474   29.661738630052   14.958714651680  288.933917930047
     0.150764392302   29.526618674308   14.978854102119  289.752327980712
     0.151767599842   29.234033391374   14.935659912578  287.824484573824
     0.152769833931   28.875238121357   14.914535437693  287.204878232305
     0.153794770787   28.787650845296   14.921223460976  287.466568050862
     0.154808380002   28.450151868626   14.867846032459  285.152677831067
     0.155825193925   28.292164770016   14.872535747947  284.876719788618
     0.156844496320   28.027187803567   14.850498586182  283.975333672520
     0.157851373235   27.757779933792   14.834635212601  283.428773489498
     0.158852255468   27.708405034307   14.853735237739  284.188533639811
     0.159852591409   27.420408410065   14.831713182680  283.161457187489
     0.160459383207   27.320206064093   14.833507968134  283.318446071452
     0.161463699764   27.221691956245   14.865197082593  284.883622239825
     0.162465022337   26.922966173296   14.828279013761  283.796391399148
     0.163469599849   26.623491213276   14.796489717663  282.172532431589
     0.164492305849   26.353173023866   14.771109750281  281.245429163934
     0.165498059428   26.101522928945   14.749543916600  280.274896671193
     0.165694425538   26.036747313999   14.735173198063  279.739891615137
     0.166704308390   25.757422959402   14.703235473895  278.331442251423
     0.167724258668   25.510411801745   14.687603460753  277.493190323293
     0.168742854641   25.268533694905   14.669791884330  276.183711056903
     0.169747508001   25.050222083861   14.645160335200  275.242755821013
     0.170750780748   24.861558142705   14.627553425431  274.580184816367
     0.171758053011   24.716803331561   14.624883556388  274.696088704210
     0.172782699055   24.566560293320   14.625791767528  274.852599529047
     0.173786401045   24.467080837455   14.631097695265  275.593382018094
     0.174789528353   24.338723467297   14.646604774596  275.877261172454
     0.175801023447   24.185176202731   14.634630855624  276.143197387959
     0.176806669254   24.104670737879   14.656912147706  277.201564838022
     0.177793553144   23.949323291211   14.651528678929  276.606241223564
     0.178807309535   23.803278957953   14.638630812250  276.092552924510
     0.179816323569   23.742735847308   14.653298009493  277.681499437121
     0.180827331384   23.582867910031   14.651376186743  276.928374808907
     0.181617509131   23.494362714222   14.645248049057  277.144258877415
     0.182622299819   23.364431287049   14.660808934027  277.352111055286
     0.183624037175   23.261994913586   14.647814985068  277.860810414544
     0.184635886740   23.171071420308   14.651007126847  277.842457924522
     0.185642465608   23.058603984634   14.666384627807  278.872150439892
     0.186634624273   22.952855579403   14.671337281055  279.101894668880
     0.187582234952   22.827286018369   14.665750615878  278.693060567735
     0.188590465929   22.679741253941   14.662518664928  278.441425715820
     0.189601156085   22.597878186589   14.665668638836  279.441948025244
     0.190613049664   22.482084869582   14.661446238621  278.737472327995
     0.191615603984   22.425431562447   14.665698850827  280.281265581962
     0.192622115880   22.358010911339   14.705008099503  281.834250909223
     0.193630019414   22.164708555097   14.676805883660  280.135778934263
     0.194633015786   22.038760364573   14.659247873462  279.016112860413
     0.195633193014   21.966423717587   14.657447613966  280.183340193081
     0.196647806244   21.860487086412   14.670917624700  279.968230306368
     0.197659600503   21.787448857977   14.653067392311  280.538467559110
     0.198662777456   21.722519561195   14.694088077533  281.640420353640
     0.199666067597   21.585502999112   14.676940590825  280.295487523534
     0.200669047686   21.449038111716   14.668989833511  279.992235015204
     0.201680565452   21.414800962793   14.663169973750  281.472557611305
     0.202689806559   21.342722855483   14.703459248121  282.369749199962
     0.203692431413   21.199915509089   14.681103956407  281.008515838369
     0.204695056268   21.223820490267   14.710241221918  283.961718964998
     0.205088399965   21.188105001114   14.717487108663  284.173490578914
     0.206090095646   21.030988019928   14.708453997969  282.749618124347
     0.206142568038   21.022620184949   14.711313480851  282.701485451326
     0.207144151967   20.882846990800   14.653159380720  280.658785031036
     0.207937389509   20.897385264698   14.685050081999  282.955008428151
     0.208929278016   20.776913318100   14.717500538145  282.814903158230
     0.209432865570   20.765765039884   14.654559626130  282.215372317835
     0.210200197043   20.679740523356   14.723649692928  283.158079254873
     0.211203764006   20.678802674699   14.763891031496  284.397124984476
     0.212214202165   20.533646672615   14.671014425184  281.777486507079
     0.213224640324   20.492364455416   14.696784593881  283.640082276724
     0.214033877789   20.484300977290   14.713496613254  284.308025169770
     0.214269255687   20.456552177952   14.711363252948  284.221556283360
     0.214635259651   20.388455143240   14.701435752330  283.846297195544
     0.215651760084   20.314591896112   14.755692553505  284.668119064093
     0.216663554343   20.162775570192   14.670210880431  283.095936333873
     0.217665332196   20.135681009130   14.686734879044  283.253605643703
     0.218291072072   20.054525333913   14.676977071902  282.406959106320
     0.219293768061   19.967301782910   14.681962100092  281.498437730959
     0.220298221810   19.872139275843   14.643483650907  280.245221284668
     0.221299350960   19.753788967755   14.637591426967  279.435583257096
     0.222302722640   19.778287214221   14.668368328355  281.890286976753
     0.223039825936   19.784209656868   14.705330117461  284.033432323787
     0.223763564354   19.757223290278   14.717686501162  284.473976107856
     0.224703070726   19.656633133943   14.699162333579  283.748536646268
     0.225625657254   19.574747512814   14.675523328771  282.834090196141
     0.226344625681   19.517606857142   14.680950293995  282.447469652706
     0.227349122935   19.428409661387   14.668637448033  281.540867646092
     0.228352494615   19.349550491793   14.653198515001  280.622546411588
     0.228881133735   19.334237200788   14.662864157749  281.556143523235
     0.229450300498   19.389712826085   14.704225639118  284.337319529342
     0.230357364156   19.361893599501   14.726673868130  285.715466636658
     0.231361691522   19.316611742498   14.737579918108  286.236969334066
     0.232124114710   19.248756288562   14.733083279582  286.053288140186
     0.232964563187   19.201929504490   14.734623181019  286.046574338372
     0.233837986348   19.141357562406   14.733340977269  285.885444105170
     0.234408955335   19.100393481206   14.729136821730  285.721848614573
     0.235409967569   19.019321979713   14.725254748193  285.261043256289
     0.236415361138   18.930844257002   14.698698154155  284.125102270220
     0.237205248897   18.879501648269   14.688425950410  283.327756829859
     0.238208729959   18.801980316326   14.685298962413  282.545569915941
     0.239217637482   18.779910290725   14.687822807772  283.590259770183
     0.239744449227   18.829672529146   14.728938212982  286.086682400612
     0.240658785265   18.794253507972   14.740165973817  286.736974193127
     0.241258675536   18.751829168371   14.739619836573  286.387017989578
     0.242265753805   18.712338314700   14.737442321932  286.423439708199
     0.243078586938   18.672571411809   14.735509071005  286.688383347472
     0.243978243511   18.620954085684   14.756464224752  287.257777141348
     0.244765277599   18.549666562693   14.734242150362  286.325097651380
     0.245716059571   18.469884450084   14.711536697317  284.431235132940
     0.246688672808   18.493414344031   14.737866279506  286.599277297893
     0.247661286045   18.527799032650   14.791196021741  289.767385807079
     0.248633899281   18.490111225088   14.796938344781  290.139136255996
     0.249606512518   18.450721656369   14.797148087907  290.008846766572
     0.250579125755   18.378157921283   14.780952902654  288.741629113882
     0.251551738992   18.324805523664   14.770988804820  288.041148078861
     0.252524352228   18.255690324551   14.758492990835  287.315600323439
     0.253491529008   18.200529138570   14.755263336210  287.130655302337
     0.254443002153   18.153619926014   14.753735846977  286.735803945484
     0.255449833735   18.174766301620   14.777205143808  288.972309664482
     0.256456665317   18.205027678769   14.830718455743  292.206521792219
     0.257463496899   18.162253458319   14.841137155898  292.777004637004
     0.258470328481   18.108974010656   14.843869606381  292.874915600345
     0.259338541588   18.067067527185   14.840221398758  292.639385732159
     0.260265051682   18.033241820284   14.837159399813  292.522433271344
     0.261191561777   17.992302783527   14.842008942043  292.649086684242
     0.262118071871   17.938939040106   14.837555304408  292.549489917815
     0.263044581966   17.886929524958   14.829072736680  292.101064234632
     0.263971092060   17.851429919995   14.822945700017  291.427582077199
     0.264781295396   17.809767534936   14.814788646737  290.684985801650
     0.265595576926   17.740770063184   14.797010772483  289.389593476016
     0.266436333195   17.720926963448   14.802462418650  289.749471090823
     0.267277089465   17.806370519067   14.862053484667  293.795579082277
     0.268117845734   17.784478156723   14.870542975744  294.150936551059
     0.268260774300   17.774321373185   14.869075807467  294.071589076640
     0.269101530570   17.733013682028   14.869781037034  294.222325051186
     0.269942286839   17.663819455483   14.854395976374  292.701501221016
     0.270783043109   17.607939277834   14.828812155019  290.726849100864
     0.271623799378   17.587161883698   14.830624749231  290.967384913189
     0.272288686936   17.529143751848   14.824256224066  290.818961041213
     0.273129443206   17.487490504117   14.825912436815  290.629960844757
     0.273970199475   17.550992773754   14.856999007718  293.787774634391
     0.274810955745   17.563792040940   14.892399054068  295.462023010245
     0.275651712015   17.545702671634   14.901498371103  296.247116428506
     0.276492468284   17.531001658179   14.920225376694  297.241039333721
     0.277333224554   17.475950563222   14.902741277777  296.112694785226
     0.278173980823   17.438584481629   14.891175690963  295.175534103017
     0.279014737093   17.378642153889   14.878948771175  294.443795323396
     0.279736373570   17.328825541036   14.867145370236  293.328805839752
     0.280514851597   17.309257172777   14.866315806885  292.736375545825
     0.281293329624   17.387374581349   14.919141447461  297.071442469988
     0.282071807652   17.403595019203   14.955409791203  299.141284978951
     0.282850285679   17.374919839294   14.954149248456  299.111859052922
     0.283628763706   17.340621793417   14.954816208126  299.235960811931
     0.284407241734   17.307449576275   14.952549115003  299.083491146204
     0.285185719761   17.281887377340   14.949361671363  298.700223496225
     0.285964197788   17.240673562356   14.943853597694  298.550386119480
     0.286742675816   17.210802623994   14.944178178180  298.463282518369
     0.287520669184   17.164413960523   14.929879625305  296.966885331390
     0.288437703198   17.097457872600   14.905974398670  295.180282489190
     0.289354145238   17.211983403063   14.977721856499  300.678301574092
     0.290269946425   17.194978005860   14.991152640296  301.583147056663
     0.291185111132   17.164002917509   14.984938809985  301.308543778310
     0.292099652618   17.121382781203   14.978125182552  300.919942416947
     0.293013625041   17.103396493916   14.991194691156  301.657908332995
     0.293926993871   17.070895261109   15.006169938413  302.342361552528
     0.294839712663   17.018708913153   15.001050344244  301.812633609368
     0.295751854013   16.984776328225   14.982744654641  301.034729878927
     0.295943325432   16.991685233535   14.986837705089  301.279783925576
     0.296854757387   16.964061392626   14.988976066522  301.538268608756
     0.297765592434   16.942256487345   14.999345994936  301.993954316130
     0.298675810666   16.896549377401   14.978917377497  300.997453261560
     0.299389206743   16.860506693369   14.970916871311  299.846833301581
     0.300167684771   16.790473905051   14.952178349268  297.591272388363
     0.300946162798   16.877350009312   14.999026981326  301.748565076086
     0.301724640825   16.880236722093   15.019553564901  302.956433917804
     0.302503118853   16.870836105632   15.030025748235  303.642336468010
     0.303281596880   16.844917304919   15.036875155091  304.029489021763
     0.304060074907   16.800376514909   15.022388193271  303.104497001370
     0.304751752875   16.748172177469   15.004497628155  301.224922737604
     0.305502127845   16.686103221843   14.979381222427  299.225443867293
     0.306258808488   16.660235671298   14.981346947487  299.538611020739
     0.307015489131   16.764337314267   15.040155659743  304.361953004697
     0.307772169773   16.761495964393   15.049777384205  304.298322876197
     0.308528850416   16.713262650699   15.037649207522  303.780994414530
     0.309285531058   16.677960594796   15.036743760806  303.410151140524
     0.309930164518   16.634254921046   15.020133278322  301.735360554768
     0.310630794742   16.598574857804   15.011075257331  300.761485264822
     0.311331424967   16.662930295772   15.051133768762  304.348464394075
     0.311997577505   16.705544430063   15.101813376214  307.705881049026
     0.312698207729   16.715943085999   15.127339047343  309.017302577274
     0.313330220762   16.654138719817   15.110957025000  307.199027960753
     0.314014632695   16.549042319134   15.040044206521  303.509530204755
     0.314715262919   16.485487222137   15.033735470767  302.062148067222
     0.315415893144   16.581503128020   15.066942992652  305.732217940981
     0.316116523368   16.596916555694   15.096909712508  307.556804102805
     0.316817153593   16.585755383989   15.111851807649  308.397188188343
     0.317517783818   16.569832392740   15.112228093010  308.393165826349
     0.318218414042   16.565448644768   15.119309775202  308.679516797781
     0.318919044267   16.541099733109   15.117047834153  308.548369232348
     0.319619674492   16.520465344241   15.121470009327  308.840818588133
     0.319696743816   16.518931014720   15.122010388216  308.860422050434
     0.320397374041   16.478659229094   15.107913547170  308.170400467356
     0.321098004265   16.470423655213   15.110853710052  308.262974010458
     0.321798634490   16.434516284816   15.099180565640  307.250204579266
     0.322499264715   16.387531570845   15.084923419558  305.646035202113
     0.323199894939   16.350507214972   15.058948491397  303.771227011291
     0.323737533730   16.345105578267   15.063497162825  303.916663198757
     0.324438163954   16.293196367123   15.057470836169  303.283067134618
     0.325138794179   16.305268265686   15.076525254393  304.372885158043
     0.325839424404   16.390181538899   15.120783933319  309.006249839206
     0.326540054628   16.390830611755   15.146261046292  310.306555426028
     0.327240684853   16.360734233767   15.144971255376  310.335730757385
     0.327941315077   16.351385915472   15.150104230119  310.565912932427
     0.328641945302   16.333895312156   15.147066873424  310.391653781662
     0.329342575527   16.319533271517   15.155120075768  310.848959617768
     0.330043205751   16.289574189189   15.146783479951  310.371536382112
     0.330743835976   16.280123553099   15.147656569220  310.281707510202
     0.331343293490   16.241102249821   15.134916814558  309.117530041006
     0.332043923715   16.178999188648   15.105980874281  306.543366902690
     0.332744553939   16.184292416168   15.108963617656  306.828227422922
     0.333445184164   16.250648386115   15.153600373340  310.525064493259
     0.334087652589   16.212935240853   15.148913747531  308.887962427807
     0.334775600109   16.170215699227   15.123444886960  307.042250841501
     0.335476230334   16.128839915443   15.122563507057  306.899781707444
     0.336176860559   16.231763627381   15.172546761543  311.825779526597
     0.336877490783   16.265911159608   15.207673950963  313.833327590800
     0.337578121008   16.255620159376   15.229484779530  315.178221635139
     0.338278751232   16.248429566951   15.246072505865  316.066929868452
     0.338979381457   16.233395856534   15.243171468630  315.863239653632
     0.339680011682   16.217851666187   15.242639725074  315.851099815887
     0.340380641906   16.213022878975   15.259628014772  316.457418169693
     0.341081272131   16.154659508491   15.237640605880  314.967100135427
     0.341781902355   16.124878179423   15.214252302900  314.067832312896
     0.341929034703   16.124842820312   15.212832817204  314.141679178057
     0.342353467106   16.129876086707   15.221274025068  314.660601551972
     0.342967115528   16.103708575928   15.213529892401  313.772629178380
     0.343592741071   16.084445799765   15.247506696869  314.043662670968
     0.344241472760   16.035244621623   15.214096958849  312.716789700338
     0.344890204450   15.980619978711   15.173051630110  310.316750913957
     0.345538936139   15.969903254172   15.162460126399  309.061398612533
     0.346187667829   15.987376674424   15.175078489528  309.666258478213
     0.346836399518   16.060484155896   15.235133454909  313.722263131809
     0.347485131208   16.056618686794   15.250667247900  314.871045632956
     0.348133862897   16.037356710279   15.252226578518  314.968070372228
     0.348782594586   16.023590953359   15.252093779048  314.906626659858
     0.349431326276   15.985079935445   15.248816596839  314.763200655136
     0.350080057965   15.953419967622   15.241543896270  314.177208947031
     0.350728789655   15.935804353885   15.236741801154  313.935143091340
     0.351377521344   15.926260585460   15.236381996781  314.031563057560
     0.352026253034   15.928479828141   15.241523690930  314.492335920544
     0.352674984723   15.937825411164   15.261669861714  315.551419550318
     0.353323716413   15.885780836691   15.246218618412  314.684581736789
     0.353972448102   15.869796453305   15.239203848013  314.229589679557
     0.354621179792   15.860989740623   15.232955889999  313.682187504508
     0.355248287091   15.862066730583   15.238784001291  314.075070077011
     0.355848964582   15.842584744953   15.244908463256  314.690462893813
     0.356449642072   15.815254542627   15.235513549966  313.964253549514
     0.357050319562   15.809030245162   15.226785140867  313.334570493325
     0.357650997052   15.791866545730   15.221031626957  312.711706887472
     0.358251674543   15.794321337790   15.226798308214  313.093793869463
     0.358852352033   15.768690384797   15.229517879871  313.460984858490
     0.359453029523   15.728528840706   15.211819038627  311.947389775653
     0.360053707013   15.717949243265   15.198963531691  310.523068875029
     0.360654384503   15.697759173077   15.194048174288  310.193930419540
     0.361255061994   15.678710514420   15.191348948155  310.216517728102
     0.361855739484   15.656856280963   15.190634932991  309.917636612703
     0.362456416974   15.666592531497   15.202806365135  310.751264444082
     0.363057094464   15.737422494767   15.264498615796  315.193485266606
     0.363657771955   15.755860047301   15.291071156805  316.914322809173
     0.364162341046   15.749342103842   15.296741540233  317.375334746942
     0.364763018537   15.732704883484   15.295608592456  317.299778729334
     0.365363696027   15.736520100855   15.298144866130  317.471126080441
     0.365964373517   15.742676905540   15.308177156929  318.177882793451
     0.366565051007   15.734337568820   15.316845434009  318.518055740411
     0.367125483106   15.708222452689   15.309250494332  318.009215710494
     0.367666092847   15.693504339969   15.301264680935  317.632153090951
     0.368206702588   15.687628370634   15.295024030912  317.091434724689
     0.368747312329   15.687524720065   15.290892479236  316.704696630692
     0.369287922071   15.702487223739   15.303598881927  317.485224097482
     0.369828531812   15.715900268004   15.325339192844  318.986214950308
     0.370369141553   15.685271759695   15.327631998091  319.324315072933
     0.370909751294   15.650780034300   15.306926040737  317.878521082115
     0.371450361035   15.615260966658   15.279677436098  315.312299837628
     0.371990970777   15.627906410570   15.274839315151  314.604077294641
     0.372531580518   15.634643632671   15.289700765719  316.114266317148
     0.373072190259   15.623885230494   15.309107068519  317.776752284209
     0.373612800000   15.585025395411   15.292268853353  316.179936910262
     0.374153409741   15.570922493072   15.279628533513  314.775805054684
     0.374694019483   15.638434587336   15.324489413055  317.591809116165
     0.375234629224   15.577562876777   15.294118656543  316.331847202933
     0.375775238965   15.550054314421   15.296406498709  316.832642920815
     0.376268995862   15.505601244829   15.278612508623  315.132657049666
     0.376755544629   15.546937977805   15.294513535664  315.890240309025
     0.377351609918   15.625972721092   15.361085645813  320.100717160312
     0.378081528733   15.536277930467   15.317617597612  318.047874970676
     0.378766213085   15.480025032219   15.288910516729  317.020120819631
     0.379366890575   15.468939436424   15.274193793058  314.709499092693
     0.379967568065   15.523085984764   15.312589255093  317.178392117851
     0.380568245555   15.506125606921   15.315569440300  317.908221263193
     0.381168923046   15.474693733583   15.323444894359  318.926444246778
     0.381769600536   15.414545444949   15.291106262005  316.399975336455
     0.382370278026   15.419235157242   15.283229138813  315.183988184970
     0.382970955516   15.517311621455   15.353251148898  320.096215473427
     0.383571633007   15.536166456881   15.384349851585  321.728778081240
     0.384172310497   15.436848042242   15.317448401018  317.337447937299
     0.384730940563   15.377662482218   15.282744431369  315.351168054914
     0.385331618053   15.345502115893   15.276631129166  314.565564445958
     0.385932295543   15.339584148981   15.279733908268  314.757380441923
     0.386532973034   15.408486306907   15.336795903989  318.865813972121
     0.387133650524   15.440035844821   15.363621047983  320.847885828645
     0.387734328014   15.460388882589   15.382482245927  322.163856953917
     0.388335005504   15.465389167760   15.394807706181  322.951106352714
     0.388935682994   15.449008533287   15.393833323105  322.937134207188
     0.389536360485   15.424539496131   15.381097462809  322.098562714901
     0.390137037975   15.417627445504   15.370043636057  321.141599300140
     0.390737715465   15.432192596624   15.382552121987  322.237731572170
     0.391338392955   15.441201235245   15.404111884264  323.603228619527
     0.391939070446   15.428988792754   15.401362294980  323.381830271788
     0.392539747936   15.401226555622   15.386944406935  322.407865212037
     0.393140425426   15.397489819220   15.381432298829  321.716347129163
     0.393741102916   15.391912428367   15.382039140668  321.822766389404
     0.394341780407   15.390465860307   15.398316986174  323.020692425209
     0.394942457897   15.351565863382   15.381250076058  321.712341222114
     0.395543135387   15.308153320560   15.351284983516  318.898361930070
     0.396143812877   15.353443869733   15.376754886957  320.522460252473
     0.396740849221   15.396541028407   15.415015532138  322.790590700440
     0.397325403786   15.324572545899   15.367916721426  320.250421109408
     0.397904943157   15.248839096276   15.343999090699  318.522007286609
     0.398479441666   15.334305907328   15.386611823580  321.368192984219
     0.399073097369   15.395948272569   15.442626484689  325.245788264570
     0.399676157788   15.390081007075   15.456280506720  325.955632183938
     0.400279029408   15.374184483427   15.447051379181  325.283828867944
     0.400881718630   15.379572234159   15.452887653341  325.578710961658
     0.401484174681   15.375813257873   15.459601803228  325.903175552342
     0.402086450262   15.341745361421   15.449497056198  324.912932056939
     0.402688534035   15.224915252784   15.370168096545  319.793514874744
     0.403260865328   15.288433887513   15.404090167489  322.676992851356
     0.403747414095   15.371710416285   15.458451217957  326.150291137998
     0.404233962862   15.396917396383   15.492765459874  328.234178398405
     0.404815403311   15.347157718304   15.486553247465  326.926783559425
     0.405431041403   15.174539753663   15.375884914970  319.944430796523
     0.405757329592   15.176363555272   15.372019823546  319.865401242502
     0.406372967685   15.292244861771   15.430281538944  324.470205471093
     0.406988605778   15.331248369564   15.476829352676  327.523427499021
     0.407604243870   15.319112345700   15.491307575143  328.083129552541
     0.408187979985   15.288750934576   15.467168120050  326.582644521635
     0.408674528752   15.287237422754   15.465549887796  326.764849112007
     0.409161077519   15.336139732023   15.501055980190  328.730114135351
     0.409647626286   15.318804496977   15.514770177949  328.832427473351
     0.410134175053   15.227701097881   15.463644055492  325.946124298135
     0.410591403242   15.146883537877   15.435097706719  324.732806575518
     0.411182715759   15.081229471109   15.386615664155  320.842582990955
     0.411620609649   15.099758923141   15.384205212842  320.546875900912
     0.412247049516   15.221471091661   15.464345068050  326.388285065873
     0.412885589485   15.226303327796   15.492080876925  327.119264902557
     0.413366702422   15.147742643189   15.460313916666  326.497051719149
     0.413892175090   15.067852870618   15.427878443743  324.581408169376
     0.414417647758   15.011594859115   15.389023318035  321.760898046488
     0.414840644752   14.981613426154   15.362982837313  319.410729618090
     0.415285542366   14.992644880509   15.363178193717  319.319521483169
     0.415730298692   15.077006235675   15.422331751916  323.146875479525
     0.416174980414   15.081964293091   15.438482124386  323.590403830324
     0.416819071110   14.993093178527   15.378833950132  320.290747776777
     0.417269579228   14.955470317833   15.367180697660  319.449393419944
     0.417720087345   14.942636021338   15.354473325698  318.942554130623
     0.418170595463   15.009750511347   15.386296958739  322.036787782837
     0.418613287857   15.053325669157   15.439450296860  324.459590957718
     0.419057325950   15.046674596106   15.439300384801  324.313326528377
     0.419504782342   15.066219217825   15.444747860559  324.464913786754
     0.419952176500   15.064205920657   15.449914818948  324.863983350429
     0.420388675764   15.069928199665   15.460931540175  325.703467504349
     0.420825136314   15.041271438062   15.453764284801  325.201232189898
     0.421268616295   15.027417746273   15.441099937672  323.991201205363
     0.421715608293   15.036921814167   15.444218454733  324.087602944506
     0.422162463300   15.065136955140   15.471054644445  326.343589629946
     0.422594945161   15.048515736802   15.490804261771  328.104709853144
     0.423041586738   15.031350093287   15.487237119521  327.914302538614
     0.423481596775   14.977195908453   15.450818430306  325.149211107398
     0.423881121666   14.980799125559   15.442232324272  323.942753595279
     0.424271549319   15.072522920786   15.492335375100  327.359539054470
     0.424550841515   15.128235681659   15.536267578275  330.211507909007
     0.424934760769   15.150856997499   15.564660794933  331.697237722709
     0.425444320584   15.078571813833   15.517861920755  328.943439935608
     0.426038955268   15.000902421817   15.489614229987  327.650867583950
     0.426633390041   14.966461442500   15.454127420839  324.876811993314
     0.427227681448   14.979875406279   15.455303603045  325.119463683126
     0.427821761991   15.061718865161   15.524931515688  329.741571671478
     0.428391562322   15.095159999365   15.547038898495  331.002018009752
     0.428925139790   15.096884688602   15.552005550429  331.561219311358
     0.429458717258   15.121917367640   15.566496208913  332.494559787082
     0.429992294726   15.135946380113   15.585127495527  333.675050913710
     0.430525872194   15.117851044864   15.595293294747  334.022264711108
     0.431059449662   15.079681357222   15.574423828328  332.288459675335
     0.431593027130   14.992327899652   15.500638584555  327.478210227035
     0.432126604598   14.908338001059   15.460371161821  324.786953693028
     0.432660182066   14.941099244750   15.478984933949  325.912493192075
     0.433193759534   15.035695835269   15.539998523608  330.488295166751
     0.433727337002   15.085455381217   15.596005880356  334.013869201013
     0.434260914470   15.040539272766   15.580234833226  332.956874984256
     0.434794491938   15.026219243632   15.572859311969  332.120759634472
     0.435282381263   15.013988649873   15.562443075789  331.648880020672
     0.435732889381   15.021967523163   15.573542169730  332.497136502948
     0.436183397498   15.023679600048   15.570763166004  332.539086852482
     0.436633905616   15.025396817784   15.572270715943  332.518701238176
     0.437084413734   15.049076988870   15.584934013452  333.028917242598
     0.437534921852   15.052811882540   15.589638285263  333.254489534512
     0.437985429969   15.061803089465   15.602159795250  334.322773255008
     0.438435938087   15.051175227471   15.609124708417  334.898370273061
     0.438886446205   15.048033498089   15.608037581821  334.736750748372
     0.439336954322   15.026418002342   15.596900863722  333.719247539845
     0.439787462440   14.993322842993   15.575521869253  331.732553614966
     0.440232171281   14.994855015217   15.567560440489  330.709401956178
     0.440674767670   15.006568488397   15.570902876249  331.143724576198
     0.441117280225   15.002848163274   15.585213163592  332.762882477655
     0.441559696170   14.995153505074   15.597813971238  333.740067215034
     0.442001999328   14.987944655443   15.589981777325  332.803075257688
     0.442383398849   14.997011301684   15.592436125867  333.079708035303
     0.442880209635   14.992347741820   15.616032099355  335.302994896572
     0.443290132396   14.998648127664   15.647056107703  337.134231042830
     0.443797561727   14.968781668836   15.627748014164  335.135027682217
     0.444311642823   14.863412829841   15.575250888033  332.707669432602
     0.444724327463   14.745401267606   15.520496868899  328.558080929933
     0.445131722352   14.650484241248   15.435416576657  323.572712558324
     0.445557355213   14.589068438598   15.399369443189  321.199008614599
     0.445982988075   14.645828493970   15.436294661969  323.339396758655
     0.446408620936   14.666494868860   15.453726020668  324.435034901769
     0.446819323887   14.687568776323   15.462049918947  324.557694817186
     0.447224781193   14.760844737824   15.505500815676  327.442194559328
     0.447630238499   14.814870314386   15.549006307380  330.719597297620
     0.448035695804   14.838807912553   15.572610182947  332.257064211598
     0.448441153110   14.847004030081   15.574549044370  332.146997961205
     0.448846610416   14.845017572139   15.573943613799  331.838303238546
     0.449252067722   14.856053417241   15.584507274191  332.754227882172
     0.449650826432   14.842877555358   15.594807887622  333.835643801153
     0.450023628369   14.829834328765   15.596387901129  334.098075158974
     0.450415159427   14.808048573843   15.582703279259  332.860321116697
     0.450806617384   14.778345702315   15.558444729965  330.473386043095
     0.451219517553   14.799192635183   15.555738572259  329.908874840440
     0.451806440282   14.800408982351   15.569221389427  331.639350572392
     0.452393188198   14.825024994692   15.619415955602  335.452869231026
     0.452979781680   14.807971932472   15.608449912697  335.221649741207
     0.453459778541   14.768635454589   15.593387662277  333.750916771580
     0.453847521863   14.732990693623   15.572754393264  332.200109227424
     0.454338280567   14.712591800559   15.552660649069  331.216562266170
     0.454925060386   14.724028785065   15.559646257673  331.368724715347
     0.455328964003   14.725365565860   15.562436619444  330.715282001168
     0.455904950583   14.776449535325   15.565834514362  331.556424491928
     0.456433393761   14.883060272426   15.647594257956  336.957604801277
     0.456959451530   14.899192583434   15.684798348518  339.055376830800
     0.457485509298   14.876819204156   15.674079767855  338.284006907074
     0.457543375653   14.867947746691   15.669010103224  337.846067750241
     0.458069433422   14.765604077940   15.593571856118  333.369823231830
     0.458595491190   14.728528623572   15.587852024292  333.284256623586
     0.459121548959   14.695606309847   15.567792959147  331.391280665110
     0.459647606727   14.687279357191   15.557423788791  330.261303811209
     0.460173664496   14.681990068777   15.554097912599  330.206265387893
     0.460699722265   14.667791006624   15.555719272568  329.989637240854
     0.461203128774   14.670796848936   15.560353930048  330.055024532067
     0.461676509195   14.704972541979   15.589262359116  332.468356395445
     0.462149889617   14.758515326904   15.636690477885  336.085853998022
     0.462623270039   14.777450586129   15.648879336179  336.960342796034
     0.463096650460   14.803497263333   15.660306149131  337.743054235895
     0.463570030882   14.787923946482   15.657675631963  337.248765593533
     0.464043411303   14.774546400844   15.641485336045  335.404192183290
     0.464516791725   14.784811883589   15.639473138888  335.121111460906
     0.464990172146   14.807430260973   15.662027570864  337.497193658976
     0.465463552568   14.810156598998   15.695481521517  340.220446001700
     0.465936932989   14.812301905785   15.704353390143  340.743495178961
     0.466394493592   14.814107911810   15.707828645826  340.968469030373
     0.466732374680   14.809227340477   15.716383332765  341.437505792530
     0.467070255769   14.788323070358   15.709356647419  340.871837239100
     0.467448686782   14.778421914148   15.696939226979  340.054625189596
     0.467955525892   14.770215059439   15.688198274905  338.980776561152
     0.468435237771   14.757452369695   15.677133173392  337.458393507657
     0.468890893424   14.745435876514   15.657946665427  335.863514924999
     0.469346549078   14.815359559408   15.696268371274  338.870733255302
     0.469802204732   14.863563989106   15.741307866421  341.293847209036
     0.470235431310   14.800091853139   15.701084601322  339.486030114619
     0.470671612513   14.787789486694   15.728569983307  341.812135137558
     0.471107712809   14.742821171843   15.719794944066  341.105442616373
     0.471540787378   14.708632396963   15.695838150491  339.469283314356
     0.471686076246   14.699975622757   15.690303054762  339.142334390718
     0.471990000285   14.729513627701   15.687264183652  339.031384824244
     0.472294093264   14.737296924232   15.692998655125  339.521924324621
     0.472639283126   14.735046616256   15.695221627313  339.816068819426
     0.473076646921   14.740664301213   15.698645620784  339.599124864460
     0.473512233100   14.810530223888   15.733601656614  340.595029286810
     0.473947712205   14.771996575141   15.694255253822  338.175296574132
     0.474383085413   14.759729268596   15.668110201058  336.098200558024
     0.474818377131   14.817622500827   15.708650656150  338.651791564781
     0.475253553133   14.858790169035   15.747792667788  341.545658620694
     0.475688689415   14.871240957149   15.773631255567  343.173051193380
     0.476116835684   14.828362820078   15.756755722954  341.999525236063
     0.476539779491   14.745673900852   15.701466597456  339.161577112194
     0.476962723297   14.706277374620   15.693921032285  339.201535673086
     0.477382296070   14.674536845149   15.687821157267  339.049215841981
     0.477820189960   14.668762823718   15.681239089690  338.371498767491
     0.478250767100   14.676747039523   15.682441880580  338.369205839543
     0.478678306321   14.705481824505   15.721686082013  340.858492066183
     0.479062985814   14.646958044979   15.704719106305  339.570097189663
     0.479508892912   14.558487732795   15.630128273583  335.360832901261
     0.480060807159   14.492074677168   15.603724893079  333.775105404739
     0.480525022125   14.440342112605   15.571233197834  330.824268990714
     0.480883467102   14.445529487112   15.562988415476  330.134288358830
     0.481266162056   14.492636886597   15.582071335318  332.293874157387
     0.481651844905   14.553608578326   15.633269529938  335.572770265790
     0.482028234123   14.577582586833   15.657394619703  336.704898181914
     0.482401458571   14.579084709927   15.654934190118  336.154744563160
     0.482783883013   14.586961611558   15.653393905312  335.890847310175
     0.483169306597   14.571101353399   15.647616494761  335.353784540941
     0.483554689043   14.553453648409   15.642116320085  335.150315197793
     0.483936889258   14.521499638981   15.632518177122  334.365135256909
     0.484306723515   14.512884827397   15.625921571367  333.505592931448
     0.484679555982   14.538180731175   15.640359025554  334.388277071250
     0.485058494756   14.601137026434   15.687990390461  337.785970680384
     0.485437339543   14.634676803162   15.724576759189  340.336051101339
     0.485822299245   14.632791074604   15.736042279064  341.140079849659
     0.486207189547   14.607216534772   15.727765138245  340.628928371940
     0.486592003627   14.600988271049   15.720083718665  339.896065288588
     0.486942907347   14.555554128269   15.682076100880  337.354086552352
     0.487287774696   14.507114500402   15.644328194283  335.265146354474
     0.487637677540   14.476163075319   15.635386732862  335.039328350290
     0.488010954997   14.463029008588   15.632844709612  334.538865688713
     0.488390086200   14.453742809561   15.628271386940  333.737704669849
     0.488764217810   14.493606915848   15.653019056888  335.453454783100
     0.489134290667   14.538839740980   15.680594421282  337.740560444581
     0.489500512514   14.588446766449   15.704210924558  339.244523542408
     0.489862708402   14.605177748724   15.712499559349  339.129586202141
     0.490246873369   14.613260080266   15.713822867730  338.550121999680
     0.490624854672   14.631979778679   15.721138541202  339.010571053085
     0.490996607959   14.647585644049   15.739927832307  340.902073734248
     0.491380588472   14.659674880094   15.785437615280  344.545704836290
     0.491761438916   14.602326510158   15.783037828355  344.445857425292
     0.492132562879   14.535820663767   15.738648993608  341.216097855029
     0.492516358599   14.489243583579   15.700357043062  338.611201273293
     0.492900083206   14.492961161573   15.694085931999  338.223768550348
     0.493283740049   14.505851287023   15.697733987864  338.751311601440
     0.493667328390   14.549586538752   15.720970839997  340.433679612341
     0.494050861371   14.576640344005   15.732246462326  341.040091314417
     0.494434318220   14.613044939421   15.746525444007  341.689798629042
     0.494817719174   14.627356813045   15.761523332678  342.753934342291
     0.495201039255   14.626432377175   15.775960047063  343.942689425344
     0.495584312680   14.602741851219   15.774927838458  344.066781825470
     0.495967513929   14.598997442753   15.771982100342  343.772252255156
     0.496347572574   14.590896864063   15.765062354918  343.258410339453
     0.496730624966   14.592333560026   15.768054686698  343.462661851326
     0.497109894165   14.559318876850   15.755002347765  342.564085061771
     0.497459596805   14.528577754752   15.732538713763  340.426650774799
     0.497803586452   14.536391921221   15.726377805340  339.199502246600
     0.498178366419   14.597199127408   15.759531642257  341.120094374912
     0.498552128701   14.620693492630   15.781677584990  342.817780855275
     0.498934802702   14.584376026143   15.765575441602  342.466869360412
     0.499306289968   14.549936918150   15.762758414092  342.827243439347
     0.499683734309   14.505915346089   15.737681182088  340.730516390353
     0.499970592007   14.508293055954   15.729381205190  339.592695144310
