# {0} signal over time, extracted at r = 500 km
# All quantities are measured in a resting observer's frame at infinity
# cols=4 rows=1174
#              time        luminosity               <e>             <e^2>
#               "s"           "foe/s"           "MeV^1"           "MeV^2"
    -0.284925820013  1.2756838032e-11    5.202404998183   29.642649335124
    -0.283909192570  8.6333479076e-03    3.501925271211   14.142957979273
    -0.282872354343    0.032999808979    3.617911859630   15.117206964406
    -0.281846738696    0.049258561139    3.631870322681   15.260696850615
    -0.280821123050    0.053878641334    3.620105815978   15.174676918291
    -0.279795507403    0.055405190766    3.623792601219   15.204040568579
    -0.278769891757    0.056390111883    3.633560530457   15.288751502806
    -0.277744276110    0.056634700510    3.644036057515   15.383060477935
    -0.276718660464    0.057322064145    3.650000438720   15.437798741716
    -0.275674781839    0.057931751168    3.654273571371   15.478528097785
    -0.274634781839    0.058179921229    3.660651640241   15.539011147846
    -0.273594781839    0.058555129560    3.667582488278   15.600160621467
    -0.272554781839    0.059150217223    3.674369522208   15.657085785108
    -0.271514781839    0.059903037468    3.681252797676   15.715347369355
    -0.270474781839    0.060581125098    3.688060453950   15.772703835547
    -0.269434781839    0.061239132641    3.694300350243   15.826137818973
    -0.268394781839    0.061901081275    3.700247819249   15.877788454442
    -0.267354781839    0.062608016930    3.706113554557   15.928582694800
    -0.266314781839    0.063372975158    3.711807284563   15.977842581834
    -0.265274781839    0.064148339675    3.717361640926   16.026297713867
    -0.264234781839    0.064929219453    3.722957633064   16.075267651158
    -0.263194781839    0.065731063086    3.728498685793   16.123866030855
    -0.262154781839    0.066551502994    3.734017703687   16.172214905447
    -0.261114781839    0.067384451492    3.739404568445   16.219556059943
    -0.260074781839    0.068236507078    3.744853545358   16.267605041463
    -0.259034781839    0.069114781516    3.750586195285   16.318099368604
    -0.257994781839    0.070014529631    3.756516146993   16.370323925996
    -0.256954781839    0.070929286431    3.762532450168   16.423208003778
    -0.255914781839    0.071864426668    3.768596185119   16.476595877428
    -0.254874781839    0.072821903132    3.774672197504   16.530323702566
    -0.253834781839    0.073797542846    3.780805039347   16.584634975803
    -0.252794781839    0.074793167592    3.787017249511   16.639706066097
    -0.251754781839    0.075810212352    3.793344444814   16.695792225535
    -0.250714781839    0.076848001702    3.799817706768   16.753234826471
    -0.249674781839    0.077902727354    3.806480586890   16.812517051216
    -0.248634781839    0.078968187831    3.813312454302   16.873361207395
    -0.247594781839    0.080044469862    3.820306061811   16.935684004399
    -0.246554781839    0.081129974259    3.827445846345   16.999202173610
    -0.245514781839    0.082246997671    3.834825284180   17.064730832350
    -0.244474781839    0.083443520211    3.842751814699   17.134967055330
    -0.243434781839    0.084705656671    3.851365103563   17.211102203062
    -0.242394781839    0.085992102596    3.860251091557   17.289584775386
    -0.241354781839    0.087297115147    3.869196270816   17.368511864123
    -0.240314781839    0.088642025105    3.878177232503   17.447596702354
    -0.239274781839    0.090030538201    3.886921082202   17.525203404251
    -0.238234781839    0.091456843951    3.895377948256   17.600725522790
    -0.237194781839    0.092923487811    3.903769185610   17.675704445863
    -0.236154781839    0.094425392953    3.912078607793   17.750419240381
    -0.235114781839    0.095957679983    3.920330549221   17.824968086252
    -0.234074781839    0.097521485825    3.928633638138   17.899737082300
    -0.233034781839    0.099111909453    3.936806868943   17.973434530860
    -0.232554781839    0.099854101891    3.940513352338   18.006917497329
    -0.231514781839    0.101481167180    3.948515644065   18.079326666500
    -0.230474781839    0.103132550615    3.956435992011   18.151428204311
    -0.229434781839    0.104806384888    3.964260950016   18.223168226008
    -0.228394781839    0.106503908186    3.972180808432   18.295625092214
    -0.227354781839    0.108239725037    3.980329228034   18.369863272389
    -0.226314781839    0.110019644968    3.988548191478   18.444954154344
    -0.225274781839    0.111830971733    3.996936303257   18.521545530846
    -0.224234781839    0.113656767379    4.005550003787   18.600189910984
    -0.223194781839    0.115482585616    4.014056519963   18.678601661395
    -0.222154781839    0.117312121871    4.022449765530   18.756331244067
    -0.221114781839    0.119157167601    4.030946787342   18.834813203185
    -0.220074781839    0.121022707695    4.039571567595   18.914470377117
    -0.219034781839    0.122945016900    4.048290316180   18.995522278985
    -0.217994781839    0.124939684510    4.057347686416   19.080233379748
    -0.216954781839    0.126896516523    4.066286293833   19.164783785335
    -0.215914781839    0.128835209328    4.075581232047   19.251946722929
    -0.214874781839    0.130779742463    4.085075498617   19.340034361338
    -0.213834781839    0.132765242602    4.094418891916   19.426901625876
    -0.212794781839    0.134752085096    4.103664077324   19.513313946051
    -0.211754781839    0.136746887138    4.113198633995   19.601883447003
    -0.210714781839    0.138747037109    4.122680343572   19.689933058383
    -0.209674781839    0.140741583384    4.131746063187   19.774793197551
    -0.208634781839    0.142736180613    4.140432663833   19.856621453892
    -0.207594781839    0.144741236019    4.148758279854   19.935391473995
    -0.206554781839    0.146758728908    4.156823736801   20.011824561092
    -0.205514781839    0.148796651780    4.164740258034   20.086909664094
    -0.204474781839    0.150853822019    4.172338735792   20.159373963545
    -0.203434781839    0.152929197876    4.179760296200   20.230436382556
    -0.202394781839    0.155012733910    4.187025983083   20.300196705932
    -0.201354781839    0.157106490535    4.194219125836   20.369189988576
    -0.200314781839    0.159216408540    4.201413425616   20.438198816603
    -0.199274781839    0.161411626130    4.209001740602   20.511060991598
    -0.198234781839    0.163721254279    4.217098283756   20.588868423407
    -0.197194781839    0.166097575859    4.225491583604   20.669470906114
    -0.196154781839    0.168507827801    4.233985520756   20.750935963274
    -0.195114781839    0.170955573840    4.242562328897   20.833068212968
    -0.194074781839    0.173441287189    4.251185267976   20.915691662129
    -0.193034781839    0.175949810244    4.259765363713   20.998016708311
    -0.191994781839    0.178479703290    4.268210021068   21.079311455859
    -0.190954781839    0.181028526744    4.276472283253   21.159146892007
    -0.189914781839    0.183591516976    4.284619407576   21.237698936273
    -0.188874781839    0.186183076160    4.292536907055   21.314158865512
    -0.187834781839    0.188803605560    4.300235326117   21.388479839178
    -0.186794781839    0.191440239684    4.307919647772   21.462469189008
    -0.185754781839    0.194095162108    4.315635862352   21.537220483320
    -0.184714781839    0.196779624593    4.323485766252   21.613633251290
    -0.184234781839    0.198022455735    4.327140422376   21.649256522465
    -0.183194781839    0.200706586890    4.334991396907   21.725732372155
    -0.182154781839    0.203378822809    4.342659287315   21.800307580853
    -0.181114781839    0.206054694600    4.350092297884   21.872759617045
    -0.180074781839    0.208749225575    4.357371154034   21.944028679294
    -0.179034781839    0.211468723547    4.364683374946   22.015551260374
    -0.177994781839    0.214202221625    4.371913855747   22.086471006757
    -0.176954781839    0.216935007762    4.378814405773   22.154711507319
    -0.175914781839    0.219673932414    4.385446481634   22.220318907204
    -0.174874781839    0.222432800665    4.392046431631   22.285423214532
    -0.173834781839    0.225202050458    4.398538687063   22.350015017675
    -0.172794781839    0.227971319085    4.405033867712   22.414981090542
    -0.171754781839    0.230736210377    4.411761046264   22.481796226946
    -0.170714781839    0.233499341428    4.418689279141   22.550104335893
    -0.169674781839    0.236279115465    4.425565040707   22.618131646798
    -0.168634781839    0.239114632952    4.432359363977   22.685453247678
    -0.167594781839    0.241993291376    4.439182867051   22.752831848687
    -0.166554781839    0.244882878716    4.445926463910   22.819641955512
    -0.165514781839    0.247772374739    4.452328909080   22.883651152355
    -0.164474781839    0.250664133142    4.458446767692   22.945130437595
    -0.163434781839    0.253559716949    4.464380185177   23.004963411358
    -0.162394781839    0.256463131780    4.470274155972   23.064531650917
    -0.161354781839    0.259369323476    4.476211141159   23.124660613195
    -0.160314781839    0.262299017754    4.482192963555   23.185041713631
    -0.159274781839    0.265302431066    4.488280029310   23.246470506231
    -0.158234781839    0.268419604031    4.494566547029   23.310389310055
    -0.157194781839    0.271392927859    4.500544931200   23.371635839360
    -0.156154781839    0.274349457376    4.506376870425   23.431092938336
    -0.155114781839    0.277724595440    4.512649332352   23.495398379200
    -0.154074781839    0.281246156771    4.519102658676   23.560927922290
    -0.153034781839    0.284971936719    4.526410180135   23.635932690842
    -0.151994781839    0.288726017681    4.534799649465   23.721598814187
    -0.150954781839    0.292601171378    4.543729532113   23.812384142160
    -0.149914781839    0.296676624945    4.552548769258   23.902063517380
    -0.148874781839    0.300861242754    4.561310587799   23.991605878387
    -0.147834781839    0.305110587649    4.569985941395   24.080906115649
    -0.146794781839    0.309466852898    4.578702219874   24.170893500602
    -0.145754781839    0.313955210081    4.587550571325   24.262463814186
    -0.144714781839    0.318550950540    4.596619881221   24.356471192393
    -0.143674781839    0.323235546632    4.605873050702   24.452717160313
    -0.142634781839    0.328034795695    4.615353921093   24.551515313788
    -0.141594781839    0.332938153641    4.624960716465   24.651637237319
    -0.140794781839    0.336775949670    4.632415584466   24.729407871992
    -0.139754781839    0.341852271803    4.642142244592   24.831361708527
    -0.138714781839    0.347060040717    4.651905254549   24.934293996982
    -0.137674781839    0.352388165856    4.661668493146   25.037778578171
    -0.136634781839    0.357810056211    4.671567342084   25.142815413864
    -0.135594781839    0.363357766250    4.681765505557   25.250720886412
    -0.134554781839    0.369090088480    4.692207161947   25.361109100997
    -0.133514781839    0.374965727703    4.702795006283   25.473231159828
    -0.132474781839    0.380949162824    4.713603565464   25.587629715587
    -0.131434781839    0.387052604370    4.724590757057   25.703803205730
    -0.130394781839    0.393291386685    4.735102724591   25.815910757546
    -0.129354781839    0.399717556054    4.745351245621   25.925689986659
    -0.128314781839    0.406318672862    4.755654307776   26.036019657232
    -0.127274781839    0.413165282478    4.766294548551   26.149928203627
    -0.126234781839    0.420180410824    4.777211806569   26.267278651235
    -0.125194781839    0.427201122767    4.788186008250   26.385133087925
    -0.124154781839    0.434337217555    4.799224694827   26.503876746293
    -0.123114781839    0.441662338024    4.810289871086   26.623275728857
    -0.122074781839    0.449229837634    4.821677459475   26.746514174200
    -0.121034781839    0.457107743581    4.833554476486   26.875680372210
    -0.119994781839    0.465292306269    4.845967790177   27.011210868445
    -0.118954781839    0.473780086406    4.858739941269   27.150731798077
    -0.117914781839    0.482586470843    4.871990948108   27.295319907740
    -0.116874781839    0.491714967882    4.885616097894   27.444197784093
    -0.115834781839    0.501189333939    4.899396749434   27.595172193283
    -0.114794781839    0.510963200032    4.912837028218   27.743526760677
    -0.113754781839    0.521104038547    4.926384362502   27.893677302569
    -0.112714781839    0.531591507964    4.940250924487   28.047758230180
    -0.111674781839    0.542387735273    4.954628277850   28.207385735307
    -0.110634781839    0.553516757410    4.969475842670   28.371936638133
    -0.109623419270    0.564564955716    4.980353188031   28.510665695216
    -0.108620472898    0.574279627772    4.843866311970   27.729995679190
    -0.107573469085    0.585692060961    4.646413725355   26.563791173860
    -0.106535713004    0.600588161273    4.673880519394   26.803479198657
    -0.105495713004    0.615135388935    4.764454239554   27.442105445275
    -0.104455713004    0.627181366465    4.872365711885   28.193226371489
    -0.103415713004    0.639299270700    5.027317308895   29.246822536372
    -0.102375713004    0.653003051312    5.064798308212   29.559384323972
    -0.101335713004    0.667204196505    5.070206380829   29.666646307129
    -0.100295713004    0.681922423992    5.078716658366   29.795035259195
    -0.099255713004    0.696978741235    5.110004049310   30.071685537672
    -0.098215713004    0.712586722971    5.143731543828   30.368046866230
    -0.097175713004    0.728879323684    5.160428674134   30.558046253520
    -0.096135713004    0.745636535461    5.173912750714   30.727781200413
    -0.095095713004    0.762923937063    5.188185963383   30.902497902197
    -0.094055713004    0.780859742040    5.204147295073   31.090427264867
    -0.093015713004    0.799544907202    5.221108204260   31.287229075764
    -0.092316089130    0.811701386596    5.159787934481   30.948641464181
    -0.091302537209    0.809499215044    3.862154987882   22.554121399546
    -0.090298141628    0.849119410118    4.102485202913   24.193539639105
    -0.089280882257    0.880780111973    4.209381748616   24.965856577684
    -0.088278588295    0.904049841451    4.119219266861   24.443542473193
    -0.087229609607    0.917192616326    4.707160089849   28.407388721173
    -0.086168970502    0.940435884644    5.020047743696   30.571427946245
    -0.085108331396    0.966648371533    5.089443527760   31.126240640090
    -0.084056881676    0.994013076071    5.095447661525   31.266936191684
    -0.083016881676    1.020609211502    5.184781473996   31.969838797041
    -0.082296881676    1.038786600250    5.294655512482   32.783619622814
    -0.081256881676    1.066621871305    5.386521590746   33.517497952516
    -0.080216881676    1.096382861749    5.404404168390   33.750301203655
    -0.079176881676    1.127781599129    5.415869728187   33.942362427048
    -0.078136881676    1.160695311078    5.436737363049   34.204184293137
    -0.077096881676    1.194977949990    5.461985865100   34.501155309687
    -0.076056881676    1.230993777997    5.488675730701   34.803770940962
    -0.075016881676    1.268560955066    5.518991349605   35.139360467670
    -0.073976881676    1.307707337742    5.551828997384   35.501880003582
    -0.072936881676    1.348407433762    5.583768977506   35.862947045912
    -0.071896881676    1.391022431434    5.611426044849   36.191058368283
    -0.070856881676    1.435543556538    5.639279910503   36.527275002213
    -0.069816881676    1.481907262134    5.668418101932   36.877910993452
    -0.068776881676    1.530400272358    5.697957227582   37.232458128236
    -0.067736881676    1.581089592638    5.727786735800   37.590847419717
    -0.067256881676    1.605162065379    5.741756754202   37.759380157516
    -0.066216881676    1.658864229559    5.772945173597   38.135585490500
    -0.065211399237    1.713162450994    5.801453706172   38.490407047860
    -0.064169692429    1.771654860634    5.797948614691   38.623871410862
    -0.063133507265    1.832753160113    5.790474011517   38.730809772068
    -0.062121460925    1.896003093902    5.818020137094   39.087352617769
    -0.061083002699    1.963387999745    5.859736722774   39.556382067917
    -0.060065794491    2.030812431710    5.910650089883   40.091308063178
    -0.058989956711    2.104692200984    5.966361177011   40.672195484339
    -0.057962575068    2.178624469476    5.996292430066   41.057986560197
    -0.056950854221    2.255178470805    6.012968954614   41.341677588093
    -0.055940519518    2.335271459077    6.028008848230   41.621662471383
    -0.054933399033    2.419349275029    6.053998141013   41.988504430490
    -0.054333720229    2.471678757122    6.075547973099   42.253626114706
    -0.053331422582    2.562995092884    6.113777086971   42.718619788006
    -0.052328899468    2.627734909651    5.192652794427   35.971336962489
    -0.051275025764    2.761142121134    5.416749606912   37.832242822172
    -0.050219201208    2.885401699237    5.506536521610   38.689791390266
    -0.049179201208    3.001995473878    5.545391914389   39.164358193223
    -0.048139201208    3.114606519924    6.010577306195   42.912278834155
    -0.047099201208    3.240134908929    6.247860923148   44.943851724224
    -0.046024637014    3.382343822253    6.309808530555   45.641946413294
    -0.045864637014    3.404332962296    6.314726983915   45.712952646388
    -0.044824637014    3.551381241665    6.361045334747   46.290770449985
    -0.043814355561    3.700864081977    6.451259395775   47.212051487773
    -0.042804234277    3.858676007081    6.502179284394   47.833113590789
    -0.041800522880    4.026222772907    6.515489760284   48.169462549444
    -0.040752451472    4.211116540208    6.530357771299   48.530962172360
    -0.039747315583    4.398683602264    6.550750686312   48.932297572764
    -0.038717176285    4.602878495596    6.592024184566   49.512274027956
    -0.037679512793    4.818878530732    6.653557881446   50.263764655585
    -0.037599512793    4.835981764412    6.658434079713   50.322836756435
    -0.036559512793    5.065723009852    6.714855133624   51.035371501444
    -0.035519512793    5.308987050435    6.766335764069   51.715653540196
    -0.034479512793    5.568973452838    6.818348914403   52.404104928667
    -0.033439512793    5.845958387794    6.865548853392   53.061651020243
    -0.032369483654    6.149438050190    6.898681503059   53.602968163857
    -0.031329483654    6.473665171425    6.940675362189   54.233831439320
    -0.031169483654    6.525515789386    6.946882587774   54.329336198489
    -0.030129483654    6.877455614056    6.992932903866   55.009002681555
    -0.029113463208    7.249697822611    7.041839319992   55.725544066024
    -0.028092010704    7.653128177482    7.072035631739   56.299842070907
    -0.027052010704    8.096812944327    7.102614485262   56.890597094674
    -0.026012010704    8.578600437250    7.145192249179   57.592929541222
    -0.025772010704    8.695873916483    7.156074594429   57.766333145950
    -0.024767111984    9.213547705934    7.206224020272   58.535260069787
    -0.023727111984    9.799402517511    7.262507057322   59.371317736762
    -0.022687111984   10.448967723116    7.326212660203   60.286798001310
    -0.021647111984   11.176167032764    7.389047096864   61.214254188221
    -0.020607111984   11.989962695125    7.447749238070   62.114291452881
    -0.019567111984   12.902087173472    7.506963194977   63.031534400796
    -0.018927111984   13.520264233804    7.543084023124   63.603812182435
    -0.017887111984   14.631922460732    7.600805596767   64.542792615925
    -0.016847111984   15.893853043177    7.658809280704   65.504329584495
    -0.015807111984   17.330789276340    7.718293993591   66.500665618547
    -0.014767111984   18.978781651335    7.775448865249   67.498449932045
    -0.013727111984   20.861889196213    7.818935419323   68.368075325624
    -0.013487111984   21.333447489894    7.828348644314   68.562010764216
    -0.012486258248   23.447664139252    7.671037804582   67.535995590831
    -0.011586258248   25.707691552495    7.771362821797   68.848508459067
    -0.010566258248   28.696469197665    7.852593929105   70.016759703031
    -0.010131258248   30.146739575179    7.874551478830   70.387986889366
  -9.0962978580e-03   34.072460631368    7.975933710303   71.709848215977
  -8.8712978580e-03   35.025232171991    8.000057538123   72.010405211764
  -7.8362978580e-03   39.991183435914    8.076381952614   73.058576575246
  -7.7462978580e-03   40.474106195336    8.079598770542   73.115483571944
  -6.8350478580e-03   45.897790959548    8.099136651158   73.548925610565
  -6.0250507802e-03   51.636282974594    8.103961133380   73.776583055007
  -5.3416132802e-03   57.245166631308    8.105577704901   73.927145384570
  -4.7341132802e-03   62.871414171719    8.106041168577   74.054648824368
  -4.2025507802e-03   68.292565208294    8.108150107558   74.210675614965
  -3.7279414052e-03   73.438172275282    8.114670544275   74.436151292651
  -3.3197773427e-03   78.022600246180    8.125857475026   74.728047516412
  -2.9495820302e-03   82.251829395701    8.142212469536   75.101357504250
  -2.6292207020e-03   85.895526552633    8.162434290014   75.530611663111
  -2.3408955067e-03   89.110896027585    8.185659174659   76.005750401972
  -2.0846064442e-03   91.889938692312    8.210280634904   76.499751384590
  -1.8470051259e-03   94.369307457178    8.236473692005   77.019229301442
  -1.6427747792e-03   96.398842740504    8.261602135371   77.513620761595
  -1.4625715321e-03   98.096984026743    8.285627932610   77.984233304948
  -1.3003886097e-03   99.543416819073    8.308565677952   78.432670631044
  -1.1592293995e-03  100.733053902699    8.329499741404   78.841540878271
  -1.0330871266e-03  101.734121674598    8.348989679148   79.221842387695
  -9.2046009717e-04  102.571921192486    8.367029149689   79.573487354771
  -8.1909577070e-04  103.276342304950    8.383763466627   79.899442094097
  -7.3124668775e-04  103.849310121314    8.398759203915   80.191363990073
  -6.5353403745e-04  104.323605255060    8.412297789467   80.454892971275
  -5.8257900892e-04  104.728694095316    8.424867052887   80.699566646669
  -5.2302746711e-04  105.047320085928    8.435562929906   80.907790646594
  -4.6981119571e-04  105.314820388657    8.445230465673   81.096008753986
  -4.6030829010e-04  105.360818667660    8.446967620339   81.129830358203
  -4.5070286502e-04  105.406650971561    8.448720722735   81.163964295943
  -4.4002381410e-04  105.456975612041    8.450673902354   81.201993681520
  -4.2316389414e-04  105.535019886718    8.453766451647   81.262206682536
  -4.0319234736e-04  105.625186319996    8.457443780142   81.333804443227
  -3.6327993460e-04  105.797773356996    8.464838905467   81.477782695972
  -3.4093756190e-04  105.889881240776    8.469005169305   81.558893616359
  -3.2813560579e-04  105.941174905292    8.471400898853   81.605533771949
  -3.1410848113e-04  105.996118419173    8.474032969454   81.656774183167
  -2.9945904368e-04  106.052078838813    8.476789652215   81.710439686745
  -2.8519893031e-04  106.105142736120    8.479480675297   81.762826305693
  -2.7158637452e-04  106.154485863106    8.482056459423   81.812969077003
  -2.6181469973e-04  106.189109524197    8.483909603652   81.849044019674
  -2.5237743535e-04  106.221910023535    8.485702616438   81.883948279111
  -2.4643068649e-04  106.242254346413    8.486834083042   81.905974304630
  -2.3760223607e-04  106.271992246347    8.488516185642   81.938719419602
  -2.3046723154e-04  106.295617703424    8.489877667529   81.965223078481
  -2.2421289990e-04  106.316024051690    8.491072511662   81.988482860561
  -2.1509284383e-04  106.345272147111    8.492817446633   82.022451165123
  -2.0547750923e-04  106.375450100691    8.494660275436   82.058325228837
  -1.9593988932e-04  106.404712658838    8.496491459177   82.093972690463
  -1.8613254958e-04  106.434099448668    8.498377752707   82.130693086861
  -1.7677065056e-04  106.461482162551    8.500181533358   82.165807326523
  -1.6747079386e-04  106.488031152185    8.501976402070   82.200748196127
  -1.5705116222e-04  106.516998596963    8.503990982368   82.239966347134
  -1.4716156084e-04  106.543727016161    8.505906604905   82.277258188369
  -1.3467774860e-04  106.576392082323    8.508329601650   82.324427322017
  -1.2474116031e-04  106.601530091017    8.510262101423   82.362047873492
  -1.1537747615e-04  106.624513657715    8.512086356042   82.397561183606
  -1.0533183631e-04  106.648404198518    8.514046847453   82.435726606267
  -9.4621867953e-05  106.672994335954    8.516140894325   82.476491851442
  -9.0324042420e-05  106.682605377081    8.516982349943   82.492872582055
  -8.1258640945e-05  106.702392844255    8.518759356640   82.527465657618
  -7.2946314581e-05  106.719954751918    8.520391257868   82.559233727466
  -6.5585285071e-05  106.735039637708    8.521838424674   82.587405357043
  -5.8524414047e-05  106.749094624375    8.523228365487   82.614462738097
  -5.2285405540e-05  106.761174115478    8.524457977075   82.638398828337
  -4.5798740556e-05  106.773393434466    8.525737846394   82.663312994593
  -3.9951939433e-05  106.784109604143    8.526892732256   82.685793956794
  -3.4542934591e-05  106.793770855432    8.527962214658   82.706612222834
  -2.9029083601e-05  106.803368379428    8.529053477358   82.727854205379
  -2.4089201617e-05  106.811751238851    8.530032068889   82.746902750948
  -1.9221821832e-05  106.819810683641    8.530997128926   82.765687671102
  -1.4269190580e-05  106.827806556869    8.531979953134   82.784818119855
  -9.3845302238e-06  106.835489634298    8.532950130027   82.803702128894
  -4.4647557353e-06  106.843023551380    8.533928137313   82.822738273612
  -1.8030862525e-07  106.849416956217    8.534780541906   82.839329421213
   4.1100606636e-06  106.855662302957    8.535634775207   82.855955929271
   8.7291341076e-06  106.862209953396    8.536555177744   82.873870061141
   1.2989314257e-05  106.868086686857    8.537404740799   82.890405158155
   1.7424837924e-05  106.874039226556    8.538289947988   82.907633724386
   2.1451178600e-05  106.879295666290    8.539094096479   82.923284414489
   2.1751308359e-05  106.879681918713    8.539154065200   82.924451542095
   3.0803152125e-05  107.062727471669    8.540774052828   82.956132720800
   4.4878844188e-05  107.074831851743    8.543640217840   83.011876979890
   6.2078349775e-05  107.087196107304    8.547140507389   83.079956389573
   7.9021000742e-05  107.096835621612    8.550586980626   83.146991295885
   9.5534765620e-05  107.103830211911    8.553945827729   83.212323473126
   1.1254024591e-04  107.108545529812    8.557405769744   83.279622874845
   1.2897867206e-04  107.110671010663    8.560752830903   83.344726536439
   1.4562743045e-04  107.110333947409    8.564146497611   83.410735740076
   1.6147336995e-04  107.107630313952    8.567381030168   83.473648060094
   1.7850444642e-04  107.102064554328    8.570863106444   83.541372827379
   1.9526074384e-04  107.093831827689    8.574295198413   83.608122709669
   2.1230342163e-04  107.082583518390    8.577792428277   83.676136530692
   2.3031467433e-04  107.067473634627    8.581495501184   83.748150438627
   2.4788699735e-04  107.049480078104    8.585115164500   83.818539413672
   2.6580970077e-04  107.027766029584    8.588813660363   83.890458845487
   2.8478627449e-04  107.001030748455    8.592736672786   83.966741820325
   3.0344935825e-04  106.970952347990    8.596601735858   84.041896155731
   3.2286620231e-04  106.935657191713    8.600629994588   84.120222352564
   3.4399694997e-04  106.892603124611    8.605022192938   84.205623983939
   3.6527024011e-04  106.844376633333    8.609453210858   84.291779814831
   3.8658582308e-04  106.791150940172    8.613902841631   84.378297423196
   4.0919556644e-04  106.729337294788    8.618634140323   84.470292096875
   4.3325003129e-04  106.657520304506    8.623681710955   84.568437357630
   4.5891238927e-04  106.574003196408    8.629083563362   84.673473246391
   4.8637916777e-04  106.476669765861    8.634885505264   84.786291811763
   5.1526589171e-04  106.365345363073    8.641010663717   84.905399853215
   5.4307097142e-04  106.249384134636    8.646929089788   85.020492971249
   5.7206758237e-04  106.119078261847    8.653124500394   85.140978258806
   6.0292989201e-04  105.969641689564    8.659743881144   85.269715004194
   6.3361215520e-04  105.809821519277    8.666349329802   85.398186296231
   6.6951357352e-04  105.608177280093    8.674107790648   85.549087428555
   7.0758860650e-04  105.376562704956    8.682368404632   85.709756212353
   7.4799963863e-04  105.110107249482    8.691170153012   85.880943511528
   7.8806114195e-04  104.824365521598    8.699929400872   86.051288081032
   8.3102908717e-04  104.493350739298    8.709361071436   86.234679853756
   8.7795154296e-04  104.102199513001    8.719705765629   86.435776164506
   9.2826556325e-04  103.647776194119    8.730852558719   86.652397092325
   9.8276118937e-04  103.114327904019    8.742990996754   86.888206606140
   1.0395910074e-03  102.512318157874    8.755720056298   87.135409195657
   1.1025233853e-03  101.791612706646    8.769890938543   87.410538988365
   1.1763146993e-03  100.875110276059    8.786585685142   87.734596924027
   1.2570703578e-03   99.784317546421    8.804913806509   88.090278937808
   1.3471681944e-03   98.457172778318    8.825367839572   88.487153400747
   1.4495854209e-03   96.801508250281    8.848557700522   88.937244363509
   1.5537504581e-03   94.951537190388    8.872103775903   89.394640223973
   1.6672085421e-03   92.748643554054    8.897943279708   89.896551733633
   1.7988322056e-03   89.969041503882    8.928716338728   90.491892152427
   1.9435515748e-03   86.685282063713    8.963812050327   91.164925407115
   2.0860663452e-03   83.313261125271    8.998739144880   91.832378505464
   2.2279564067e-03   79.972337996482    9.029412422865   92.427200897036
   2.3985846587e-03   76.317338778041    9.052313982523   92.900265140974
   2.5700589163e-03   73.585768029770    9.054543530922   92.999070897735
   2.7415331740e-03   72.448608264733    9.043311427655   92.834136876952
   2.9130074316e-03   73.506311654600    9.040690070221   92.814618295752
   3.0844816893e-03   77.250033503122    9.074434834581   93.508709838675
   3.2559559469e-03   84.088199286554    9.166409013659   95.425670290090
   3.4274302046e-03   94.360371869230    9.326122315852   98.863775138423
   3.6612023406e-03  114.219514260298    9.638391366359  105.835772886413
   3.8926770181e-03  140.195490315139   10.015448914527  114.587470245961
   4.1241516956e-03  171.114420465260   10.416060406541  124.229135283069
   4.3556263731e-03  204.933041317833   10.804675381290  133.899730897331
   4.5871010506e-03  239.318882514295   11.160911731746  143.036290645010
   4.8185757281e-03  272.054264149992   11.475188149530  151.314471234577
   5.0500504055e-03  301.268217499584   11.744233325253  158.570728211108
   5.2842678478e-03  325.939101362931   11.971102089249  164.819529504133
   5.5214073767e-03  345.504280936684   12.157557200459  170.052657078189
   5.7583941218e-03  359.536396467999   12.304466081460  174.250722425613
   5.9950245824e-03  368.236422775645   12.415113402783  177.480521820465
   6.2484603984e-03  372.188725728625   12.498057691069  179.976477768582
   6.5009327182e-03  371.332967359316   12.547750104174  181.566086350469
   6.7527200893e-03  366.291656804309   12.568715068567  182.369766557766
   7.0045074604e-03  358.039953716285   12.566339996844  182.528918419590
   7.2553770709e-03  348.245516118668   12.546192343739  182.189025366075
   7.5075199875e-03  337.626472359529   12.512921551607  181.484095484659
   7.7605946865e-03  327.108736074151   12.472479349998  180.569591705243
   8.0107981141e-03  317.114274069961   12.427636563251  179.509252421172
   8.2612377605e-03  307.579801313581   12.377258639796  178.299442810694
   8.5147146200e-03  298.416875261707   12.320075477253  176.904506469872
   8.7652600422e-03  289.671679149046   12.267482588629  175.567495143886
   9.0155282159e-03  281.170430078750   12.212842137083  174.130447793048
   9.2676168394e-03  272.967702151824   12.154800439338  172.631312589205
   9.5196705497e-03  264.813541794743   12.088557333820  170.935691080265
   9.7717242600e-03  256.625950850302   12.023824062813  169.243912323072
     0.010023777970  248.668443801258   11.955279850516  167.412041743237
     0.010275831681  241.201862990517   11.889908675591  165.646543404425
     0.010527699550  233.770759260276   11.818270398612  163.732062268076
     0.010783373912  227.043638780872   11.747611707307  161.844596070198
     0.011038824679  220.738605752032   11.686236455443  160.206675385916
     0.011294187143  214.658639637101   11.621865607969  158.514555282340
     0.011549386863  209.501945052993   11.565811857971  157.020073911889
     0.011804498683  204.162967395548   11.510733225515  155.547889954227
     0.012059468022  198.824567707080   11.449437025097  153.962628495496
     0.012314364836  194.268369530818   11.396572176725  152.593655522401
     0.012569188632  189.301848590387   11.339768805615  151.103257251151
     0.012823884184  184.293774883551   11.275579235952  149.457316251048
     0.013075474290  180.095314414970   11.219463580644  148.015903444301
     0.013327064396  176.017122370927   11.166685695821  146.625963941407
     0.013578654502  171.851604390334   11.109364569614  145.161933341968
     0.013830244608  168.169498847622   11.055196228100  143.807543919187
     0.014081834714  164.872145563740   11.006628891763  142.558196914690
     0.014333424819  161.248878499485   10.955201565441  141.253529286540
     0.014585014925  157.803878080798   10.904246223535  140.014831979973
     0.014836605031  155.095698094346   10.862409409915  138.998578440980
     0.015088195137  152.428906130824   10.822080917020  137.974266186318
     0.015339785243  149.357105735792   10.774921232787  136.774336036774
     0.015591375349  146.508146912966   10.728342580538  135.648073663098
     0.015842965454  144.090052772423   10.690537218128  134.751930766565
     0.016094555560  141.846141173953   10.655875709463  133.882821875335
     0.016346145666  139.519561858633   10.620441381443  132.966988443155
     0.016597735772  136.905007697517   10.577621257521  131.920941930699
     0.016849325878  134.440693888231   10.532647926054  130.868149101624
     0.017100915984  132.507078158513   10.496480420463  130.025255895906
     0.017352506089  130.994470909023   10.468662885419  129.375658695444
     0.017604096195  129.543660501837   10.444416052951  128.808209600010
     0.017855686301  127.653624745247   10.413148783559  128.084785277459
     0.018107276407  125.356352928788   10.372628716596  127.163036483809
     0.018358866513  123.172849548921   10.333865958337  126.302153689852
     0.018615174804  121.374975794414   10.303528051454  125.636357658204
     0.018866827496  119.866798827702   10.281797208604  125.128782109496
     0.019118480188  118.123769998851   10.257609045385  124.541876987554
     0.019373843425  116.054128457215   10.225493646436  123.783802185412
     0.019627335008  114.105615695199   10.192619133703  123.018311808407
     0.019885747569  112.393133595147   10.164369781652  122.379172717216
     0.020148148413  110.882671098993   10.142686392798  121.896950412695
     0.020410531683  109.361112738343   10.121409940716  121.398539599632
     0.020664048339  107.735933634832   10.095456229502  120.780334123782
     0.020921812281  106.042539064539   10.065316038326  120.060957900117
     0.021179804117  104.524512756918   10.037464748129  119.410018191524
     0.021440300349  103.344768747265   10.016878029290  118.941036524224
     0.021690642784  102.391327079163   10.002534376224  118.605033388204
     0.021950885642  101.222228371452    9.983704362918  118.149490763898
     0.022201266250   99.935979986241    9.960066599154  117.577120407727
     0.022461086368   98.656412290195    9.935477563976  117.001426495262
     0.022720906486   97.527754960293    9.912254248986  116.488840065911
     0.022980726604   96.481527936843    9.886279655183  115.949538800263
     0.023236521167   95.432939401154    9.861191446261  115.421189509827
     0.023495909510   94.302342127117    9.833702139229  114.822646568423
     0.023752257925   93.285136602928    9.807563664294  114.246005814756
     0.024008604646   92.442368308359    9.787547553199  113.811850392116
     0.024263440136   91.621886130343    9.769350157915  113.429060214597
     0.024523869069   90.726520117654    9.750093472720  113.025513874527
     0.024777902882   89.936430423991    9.735550426673  112.703428432115
     0.025020389703   89.396911562746    9.727396105936  112.514104017438
     0.026032763070   86.647790818688    9.683448352795  111.430511470982
     0.027047789522   83.480109728201    9.611601756281  109.903599881194
     0.028056436128   80.231567806441    9.532705703593  108.156223216607
     0.029065082733   77.537260857900    9.456154477275  106.665566812409
     0.030073729339   74.987791195414    9.398384418009  105.323921214884
     0.031087179023   73.289486957873    9.350827603625  104.366002730823
     0.032101253977   72.707881613324    9.342511274434  104.144487764030
     0.033119796085   72.577278011271    9.356738206447  104.364007330596
     0.034130314092   72.085959233527    9.108104543545  101.566630321146
     0.035134575590   71.072666179795    9.315229740966  103.856582423795
     0.036156618200   68.660202970539    9.273126518403  102.803212893680
     0.037162101206   67.276665845819    9.229595453178  101.942196175980
     0.038174348375   64.938929085956    9.160732562987  100.432649550829
     0.039191286291   62.584163118657    9.074671110922   98.705188992351
     0.040218721882   60.659158608937    9.048125794671   98.156205878068
     0.041244823132   59.380600241632    9.022821770643   97.656437836003
     0.042245726632   58.447357311329    9.004950789612   97.285106472506
     0.043272457469   58.367816881260    9.030786139543   97.952852720603
     0.044291977469   57.821101558086    9.040076336456   98.319273943065
     0.045308892778   57.029622876981    9.040988344801   98.343201130731
     0.046329523533   55.924307137309    9.018447545757   97.996866777371
     0.047333700564   54.989554017130    9.002274290765   97.559377978614
     0.048350313043   54.030338303863    8.983930359159   97.261718840371
     0.049352624055   53.024427188832    8.973049457783   96.973861420475
     0.050355905131   52.245327774128    8.967559591872   96.893415109528
     0.051360041183   51.905078899710    8.984864025807   97.210014529995
     0.052371248613   51.662451614866    8.999614326703   97.504840165935
     0.053371290623   51.272168796644    9.038250798600   98.486500324774
     0.054392235919   50.493083519253    9.047084493116   98.643647327630
     0.055401496018   49.977258841871    9.062175366636   98.945792698639
     0.056404799961   49.907494145953    9.092379344816   99.627326711473
     0.057414474525   50.116075874448    9.117076486455  100.208363749078
     0.058420908073   50.168051549025    9.182749965170  101.737290555025
     0.058756027984   50.067258954144    9.206146734182  102.308714651651
     0.059761656685   49.311430639532    9.228113169428  103.049474147633
     0.060763331577   48.727779157543    9.265035457426  103.834005644879
     0.061763662432   48.402609166659    9.279803648515  104.108722572987
     0.062768183320   48.301799091160    9.287119882765  104.181645437327
     0.063782898838   47.954720171167    9.294750516090  104.478067525953
     0.064792064458   47.216362379534    9.294117471872  104.482539080112
     0.065794951083   47.279259531298    9.305987879650  104.704684693438
     0.066830891741   48.430913786837    9.368934219376  106.256287901289
     0.067835035231   49.915426050748    9.446297872729  108.158448184789
     0.068842029323   50.857439182693    9.482372884965  108.932727829319
     0.069849857939   51.204560095471    9.482966472943  108.887981505300
     0.070866010465   52.030113316380    9.500524025965  109.347366731291
     0.071880848648   53.641427617276    9.564716911066  111.119991031926
     0.072901859254   54.434398347773    9.617630774136  112.577602837756
     0.073909652711   54.178430501105    9.610861104280  112.282969691398
     0.074924484686   54.652137507878    9.636048325182  112.984845546911
     0.075927485720   55.434604109125    9.672616721726  114.129942641673
     0.076949007325   55.598435470407    9.680428422338  114.251233871323
     0.077971004939   55.287819610016    9.670842865541  113.997620985530
     0.078979153327   55.244669268884    9.678896716511  114.146391288927
     0.079989292673   55.808509607948    9.725159160308  115.328809518577
     0.081004464509   56.235032309238    9.755972144223  116.073316277467
     0.082022116475   56.603581152619    9.788321557156  116.790142938426
     0.083026160094   56.747711673144    9.817863506719  117.509856058295
     0.084045167628   57.129407063175    9.868759072950  118.816451988873
     0.085069296156   57.709744596467    9.927302254536  120.420418781528
     0.086084995246   57.746988544384    9.954543306579  121.111170188149
     0.087107617309   57.489279311981    9.973923847290  121.336795241377
     0.088118579605   57.372756714698    9.989065063383  121.834833600278
     0.089142217011   57.271566788817   10.023653608790  122.801397660727
     0.090009288397   56.804164576914   10.029951418733  122.839381090113
     0.091017945515   56.508127943019   10.045203029762  123.194611738371
     0.092019650302   56.447857095604   10.068388462080  123.793974632576
     0.093019762122   56.375665670547   10.105959249089  124.705230142585
     0.094023972840   56.318496542244   10.148978274694  125.853193075855
     0.095063898405   56.662261356634   10.204666123393  127.372074811517
     0.096094551622   56.859816902418   10.248377663918  128.505648510315
     0.097100123967   56.717635019345   10.282969717509  129.315724813705
     0.098116351726   56.457002064186   10.309873407206  129.996995284257
     0.099130738842   56.325925290466   10.351725234689  131.096956401384
     0.100139804226   56.287588260172   10.403073410602  132.371667077861
     0.101152798843   55.979796354515   10.426299162524  132.877588073594
     0.102163573568   56.020710315830   10.459326291201  133.810801315183
     0.103174562878   56.119070471258   10.501965447524  135.011023721367
     0.104175049798   56.234300229813   10.547161623841  136.189592052823
     0.105189811158   56.356080479655   10.590322091731  137.341832195178
     0.106203788951   56.581767066149   10.642062700340  138.728033386802
     0.107222421731   56.811517325484   10.688294765254  140.041303650113
     0.108227334906   56.603160501247   10.715177069268  140.813202991112
     0.109251486750   56.626120958739   10.757094243646  141.981126778257
     0.110286570311   56.803840951800   10.799888974931  143.328145660269
     0.111296603788   56.569359749775   10.831663890951  144.121545082565
     0.112321740235   56.648136988234   10.870310748269  145.112338532270
     0.113337290496   56.467215222932   10.893253633255  145.731502957348
     0.114344493967   56.532428648289   10.932331212055  146.677695644630
     0.115348550635   56.386322547965   10.962955395844  147.698076696241
     0.116373264475   56.395152219483   11.004762057473  148.887736476038
     0.117384219017   56.478958505546   11.043398094600  150.003176259329
     0.118429019031   56.130184873241   11.056137628100  150.429427277458
     0.119433449327   56.226428001866   11.100382882663  151.752792071616
     0.120436923440   56.081336791218   11.136219191376  152.545847470969
     0.121464415930   55.925547123370   11.157997805736  153.233421087896
     0.122468671899   56.067274055887   11.213829696162  155.018008717174
     0.123474718925   55.909869400409   11.247275999571  155.940033422927
     0.124487423199   55.690416530690   11.256532293015  156.059582154457
     0.125498958838   55.746059860774   11.288925547057  157.049584196132
     0.126536662508   55.789179252961   11.344608145393  158.685167214979
     0.127544938746   55.723189571333   11.378697359879  159.710424942405
     0.128550109185   55.115957231712   11.363381598813  159.466208699723
     0.129561307576   54.844620547591   11.388307219544  160.228530685119
     0.130574510508   55.126819854266   11.461228705151  162.350205312877
     0.131583790997   54.937299292092   11.478618371294  162.787918648097
     0.132597583046   54.369222324553   11.476663616846  162.615511169835
     0.133613935235   54.297119470657   11.509763080699  163.963066626084
     0.134616965488   54.557874894376   11.563409341188  165.624340730795
     0.135627935728   54.698073047799   11.611321551982  166.887654481694
     0.136631739741   54.286026429967   11.624793404363  167.170865262178
     0.137653203922   54.069197735738   11.651437429481  168.356901501732
     0.138661469861   53.850016771883   11.683400885817  169.306624840349
     0.139662506715   53.702370853790   11.698487301836  169.745766015890
     0.140671040121   53.613029035728   11.730389674790  170.724637164187
     0.141688320276   53.474944987748   11.776355480834  171.925479881749
     0.142700883409   53.246707267787   11.783449602519  172.734704313524
     0.143701766135   52.951796721101   11.809688685749  173.279027847091
     0.144703892669   52.860825811633   11.835459771828  174.088770816805
     0.145709988792   53.084612535147   11.896280938878  175.932119386274
     0.146723916138   52.776355128290   11.917242243001  176.654404625035
     0.147740682001   52.814734955986   11.966557214695  178.281280793689
     0.148748633004   52.125444652812   11.950001111077  177.856373564557
     0.149751918474   51.602920254281   11.973134553020  178.717314496940
     0.150764392302   50.863636945851   11.987527471544  179.106161312681
     0.151767599842   49.691664348652   11.949931598718  177.843532248934
     0.152769833931   48.292816824452   11.901615800163  176.573228416517
     0.153794770787   47.653452639493   11.904631670070  176.764177263218
     0.154808380002   47.040433982454   11.896504224641  176.567307402561
     0.155825193925   46.660790268257   11.926920877765  177.391147892291
     0.156844496320   45.673686839804   11.896963770593  176.511275623044
     0.157851373235   45.138331430401   11.905480860512  176.862938260636
     0.158852255468   45.087306372727   11.959313010234  178.604257785781
     0.159852591409   44.537761909754   11.960622818125  178.605854828742
     0.160459383207   44.225040631954   11.969682729633  178.918137821000
     0.161463699764   43.929098991319   12.020327976093  180.645680775198
     0.162465022337   42.748078729744   11.969234952115  179.258582248420
     0.163469599849   41.328052636957   11.901025908287  177.113268838388
     0.164492305849   40.136049998221   11.851632264255  175.765943283661
     0.165498059428   39.266427108752   11.827864415802  175.116513792749
     0.165694425538   39.087316426514   11.817206254965  174.849206099877
     0.166704308390   38.242953725730   11.786516275941  174.035061919549
     0.167724258668   37.657820488042   11.783874536945  173.941285336499
     0.168742854641   37.179325961219   11.788334983930  173.812889249020
     0.169747508001   36.873958242928   11.804535650013  174.362809679992
     0.170750780748   36.700727969832   11.825566192124  175.063511686375
     0.171758053011   36.602228326304   11.854202819829  176.118678192098
     0.172782699055   36.545094102917   11.888540326506  177.303775634373
     0.173786401045   36.599642108827   11.928996299548  178.939813792022
     0.174789528353   36.575049470272   11.972912128899  180.155493431301
     0.175801023447   36.516264576895   12.001927642517  181.426802524543
     0.176806669254   36.578500732390   12.046178041247  182.965462784258
     0.177793553144   36.633999216844   12.093881067992  184.269173502649
     0.178807309535   36.626796902898   12.122610110148  185.142570576335
     0.179816323569   36.744419581609   12.167688089201  187.080186383403
     0.180827331384   36.744711714742   12.201004485828  187.738697317105
     0.181617509131   36.742058058124   12.220663384788  188.585872130519
     0.182622299819   36.657796026891   12.252816887606  189.329053392955
     0.183624037175   36.491139810934   12.251053668060  189.802860390709
     0.184635886740   36.283072159214   12.256639058659  190.076887462714
     0.185642465608   35.947878839693   12.267510416207  190.607594089299
     0.186634624273   35.684842206034   12.273441296897  190.825755070300
     0.187582234952   35.482741570562   12.285657280833  191.169977852705
     0.188590465929   35.208672797764   12.300575759875  191.540214622974
     0.189601156085   35.086248045157   12.310979306710  192.425997813623
     0.190613049664   34.984303159070   12.332757509877  192.920027409153
     0.191615603984   34.867258415946   12.347576984247  194.212357300159
     0.192622115880   34.699167497370   12.370544468490  194.944431047427
     0.193630019414   34.311002585967   12.361379994575  194.141191733915
     0.194633015786   34.059234608123   12.364217927222  194.210008989059
     0.195633193014   33.885870824185   12.371754598407  195.198710701511
     0.196647806244   33.748794203379   12.383815537750  195.244934237352
     0.197659600503   33.801179093065   12.418671392716  197.094012040726
     0.198662777456   33.687328011045   12.437371345237  197.493055570219
     0.199666067597   33.466046852953   12.450413090389  197.582521234781
     0.200669047686   33.182815682520   12.451167798764  197.557632289142
     0.201680565452   33.016020328695   12.448623572090  198.511446529882
     0.202689806559   32.981827216984   12.481634276331  199.207312676198
     0.203692431413   32.888359727526   12.510853414977  199.986482663626
     0.204695056268   32.857622648656   12.523172390131  201.406813223061
     0.205088399965   32.786359040741   12.526855105716  201.497321038277
     0.206090095646   32.449216806021   12.519465672178  200.610987198134
     0.206142568038   32.435989275970   12.522633999065  200.614805450536
     0.207144151967   32.331670846935   12.527269109891  200.951467045567
     0.207937389509   32.325989108940   12.544310826699  202.216373956219
     0.208929278016   32.278249645858   12.595612308255  203.073970049966
     0.209432865570   32.292404156666   12.566507854603  203.160176842204
     0.210200197043   32.331632759563   12.630364934565  204.402453102698
     0.211203764006   32.489109578471   12.701616041046  206.224957829997
     0.212214202165   32.387897846834   12.683827443338  206.216093534408
     0.213224640324   32.364495946052   12.694662096470  207.193262101597
     0.214033877789   32.482291670043   12.736916132708  208.663720872975
     0.214269255687   32.419401261726   12.733635506185  208.552695222996
     0.214635259651   32.253511348694   12.720370205937  208.114295388675
     0.215651760084   31.778277208529   12.731817418351  207.400886850283
     0.216663554343   31.439383219496   12.670071952807  206.293954743580
     0.217665332196   31.452437074929   12.693545290678  207.216001302524
     0.218291072072   31.278434394699   12.684258120309  206.605116184914
     0.219293768061   31.324782455822   12.732612942420  207.623021057707
     0.220298221810   31.235342587157   12.729594372775  207.707152792961
     0.221299350960   31.053667480932   12.738294467303  207.687721691816
     0.222302722640   31.221792152497   12.794087724639  210.322808967313
     0.223039825936   31.307046268197   12.827608732348  211.688551637359
     0.223763564354   31.325366504569   12.848417954715  212.312305974227
     0.224703070726   31.182526095358   12.841611625251  212.060601019526
     0.225625657254   31.099958850032   12.840318695548  212.045369725023
     0.226344625681   31.027623352774   12.851866377298  212.159593330220
     0.227349122935   30.899216592045   12.856898077634  212.085992439520
     0.228352494615   30.824165464556   12.868557226344  212.351637566699
     0.228881133735   30.865412037032   12.890568124160  213.499536172244
     0.229450300498   30.965837345395   12.922436781977  215.164821664777
     0.230357364156   30.916955338366   12.937588623778  215.779558822960
     0.231361691522   30.760764596878   12.944163738038  216.024870417175
     0.232124114710   30.564139684082   12.934006039037  215.751227272620
     0.232964563187   30.454584092842   12.939474344355  215.926066249272
     0.233837986348   30.373135118159   12.951371411813  216.227285116399
     0.234408955335   30.275817049644   12.947158163277  216.102121050182
     0.235409967569   30.142699036474   12.950254467785  216.071613640286
     0.236415361138   30.041400487703   12.944687233413  215.884659530252
     0.237205248897   30.007465545617   12.954609748304  216.049150321888
     0.238208729959   29.957572067031   12.971777952529  216.291186094002
     0.239217637482   30.065954176944   13.005601803041  218.111355767710
     0.239744449227   30.188915086748   13.036931514298  219.579027151793
     0.240658785265   30.192638014000   13.049637626057  220.038659282558
     0.241258675536   30.156342752460   13.055235767862  220.008277644445
     0.242265753805   30.247759219803   13.084997624555  221.118873397673
     0.243078586938   30.105063855452   13.076522121923  220.965016675223
     0.243978243511   29.875837803563   13.072370213001  220.695871302585
     0.244765277599   29.778165928431   13.064305390358  220.301037617594
     0.245716059571   29.802686148227   13.080129996771  220.332664091197
     0.246688672808   29.992633704144   13.130632037992  222.843459135024
     0.247661286045   30.044089002791   13.159123678109  224.213285205144
     0.248633899281   29.976114085644   13.164385466289  224.462636597704
     0.249606512518   30.027680083011   13.187095096703  225.166439161193
     0.250579125755   30.034360665575   13.198237762820  225.211378842764
     0.251551738992   30.101626291530   13.220315682615  225.853732819251
     0.252524352228   29.919950097553   13.206190999772  225.249135535618
     0.253491529008   29.827212302582   13.208497330355  225.303302485793
     0.254443002153   29.777372351828   13.220651071782  225.544604472229
     0.255449833735   29.875640839267   13.255086839036  227.621776193745
     0.256456665317   29.956189531095   13.287011704909  229.179863407226
     0.257463496899   29.827709446812   13.290599228801  229.374192265047
     0.258470328481   29.605103070639   13.281507316448  229.041985841633
     0.259338541588   29.500458001243   13.281710795783  229.009752418657
     0.260265051682   29.502580639106   13.293847891212  229.488935396494
     0.261191561777   29.470759279378   13.310965331357  229.975600320505
     0.262118071871   29.271109036308   13.294813042557  229.475191453806
     0.263044581966   29.226334857667   13.301047559920  229.654187339352
     0.263971092060   29.302744347290   13.324720638046  230.303465891751
     0.264781295396   29.291651771777   13.334912421228  230.452465397319
     0.265595576926   29.210532058899   13.332782454825  230.055267247248
     0.266436333195   29.334550011969   13.371237277681  231.583182242612
     0.267277089465   29.681678087247   13.435905628153  234.643182835273
     0.268117845734   29.657721230294   13.444458910169  234.885014198044
     0.268260774300   29.612587773488   13.439689958253  234.701196708003
     0.269101530570   29.484337911411   13.433602997607  234.560740388769
     0.269942286839   29.452929285905   13.436755979972  234.064247091603
     0.270783043109   29.603598701799   13.471010468115  234.944153958597
     0.271623799378   29.551649459875   13.478372200005  235.337134550089
     0.272288686936   29.199040777291   13.432862716351  233.738968153812
     0.273129443206   29.168566303352   13.444573352605  233.989231831784
     0.273970199475   29.421407375830   13.491908127621  236.816348529540
     0.274810955745   29.581359638716   13.531950697631  238.294221192395
     0.275651712015   29.406792914316   13.521696334455  238.204480192836
     0.276492468284   29.256607866383   13.518127297315  238.104705097376
     0.277333224554   29.225721598352   13.519780101006  237.935829115289
     0.278173980823   29.293958267901   13.541499795824  238.543622372286
     0.279014737093   29.145919688021   13.528463005472  237.956701995080
     0.279736373570   29.075302870053   13.526716487865  237.500960061780
     0.280514851597   29.263203346364   13.573959986102  238.990450307060
     0.281293329624   29.388331431665   13.608811326673  241.477281364820
     0.282071807652   29.439181308652   13.629153859762  242.353756286962
     0.282850285679   29.483867468960   13.644370465571  242.928994334642
     0.283628763706   29.381713981899   13.640532897750  242.834750566564
     0.284407241734   29.275341317809   13.632679867935  242.493528028539
     0.285185719761   29.310154270574   13.648291955052  242.929275850612
     0.285964197788   29.214189719844   13.643748119046  242.869099516056
     0.286742675816   29.033084429526   13.626566029835  242.150362983009
     0.287520669184   29.081359736980   13.643430643714  242.237285661804
     0.288437703198   29.183735107690   13.676119445847  243.153313959536
     0.289354145238   29.320586381161   13.709685264721  245.885041758448
     0.290269946425   29.299965049552   13.718022454514  246.316733321049
     0.291185111132   29.315846037220   13.724236247148  246.541956881219
     0.292099652618   29.296296352826   13.728649875684  246.642255943324
     0.293013625041   29.244985841159   13.738197261653  247.151516963849
     0.293926993871   29.019875104505   13.731854985908  246.889889878394
     0.294839712663   28.746526402915   13.709154937985  245.857363258465
     0.295751854013   28.744963158538   13.711571046288  246.045342825847
     0.295943325432   28.805080604857   13.723702594738  246.558415086586
     0.296854757387   28.739615759441   13.723389000881  246.668566092610
     0.297765592434   28.636679832499   13.728820213409  246.886952071945
     0.298675810666   28.580824830574   13.719896867646  246.492290835723
     0.299389206743   28.719667614227   13.748316764721  247.044672654510
     0.300167684771   28.708814430237   13.768300419160  246.958274430690
     0.300946162798   28.964343605537   13.822629978827  250.217642063144
     0.301724640825   29.049242405065   13.838117021655  250.813482018458
     0.302503118853   29.070367572585   13.853115804690  251.597802025950
     0.303281596880   28.928698473765   13.844058340698  251.223532172825
     0.304060074907   28.877462144790   13.839009114834  250.816548489677
     0.304751752875   28.924430376444   13.853153787520  250.663736462787
     0.305502127845   28.876391263125   13.856289357684  250.341489118207
     0.306258808488   28.835781594240   13.867263741120  250.990303113872
     0.307015489131   29.084297857532   13.906497304329  253.703222092855
     0.307772169773   29.248737759023   13.938575497774  254.562555896797
     0.308528850416   29.144377120090   13.929121389456  254.258652340084
     0.309285531058   29.082153224009   13.926658593595  253.885914048036
     0.309930164518   29.121119305308   13.942630842072  253.910278239178
     0.310630794742   29.113436263196   13.955824166989  254.123124839987
     0.311331424967   29.173397552415   13.981898012049  256.299316771694
     0.311997577505   29.221615477294   13.999873136233  257.446995881283
     0.312698207729   29.241196119734   14.023000890953  258.420440037082
     0.313330220762   28.952576645724   13.988551030860  256.313110336019
     0.314014632695   28.690878334264   13.933023195938  254.119660039053
     0.314715262919   28.609121755749   13.938274752494  253.584033693855
     0.315415893144   28.934717474523   13.994450136368  257.186104225819
     0.316116523368   28.927937100828   14.000477085191  257.631295521296
     0.316817153593   28.895740280605   14.009746002156  258.089846695913
     0.317517783818   28.894767231420   14.017826102103  258.354406195762
     0.318218414042   28.960040189863   14.037668839741  259.103067275399
     0.318919044267   28.902772181914   14.035119577454  258.973220468776
     0.319619674492   28.877498780838   14.042749498559  259.337661838393
     0.319696743816   28.876984591988   14.043666036223  259.362782087246
     0.320397374041   28.714802438411   14.018336070742  258.330754207946
     0.321098004265   28.782631994189   14.038436110199  259.128210867468
     0.321798634490   28.736709204426   14.035210821331  258.688749669960
     0.322499264715   28.719674269256   14.042557359649  258.371694130143
     0.323199894939   28.834156841506   14.067778751645  259.019158667132
     0.323737533730   28.844703254812   14.078765604356  259.414721174714
     0.324438163954   28.635805590956   14.058770585405  258.400271449147
     0.325138794179   28.761342530048   14.099047246681  260.149105654204
     0.325839424404   28.878405984184   14.109707898900  262.074053957311
     0.326540054628   28.886980857358   14.125039412936  262.782813830989
     0.327240684853   28.712069330486   14.104222398876  262.055899388421
     0.327941315077   28.692346457958   14.114053312873  262.393864396577
     0.328641945302   28.667352292993   14.116818459166  262.564244013663
     0.329342575527   28.576039053875   14.116371427508  262.572155111681
     0.330043205751   28.517516351175   14.109607635192  262.268201094879
     0.330743835976   28.589101419752   14.130145242404  263.008475194692
     0.331343293490   28.473337699088   14.116338077561  262.065941367237
     0.332043923715   28.506325535022   14.128500998736  261.802404019761
     0.332744553939   28.701116550022   14.176953709574  263.901994166553
     0.333445184164   28.818086980063   14.188283991750  265.281363710301
     0.334087652589   28.956930169394   14.222089911531  265.603226916309
     0.334775600109   29.019453340374   14.240235116542  265.981331650876
     0.335476230334   28.873472276155   14.231095588361  265.552992290687
     0.336176860559   29.075454916180   14.263817199276  268.471611625903
     0.336877490783   29.234809760446   14.288775438789  269.598010702470
     0.337578121008   29.101502813332   14.288201898884  269.886751270291
     0.338278751232   28.927651074501   14.279774164921  269.505027854317
     0.338979381457   28.937909932361   14.289180015344  269.850255269605
     0.339680011682   28.867521276020   14.286544100182  269.773053710108
     0.340380641906   28.832685600034   14.302579064962  270.288091769007
     0.341081272131   28.665784435109   14.285309655392  269.314179698184
     0.341781902355   28.607124303316   14.269537838668  268.860067308640
     0.341929034703   28.621490858451   14.268832760350  268.933683939617
     0.342353467106   28.763237420782   14.290565181215  269.878230063972
     0.342967115528   28.864988871808   14.303599030242  270.018179260072
     0.343592741071   28.829264409864   14.347126761536  270.947710166967
     0.344241472760   28.683276526997   14.335196435549  269.795666220887
     0.344890204450   28.634103852107   14.312108854856  268.590194013961
     0.345538936139   28.905619901469   14.353674638720  269.711174435234
     0.346187667829   29.129496777473   14.405281310491  271.989691955904
     0.346836399518   29.314767078803   14.450953982241  274.391973314084
     0.347485131208   29.219916235412   14.443365619751  274.261657252272
     0.348133862897   29.176162198987   14.442680758672  274.213515824395
     0.348782594586   29.090277307468   14.436861528577  273.961434511831
     0.349431326276   28.857271137495   14.408270919680  272.864500898409
     0.350080057965   28.706699675669   14.395049578519  272.243340795734
     0.350728789655   28.575106179346   14.382722354238  271.830602565164
     0.351377521344   28.581346250278   14.390128805149  272.249922100858
     0.352026253034   28.610931534752   14.399955722034  272.785015709641
     0.352674984723   28.681103553479   14.428242128629  273.977465713962
     0.353323716413   28.389674599954   14.387375367308  272.274091791766
     0.353972448102   28.386905598413   14.390022307123  272.321115224469
     0.354621179792   28.535296802323   14.414489154153  273.094155745846
     0.355248287091   28.540208595315   14.426123079234  273.708732092565
     0.355848964582   28.357372695915   14.404196108930  273.018670896583
     0.356449642072   28.354175633474   14.405265798398  272.817825024707
     0.357050319562   28.479988166579   14.426350570893  273.536629238744
     0.357650997052   28.577032793493   14.445755826107  274.079418537457
     0.358251674543   28.587899861023   14.456459893218  274.673378343625
     0.358852352033   28.416386320109   14.435766755226  273.910739729855
     0.359453029523   28.372115783659   14.427800007473  273.104670811871
     0.360053707013   28.594698010339   14.470680598955  274.380291035095
     0.360654384503   28.524894456407   14.466248986400  274.230744707794
     0.361255061994   28.397026470672   14.448867811413  273.623427121523
     0.361855739484   28.379391780552   14.453700782151  273.628733477197
     0.362456416974   28.437753982664   14.477694755233  274.836797039374
     0.363057094464   28.491033425415   14.506563666695  276.869777287719
     0.363657771955   28.571415136968   14.529897602741  277.921767629277
     0.364162341046   28.479343436568   14.521881390657  277.717263338877
     0.364763018537   28.423154103069   14.517678565626  277.513177604351
     0.365363696027   28.518411151666   14.537146583964  278.355636167768
     0.365964373517   28.558848125063   14.549080596192  278.958999510138
     0.366565051007   28.543672577622   14.557411641887  279.206285072845
     0.367125483106   28.431886179946   14.542762924671  278.552121448897
     0.367666092847   28.433390463588   14.541930615897  278.519773020539
     0.368206702588   28.593702345297   14.563011583830  279.124679470237
     0.368747312329   28.766066433230   14.590490088037  280.079371019690
     0.369287922071   28.897892436178   14.617840022494  281.312919445593
     0.369828531812   28.868019334439   14.624182580555  281.825188023365
     0.370369141553   28.668929972920   14.596240496462  280.730660062872
     0.370909751294   28.670834357403   14.589417192001  280.062611844148
     0.371450361035   28.873602467292   14.618774747669  280.429599556328
     0.371990970777   29.056706891555   14.654158050674  281.806967497898
     0.372531580518   28.901329432892   14.637090803684  281.713668207404
     0.373072190259   28.661251342112   14.606202894523  280.806918725641
     0.373612800000   28.669667103118   14.606487769978  280.124391382836
     0.374153409741   28.889419333853   14.650689887854  281.580408709533
     0.374694019483   28.999534112492   14.686796671239  283.524016651779
     0.375234629224   28.692338553308   14.628467423575  281.290691658733
     0.375775238965   28.447947808538   14.593822457256  280.118785593296
     0.376268995862   28.426231499772   14.590863009436  279.319935649909
     0.376755544629   28.765521934653   14.660196299515  282.377408821599
     0.377351609918   28.899815668819   14.708438548783  284.847083346988
     0.378081528733   28.405180621597   14.623061257751  281.460461411697
     0.378766213085   28.143376807511   14.564243310272  279.167556882819
     0.379366890575   28.455975434660   14.622036684826  280.827728015840
     0.379967568065   28.602950892921   14.670464525512  283.385379039745
     0.380568245555   28.322573689630   14.628446893038  282.010960093228
     0.381168923046   28.015999401853   14.586112116691  280.522386535619
     0.381769600536   27.968481029162   14.574707242202  279.318853072052
     0.382370278026   28.354824131046   14.649893889791  282.020924529015
     0.382970955516   28.535845435542   14.698878460701  284.944578016123
     0.383571633007   28.522064773460   14.712761991864  285.457347583037
     0.384172310497   28.254386369653   14.655276437323  282.421099284280
     0.384730940563   28.146752506947   14.631264384320  281.401042691847
     0.385331618053   28.131653129169   14.636144014848  281.219873888669
     0.385932295543   28.133724368810   14.648569932369  281.850521948799
     0.386532973034   28.181872382686   14.674994961347  283.775449942105
     0.387133650524   28.242770961043   14.692157391303  284.788026896664
     0.387734328014   28.379519324318   14.720601002198  286.142294750843
     0.388335005504   28.414195118736   14.735314791795  286.801450017020
     0.388935682994   28.351003135748   14.727444408417  286.439018430158
     0.389536360485   28.383164351398   14.727576764706  286.205036512451
     0.390137037975   28.491543617950   14.742557493776  286.604138091422
     0.390737715465   28.523905607710   14.754309438642  287.445395801001
     0.391338392955   28.540065188327   14.767323198536  288.141853861640
     0.391939070446   28.522500495482   14.764828787710  287.934310556300
     0.392539747936   28.526913348377   14.761417105400  287.543331170249
     0.393140425426   28.708246879023   14.790397155746  288.512780446388
     0.393741102916   28.647074278745   14.786111895301  288.484009910715
     0.394341780407   28.560493365533   14.782114665656  288.513095263821
     0.394942457897   28.521606898879   14.772991610680  287.696171596126
     0.395543135387   28.614229614708   14.787079213213  287.402615143702
     0.396143812877   28.859496640098   14.840854870573  290.028096267080
     0.396740849221   28.878020301810   14.854610210232  290.697116254539
     0.397325403786   28.645370853469   14.804183285028  288.574033716428
     0.397904943157   28.480745277824   14.775079964633  286.882024413233
     0.398479441666   28.875492356238   14.854716456534  290.755882304898
     0.399073097369   28.902663002370   14.871920302375  292.023776401377
     0.399676157788   28.799374730137   14.865005613511  291.681198952465
     0.400279029408   28.808217238250   14.868882039697  291.711620651779
     0.400881718630   28.910940190168   14.889256130627  292.570860236553
     0.401484174681   28.899607577430   14.893867575549  292.774602666360
     0.402086450262   28.718292762720   14.871192045941  291.496032701439
     0.402688534035   28.535866163242   14.824736822632  288.897191984317
     0.403260865328   28.720781639751   14.858467296634  291.177931469124
     0.403747414095   29.039018479339   14.918691046811  294.010560425274
     0.404233962862   29.039918292001   14.936304061664  294.975842030535
     0.404815403311   28.714488264181   14.900505952557  292.765934403780
     0.405431041403   28.373655660542   14.823368987897  288.578461345059
     0.405757329592   28.427270129923   14.833507637108  289.198461069981
     0.406372967685   28.842891302018   14.903033983385  293.203204132109
     0.406988605778   28.795892541276   14.911737263849  294.082671550682
     0.407604243870   28.642602752153   14.900550550976  293.435687438718
     0.408187979985   28.682973935206   14.905438636041  293.464105752849
     0.408674528752   28.716416435789   14.904362646532  293.583834375040
     0.409161077519   28.952568148001   14.957735508559  295.947272089563
     0.409647626286   28.737319877458   14.945284458920  295.069981412799
     0.410134175053   28.251639776642   14.868669179514  291.828791871675
     0.410591403242   27.894261519658   14.807691963523  289.284936410814
     0.411182715759   27.936140789924   14.806666605211  288.176646641990
     0.411620609649   28.207065838835   14.859517538057  290.528377785408
     0.412247049516   28.396087319498   14.909070722907  293.755825286794
     0.412885589485   28.237535775110   14.911669832516  293.683173385909
     0.413366702422   27.794993414622   14.840506709891  291.307038392599
     0.413892175090   27.371669787909   14.765494053753  288.123630392134
     0.414417647758   27.407838403289   14.764112962163  287.444609563316
     0.414840644752   27.519892468712   14.780673320676  287.300680710716
     0.415285542366   27.648918217736   14.811580842121  288.761500118172
     0.415730298692   27.751509008116   14.850483964789  291.033176913578
     0.416174980414   27.737785134664   14.860017998381  291.041591436922
     0.416819071110   27.523972090010   14.813551495572  288.940259617667
     0.417269579228   27.536999499997   14.816717749846  288.773979261529
     0.417720087345   27.632497630224   14.829261423177  289.369401499239
     0.418170595463   27.815934835494   14.852671164454  291.430038119615
     0.418613287857   27.944892450486   14.891684065355  292.763396329549
     0.419057325950   27.980399676627   14.902036992462  292.862617795460
     0.419504782342   28.115058358227   14.929109846793  293.982813545173
     0.419952176500   28.143709030266   14.938434850873  294.451164416603
     0.420388675764   28.150477324798   14.944565643025  294.845635990030
     0.420825136314   28.112756287847   14.935267184629  294.173979914257
     0.421268616295   28.180139582971   14.943748055423  294.171038798784
     0.421715608293   28.260544038128   14.962529856982  295.061851960187
     0.422162463300   28.190332842106   14.962871416552  295.786092462701
     0.422594945161   27.893062825227   14.924201454546  294.511782560843
     0.423041586738   27.823509048367   14.913573047805  293.927270394625
     0.423481596775   27.847380166965   14.906797957684  292.900904333145
     0.423881121666   28.071562675846   14.946892390000  294.276491417688
     0.424271549319   28.422142915750   15.018701982875  297.966661980462
     0.424550841515   28.566139604336   15.053874554111  299.687244985082
     0.424934760769   28.552476755128   15.063869699302  300.025227983676
     0.425444320584   28.272677684256   15.009295175769  297.598325602854
     0.426038955268   27.975968139629   14.953473130986  295.150470341594
     0.426633390041   28.128865997829   14.968499934085  295.066703626509
     0.427227681448   28.235946925064   14.988596798397  296.522590188894
     0.427821761991   28.318327818654   15.019454136271  298.503810169912
     0.428391562322   28.458748581535   15.050295282323  299.818196435400
     0.428925139790   28.496648485703   15.054676505617  300.138450185601
     0.429458717258   28.719434775839   15.089664060264  301.598623961279
     0.429992294726   28.778244474917   15.105010841213  302.329526524500
     0.430525872194   28.689081782781   15.102928552764  301.998829736101
     0.431059449662   28.479334521505   15.072298498871  300.370815955715
     0.431593027130   28.350611519036   15.031761657413  298.088730052622
     0.432126604598   28.086656761649   14.983129686429  295.716192225177
     0.432660182066   28.289503709285   15.028788477730  297.897961553110
     0.433193759534   28.543923479465   15.080992105233  300.934615233937
     0.433727337002   28.571219373209   15.107572463023  302.337658314357
     0.434260914470   28.357967657268   15.074763632496  300.765937395201
     0.434794491938   28.420033212342   15.088770931776  301.076321546170
     0.435282381263   28.381411419250   15.080675539769  300.838510043603
     0.435732889381   28.404397913622   15.087844527393  301.278461042802
     0.436183397498   28.417642012997   15.084770639700  301.184967483396
     0.436633905616   28.521342584327   15.096731081867  301.566173218942
     0.437084413734   28.774368517724   15.141697771460  303.297142995999
     0.437534921852   28.873087911560   15.161018793579  304.078539392653
     0.437985429969   28.862245330801   15.163878367915  304.503217042158
     0.438435938087   28.806182828684   15.155712361089  304.130894154365
     0.438886446205   28.840287957025   15.161696785578  304.271253458096
     0.439336954322   28.837407658069   15.160788466125  303.896016552584
     0.439787462440   28.811172669078   15.153836736430  303.049316831126
     0.440232171281   28.961159645383   15.181510587395  303.975647563327
     0.440674767670   29.011080321282   15.192784554014  304.745103871295
     0.441117280225   28.803354138564   15.165238219995  304.187664914042
     0.441559696170   28.690625236287   15.148913956097  303.497548546256
     0.442001999328   28.788297341690   15.165634403674  303.822870855509
     0.442383398849   28.835108681652   15.179573377758  304.684462018499
     0.442880209635   28.533029257222   15.145026135550  303.938817400423
     0.443290132396   28.376705211606   15.140381427945  303.796013531072
     0.443797561727   28.198455546965   15.126721295507  302.719116118868
     0.444311642823   27.520820591311   15.015909109615  298.570536321196
     0.444724327463   26.952873319877   14.919929941286  293.749111555089
     0.445131722352   26.802502700269   14.878550954130  291.770058959965
     0.445557355213   26.613940840935   14.844295162024  290.184986349116
     0.445982988075   26.741240239866   14.889219706784  292.480213626085
     0.446408620936   26.868520426103   14.914679905587  293.301321542439
     0.446819323887   27.092003498119   14.961341586151  295.128644468845
     0.447224781193   27.395885373531   15.030096586305  298.578695477186
     0.447630238499   27.565926685429   15.065099903188  300.494884474627
     0.448035695804   27.761264369471   15.099317052599  301.844917072511
     0.448441153110   27.995112339958   15.136654525773  303.116557510939
     0.448846610416   28.125135930435   15.157226462826  303.798616827419
     0.449252067722   28.171730586883   15.169353863279  304.642318555864
     0.449650826432   27.969071870708   15.137363692958  303.530972586494
     0.450023628369   27.863528052399   15.120135191523  302.823796195728
     0.450415159427   27.870069686200   15.117534600839  302.220219683051
     0.450806617384   27.921644360836   15.125344010151  301.888294512359
     0.451219517553   28.145826379648   15.168833740919  303.741595627451
     0.451806440282   27.983618243561   15.148013099673  303.598000283446
     0.452393188198   27.823970956914   15.139119410453  303.851796418278
     0.452979781680   27.693828640471   15.116365746224  303.099870853532
     0.453459778541   27.492496018950   15.087387742062  301.744177465655
     0.453847521863   27.363203272140   15.066094453491  300.626104660351
     0.454338280567   27.307606045621   15.051728933755  300.150085388965
     0.454925060386   27.427659839323   15.071270096137  300.706058941030
     0.455328964003   27.664166512108   15.119567271559  301.966612697342
     0.455904950583   28.075539268800   15.184709257194  305.394199109613
     0.456433393761   28.430233394809   15.256670694732  309.206934461599
     0.456959451530   28.545225911534   15.290892575246  310.385725853782
     0.457485509298   28.442998185325   15.272891548991  309.500024643510
     0.457543375653   28.413720057508   15.267048937839  309.144903661899
     0.458069433422   28.064291682112   15.186196433094  305.494576396671
     0.458595491190   27.819399930132   15.143129588938  303.761545964304
     0.459121548959   27.785954903597   15.138512901262  303.018474624774
     0.459647606727   27.811470865466   15.151362941826  303.366361642741
     0.460173664496   27.752547176349   15.145601380395  303.320214621516
     0.460699722265   27.731387359127   15.149277944918  303.212658393063
     0.461203128774   27.882332928708   15.185105997852  304.644614721752
     0.461676509195   27.932193689256   15.202959902393  306.073924245030
     0.462149889617   28.018345346006   15.224893014332  307.568236748139
     0.462623270039   28.125102923740   15.237742137716  308.061936505517
     0.463096650460   28.293326143476   15.265481543185  309.353743728116
     0.463570030882   28.334718882849   15.269607641065  309.153467993631
     0.464043411303   28.493140242800   15.295813928334  309.676952046388
     0.464516791725   28.675472175755   15.328283420503  311.068968484439
     0.464990172146   28.608434840030   15.322649662410  311.707774945480
     0.465463552568   28.402321394032   15.296593338089  311.004201209766
     0.465936932989   28.394297459195   15.299083896859  311.004003494832
     0.466394493592   28.363171497311   15.300533956891  311.149125277771
     0.466732374680   28.277788377792   15.294721690334  310.920478535772
     0.467070255769   28.160958694580   15.277131108453  310.000009262987
     0.467448686782   28.139351366294   15.269839531812  309.633493812361
     0.467955525892   28.239698792632   15.284207446937  309.759854772532
     0.468435237771   28.445389033904   15.321428200886  310.575102326114
     0.468890893424   28.630706457581   15.349757747462  311.426603601721
     0.469346549078   28.904377383773   15.402021682043  314.699349779906
     0.469802204732   29.026335829061   15.435573130430  316.092191135065
     0.470235431310   28.768588712862   15.380350398002  313.956996550229
     0.470671612513   28.487439976124   15.346560209801  312.997646324565
     0.471107712809   28.222057170853   15.307874906954  310.954748038155
     0.471540787378   28.066020554600   15.281158984937  309.664914310794
     0.471686076246   28.035753733663   15.276127678412  309.448895427447
     0.471990000285   28.061810745065   15.272830118189  309.389951845776
     0.472294093264   28.053581788985   15.276232947633  309.718837793319
     0.472639283126   28.023276910402   15.273890205537  309.722302485776
     0.473076646921   28.068683637124   15.283428119471  309.849108890827
     0.473512233100   28.406957509571   15.367534117102  313.011760270916
     0.473947712205   28.701692353484   15.413421156468  314.378552163795
     0.474383085413   28.981287987577   15.452738926205  315.814690134487
     0.474818377131   29.246836986169   15.509852446513  318.821437623938
     0.475253553133   29.358172501268   15.533165296209  320.197255867376
     0.475688689415   29.404770036167   15.552222352952  321.084506675348
     0.476116835684   29.142211296396   15.512034013655  319.182548001301
     0.476539779491   28.775561993739   15.435835165951  316.106780488142
     0.476962723297   28.423881916053   15.379917845626  314.014511451512
     0.477382296070   28.177208953651   15.342286661624  312.498325383813
     0.477820189960   28.099440126099   15.336221894378  312.083400748326
     0.478250767100   28.107273687106   15.347553875143  312.773103044650
     0.478678306321   28.039014041199   15.366586096419  314.055023709357
     0.479062985814   27.639683826040   15.307667432429  311.154628584247
     0.479508892912   27.252751006351   15.225140565398  307.752250349543
     0.480060807159   26.955631914282   15.170519313618  305.114100761063
     0.480525022125   26.942593271713   15.171729390496  304.339923917362
     0.480883467102   27.078542220368   15.205661636053  305.815696436042
     0.481266162056   27.171868796677   15.223254061921  307.581643007422
     0.481651844905   27.302623491594   15.257232761520  309.487457130698
     0.482028234123   27.467252513392   15.293562793004  310.676327629694
     0.482401458571   27.635068471304   15.325150698534  311.574809953918
     0.482783883013   27.840016987124   15.363046221994  313.012938199131
     0.483169306597   27.879896056752   15.370987365805  313.158408331612
     0.483554689043   27.850456979905   15.366315845347  312.994977324352
     0.483936889258   27.753796576628   15.347402154002  311.836542019401
     0.484306723515   27.796611855783   15.357708658497  312.002053125531
     0.484679555982   27.918600816248   15.387541688479  313.516269655997
     0.485058494756   28.063835401105   15.424834175136  315.741169405870
     0.485437339543   28.152742424328   15.452417090249  317.184277375777
     0.485822299245   28.112188128547   15.453456086391  317.279590184485
     0.486207189547   28.001708859117   15.434958429319  316.379212320414
     0.486592003627   28.007899116881   15.435701503338  316.246582057189
     0.486942907347   27.897546334527   15.407310812549  314.670718702648
     0.487287774696   27.664400302276   15.356978048189  312.604542837924
     0.487637677540   27.487696723824   15.323355302675  311.331437476268
     0.488010954997   27.481416695148   15.325741352912  311.083247200295
     0.488390086200   27.532770294627   15.343017787842  311.562260148661
     0.488764217810   27.650180131286   15.375142162898  313.352452802653
     0.489134290667   27.822457518977   15.402018105088  314.849252873630
     0.489500512514   28.138809350258   15.453546315213  317.051516363426
     0.489862708402   28.394355152484   15.498097766714  318.532131384849
     0.490246873369   28.594888450694   15.536537336037  319.877571373465
     0.490624854672   28.743638377900   15.562971325047  321.129900647624
     0.490996607959   28.736728736635   15.566388852557  321.927937580561
     0.491380588472   28.518162568496   15.549170552026  321.873881648347
     0.491761438916   28.138562931426   15.492102322797  319.123603208666
     0.492132562879   27.860617795425   15.440440585166  316.413753382855
     0.492516358599   27.693778091250   15.404407435383  314.662573661108
     0.492900083206   27.685188154877   15.402197259731  314.659177467177
     0.493283740049   27.725620025785   15.406881183521  315.089348648947
     0.493667328390   27.898190722209   15.438152500317  316.695427302804
     0.494050861371   28.124557646856   15.475858285582  318.224820267546
     0.494434318220   28.368846743083   15.520899412462  320.201725782872
     0.494817719174   28.485624112985   15.546239051807  321.496923586156
     0.495201039255   28.438495946093   15.543929471809  321.563491495791
     0.495584312680   28.359509040805   15.528722039789  320.842582956894
     0.495967513929   28.387484358877   15.531032735776  320.816875878145
     0.496347572574   28.371200149508   15.527878692132  320.600531456749
     0.496730624966   28.345329558876   15.529468666317  320.778545642611
     0.497109894165   28.239461443895   15.507635206311  319.558664277706
     0.497459596805   28.249621244239   15.502429966723  318.666578262826
     0.497803586452   28.510053792282   15.550659571118  320.338217194693
     0.498178366419   28.782482717947   15.612942229909  323.366383418164
     0.498552128701   28.781487555049   15.619937390176  323.974412546824
     0.498934802702   28.546011936615   15.574239280392  322.293387009042
     0.499306289968   28.345815854353   15.536562546581  320.727717985722
     0.499683734309   28.275099633931   15.514165561301  319.024420673844
     0.499970592007   28.440211615027   15.543612064026  320.029410290551
