# {0} signal over time, extracted at r = 500 km
# All quantities are measured in a resting observer's frame at infinity
# cols=4 rows=367
#              time        luminosity               <e>             <e^2>
#               "s"           "foe/s"           "MeV^1"           "MeV^2"
  -2.4326547193e-04  2.4576362215e-06    3.049158256576   12.283978914555
  -1.3627010187e-04  4.5618882511e-06    3.018928209423   11.807083650805
  -3.2763644557e-05  7.4960398007e-06    3.021684016120   11.713121006248
   1.8256644767e-05  9.2802367695e-06    3.029921423189   11.740958441032
   1.7927764445e-04  1.6516914762e-05    3.077523969725   12.052477311703
   3.6594193062e-04  2.8255890528e-05    3.162505400326   12.724440765667
   6.6083832093e-04  5.4091218253e-05    3.333915468440   14.223888712467
   1.2320014927e-03  1.1783192188e-04    3.650078515970   17.330837036212
   2.2330070274e-03    0.016305592653    4.928171841458   28.408939876548
   3.2335062317e-03    0.036387648388    6.339043807832   49.634051001037
   4.1656676814e-03    0.066533700407    7.331952470922   67.133990118050
   5.1657465493e-03    0.181194058930    8.659943128923   91.968783572689
   6.1663506165e-03    0.459686748220    9.547141038029  110.494586361788
   7.1675463975e-03    0.951469808674   10.000221645622  121.027519090961
   8.1685089356e-03    1.682984504710   10.261043519589  127.486760923458
   9.1707820510e-03    2.661664256323   10.444470321928  131.881344197896
     0.010171800296    3.820656565583   10.544800512873  134.010464865084
     0.011175978597    5.109017160794   10.575575463933  134.341627715382
     0.012178843743    6.513379018528   10.601650659114  134.626315851233
     0.013181708890    8.006507980945   10.644877230570  135.510753219056
     0.014185679649    9.575173967933   10.704197095372  136.850909454292
     0.015191655150   11.198661148440   10.766962913707  138.286533595989
     0.016194403941   12.856785352840   10.830193842571  139.783531640105
     0.017198466441   14.619657902632   10.900943146045  141.588846781894
     0.018202528941   16.385425919047   10.957465328106  142.984158736346
     0.019206591441   18.158143731910   11.021534508612  144.562757562700
     0.020208056805   19.943209894334   11.087064607876  146.232195676726
     0.021216441057   21.631295803685   11.143665365289  147.671925072660
     0.022224783938   23.404508482142   11.212162852364  149.626717926646
     0.023227158938   25.116278382077   11.269060553531  151.127222306296
     0.024228569504   26.850472415588   11.331680842786  152.760699963220
     0.025230886953   28.638720205050   11.397450506777  154.629751087426
     0.026232529202   30.278822282945   11.445956080736  156.003633049372
     0.027242594257   31.953872338358   11.508373709501  157.710266695024
     0.028254902533   33.624955252946   11.568306808499  159.542893005514
     0.029260033508   35.047192636744   11.605119830377  160.620431119320
     0.030269661614   36.412063692193   11.637512057644  161.359257215694
     0.031285889159   38.018714262594   11.706632237560  163.542898148204
     0.032293168712   39.207807723140   11.745123323317  164.772515959195
     0.033296771393   40.160694612660   11.741711008040  164.426330904101
     0.034300281645   41.355137803507   11.780499408171  165.697462053248
     0.035303019549   42.178439573865   11.818652329766  167.001257709136
     0.036306192868   42.820859648134   11.800967587947  166.154683709753
     0.037312795550   43.742855378583   11.844396932681  167.702788029712
     0.038321205976   44.068504496066   11.811514471633  166.413439084371
     0.039324787576   45.163081713718   11.877156118086  168.656541796424
     0.040333230616   45.564556392887   11.841490735157  167.145063680453
     0.041340773230   46.830742907040   11.906319533371  169.271759954372
     0.042346114403   48.111001629403   11.955781750820  170.815731673385
     0.043351150126   48.920240203531   11.943131978591  170.018004323849
     0.044356504527   50.186465023729   12.006821526691  172.089832791303
     0.045358625989   51.191307003089   12.070483080873  174.348458218976
     0.046370544283   51.848184039835   12.101262240643  175.232987903091
     0.047380396248   52.011466626065   12.063600533745  173.637796081939
     0.048385632584   52.872373735786   12.121457735631  175.685205121286
     0.049396130230   53.731948445745   12.184479671444  177.875030676633
     0.050403513509   53.874693984996   12.154071264592  176.383572036098
     0.051408781909   54.600105315522   12.193077545020  177.583782342085
     0.052422657264   55.452649952084   12.259094433445  180.087079888408
     0.053431461448   55.538786470526   12.240353055030  179.285791317651
     0.054434416985   55.941489670447   12.248645419433  179.506021416790
     0.055441231553   56.689666772755   12.305489288313  181.595910534516
     0.056444242109   56.277294576263   12.263648083766  179.709703737194
     0.057447110537   56.868389790986   12.326020602707  182.221194204942
     0.058457119301   56.904165162891   12.289860629502  180.568282986752
     0.059459950920   57.700264475526   12.336273032264  182.021025295649
     0.060476565113   58.622962809746   12.399514941362  184.390895393396
     0.061484144123   59.137389257677   12.413052925591  184.511304711327
     0.062486234517   59.474023154904   12.418746591647  184.357857429105
     0.063490365169   60.127226168432   12.482008235654  186.797376083224
     0.064507345282   60.150760403818   12.491729331348  187.051753341085
     0.065522196729   59.827735748892   12.460335444561  185.608731907039
     0.066535615420   60.203432357432   12.511273245433  187.584765970171
     0.067536357333   60.671694082534   12.558298761292  189.218947781989
     0.068537349570   60.844579515610   12.545284650857  188.407647141846
     0.069544494764   61.570820844090   12.581332722284  189.330716150053
     0.070008494764   61.922372093492   12.605757192969  190.177026137981
     0.071027884764   62.358016803939   12.647174347678  191.752773754772
     0.072046884764   61.058789377089   12.611100651089  190.553752115871
     0.073052884764   61.629687491801   12.644531436071  191.443011378918
     0.074071884764   62.111392010364   12.672542562424  192.228173519343
     0.075077884764   62.158134749108   12.688918953824  192.721745749205
     0.076083884764   62.656749298523   12.727356050409  193.953101215733
     0.077088884764   63.487718995038   12.781648600830  195.746767368726
     0.078090024764   64.262988870694   12.825529104794  197.112808998774
     0.079103024764   65.346744828637   12.886708580264  198.959180350345
     0.080109024764   66.124410213847   12.944247580894  200.847017718937
     0.081129024436   66.189534816743   12.974217442502  201.951521087944
     0.082148024436   66.317559613728   13.002652184403  202.862937472857
     0.083166024436   66.531442712713   13.036576517856  203.963854646983
     0.084185024436   66.488374716015   13.061203497583  204.814637790270
     0.085199024436   66.584461498538   13.089490077385  205.783723717772
     0.086218024436   66.650449355555   13.124693212403  207.048135436111
     0.087225414436   66.496399387362   13.142386735749  207.621846135622
     0.088237414436   66.536283918202   13.168213889319  208.426408928045
     0.089256414436   66.611751994348   13.197732494346  209.438050299173
     0.090015414436   66.671634638808   13.218273037585  210.130756483779
     0.091016554436   66.732030022534   13.246772049387  211.101705793755
     0.092020260436   66.703957726656   13.251730502323  211.282916864536
     0.093026260436   66.498629023347   13.273530205789  212.037963597305
     0.094034650436   66.612423268409   13.312295581605  213.376065349624
     0.095042790436   66.414107349131   13.335999991943  214.179081732656
     0.096047790436   66.194820455267   13.353906697233  214.778068196009
     0.097051788189   66.128397285426   13.385575162684  215.990249079308
     0.098068318189   65.999098624294   13.416085289407  217.147072005300
     0.099083458189   65.898703920065   13.440333095990  217.912359870466
     0.100088458189   65.915530977793   13.468978234855  218.870272760312
     0.101107458189   66.004434749256   13.503163027840  219.982907412772
     0.102120384189   66.024357443830   13.535944850757  221.091994360442
     0.103135524189   65.896035909393   13.564237373759  222.180978308453
     0.104146876769   65.708823445708   13.592276745231  223.256552708164
     0.105151876769   65.651212650151   13.621502159588  224.230648118153
     0.106155156769   65.752376572266   13.657999279262  225.459918158870
     0.107172201052   65.747843945666   13.693865677262  226.695122229148
     0.108183201052   65.619275784449   13.729624481385  228.053485710182
     0.109195201052   65.377172112567   13.755518516516  229.215237035280
     0.110197141878   65.147592941125   13.779124454820  230.022786742222
     0.111204298458   64.889097019224   13.798303030033  230.660510809716
     0.112205437521   64.618586988693   13.815387554888  231.131862991662
     0.113209290334   64.489468041074   13.838246343007  232.055538596788
     0.114220459644   64.552913052074   13.881056513527  233.803490589640
     0.115223755605   64.586241223299   13.914941942253  234.901975457082
     0.116228157247   64.517815029326   13.947333186858  235.914138577066
     0.117241504669   64.484626988060   13.985593905639  237.666244975296
     0.118245831294   64.482559800255   14.020529449344  238.892540077255
     0.119258582497   64.445603428315   14.057466300540  240.110282633442
     0.120258869265   64.313967578126   14.089405886801  241.303728586332
     0.121264183006   64.189490689073   14.128473796939  243.065772388582
     0.122274414051   63.969230254242   14.151835679253  243.918412982990
     0.123290616327   63.639265752854   14.166240586381  244.403372169373
     0.124292373958   63.268411927654   14.180916103013  244.769804616621
     0.125304962775   63.182157136677   14.214864464425  246.333385971062
     0.126314667591   63.205766721797   14.266200193690  248.183394688275
     0.127322453154   63.014730075146   14.281472142429  248.842399517762
     0.128337623576   62.574575035678   14.299006787918  249.297302488706
     0.129342800245   62.496980464136   14.334739132048  251.130934947106
     0.130343155862   62.472418207655   14.373929300824  252.291182852955
     0.131344294286   62.435919164364   14.406841227665  253.406522196967
     0.132346025344   62.380463416935   14.432448118466  254.807425778976
     0.133349723393   62.499835619704   14.489572420660  256.581369335088
     0.134350987737   62.425518149703   14.520610604603  258.365429732545
     0.135352067021   62.152327832182   14.550582230655  258.972372316196
     0.136354631130   62.061121496920   14.568518964091  260.556844672368
     0.137370439941   62.021616499595   14.609378976563  261.667536102860
     0.138370559776   61.803494635088   14.630162983997  262.871538217139
     0.139377572340   61.897575020957   14.675476015706  264.343047453258
     0.140382572109   61.966707307939   14.717480281426  266.570516028726
     0.141393497456   61.702454160851   14.759350122738  267.512082194892
     0.142399037083   61.649066906872   14.789518048619  269.622138011597
     0.143405633857   61.657633510113   14.830033113620  270.561595449406
     0.144412683736   61.448286509103   14.856489228859  271.949941234300
     0.145418600238   61.272503680063   14.882535847988  272.632159355334
     0.146419488300   61.152426792826   14.916207738212  274.485525887611
     0.147420657758   61.060120974061   14.956290449674  275.445220981654
     0.148429487401   61.122403738286   14.988740954015  277.350421893663
     0.149430780184   61.022893357999   15.044165504824  279.057122437260
     0.150433243849   60.924255485165   15.048356297570  279.790169287774
     0.151435989001   60.851047540388   15.098253211112  281.406001683415
     0.152444334483   60.687440924034   15.110134564231  282.177257302451
     0.153451450203   60.653443547625   15.157870561782  284.105282341884
     0.154454797856   60.659134244007   15.162953933625  284.581860875699
     0.155457941002   60.662298013582   15.238704567441  287.567203553006
     0.156463821769   60.541216189138   15.226288047729  287.411030923197
     0.157465055936   60.499343348688   15.293249823378  289.805119038883
     0.158467971789   60.397981143776   15.282877349006  289.737168025948
     0.159472318062   60.462198495292   15.360368584292  292.715259852434
     0.160474806159   60.497348169130   15.388131287124  293.444923260202
     0.161482521630   60.527509306614   15.407679592938  294.663430698950
     0.162489118451   60.814843592320   15.478501317164  297.856549350378
     0.163489123034   60.818956063606   15.477287993143  297.774636536944
     0.164490003584   60.490360659505   15.539548004130  300.377527092104
     0.165499772309   60.328675528638   15.555100004453  301.319532196725
     0.166505259055   59.919134831043   15.524213786421  299.851970278210
     0.167512638487   59.821660087370   15.597369492565  302.636288411097
     0.168512924332   59.827642027908   15.620141351015  303.882040027719
     0.169517593469   59.566850156120   15.594234667420  303.140447378660
     0.170522016959   59.110554160561   15.623325683937  303.867823345328
     0.171526219150   59.175871576588   15.682572244425  307.002200561657
     0.172515289900   59.044286685036   15.658141988750  305.878913072589
     0.173523726524   59.002093502120   15.747837059715  309.780192576176
     0.174526927251   58.833207273468   15.735101624602  309.044895964608
     0.175527053787   58.712815054542   15.783498724190  310.794267820689
     0.176531374833   58.521757989165   15.800225764325  312.001722984822
     0.177534469721   58.554567701824   15.832629766000  312.906394805453
     0.178541004204   58.498981464569   15.874073380068  315.183814280394
     0.179545198111   58.174827498353   15.841502407085  313.880374027764
     0.180545678341   58.211240825379   15.922730268571  317.714319029718
     0.181553871926   58.189549154208   15.925538767501  317.237337285614
     0.182554130976   58.084565882854   15.944605614545  318.771765274334
     0.183556505976   58.120454252821   16.003457594576  320.450666293801
     0.184562894578   57.815562148954   16.036331775701  322.770110560298
     0.185563983502   57.598057985561   16.015676806121  321.656427600527
     0.186564910800   57.567176522808   16.069340023814  324.069614309636
     0.187565568280   57.610399037941   16.067242552064  323.726945702898
     0.188566426598   57.411478061260   16.140096204108  327.230065801468
     0.189572362743   57.462790932519   16.147574512290  327.556869994856
     0.189829519351   57.366912495013   16.127006096391  326.885278759881
     0.190835593105   56.863458534929   16.112763699927  326.023656930195
     0.191840983736   56.314519756803   16.108879537175  324.556368180791
     0.192842971455   56.390450971023   16.152839367412  326.821761911731
     0.193844959173   56.579113458666   16.201586681120  329.097006413794
     0.194846946892   56.299662246307   16.217434323510  329.996322959381
     0.195854924988   55.984571000665   16.212668292190  329.692934062194
     0.196855380986   55.807863753702   16.204464171498  328.780159087594
     0.197856815120   56.019123937493   16.247073282107  330.463896447684
     0.198858249254   56.082972224523   16.319411737713  334.703860627048
     0.199859996328   56.073790457779   16.327783504040  334.565865197682
     0.200862464733   55.885676853345   16.319809036937  334.059858689800
     0.201863516426   55.689892375731   16.342796141124  334.895754965121
     0.202865966942   56.097403795220   16.434991171212  339.942334338961
     0.203870950566   55.859135995998   16.429608699064  339.178596752822
     0.204873329064   55.631819589982   16.416848094271  338.850888612312
     0.205877351715   55.540454288127   16.447449800677  339.651866490026
     0.206878281392   55.897030992589   16.536807986115  344.706991366592
     0.207880816683   55.771476661938   16.521228711826  343.738054666236
     0.208884615511   55.688767031046   16.558792415764  344.883287052588
     0.209888414339   56.092564995742   16.645032269561  349.823412065667
     0.210890661015   55.968751522184   16.643448574160  349.160095581922
     0.211894459843   55.738143001002   16.632805943391  348.344204019811
     0.212898258671   56.170785918632   16.728088770139  353.495023021443
     0.213904285922   56.138477882752   16.735476331312  353.089949621628
     0.214904791673   55.746581568994   16.726747015504  352.537427481138
     0.215906473744   55.716529844186   16.780546860903  356.135485132668
     0.216909234972   55.889099431135   16.841436178850  358.787090233246
     0.216990930068   55.891431911971   16.841381411977  358.718567398847
     0.217995299192   55.478236402093   16.810849522751  357.596580668420
     0.218999668316   55.340311672123   16.819996419399  357.672962077640
     0.220004037439   55.339201737809   16.856454510265  359.686172422452
     0.221004529311   55.483113388851   16.918107310225  363.552975188465
     0.222005732274   55.261645757144   16.921469579809  362.961959607265
     0.223009487211   55.056316182117   16.888428271765  360.504300099073
     0.224011060414   54.964343323450   16.911612013624  362.080442593547
     0.225012278421   55.321191911959   16.988679181678  366.582490820587
     0.226016770191   55.092578745831   16.982862802920  365.267229294507
     0.227017526136   54.965839237358   16.966290885749  363.620342857204
     0.228017602777   55.261155540036   17.012818423632  367.469561373207
     0.229018862766   55.541732191103   17.104493515058  371.771099248321
     0.230021592874   55.258655881522   17.105807269276  371.913430554359
     0.231022960632   55.200213909285   17.111174797686  372.090351983487
     0.232024006722   55.186664015295   17.119095679061  372.190046849813
     0.233025311599   55.294339163472   17.122563228014  371.800610864820
     0.234028862548   54.998483740690   17.122661951433  371.462591605318
     0.235030499511   55.034507583159   17.140945086507  372.164827716631
     0.235927494743   55.288257659572   17.249377284691  379.075139915567
     0.236927583960   55.339453372272   17.274478268999  380.529840987072
     0.237929801878   54.899835039879   17.256680741874  379.509594590144
     0.238931941383   54.971385702855   17.242402682671  377.443363241253
     0.239932731563   55.037250638695   17.248727892255  377.668806646702
     0.240933271302   55.299934047648   17.327743922146  383.271554241988
     0.241937262157   55.038560046237   17.326894808894  382.732830352362
     0.242938696846   54.761548072469   17.304807646079  380.162465428986
     0.243940474883   54.938178423927   17.325848526097  381.722120497317
     0.244940565933   55.449279103648   17.396910753072  385.039354817081
     0.245943686141   55.182859977047   17.417012253868  386.878559661560
     0.246944472744   54.996247258189   17.409508408196  386.726002754210
     0.247945826089   55.062573850109   17.425841155041  387.537389865936
     0.248945860123   54.958497575500   17.416572194507  386.322645099748
     0.249947876516   54.864587895949   17.424422029944  385.814239728020
     0.250949247802   54.694280002428   17.415520699866  384.895115370933
     0.251950965755   55.092875388906   17.505933045832  391.339460940059
     0.252301242938   55.270939103047   17.527455059532  392.463250054694
     0.253304998458   55.252447942936   17.556410437953  394.142911003823
     0.254305992344   54.296751737855   17.464458238507  387.705090483730
     0.255306103227   54.312636557999   17.478111554294  390.213836472543
     0.256306230014   54.570346894041   17.545757275573  392.666105190987
     0.257308743892   54.475194732340   17.550950060971  392.590126574901
     0.258311047022   54.440401968236   17.548428337257  391.943224609192
     0.259312043272   55.013047509528   17.665129600142  399.926209489092
     0.260313612806   55.022556183489   17.656149715198  397.983070809408
     0.261313887808   55.130669122782   17.674469022033  398.439627176876
     0.262314135669   55.429048057979   17.753251882103  403.828464677356
     0.263315459028   55.266451342282   17.745592242707  403.080272431938
     0.264316782386   55.176291970616   17.732389935279  401.427518098466
     0.265318105744   55.218155129150   17.736569503103  400.967328974424
     0.266156504835   54.863077060776   17.724871848027  400.319831713494
     0.267157637104   54.528591910159   17.713338801034  399.852869703260
     0.268157905634   54.949702377758   17.801582036158  405.909440882305
     0.269159525542   54.978373729873   17.823315087655  407.175575192030
     0.270160753077   54.224727906017   17.741727289403  401.474873402715
     0.271163337211   54.303134054938   17.763978789525  404.160121804632
     0.272164977962   54.493496536564   17.832912286674  408.205289794438
     0.273165894586   54.281303900114   17.831595027782  408.030297326322
     0.274166940984   54.336270189669   17.841475648808  408.013871614953
     0.275168122246   54.395305303403   17.840041065415  406.936886968444
     0.276169303508   54.185483883351   17.829552352842  405.854881761049
     0.277170484769   54.074111400761   17.842236339849  406.348698932339
     0.278170628249   53.384715852282   17.807867661485  405.369709213689
     0.279115546328   53.510113761404   17.837048315280  407.457742409085
     0.280117033179   53.624808079520   17.910828350632  412.340533731229
     0.281118468770   52.968970966506   17.836803440701  406.444207733950
     0.282118982949   52.954693176079   17.844254078979  408.181190065450
     0.283119462351   53.560253637486   17.938850473137  413.549631465468
     0.283855832912   53.469520872179   17.951156368915  414.103146601419
     0.284857343240   53.341544848538   17.958296622844  413.263027425307
     0.285857775329   53.073151499066   17.921386648348  411.658543791388
     0.286859294393   53.466268018417   17.957973827360  413.547683873198
     0.287861607629   53.287887864821   17.958991156636  413.412918214967
     0.288862625619   53.139452781498   17.950280183193  412.647756848120
     0.289865491417   53.165946140203   17.965210744684  413.367252335150
     0.290866291800   52.967788526784   17.961031196672  413.627674328284
     0.291866779868   52.319972901645   17.904863421767  409.414350449020
     0.292868107648   51.738728574805   17.852258119123  406.558569421508
     0.293869309295   52.300981216426   17.949860107504  412.843879250014
     0.294870403332   52.349085865429   17.978783918522  414.255351247108
     0.295872027606   52.108590898106   17.975973233790  414.279092456712
     0.296872327653   51.839619926794   17.965623482553  413.658396470193
     0.297722470040   52.171796669180   17.988788559123  413.603869891370
     0.298723462409   52.541803061990   18.054089187635  417.607612673044
     0.299725876200   52.925623283675   18.120723321162  421.898959860741
     0.300727210605   52.501285597081   18.097770175575  420.546353684021
     0.301729479598   52.419618414137   18.097447097378  420.464158259358
     0.302730827396   52.674888420825   18.130412876013  422.373193395177
     0.303731075215   52.805638204411   18.145355720427  422.608677960118
     0.304732664620   52.943080795922   18.155423464977  421.976796463506
     0.305734254026   53.550830848377   18.251376961285  428.056953219157
     0.306735487863   53.716968299139   18.280945051736  429.915292224043
     0.307736019637   53.729853248576   18.294711147238  430.749435758166
     0.308738135720   53.808429193504   18.315970181202  431.209162490075
     0.309738747435   53.749124979430   18.316219334873  431.702656196630
     0.310269644245   53.658747603758   18.313148547849  431.411267311788
     0.311270461482   53.516164481637   18.308252378600  431.363897330709
     0.312270681496   53.706025016084   18.327645698832  431.582812975425
     0.313271224216   54.001772115973   18.354640245001  431.638589031857
     0.314271293182   54.264954819172   18.420129883887  436.657643273734
     0.315273361418   54.056042056796   18.420732166462  436.996917565855
     0.316275021357   53.966537850233   18.431545869919  437.749947959123
     0.317276877627   53.477347481455   18.386509603220  434.653733796533
     0.318278442418   52.596147723640   18.337438446908  433.342430494713
     0.319279999786   51.975766024954   18.294444516689  430.970540946879
     0.320280189822   52.049720513052   18.310918423925  431.470618977780
     0.321280379858   52.122107508806   18.321554372785  431.673390786665
     0.322052111695   52.285135769315   18.345615975496  432.084466357692
     0.323054412317   52.165897384721   18.370771503791  434.182829136551
     0.324055197263   52.073287212950   18.401084356864  436.501377477601
     0.325057402423   51.782200492524   18.385672206994  435.731940852255
     0.326058245047   51.619217255102   18.388544763399  436.140904205002
     0.327058958640   51.301859086758   18.378537328073  435.464008658382
     0.328060810308   50.469571601881   18.302519454819  431.597607867545
     0.329061364541   50.095888105118   18.280159502841  429.827708143009
     0.330062866792   50.337335729350   18.337446054536  433.356738043009
     0.331063875579   51.152787952125   18.421482046414  437.024331069567
     0.332064186791   51.817965435453   18.522626774389  443.523237782906
     0.333064498002   51.855101532341   18.543719525883  444.813739894122
     0.333927311327   51.917283988572   18.556686793879  445.437555403904
     0.334927341514   51.634256609309   18.541263705982  444.224441975869
     0.335927513051   51.403659821860   18.526199175556  443.602753777947
     0.336928365133   51.887650150687   18.579075994585  445.488624844622
     0.337929217215   52.159449955862   18.606173508360  446.556273281806
     0.338929657528   52.718460936318   18.696012600368  452.706796610046
     0.339930710542   52.018642370704   18.647745599898  449.685476582697
     0.340930787864   51.152949828464   18.582142349219  446.694239025125
     0.341931501796   51.083118573349   18.570937067165  445.498414454898
     0.342867374579   51.087960110767   18.579335761215  445.225755890356
     0.343868620401   51.646218363160   18.653437608351  450.082117200554
     0.344869866223   52.508638177227   18.768741781272  455.435578384297
     0.345871112045   52.794205920526   18.842370808102  460.270580742970
     0.346872357867   51.813010722486   18.714693316245  453.314825474138
     0.347873603689   51.771309131387   18.697857785698  453.056253181510
     0.348874646318   51.975091076587   18.737845320633  454.066891803755
     0.349875034150   52.688758236453   18.840978828833  460.359519267750
     0.350875421983   52.898885671441   18.878951493279  462.044518379906
     0.351366392465   52.816494512240   18.874017435513  461.424429927982
     0.352367443518   53.246784439200   18.946231450946  465.750578853616
     0.353368432545   53.254283167523   18.961581544302  466.981845855636
     0.354369126404   54.142032597734   19.054051592759  470.801132859475
     0.355369813184   55.078464881260   19.166743204064  477.200470244552
     0.356370165935   55.557405939239   19.211594667016  478.256491164968
