# {0} signal over time, extracted at r = 500 km
# All quantities are measured in a resting observer's frame at infinity
# cols=4 rows=987
#              time        luminosity               <e>             <e^2>
#               "s"           "foe/s"           "MeV^1"           "MeV^2"
    -0.136560972782  5.2616080736e-12    4.240130357757   19.931628034074
    -0.135546984301    0.016748506857    3.232490276211   12.182596266607
    -0.134523131839    0.082547921346    3.831947706058   17.137164097572
    -0.133509598884    0.111546562902    3.916641748486   17.889065483124
    -0.132474172522    0.116378398772    3.939638178370   18.102307382972
    -0.131458904684    0.117468900892    3.964141125453   18.316600610732
    -0.130452627190    0.117867512397    3.989362283709   18.533509085101
    -0.129422001484    0.118383250391    4.016440438557   18.764114709378
    -0.128406690186    0.119603779070    4.038674749746   18.953362647029
    -0.127391378889    0.121224798942    4.054066663182   19.092505283461
    -0.126338098508    0.122973985075    4.071978158090   19.250873949510
    -0.125298098508    0.124752792566    4.090200051024   19.411314861763
    -0.124258098508    0.126573787632    4.108414155613   19.572347017933
    -0.123218098508    0.128548674305    4.127752985063   19.743962459837
    -0.122178098508    0.130685739411    4.149581659994   19.937387256083
    -0.121138098508    0.132948252523    4.171901136279   20.135805710983
    -0.120098098508    0.135318143103    4.193150801223   20.326306022070
    -0.119058098508    0.137797310569    4.213904492744   20.513837350885
    -0.118018098508    0.140371187579    4.234824317324   20.703915811696
    -0.116978098508    0.143003757578    4.256102472031   20.898089698663
    -0.115938098508    0.145707998249    4.277888567002   21.097744124656
    -0.114898098508    0.148394723516    4.301303721310   21.312617017683
    -0.113858098508    0.151082605215    4.327465015818   21.552062064034
    -0.112818098508    0.153959493217    4.353517051362   21.791703988469
    -0.111778098508    0.157109285719    4.377886624198   22.018362176467
    -0.110738098508    0.160582883700    4.399682063181   22.224505097242
    -0.109698098508    0.164360015483    4.418780968836   22.409065762358
    -0.108658098508    0.168430125660    4.436112556645   22.579812949981
    -0.107618098508    0.172752615030    4.452831486380   22.746631835505
    -0.106578098508    0.177288279384    4.469758829407   22.916665779683
    -0.106338098508    0.178367291210    4.473747843732   22.956806648477
    -0.105298098508    0.183197106218    4.491393534146   23.134563751522
    -0.104258098508    0.188290512966    4.509598131694   23.318451427370
    -0.103218098508    0.193775990013    4.528941763358   23.512550716802
    -0.102178098508    0.199542935240    4.548764434601   23.711608530287
    -0.101138098508    0.205584740002    4.571112053452   23.934280012100
    -0.100098098508    0.211797541945    4.594977251086   24.172286650371
    -0.099058098508    0.218137910245    4.618884601571   24.413128562425
    -0.098018098508    0.224705575573    4.641527998396   24.645166709714
    -0.096978098508    0.231594918155    4.662763896241   24.866467571519
    -0.095938098508    0.238847103552    4.683459950583   25.084531632746
    -0.094898098508    0.246478209279    4.704106357192   25.303731075328
    -0.093858098508    0.254489901955    4.724855774522   25.525497278128
    -0.092818098508    0.262972068681    4.745493761566   25.747822275825
    -0.091778098508    0.271915785758    4.766042363220   25.971120896112
    -0.090738098508    0.281323287936    4.786979643942   26.200225069305
    -0.089698098508    0.291198552792    4.808971185807   26.441840137762
    -0.088658098508    0.301574132433    4.832214697230   26.697971141223
    -0.087618098508    0.312520328839    4.856584750748   26.967373526082
    -0.086578098508    0.324096007346    4.882173210033   27.250892833683
    -0.085538098508    0.336350539593    4.909413382407   27.552546826908
    -0.085298098508    0.339275152198    4.915883076279   27.624250048390
    -0.084258098508    0.352409287772    4.943897026053   27.936173315016
    -0.083218098508    0.366263301085    4.972098281166   28.252308964076
    -0.082178098508    0.380863423167    5.000602870239   28.573777974048
    -0.081138098508    0.396235362530    5.029609510148   28.902329093142
    -0.080098098508    0.412360596366    5.059088734749   29.237440701096
    -0.079058098508    0.429258220067    5.088805947027   29.576393363117
    -0.078018098508    0.447066031054    5.119380063174   29.923752146286
    -0.076978098508    0.465794689489    5.149938862272   30.271266547097
    -0.075938098508    0.485482427536    5.179307226626   30.608351480098
    -0.074898098508    0.506264877519    5.209053178701   30.950802531888
    -0.073858098508    0.528281755523    5.240347397411   31.310317779232
    -0.072818098508    0.551369078831    5.272577428608   31.680427833393
    -0.071778098508    0.575340452964    5.304843057724   32.051815446618
    -0.070738098508    0.600322561263    5.336488330896   32.416624796108
    -0.070578098508    0.604276160153    5.341293878956   32.472074873620
    -0.069538098508    0.630745975145    5.371936751338   32.826158601122
    -0.068498098508    0.658453875518    5.401714235235   33.171053184434
    -0.067458098508    0.687311908965    5.431093505365   33.511977797732
    -0.066418098508    0.717291261765    5.460341074392   33.851602539564
    -0.065378098508    0.748483454427    5.489701075125   34.192683696948
    -0.064338098508    0.780872378365    5.519114676461   34.534819362936
    -0.063298098508    0.814665296419    5.547826072127   34.870276128393
    -0.062258098508    0.850222869194    5.576381602229   35.204044874334
    -0.061218098508    0.887474835279    5.605429895166   35.542891563115
    -0.060178098508    0.926301806232    5.633778765253   35.876106985829
    -0.059138098508    0.966767294540    5.661615537883   36.205780022530
    -0.058418098508    0.995761385699    5.680498279901   36.431293868605
    -0.057378098508    1.039319446977    5.706573825384   36.745683709678
    -0.056338098508    1.085074078114    5.732011432754   37.054367853364
    -0.055298098508    1.132984290751    5.757695962652   37.367140721913
    -0.054258098508    1.183462513442    5.784439865366   37.693332615821
    -0.053218098508    1.236545107782    5.811688355265   38.027597802694
    -0.052178098508    1.293349395054    5.838448229597   38.359746534016
    -0.051138098508    1.354038942030    5.866357961960   38.707237361100
    -0.050098098508    1.418766350901    5.895556521739   39.070651156832
    -0.049058098508    1.487670532512    5.925461669018   39.442743532886
    -0.048098098508    1.554842651065    5.952487601251   39.782111371110
    -0.047058098508    1.632513025183    5.981628611586   40.150558619007
    -0.046018098508    1.714223219780    6.011729369903   40.533020031552
    -0.044978098508    1.800160327025    6.042776479144   40.930730204615
    -0.043938098508    1.892121853404    6.074271778442   41.336528517779
    -0.042898098508    1.989814589231    6.102597314068   41.713786041361
    -0.041858098508    2.093913894868    6.132765887520   42.116010064289
    -0.040818098508    2.205310554365    6.165916358973   42.557203170094
    -0.039778098508    2.324432357767    6.200655715374   43.022493913394
    -0.038738098508    2.452457612175    6.235093232814   43.490808910450
    -0.037698098508    2.589982788335    6.270585911210   43.974968695218
    -0.036658098508    2.738020463716    6.309161620981   44.500645041741
    -0.035618098508    2.898466078972    6.350206917391   45.062827683724
    -0.034578098508    3.074777198265    6.392582495204   45.647490077821
    -0.033538098508    3.268206412599    6.437068552944   46.265282628216
    -0.032978098508    3.379671431602    6.461285775022   46.604293330500
    -0.031938098508    3.602076973223    6.507161045845   47.250083101891
    -0.030898098508    3.846436332318    6.555153533272   47.930798557218
    -0.029858098508    4.115591965837    6.604870912783   48.642578095687
    -0.028818098508    4.412782513088    6.655598827289   49.375219397424
    -0.027778098508    4.740903857371    6.707817113599   50.134916144585
    -0.027538128410    4.821815382771    6.720119907347   50.314938798348
    -0.026498128410    5.196919913255    6.774354713223   51.113991320763
    -0.025458128410    5.613912728140    6.832283379130   51.973021490838
    -0.024418128410    6.081083153259    6.892104174180   52.866371285460
    -0.023378128410    6.605597623479    6.953162070337   53.788183486386
    -0.022978128410    6.824748190159    6.977311996527   54.155073075977
    -0.021938128410    7.449750084915    7.041605133977   55.137223404783
    -0.020898128410    8.160489651067    7.107792107054   56.159048906393
    -0.019858128410    8.967837455217    7.176871539462   57.233854613598
    -0.019378128410    9.376890854060    7.208784103627   57.733281483156
    -0.018338128410   10.353998153211    7.276652579189   58.804612486578
    -0.017298128410   11.482363381841    7.345883148472   59.909298881574
    -0.016418128410   12.581915788935    7.406119766814   60.883268952650
    -0.015378128410   14.070124307289    7.476481479676   62.033957144185
    -0.014338186457   15.786592771034    7.543466038671   63.144110275753
    -0.013858186457   16.673707416251    7.573910191372   63.653924714736
    -0.012818186457   18.838806852348    7.638973815344   64.752327408381
    -0.011898186457   21.072299936078    7.695933956224   65.729134199867
    -0.010878186457   23.955869445653    7.755659563846   66.776842096285
    -0.010218186457   26.089438747839    7.791616339060   67.424775589719
  -9.1981864567e-03   29.889369881699    7.842200796501   68.367152107006
  -8.8831864567e-03   31.211948514394    7.856889224635   68.648839837529
  -7.8481864567e-03   36.158145528798    7.900968723124   69.525471337362
  -7.7581864567e-03   36.633849707235    7.904235481852   69.593716002615
  -6.7681864567e-03   42.449722977508    7.934249598170   70.262336127280
  -5.9497489567e-03   48.198856549303    7.950172170337   70.688879901415
  -5.2916239567e-03   53.587099896261    7.959197355558   70.985727118395
  -4.6970491833e-03   59.108332424281    7.966991469477   71.257590924954
  -4.1465023083e-03   64.775560353212    7.977395383954   71.571418247242
  -3.6694031208e-03   70.023856772788    7.992620991942   71.953856913766
  -3.2441687729e-03   74.893880510253    8.013748469214   72.427924529242
  -2.8758521529e-03   79.200094479681    8.040334714531   72.986812591823
  -2.5475609722e-03   83.016383219332    8.071054400018   73.612805265402
  -2.2611144695e-03   86.264534034944    8.103135895675   74.257440916411
  -2.0033388540e-03   89.079403836231    8.136295112367   74.918793165232
  -1.7841847516e-03   91.367723264606    8.167519562370   75.539791125258
  -1.5819606677e-03   93.387308108148    8.198738509668   76.160390631282
  -1.4068031116e-03   95.056400909478    8.227694176772   76.736099038341
  -1.2477016647e-03   96.493678554452    8.255546001573   77.290127436498
  -1.1074430490e-03   97.691985786080    8.281445581367   77.805492194775
  -9.8580585725e-04   98.671692462449    8.304872852269   78.271935750935
  -8.7531874139e-04   99.506820960252    8.326847407803   78.709929822862
  -7.8016899450e-04  100.182959132432    8.346304398184   79.098123787426
  -6.9397834006e-04  100.758906833882    8.364355400017   79.458575385651
  -6.1899247069e-04  101.229274801873    8.380382638335   79.778875603762
  -5.5370304995e-04  101.613588924904    8.394578340538   80.062775314197
  -5.1103867600e-04  101.851292402842    8.403975154386   80.250797146747
  -4.7944219213e-04  102.020215666338    8.410996029250   80.391321841732
  -4.7340111737e-04  102.051884181793    8.412347400261   80.418371051796
  -4.5676575351e-04  102.137885403971    8.416079319570   80.493075394413
  -4.3176483495e-04  102.263754712163    8.421716169965   80.605928673338
  -4.1212430242e-04  102.359749769545    8.426167893216   80.695068499912
  -3.9495743642e-04  102.441544705797    8.430075618062   80.773324737273
  -3.7975828093e-04  102.512292091531    8.433548371261   80.842877136537
  -3.6559595545e-04  102.576779962887    8.436795118524   80.907908713339
  -3.5229910499e-04  102.636052292238    8.439852954847   80.969161257387
  -3.4061279752e-04  102.687115036678    8.442547959443   81.023149563763
  -3.3227195621e-04  102.722965505885    8.444475723712   81.061770083226
  -3.2606460977e-04  102.749321631796    8.445912687127   81.090559121964
  -3.1790429793e-04  102.783546624675    8.447804719839   81.128466786727
  -3.0962778026e-04  102.817764863352    8.449727122869   81.166984642849
  -3.0185374839e-04  102.849449757624    8.451535926695   81.203227959688
  -2.9423291889e-04  102.880079087496    8.453312001114   81.238816939978
  -2.8759202066e-04  102.906420224885    8.454862036238   81.269877727884
  -2.8122586737e-04  102.931364303400    8.456349987350   81.299695456409
  -2.7626219349e-04  102.950603525634    8.457511500152   81.322972251351
  -2.6938337755e-04  102.976960321863    8.459123135844   81.355270567897
  -2.6063260413e-04  103.009974514171    8.461176661487   81.396426387442
  -2.5108543274e-04  103.045332007052    8.463421282517   81.441414236308
  -2.4201639840e-04  103.078275730045    8.465557506939   81.484231667284
  -2.3368247000e-04  103.107993089761    8.467523987445   81.523648672010
  -2.2441393527e-04  103.140413536169    8.469714836088   81.567565062692
  -2.2328249051e-04  103.144325612303    8.469982550887   81.572931659149
  -2.1396119600e-04  103.176175219841    8.472190384611   81.617190989197
  -2.0475621763e-04  103.206959941832    8.474374603616   81.660979090946
  -1.9679153069e-04  103.233058206817    8.476267665034   81.698931943236
  -1.9450858909e-04  103.240446614295    8.476810798626   81.709821206281
  -1.8913734755e-04  103.257665694108    8.478089607413   81.735460518480
  -1.8323584932e-04  103.276319033557    8.479496173493   81.763662133112
  -1.7952626489e-04  103.287901950079    8.480381136923   81.781406069895
  -1.7822847143e-04  103.291928153284    8.480690876366   81.787616582458
  -1.7268952913e-04  103.308958078865    8.482013679799   81.814140302235
  -1.6451675973e-04  103.333632402167    8.483968032938   81.853328736244
  -1.6038149056e-04  103.345910704502    8.484958016973   81.873180430815
  -1.5341310863e-04  103.366283592805    8.486627946024   81.906667773978
  -1.4523342669e-04  103.389689163467    8.488590903457   81.946032859147
  -1.4173104483e-04  103.399542367852    8.489432273224   81.962906211333
  -1.3767006573e-04  103.410839911280    8.490408531663   81.982485087862
  -1.3246795647e-04  103.425110366616    8.491660112492   82.007586236164
  -1.2419692303e-04  103.447333054063    8.493652521977   82.047546551593
  -1.1993564330e-04  103.458558156712    8.494680144909   82.068157565592
  -1.1495575664e-04  103.471481790585    8.495882055102   82.092264866609
  -1.0608614800e-04  103.493976265430    8.498025347109   82.135255610409
  -9.7001547817e-05  103.516318425102    8.500224058031   82.179360165328
  -9.5565749675e-05  103.519784750811    8.500571864762   82.186337129931
  -8.9473030305e-05  103.534295215176    8.502048745993   82.215963821963
  -8.1959933286e-05  103.551744290649    8.503872046989   82.252541224527
  -7.5326093009e-05  103.566741606058    8.505483905930   82.284878179117
  -6.8584512773e-05  103.581586026047    8.507123790882   82.317778662291
  -6.3726764510e-05  103.592033708248    8.508306583019   82.341509438463
  -5.7770496414e-05  103.604557563966    8.509758154984   82.370633763228
  -5.1966259586e-05  103.616457005456    8.511174056086   82.399043369883
  -4.6924148754e-05  103.626548767693    8.512405143876   82.423745545558
  -4.2141915153e-05  103.635908549178    8.513573713703   82.447193966651
  -3.6866525550e-05  103.645993141439    8.514863847394   82.473082455498
  -3.1503732724e-05  103.655985188395    8.516176486169   82.499423385175
  -2.6777747666e-05  103.664573010799    8.517334202544   82.522656163832
  -2.2432775423e-05  103.672287552798    8.518399353020   82.544031941702
  -1.8027196181e-05  103.679931978267    8.519480114939   82.565721592482
  -1.3715674108e-05  103.687239320123    8.520538538251   82.586963496116
  -9.6590604490e-06  103.693956958361    8.521535043170   82.606963248367
  -5.6873776466e-06  103.700385311241    8.522511303465   82.626557174674
  -1.8222296293e-06  103.706499518465    8.523461961954   82.645637722022
   1.8756546316e-06  103.712217849876    8.524372019233   82.663903792734
   5.5174904115e-06  103.717723608402    8.525268796644   82.681903725532
   9.3980662212e-06  103.723452223738    8.526224917511   82.701095236477
   1.3008949822e-05  103.728654476960    8.527115107533   82.718963778738
   1.6814266300e-05  103.734002558865    8.528053771481   82.737805755324
   2.0371072313e-05  103.738876368933    8.528931629893   82.755427573864
   2.0786240107e-05  103.739437369686    8.529034129032   82.757485130586
   2.8039247732e-05  103.891821073598    8.530531797253   82.787661567590
   4.1670714413e-05  103.901959602001    8.533741859250   82.852302248624
   5.8764096728e-05  103.912831642165    8.537791061607   82.933819858382
   7.6906259449e-05  103.921907217580    8.542128411894   83.021097302443
   9.3671217050e-05  103.927803837675    8.546177729680   83.102535003937
   1.1119275672e-04  103.931175652458    8.550452480864   83.188462683131
   1.2754303976e-04  103.931567671305    8.554478040363   83.269346723446
   1.4468893925e-04  103.928963500374    8.558732520975   83.354803267088
   1.6053017375e-04  103.923707709836    8.562688184994   83.434241598471
   1.7730666779e-04  103.915061782038    8.566897579391   83.518767492838
   1.9524827892e-04  103.902230139543    8.571415975027   83.609498317482
   2.1158813288e-04  103.887270163479    8.575541016941   83.692337146863
   2.2918378469e-04  103.867625708093    8.579989524017   83.781683998614
   2.4799806106e-04  103.842529009101    8.584749863301   83.877311457058
   2.6530518440e-04  103.815685610323    8.589130172829   83.965322003856
   2.8511335972e-04  103.780516374798    8.594143740967   84.066075994141
   3.0613380943e-04  103.737986839913    8.599464481998   84.173023509501
   3.2624230906e-04  103.692271013888    8.604555724595   84.275374048474
   3.4724296946e-04  103.639257533111    8.609875955226   84.382340202918
   3.6956468442e-04  103.576989462214    8.615536713886   84.496161606702
   3.9320687481e-04  103.504361001744    8.621541765953   84.616910642167
   4.1847989385e-04  103.419084986480    8.627974827872   84.746267282846
   4.4475471451e-04  103.321994548944    8.634680810208   84.881110258062
   4.7011312732e-04  103.220059134315    8.641172510348   85.011641842065
   4.9846023812e-04  103.096400967906    8.648453691417   85.158045442718
   5.2543778067e-04  102.971416428733    8.655577412766   85.301215947737
   5.5655541431e-04  102.814293919879    8.663703946111   85.464600580941
   5.9042798515e-04  102.628419250113    8.672573010162   85.642936692850
   6.2702327915e-04  102.409703974858    8.682181100901   85.836159239051
   6.6621137493e-04  102.154239334963    8.692504126749   86.043783089493
   7.0851945139e-04  101.852958164005    8.703692021715   86.268820374374
   7.5313819973e-04  101.505698064031    8.715540438319   86.507156355911
   8.0057076059e-04  101.102409201989    8.728190032386   86.761617445136
   8.5107442719e-04  100.633453533178    8.741715431962   87.033706582192
   9.0668175820e-04  100.069011279983    8.756668354289   87.334534485596
   9.5921848540e-04   99.488699351483    8.770847832324   87.619841128037
   1.0263634024e-03   98.679937054881    8.789035868076   87.985903654626
   1.0991090114e-03   97.718061216585    8.808807134481   88.384023143780
   1.1811909499e-03   96.524727394490    8.831163837799   88.834494878418
   1.2687910657e-03   95.123233564557    8.855059660071   89.316318042904
   1.3735315611e-03   93.269449300196    8.883600947626   89.892355320746
   1.4875774712e-03   91.023661250155    8.914582803699   90.518658916482
   1.6030919171e-03   88.505632518647    8.946046498150   91.155487502280
   1.7264911817e-03   85.557878047906    8.980391143092   91.848918009552
   1.8689405453e-03   81.868211719993    9.021910471230   92.680328504055
   2.0114841295e-03   77.964883306970    9.064678055582   93.531613188107
   2.1673462523e-03   73.667426790214    9.106898472483   94.384631955693
   2.3416451897e-03   69.276979171136    9.135801181473   95.017031081914
   2.5138015756e-03   66.032572745367    9.137163105273   95.140225606760
   2.6859579616e-03   64.625726640457    9.121330943127   94.916799217365
   2.8581143475e-03   65.730548547944    9.118774747454   94.921405722952
   3.0416144105e-03   70.229853418033    9.171202086210   96.024955481013
   3.2527300997e-03   80.133803635373    9.334727937541   99.516254972474
   3.4606771991e-03   95.030291873514    9.597163405843  105.294956270166
   3.6686242984e-03  114.872932126758    9.928305594502  112.842238158758
   3.8765713978e-03  139.078433266399   10.294327692613  121.501178099392
   4.0845184972e-03  166.627849942166   10.666672593028  130.631384723656
   4.3369517850e-03  202.760600972538   11.101119780105  141.679699704923
   4.5889731598e-03  239.502038063208   11.498363850676  152.142600350055
   4.8409945345e-03  274.410482755170   11.850097942566  161.687472177991
   5.0916963732e-03  305.208549251742   12.149172705028  170.015074354729
   5.3427349398e-03  330.569311986419   12.395598822525  177.036262438142
   5.5964386135e-03  349.754884320165   12.592654000238  182.769345093327
   5.8501422872e-03  362.255050704668   12.742831939024  187.228927236330
   6.1038459610e-03  368.473210666362   12.849097653974  190.473119781138
   6.3575496347e-03  369.304593767515   12.916410377469  192.609965742045
   6.6112533085e-03  365.758296812263   12.950075807437  193.778089878257
   6.8649569822e-03  358.852797530717   12.957089769315  194.165116790060
   7.1186606559e-03  349.490785369299   12.941961690839  193.910627604860
   7.3723643297e-03  338.960506957240   12.911076511568  193.175647179064
   7.6261335495e-03  327.632500692340   12.868228776028  192.068073020635
   7.8780946539e-03  316.375292963286   12.818329109639  190.725831248253
   8.1300557583e-03  304.478645042051   12.758748577599  189.133935119852
   8.3820168627e-03  292.801202399265   12.689811423158  187.269734027132
   8.6339779671e-03  281.321591930062   12.617055264899  185.297894714804
   8.8859390715e-03  270.151840675933   12.534726107007  183.078745105376
   9.1379001759e-03  259.548722287790   12.453188977053  180.880674590944
   9.3898612803e-03  248.778210333958   12.363504407761  178.511088151672
   9.6418223847e-03  238.712334903859   12.270804989687  176.044771063511
   9.8937834892e-03  228.807539337327   12.175338486540  173.504884725527
     0.010148647011  219.259507394752   12.071538731405  170.748689471062
     0.010400845460  210.485757323611   11.973050579155  168.117699606503
     0.010653043910  201.698376300380   11.867810626519  165.339592801454
     0.010905242359  193.754729731425   11.765920571487  162.646703786510
     0.011157440809  186.112605405744   11.665152083657  159.991905008042
     0.011409639258  178.852472104911   11.561000673374  157.264676895710
     0.011661837708  172.268360086118   11.465411018347  154.773388785127
     0.011914036157  165.816237450104   11.370005253836  152.324958815173
     0.012166234607  160.093344877277   11.281504691248  150.044408324853
     0.012418433056  154.766650969489   11.200975273488  147.957255644809
     0.012670631506  149.419961963862   11.116996371764  145.792505545667
     0.012922829955  144.647521678712   11.037768314749  143.744254635247
     0.013175028405  140.308623830924   10.965658478374  141.880419436220
     0.013427226854  136.015002227067   10.893065932840  140.021233184119
     0.013687674263  132.000233341776   10.823860988878  138.245501715198
     0.013939174323  128.645608953392   10.767009792078  136.783122413985
     0.014196946366  125.029693284888   10.706782621161  135.268556093401
     0.014447351016  121.300149851036   10.641866727108  133.665680930706
     0.014702084432  118.154675484188   10.587520633050  132.315686857549
     0.014953396440  115.674428957894   10.547584363541  131.317270029321
     0.015204708448  112.973528146505   10.503619784176  130.243047982817
     0.015456311082  109.828424726563   10.446967567873  128.889810062535
     0.015714045147  106.813569680250   10.390591297537  127.563686296111
     0.015964672209  104.426630776990   10.350278137792  126.635001080159
     0.016214827603  102.215588868330   10.314575290728  125.791220846991
     0.016464982997   99.781852437104   10.267577088657  124.659474059182
     0.016716870332   97.457810554847   10.219021204663  123.510917391212
     0.016972132975   95.566140906009   10.180150273968  122.614748707099
     0.017226973890   93.984712948090   10.152025885560  121.994510013284
     0.017481814806   92.127897416764   10.118751604305  121.259857082082
     0.017736655722   89.966531576432   10.075607171131  120.304563327830
     0.017987607129   88.073304722887   10.035514043682  119.397562129058
     0.018239980157   86.507841468314   10.001351833973  118.585055206414
     0.018491968160   84.839121332158    9.964789791605  117.710393283291
     0.018743956163   82.830443653617    9.917588905053  116.625159655351
     0.018995944167   80.979615647112    9.873867883096  115.655652450817
     0.019246130694   79.518773010071    9.840228359842  114.913448273944
     0.019499621767   78.199989150896    9.811098774335  114.256371014013
     0.019752663098   76.691944192933    9.775306982649  113.431164776581
     0.020005704429   75.057044822031    9.734093755063  112.516198112254
     0.020258118782   73.648406103987    9.699877443910  111.795904520703
     0.020512695812   72.556767564133    9.674878505884  111.287940567067
     0.020765620534   71.719603175806    9.656158234132  110.884514829510
     0.021016831091   70.881392244081    9.635759943437  110.391755616757
     0.021272515552   69.820656495056    9.607948831932  109.754527043702
     0.021528200014   68.656477629363    9.579053523202  109.167415197749
     0.021783884475   67.577321581244    9.554391383366  108.715703331427
     0.022039568936   66.674186619975    9.534220800027  108.334285078972
     0.022294174723   65.830990569795    9.513074191103  107.845304721896
     0.022550242873   64.803259164521    9.482681258510  107.120837680398
     0.022803496837   63.694987784088    9.450392028665  106.422057167160
     0.023057482941   62.737489517177    9.424811498961  105.910545804545
     0.023311469045   62.000385434642    9.406239503049  105.544854377955
     0.023565496000   61.385191911374    9.390787775953  105.230347307093
     0.023819539295   60.748393091180    9.373688708268  104.848616534978
     0.024073582590   59.984698282567    9.349341644623  104.277516736399
     0.024325443614   59.208941490044    9.324510213976  103.721761769691
     0.024579204848   58.536607980981    9.305986606835  103.352629571288
     0.024830266867   57.983577379099    9.294604503604  103.187973597745
     0.025018563381   57.622706213406    9.289400146123  103.155161927783
     0.026026751624   55.825061128911    9.242090851710  102.080067832760
     0.027028757008   53.674383332207    9.189714865844  101.112991513480
     0.028039207051   51.957336292347    9.146555767181  100.227589783882
     0.029050074933   49.921540485815    9.085529904486   99.072078000231
     0.030060273195   48.778902263923    9.046601723991   98.227338388819
     0.031070441480   47.651978751171    9.016739930938   97.681989278679
     0.032080609764   46.521594706424    8.986457094467   97.049216191768
     0.033090778049   45.316443063184    8.966699074054   96.779942061576
     0.034100946333   43.805788032388    8.930331462868   96.065855802037
     0.035111114618   42.750559256693    8.901703770836   95.568036270247
     0.036121282902   41.774709859822    8.873386635887   95.043703969623
     0.037131451187   40.372174690388    8.837377176861   94.399161622691
     0.037333484844   40.068980042609    8.826166769955   94.174107375675
     0.038343653128   38.876457089423    8.792978585038   93.530158607163
     0.039353821413   38.205174235592    8.772550333133   93.121847522062
     0.040363989698   38.136220524672    8.790200773707   93.565057003590
     0.041374157982   38.256435508239    8.812396734435   94.030448324126
     0.042384326267   38.371306324843    8.842984679277   94.692756180084
     0.043394494551   38.337193635166    8.880756212679   95.626432394169
     0.044404662836   38.272226978822    8.904872846092   96.193205120520
     0.045414831120   38.157838632282    8.916099389216   96.462056164024
     0.046424999405   37.986038776563    8.921247125611   96.582315585614
     0.047435167690   37.683188614355    8.922987728674   96.644645235722
     0.048445335974   37.243351320142    8.930173909243   96.838886557889
     0.049455504259   36.948564295629    8.933562022311   96.829595314094
     0.050465672543   37.018473677012    8.954112772821   97.256442410517
     0.051475840828   37.106962199409    8.975882067965   97.695386537141
     0.052486009113   37.043969929399    8.991544085365   97.981585794608
     0.053496177397   36.912200460899    9.010679912159   98.370191838139
     0.054506345682   36.966960693560    9.046242967830   99.112367035864
     0.055516513966   37.126611181262    9.087872999436   99.997767282101
     0.056526682251   37.062380398056    9.117346263009  100.625581801737
     0.057536850535   36.947817216475    9.143518617608  101.179841515469
     0.058547018820   37.036559975625    9.188024398855  102.200931775226
     0.059557187105   37.081216883535    9.226931125954  103.095534980124
     0.060567355389   37.153839420821    9.257010839075  103.761163744354
     0.061577523674   37.449140343508    9.294503819281  104.615006480625
     0.062587691958   37.932586981283    9.336231284254  105.579468809567
     0.063597860243   38.433739589389    9.371149656668  106.395854479846
     0.064608028527   38.869677825138    9.398585148166  107.053617901745
     0.065618196812   39.320840322150    9.422444599969  107.646373945772
     0.066628365097   39.654483634230    9.436355555283  108.031055805863
     0.067638533381   39.737903515405    9.427804887801  107.872555062522
     0.068648701666   39.777781387586    9.408165696773  107.447653983885
     0.069658869950   39.833005327441    9.394324243370  107.177742768093
     0.070669038235   39.907671521697    9.386342791219  107.018128942989
     0.071679206519   39.979186555382    9.384983101615  107.052780190352
     0.072689374804   40.041033292051    9.384066654592  107.096357718791
     0.073699543089   40.071915684835    9.374618505611  106.902510212646
     0.074705340870   40.124795251395    9.371640727995  106.909394341038
     0.075653074963   40.088646927184    9.377327507389  107.106184886478
     0.076525542225   40.056822680324    9.393231972015  107.554774603357
     0.077532715517   39.891424167148    9.412364092510  108.085034993360
     0.078537042883   39.634101720700    9.426625769308  108.502663005474
     0.079537160117   39.202157666357    9.419574040170  108.341521979792
     0.080506040573   38.720221511827    9.403385166076  107.956508226683
     0.081510621743   38.456030310734    9.415819325177  108.318359445285
     0.082514358603   38.453083599381    9.452522062219  109.260700874307
     0.083518095464   38.363842969703    9.488486865502  110.180073678586
     0.084521832324   38.200460358995    9.518514153822  110.963008598325
     0.085525569184   37.821071709543    9.517886864606  110.961017720240
     0.086529306045   37.119943516355    9.503343415940  110.602740528466
     0.087534033017   36.064364290923    9.464337001264  109.636789368733
     0.088540381055   35.090697673241    9.419638936989  108.524796913290
     0.089545357865   34.528025045870    9.404649656985  108.210682038895
     0.090012318953   34.315658576031    9.403794436920  108.192723041491
     0.091020098807   33.832211681873    9.407896592576  108.255510530223
     0.092026118372   33.816596404375    9.441036178787  108.987640830936
     0.093030258256   33.672507964406    9.463368870756  109.485167685662
     0.094033995116   33.339637785605    9.462533974648  109.414857509389
     0.095038078890   32.929229877803    9.459586733689  109.299896554296
     0.096046405429   32.664598075436    9.471994077103  109.565724647938
     0.097052984297   32.526056169760    9.496536879485  110.133366577428
     0.098059563165   32.501030259209    9.527366845133  110.889696097313
     0.099062774553   32.431904335596    9.554535947931  111.587796745352
     0.100071378801   32.265009197245    9.569861486400  111.950333477742
     0.101076654494   32.080302590886    9.578754020224  112.139837905118
     0.102085562018   31.959241594212    9.594324764121  112.526078753256
     0.103096343655   31.832698228015    9.613203403999  113.012761533687
     0.104100750028   31.736698098712    9.635229549429  113.589645588032
     0.105106905252   31.618651570955    9.652406648229  114.038571170380
     0.106108120769   31.402041814461    9.659730848278  114.203464313558
     0.107108863532   31.226843535408    9.672408178629  114.524968388666
     0.108109205949   31.033236726910    9.685359507956  114.849179447903
     0.109116486444   30.713941519859    9.677660348982  114.642906391383
     0.110122333215   30.372999327076    9.670563963749  114.473789045752
     0.111124538254   30.073093095770    9.669138681969  114.449818888659
     0.112125009361   29.912174548634    9.678275918943  114.684016965787
     0.113125480468   29.783616821147    9.688379727425  114.944976965519
     0.114125951575   29.701994904236    9.704053742303  115.347549630648
     0.115126422682   29.620395380904    9.719259774619  115.731799084050
     0.116126893790   29.549803623406    9.733267658691  116.100848281182
     0.117127364897   29.491542064349    9.748148754307  116.472253062093
     0.118133624088   29.429379260849    9.761249297211  116.802102052042
     0.119080124164   29.390264436106    9.774539222754  117.163429400612
     0.119991929431   29.335700477459    9.788246892764  117.522731691768
     0.120882444626   29.303286885250    9.803507162726  117.923286880285
     0.121819475594   29.292516764846    9.820387500201  118.376722133825
     0.122823368821   29.262156009167    9.837758572141  118.855827701816
     0.123790541823   29.257161244700    9.856540593423  119.353442530498
     0.124757470024   29.281122939560    9.877363096096  119.909912465953
     0.125755016037   29.237757117838    9.892095878183  120.315121745128
     0.126762848371   29.191752406300    9.905094234751  120.666402812273
     0.127770808741   29.161678627866    9.922422321196  121.153381120409
     0.128777499268   29.126308707795    9.939711407847  121.613842713874
     0.129781161523   29.062259406945    9.951566411544  121.937707011314
     0.130764586316   28.925948283672    9.956424373765  122.087665668926
     0.131582067080   28.876981213071    9.966738196382  122.365276969117
     0.132410684275   28.867351417357    9.981794275740  122.781301663803
     0.133263881768   28.832706925208    9.994265043722  123.121998801593
     0.134156762339   28.815507561711   10.008115841199  123.498790758016
     0.135157437323   28.771099696066   10.023062856693  123.897688533301
     0.135976338808   28.742141784176   10.034922130514  124.221040066775
     0.136819471657   28.687460182592   10.044841754722  124.487918329791
     0.137737117953   28.619429402825   10.055000984714  124.778382165727
     0.138635706652   28.566831642937   10.066765807922  125.095861842601
     0.139519127107   28.562028560531   10.082390661441  125.516411107199
     0.140416005573   28.505232659110   10.094540416351  125.861774822554
     0.141290496202   28.471511059356   10.108232269976  126.241964768196
     0.142239361253   28.465684656990   10.124448907212  126.692462642255
     0.143199291592   28.430001352288   10.138185473293  127.062605936743
     0.144166251175   28.428774614592   10.154712028197  127.532022482811
     0.145138279132   28.354655548916   10.164580441952  127.811582905353
     0.146130507068   28.295576683566   10.176465946718  128.137024776026
     0.147084725733   28.225779524795   10.186954515727  128.429985181691
     0.148043556201   28.182059176209   10.198106814930  128.755059658641
     0.149044782736   28.127336715438   10.211197669157  129.125449315710
     0.150049912860   28.043152992020   10.219865726564  129.374756279421
     0.150758336168   27.977503714391   10.224317026730  129.497245417101
     0.151546661149   27.887744797868   10.229081308424  129.618796504399
     0.152314144756   27.815301470024   10.235980836844  129.817964474796
     0.153105184792   27.750896066373   10.244379456450  130.053118992968
     0.153888848430   27.660983737563   10.248466187299  130.167277037710
     0.154700744011   27.549276170602   10.251770093842  130.267029544214
     0.155572257722   27.485073037805   10.261534124715  130.543948747380
     0.156426845800   27.362053359199   10.263140285905  130.611794891957
     0.157303116855   27.215082880028   10.264136772159  130.640812254766
     0.158149453922   27.118918837557   10.268479891707  130.775668643753
     0.159019685607   26.985601573346   10.266617863676  130.737892510809
     0.159934530242   26.935101171639   10.278818201859  131.098273788838
     0.160851385191   26.836117523300   10.282606652670  131.227310303014
     0.161855911232   26.651126155347   10.277936076740  131.109764044283
     0.162865425627   26.515857054693   10.279969176363  131.202833522022
     0.163876411336   26.410338493921   10.281674912336  131.270637901435
     0.164889351901   26.292794892213   10.284768466788  131.410509488466
     0.165652827773   26.245749081939   10.291409348469  131.604887170716
     0.166365435320   26.164231376863   10.295505533462  131.680755269773
     0.166591053469   26.117808031227   10.294187812644  131.633064337972
     0.167368268940   26.006574538979   10.294922317643  131.658571433834
     0.168135496663   25.909791978934   10.297383920047  131.749126676802
     0.168890594651   25.797839022990   10.297335842994  131.739868970954
     0.169698368527   25.708545525993   10.303055255356  131.921819755785
     0.170491497214   25.614115028457   10.307832382767  132.069450700002
     0.171282283253   25.510401245122   10.310980450953  132.162125538645
     0.172111994314   25.376534160824   10.309329031294  132.140460692971
     0.172893914099   25.221106129831   10.304598060193  132.020435784079
     0.173723494394   25.146739397698   10.309952673506  132.192516138047
     0.174486767871   25.035154899083   10.310529339592  132.243388986865
     0.175321753385   24.958324207592   10.316456498636  132.411078518245
     0.176168107295   24.864406514329   10.317019270458  132.455304703914
     0.176996515760   24.786263516501   10.319440591867  132.519257712536
     0.177858367640   24.735673946382   10.328438242490  132.789203575736
     0.178691397763   24.590422662572   10.320785612191  132.569085240786
     0.179696461194   24.498582074456   10.325079690475  132.715683558314
     0.180704002208   24.413501280777   10.331165857144  132.944240850625
     0.181706133775   24.323330347166   10.333967638507  133.042937117719
     0.182708561720   24.206660097468   10.333681698138  133.066076187477
     0.183570973625   24.141198639342   10.339325487927  133.261074913931
     0.184496171206   24.066368936058   10.344421082386  133.378019827635
     0.185267803270   23.999320102855   10.348686607092  133.499643434974
     0.185912370442   23.952070102863   10.350639682718  133.566606218612
     0.186618702937   23.850057625014   10.347408520709  133.439603169636
     0.187625955239   23.756795022910   10.353111139873  133.617207431645
     0.188376748978   23.693496009616   10.354425330554  133.704818706068
     0.189087260162   23.614714823939   10.356221741659  133.742973154942
     0.189839807845   23.559612505512   10.361779288306  133.889607982220
     0.190583968356   23.502311120864   10.366318189234  134.035137642491
     0.191357787267   23.442144920003   10.370973923367  134.191988188606
     0.192105340263   23.375623318318   10.373512300028  134.285249023596
     0.192894950965   23.364706190273   10.387550030424  134.672297959709
     0.193664628169   23.335545115985   10.396830688754  134.946214824417
     0.194429212043   23.270905904510   10.400171634704  135.052577394264
     0.195197312753   23.174835339244   10.398190179728  135.006163059749
     0.196048013392   23.075100065119   10.399427556167  135.048100869513
     0.197014307485   23.001726096117   10.403491380665  135.200211804599
     0.198016596497   22.922833969246   10.404429963927  135.274779103208
     0.199022911555   22.841884318320   10.405586144602  135.325254843398
     0.200035253352   22.744366144441   10.403760629054  135.320303447194
     0.201047595148   22.743048028097   10.416177493645  135.703470173515
     0.202058490390   22.681398985960   10.418319014123  135.782406498664
     0.203063325792   22.696068088217   10.435024399570  136.231653746126
     0.203764206219   22.611761892593   10.427416139148  136.011032381564
     0.204510402637   22.530801581405   10.429181073329  136.013937484302
     0.205381041263   22.487903083346   10.436001084983  136.226234307949
     0.206072902111   22.478768806137   10.446870183419  136.568270074269
     0.207080648160   22.380364818670   10.450836665249  136.639392676564
     0.207782313802   22.301087732384   10.445056104298  136.574881012085
     0.208784838842   22.228833144921   10.454019831657  136.765423340196
     0.209676879014   22.107285297008   10.444983169308  136.595960058388
     0.210628467901   22.064090322015   10.454699638732  136.868951568042
     0.211286918391   22.026796741907   10.458756163071  136.995402431157
     0.211880370440   22.045352864320   10.469881343177  137.336344157747
     0.212580955934   21.982540050716   10.471964693833  137.342645477778
     0.213260931401   21.913022857198   10.468445796739  137.233870372921
     0.213946097231   21.922312674350   10.482106355132  137.637488289624
     0.214645721594   21.876956640388   10.485238273421  137.716706043714
     0.215343724569   21.817587498721   10.485859784209  137.760277967484
     0.216063803593   21.750118037867   10.486237152300  137.765022573883
     0.216795231358   21.711942867448   10.493931307572  137.994865570976
     0.217532668138   21.679732684114   10.501614900039  138.243665816292
     0.218244575994   21.592827409349   10.498589479927  138.151068878603
     0.218962715861   21.543438534326   10.499287741023  138.207541455363
     0.219663459783   21.517907199211   10.508177007148  138.486505865677
     0.220374316454   21.485632766145   10.511938856328  138.611886830619
     0.221105051477   21.478721946937   10.520046767629  138.853237339820
     0.221848427921   21.461064785881   10.527026299834  139.049050374013
     0.222609785386   21.430306807985   10.531316180261  139.169347931069
     0.223416877015   21.377361898029   10.531558487499  139.180777925602
     0.224303444386   21.332243524825   10.534881407223  139.317924387584
     0.225315087311   21.325637510033   10.547840151852  139.722753077032
     0.226327429108   21.299968562196   10.554590571066  139.989865232217
     0.227339770905   21.224021571589   10.549128385463  139.877698613241
     0.228352112702   21.205501544521   10.558424102394  140.204129639722
     0.229364454499   21.149283608878   10.556107948212  140.143692155310
     0.230376796296   21.167642692492   10.569524578281  140.533879353862
     0.231214992245   21.100848072872   10.567888017813  140.421707786362
     0.231957170847   21.085112329002   10.578056836164  140.672937217638
     0.232709082856   21.038990857113   10.581628681895  140.723107924002
     0.233489561322   21.021982405013   10.592649261497  141.042209069104
     0.234489958399   20.915687047214   10.587401289011  140.881518696689
     0.235306495352   20.885901874088   10.593727455885  141.152232219140
     0.236316786837   20.870613725948   10.607230896306  141.603605351729
     0.237327078321   20.782594284249   10.608331888890  141.668439144056
     0.238337369805   20.792868320940   10.623421948184  142.171072326606
     0.239347661290   20.688724456634   10.616970807283  141.978675412773
     0.240357015128   20.684914005824   10.627878547872  142.265528289317
     0.241369356925   20.637541126036   10.632517834428  142.387818545668
     0.242381698722   20.621261107583   10.639857453104  142.594174545296
     0.243394040519   20.590284405313   10.645589243155  142.764576455333
     0.244406382316   20.532644750145   10.647170382012  142.870432940742
     0.245414452628   20.533761737274   10.658506780809  143.241328716588
     0.246157835947   20.504927621865   10.666549721826  143.495423916440
     0.247044661888   20.495647426464   10.679298780183  143.766042210575
     0.248030344672   20.434404350950   10.677024540151  143.759680874721
     0.248665807627   20.419641580300   10.684221428189  144.000760738317
     0.249321756950   20.404108271665   10.696482381608  144.208467701737
     0.250094289703   20.342453788583   10.696294301249  144.172410008974
     0.250665756229   20.341100250431   10.701551434530  144.378660639986
     0.251443597569   20.273344506529   10.704142792695  144.393204466278
     0.252238880575   20.241584069967   10.709444399011  144.612413032025
     0.253119790725   20.245297026142   10.726557734769  145.161643424528
     0.254121940701   20.193822070977   10.730117387102  145.384114384876
     0.254733880103   20.157831070564   10.729522496563  145.425160262270
     0.255382079562   20.110355376399   10.728899829091  145.356926949894
     0.256079200034   20.033177863523   10.725754063414  145.170314330552
     0.256807595980   20.054322997179   10.734343491370  145.450557819311
     0.257498838226   20.014211246936   10.732115917073  145.400694571504
     0.258216131921   20.009546449123   10.739972889703  145.601442644971
     0.258954997212   19.974555307785   10.742235433967  145.611040012367
     0.259719592208   19.928405773745   10.745635483169  145.740683848895
     0.260476242378   19.900587958475   10.749991696819  145.862708019247
     0.261262044535   19.868619820642   10.754664906257  146.027996233493
     0.262268814967   19.794585963711   10.750009641934  145.891735148860
     0.263278404129   19.779260019407   10.754585045049  146.229315259060
     0.264288204755   19.770046551876   10.764194586107  146.531421447902
     0.265206639630   19.790217381415   10.777940473802  146.986112918363
     0.265967966359   19.765005595234   10.780448142389  146.972509970941
     0.266852692458   19.730632104898   10.785428424915  147.071817531971
     0.267525633503   19.698686633165   10.785569860931  147.029527194060
     0.268142923263   19.659340782501   10.780286777504  147.079718657712
     0.268777124107   19.655704020945   10.798205839179  147.325272643069
     0.269422866727   19.567465338152   10.785411729713  146.985540450416
     0.270094460750   19.572738065277   10.795960755540  147.311671992711
     0.270718263744   19.573775073607   10.800034422053  147.448777371400
     0.271369604954   19.565592823629   10.807219171515  147.661737446775
     0.272011046693   19.524912213284   10.806855209133  147.610542096486
     0.272705585197   19.459880647961   10.801520489305  147.456869442299
     0.273403525829   19.407429876203   10.803735847393  147.517061204272
     0.274200520071   19.398277005088   10.812644122332  147.811915410270
     0.275211408884   19.363538135462   10.821589886774  148.082643483861
     0.276222297697   19.308951453492   10.815060648568  148.204043955682
     0.277233186510   19.308563551081   10.824394244048  148.539799390402
     0.278244075323   19.308525203417   10.832353716058  148.790627638087
     0.279254964136   19.250478813598   10.825235870489  148.539197548863
     0.280265852950   19.235687210965   10.831393340699  148.698309960538
     0.281276741763   19.194547026276   10.834519197227  148.792622167066
     0.282287630576   19.175891203709   10.841102243560  148.962042115827
     0.283298519389   19.127594089043   10.843097271088  148.999967459438
     0.284309408202   19.090885040507   10.845148917728  149.038690981771
     0.284906256063   19.108897659948   10.857879112177  149.450476463848
     0.285496845981   19.089196487118   10.860360097767  149.503101526364
     0.286094163777   19.046678863291   10.869492660132  149.549740001502
     0.286720355518   19.046440713481   10.877531238989  149.852424875325
     0.287298241138   19.028734497563   10.882918525804  150.083449624543
     0.287913715121   19.005206797480   10.888264140133  150.210919727479
     0.288547375761   18.968250202162   10.889440112215  150.186671897272
     0.289182894655   18.918356004491   10.890140928383  150.315267174354
     0.289789550686   18.857786878781   10.886809348943  150.220825155968
     0.290417037146   18.841156120162   10.891983908064  150.360808404555
     0.291045304665   18.834671557872   10.899053238591  150.623484571807
     0.291644818631   18.826062081531   10.901819413576  150.703121905495
     0.292311869812   18.813567100513   10.901637650180  150.692048037941
     0.292912245546   18.776884911209   10.899230809790  150.583398910946
     0.293557599054   18.760213959066   10.899039851188  150.617587242594
     0.294125992889   18.760904843950   10.905027743743  150.788673861084
     0.294761176624   18.762168632489   10.911464043277  150.979194955591
     0.295378737822   18.713775695038   10.905585372012  150.741804261173
     0.296044020176   18.666405804455   10.898590347289  150.536000370887
     0.296564353344   18.694362602979   10.909504392687  150.864217484592
     0.297241111925   18.697694610699   10.916869166634  151.138668447102
     0.297802804891   18.743398963291   10.934904506991  151.713577076825
     0.298460863001   18.809254475554   10.951652747641  152.277539847502
     0.299310682959   18.786035629470   10.949111546455  152.049389167259
     0.299905777499   18.664214323036   10.922191421458  151.353069166976
     0.300588135154   18.615531668089   10.915125506418  151.142649251123
     0.301096235184   18.621621880634   10.922643768954  151.285751165366
     0.301668618735   18.664072484344   10.932382302355  151.622934540941
     0.302195526993   18.708960927480   10.947784332169  151.980986587136
     0.302766159501   18.662466172867   10.938827327416  151.672841815578
     0.303343438803   18.693324209357   10.953404372629  152.085547135392
     0.303939016271   18.682230384264   10.960110361559  152.303354712479
     0.304568318016   18.632479870547   10.962396338459  152.384271140667
     0.305170136930   18.608616872397   10.967421689108  152.520053281272
     0.305781101308   18.587784066294   10.973457133396  152.738680926079
     0.306402913407   18.537594669572   10.974802040210  152.753090054195
     0.306964461368   18.504205394529   10.974504638045  152.750731600853
     0.307617938680   18.487783680008   10.980388759606  152.947142335782
     0.308182123261   18.425080647079   10.972379805769  152.679013314269
     0.308817494982   18.376526225772   10.965447429166  152.509187339479
     0.309499228854   18.381601155291   10.975661913994  152.794925981173
     0.310138535186   18.361103163816   10.975687695979  152.838967855776
     0.310834568952   18.372804362310   10.985666119617  153.132737402037
     0.311477726295   18.343782917770   10.984289906409  153.091948515219
     0.312147877193   18.293340670814   10.979943538781  152.971351392357
     0.312799846886   18.276177717370   10.980253964370  153.027311691877
     0.313443382544   18.294103224037   10.993989275648  153.528638730004
     0.314354372054   18.273395074592   10.995773278838  153.576503411680
     0.314896967650   18.287384740600   11.003316133802  153.837645641839
     0.315905180909   18.267318855529   11.006338925642  153.898833069956
     0.316871695031   18.226668870444   10.992631010578  153.749497693491
     0.317527948103   18.237850692424   10.997331404444  153.921326754256
     0.318537235110   18.208030880615   10.998258052292  153.759436037430
     0.319545041708   18.168873391337   10.988998032758  153.675116282287
     0.320554754242   18.189380025465   11.003554266473  153.997953760205
     0.321550777360   18.116025201828   10.998778396288  153.782117198614
     0.322468759919   18.187655937230   11.025564504327  154.692944178594
     0.323013670131   18.154045874511   11.031565615194  154.659800133571
     0.324010626084   18.042653738349   11.019186383828  154.229026548313
     0.324517581119   18.101215590155   11.037132289473  154.890476860385
     0.325058908174   18.124573767863   11.044706756265  155.299859356305
     0.325641988361   18.088899797352   11.053842724894  155.285110746186
     0.326190241326   17.986216768799   11.032132953157  154.597713560381
     0.326691489221   17.947424027313   11.030402711216  154.565594625564
     0.327273938587   17.988498544404   11.052835230119  155.272880137822
     0.327828038026   17.979220806299   11.060372587638  155.468743155666
     0.328384958527   17.956543565538   11.063319831862  155.560897386163
     0.328986160063   17.865080916969   11.052468055264  155.180586939034
     0.329627075637   17.819504298249   11.054946502187  155.289269921666
     0.330235830621   17.810583103862   11.064518900627  155.618444424987
     0.330856037690   17.861483731841   11.086488414438  156.310918122506
     0.331419398704   17.843114054723   11.091750330160  156.526342315719
     0.331991595787   17.784906832185   11.087144302063  156.435095600382
     0.332594351370   17.775724807254   11.093267842287  156.635315947720
     0.333209354114   17.806386783472   11.112227481244  157.252706803519
     0.333808725592   17.763011289594   11.106717452110  157.105356852444
     0.334376454258   17.714914952508   11.101416608969  156.934670085809
     0.334969566873   17.717972519706   11.108238483936  157.167357445070
     0.335582750002   17.653347545347   11.097893332233  156.845712539719
     0.336189532007   17.635172561302   11.095936894987  156.761142134487
     0.336814238152   17.614821555138   11.095464714256  156.773502273932
     0.337451404652   17.606532104408   11.097968706819  156.843909034988
     0.338021578983   17.620892234036   11.103312206315  157.003834906763
     0.338654788715   17.627763234335   11.108665377655  157.183951225283
     0.339300756011   17.628616099449   11.111013291515  157.237442632408
     0.340301607637   17.620301378073   11.115398650241  157.385926203556
     0.341237639776   17.651519853217   11.117956671234  157.716187902952
     0.342036982285   17.624572581537   11.114721682232  157.479331744591
     0.342840244846   17.637149479716   11.114816476472  157.586044151973
     0.343702289123   17.631443853870   11.114665378591  157.508837063303
     0.344709314210   17.621332829693   11.113974389949  157.476952887600
     0.345719783733   17.599584506825   11.111736121197  157.504518535743
     0.346720397513   17.601108371658   11.117110410327  157.688519289334
     0.347730699695   17.631538580301   11.129240789423  158.073541840488
     0.348737664873   17.642282914981   11.143661594074  158.472741446258
     0.349238885572   17.646779610979   11.151658160433  158.808856631793
     0.350046843439   17.622385599464   11.160673443622  159.106882482130
     0.350635570404   17.611251889226   11.171581769479  159.298611037985
     0.351148483097   17.620254170291   11.177095482278  159.573059811534
     0.351728313082   17.599817829619   11.186412538078  159.650250295250
     0.352311163439   17.549571675840   11.182163348436  159.500397950896
     0.352854013446   17.550711945896   11.189760249631  159.744828110445
     0.353422125473   17.556187135630   11.200475055550  160.135843757482
     0.353992543829   17.523645151345   11.202295749670  160.146844746639
     0.354561205795   17.496469292874   11.202531494268  160.168307007477
     0.355153808742   17.415507738763   11.195122053462  159.943246893997
     0.355698576962   17.406409766562   11.200792541404  160.135747145282
     0.356244547547   17.371273213360   11.201351875043  160.152468060407
     0.356790626619   17.315685124470   11.192948492129  159.867120114824
     0.357378284212   17.312390619923   11.198625910129  160.028918991083
     0.357919010731   17.328708425970   11.209572849630  160.365284044707
     0.358433919027   17.281954383104   11.200715553801  160.104574653255
     0.358965584706   17.289808821551   11.208689342224  160.336628881285
     0.359506484860   17.291526405066   11.213768597752  160.490352905187
     0.360066692275   17.257970598092   11.208215720638  160.351199638882
     0.360598866205   17.265844852143   11.210352068897  160.408848643455
     0.361159941066   17.245797103804   11.207779043201  160.319508031909
     0.361720235899   17.236379747866   11.206282039209  160.277929914050
     0.362263430293   17.253367093690   11.210959091114  160.413055119429
     0.362849063920   17.301261632262   11.225391363614  160.882792611770
     0.363825381575   17.263342139761   11.217049282203  160.572095581200
     0.364829575483   17.303170858875   11.219089843208  160.967175843163
     0.365830983308   17.282382734046   11.208934015589  160.753509665284
     0.366842748454   17.291515733742   11.217733943404  160.835082156945
     0.367852217254   17.342097953664   11.222451877447  161.119632145426
     0.368845488106   17.312260271534   11.225399361885  161.077181407660
     0.369330676776   17.289976643426   11.219129104012  161.006800525981
     0.370337247292   17.237792009227   11.236546643030  161.185839775119
     0.371341441199   17.286825258139   11.257354887725  162.318533828127
     0.372351497225   17.250553902098   11.263687453592  162.589361614975
     0.373361788710   17.144369786566   11.258653203264  162.379188882213
     0.374312777376   17.188155246778   11.283831695471  163.201956975965
     0.375321413325   17.078528136212   11.269187409644  162.565348387986
     0.376322099999   17.082751268422   11.273112091531  162.975664026541
     0.376789704766   17.057573791487   11.271701785828  162.849794959075
     0.377797087224   17.007622912145   11.279629312296  162.672226796295
     0.378811739427   17.022225661406   11.277215393358  162.997753893005
     0.379322999730   17.013903151278   11.279430536343  163.081576593397
     0.379839781461   16.974063482990   11.273234111919  162.875332979055
     0.380379469111   16.985216999645   11.291687847941  163.145172520728
     0.380940112298   16.953564286744   11.291655888298  163.031337349662
     0.381489726882   16.958056125390   11.296057585362  163.195954348472
     0.382018753520   16.981173019051   11.306005964993  163.504346673950
     0.382540598559   16.910373006704   11.295325905151  163.152496736593
     0.383090304130   16.880000744355   11.294653247017  163.068530562621
     0.383617652619   16.903427814259   11.309159254423  163.541782559642
     0.384172505182   16.906136192468   11.317824276586  163.839121802337
     0.384717179658   16.852606735288   11.308398702988  163.508266282647
     0.385275194519   16.832521101349   11.312731814960  163.644299665780
     0.385845984962   16.807914159482   11.314199855238  163.700697495366
     0.386408005559   16.808249655280   11.322503210818  163.992756116052
     0.386964046242   16.774508418486   11.319105685654  163.863713932270
     0.387509184291   16.728680593293   11.312640295989  163.654398806803
     0.388040377536   16.715271239581   11.314946039943  163.730641853587
     0.388592269330   16.727250605859   11.326661081801  164.103164410470
     0.389155578400   16.733020017751   11.332748145272  164.290974062880
     0.389708753232   16.732885251952   11.338095707111  164.599046274990
     0.390261603356   16.723866430348   11.341008137738  164.798257352367
     0.390796913447   16.745940852015   11.349212221674  165.081485752583
     0.391345357841   16.769303111991   11.358746464998  165.396904823331
     0.391904443404   16.760122380672   11.358673691970  165.387605657845
     0.392429166300   16.726592163407   11.352604099278  165.181882010688
     0.392971640191   16.688288900962   11.343862353313  164.905953868601
     0.393537439253   16.690018523953   11.345420308551  164.947528065111
     0.394064893884   16.719907965611   11.353199595237  165.198333593467
     0.394647737931   16.745585217253   11.362032865227  165.461580089564
     0.395233836197   16.747847013673   11.363758567975  165.478976437214
     0.396234363111   16.721966419884   11.357337961723  165.312654367294
     0.397247653489   16.743885826716   11.345039846671  165.454032744707
     0.397958487881   16.705762934235   11.337780007410  165.110633200886
     0.398408004131   16.727396828230   11.340357161302  165.204314835522
     0.399419320435   16.782239477494   11.371277827521  165.707364572098
     0.399999516560   16.783348401243   11.359282583824  165.480383276222
     0.400468449992   16.801593205218   11.349956470562  165.581553696193
     0.401120887201   16.765299953130   11.364547236116  165.616071129739
     0.401573674085   16.748086437027   11.373815724156  165.679928056043
     0.402577940868   16.726221644570   11.379761749384  165.987548584477
     0.403337218315   16.682648051386   11.359949041237  165.731433689780
     0.403778449569   16.635070098538   11.352262254772  165.535858444996
     0.404781969610   16.643856716369   11.391143745105  166.235353852586
     0.405259688264   16.669304554406   11.392274354231  166.511281695620
     0.405711513670   16.644499631992   11.373601925314  166.253243399233
     0.406168223700   16.618946839912   11.386243666477  166.304213084908
     0.406791363943   16.585049818773   11.404966484182  166.758871119604
     0.407279557739   16.574046173877   11.408418697802  166.840032901063
     0.407752460343   16.567936793772   11.409810154027  166.903848731551
     0.408579657311   16.585745424494   11.430055627659  167.511076995126
     0.409040315151   16.497687074880   11.415145929359  167.157045000761
     0.409520794639   16.494773566768   11.404757568253  167.300335097683
     0.410269585621   16.537769740683   11.447071237847  168.253914253432
     0.411211527584   16.423950667439   11.402424050881  167.013227945571
     0.411655740414   16.452800557453   11.409597556571  167.470116842671
     0.412153938055   16.490878441585   11.415858268699  167.816632392513
     0.412641458585   16.477154309902   11.429804471538  167.868574775689
     0.413465784426   16.471863554425   11.430226253265  167.685680693557
     0.414225740286   16.529872815742   11.441147530035  168.311835965577
     0.414728367401   16.515073071369   11.436296154451  168.232584242395
     0.415231900813   16.464973861226   11.421488011889  167.853149434267
     0.415693090731   16.426009161466   11.433129189691  167.700171562987
     0.416212229956   16.462215784680   11.444755929033  168.170074185409
     0.416750690491   16.482651728339   11.454990583975  168.507979136115
     0.417262892442   16.474836895816   11.459543402021  168.601405199383
     0.417825878886   16.403142520864   11.445642769553  168.104155570726
     0.418827997232   16.370547367029   11.451079441221  168.344112756673
     0.419336879073   16.416545824390   11.461072998076  168.952773073885
     0.420161351192   16.333901580262   11.441673762496  168.383489370167
     0.421166484758   16.241113009285   11.426752971086  167.792726255241
     0.422171618324   16.314079802020   11.441295689820  168.619048067245
     0.423172169617   16.294717033734   11.444997918547  168.595653359589
     0.423948240704   16.212428170445   11.430426621047  168.188137263117
     0.424959758470   16.285001917730   11.445391593995  168.968393166356
     0.425971276236   16.200414981368   11.437112976032  168.399444689082
     0.426982794002   16.211357596407   11.443864192202  168.639222951357
     0.427991837187   16.246769473266   11.459316341901  169.105819679114
     0.428993271322   16.214187176156   11.465298509339  169.354107320658
     0.429994705456   16.196250294353   11.473675722861  169.885996818350
     0.430996139590   16.188283245227   11.485230385767  170.163902182863
     0.431997573725   16.160332196458   11.485400292122  170.208925272337
     0.432999007859   16.147748187402   11.496712488298  170.505589557655
     0.434000441994   16.111779703026   11.498514110767  170.595907862878
     0.435015465612   16.085884628779   11.506801069277  170.800929009003
     0.436023766773   16.040772236110   11.515153299755  170.813924223499
     0.437040513104   16.086803291005   11.520419922179  171.338417002144
     0.438057259436   16.010671607054   11.492062357676  170.498005364779
     0.439060895725   16.079237600731   11.511232240001  171.196049074456
     0.439975853860   16.064757267730   11.511304321091  171.024292893056
     0.440381874212   16.052502484831   11.527958688554  171.163885731777
     0.440789698066   16.013080175370   11.517818746072  170.860223247501
     0.441231579852   16.045884907271   11.523501615330  171.240450367726
     0.441665834385   16.084988387095   11.565871527902  171.973400763411
     0.442119884741   16.056347227775   11.556575315041  171.655417988790
     0.442571689258   16.046055841120   11.556270027002  171.633887155399
     0.443113188790   16.012473167748   11.555590344201  171.775175045657
     0.443581871715   16.048662684996   11.576448098169  172.456973537363
     0.444105502964   16.006592254865   11.567986534381  172.121393087718
     0.444599770604   15.992202010010   11.566880893588  172.198739993510
     0.445093858350   15.969507700005   11.567679814301  172.123720760383
     0.445561590917   15.952717351487   11.567052586839  172.201524060571
     0.446013925978   15.951321833044   11.567214926447  172.097942553616
     0.446500960462   15.922701895475   11.558661939450  171.811332671601
     0.447029919325   15.940495151162   11.566532614764  172.068034444077
     0.447528740098   15.920954654260   11.563195546021  171.926912775937
     0.447978789016   15.904595226774   11.561264852203  171.887039646259
     0.448481959189   15.874655312821   11.555230126483  171.714710383499
     0.448984056203   15.884856733135   11.564690616037  172.146429049560
     0.449456734738   15.897307431968   11.573927568165  172.516186982406
     0.449965002903   15.892189994429   11.576797323875  172.672307359865
     0.450431184764   15.892501355961   11.579329289942  172.706928233400
     0.450909646389   15.891593363447   11.580471513802  172.713538911019
     0.451317861958   15.902666547353   11.582627766472  172.841668690382
     0.451780121490   15.927092689214   11.591340126244  173.084729299127
     0.452285606059   15.927555796803   11.592672383440  173.119829723141
     0.452741950199   15.901623195131   11.588736966804  172.945764992214
     0.453186300888   15.889012338350   11.584623079537  172.870623593084
     0.453640179082   15.910303180667   11.593450110447  173.190529189212
     0.454107833355   15.888495925681   11.591132475976  173.071717433304
     0.454576939582   15.875433907215   11.588397676569  172.963855459488
     0.455031630601   15.906022159253   11.599482009170  173.326521446587
     0.455526232981   15.898689612277   11.597545045555  173.236215478522
     0.456043754659   15.878600836069   11.592869115270  173.035843014305
     0.456547942587   15.878933711983   11.594578377108  173.123600886859
     0.457045983706   15.929249895331   11.612318375313  173.750058326071
     0.457557527056   15.921778013327   11.611860733652  173.705556148083
     0.458098473787   15.864746473696   11.597177444009  173.196995635841
     0.459105624124   15.913742332124   11.617915807675  173.955100909908
     0.460107755833   15.866887225646   11.580874051394  173.306243779017
     0.461113267628   15.897577742865   11.565480555998  173.292531130330
     0.462120137626   15.887991473275   11.570573352176  173.184587414530
     0.463132774088   15.952254205356   11.562524984437  173.502217248964
     0.464138945963   15.965031375265   11.567341645981  173.740949689420
     0.465145117838   15.993656104544   11.576263205442  174.062840916759
     0.466151289713   15.973794003475   11.577566973573  174.005665226347
     0.467157461588   15.965963279206   11.583324887016  174.199316670142
     0.468163633463   15.935387589925   11.589659359007  174.298888468086
     0.469068993971   15.913370899371   11.595929052680  174.469001209011
     0.469496112791   15.904908812698   11.602714901536  174.760484788404
     0.469915914183   15.881096977829   11.609588971444  174.919133262539
     0.470108078041   15.867394881744   11.618104238903  174.996972796853
     0.470519276301   15.853318613936   11.667547959240  175.623149497919
     0.470934694822   15.805122490524   11.662426277890  175.354944035586
     0.471358514862   15.768730567841   11.657266615235  175.231669293056
     0.471766639592   15.777485840293   11.670902171042  175.686296934830
     0.472168340174   15.765907938148   11.678000040678  175.921404157355
     0.472573240290   15.719842111117   11.671717920202  175.728416976772
     0.472990502083   15.696790113925   11.673034191488  175.740694398447
     0.473394280737   15.671057362327   11.676313509627  175.843079818794
     0.473782566297   15.632802115850   11.671518844118  175.722070893146
     0.474193897397   15.620423883610   11.672864895663  175.788006302752
     0.474609717633   15.603346226597   11.674284782438  175.807652519191
     0.475026341102   15.579476906971   11.672978643417  175.762516552682
     0.475410914393   15.567908053512   11.673963096034  175.792949598966
     0.475802112731   15.567990749319   11.679031721216  175.937222712700
     0.476215695811   15.575672459730   11.684926243231  176.131378416993
     0.476641501048   15.551200023723   11.681306534720  175.984603448141
     0.477063994116   15.543761678580   11.684266798497  176.069492685548
     0.477988311711   15.534674576118   11.686123276835  176.159624624015
     0.478473722784   15.518888666712   11.681973647192  176.051367281544
     0.478887751310   15.524052360029   11.655273810035  175.811074237093
     0.479541739958   15.560263251159   11.669705695636  176.293559982671
     0.480057024312   15.534521907583   11.692148028900  176.284621025497
     0.480510105256   15.547230275213   11.682781645848  176.328211284032
     0.480984092230   15.592676536289   11.667450012575  176.784131391476
     0.481427290941   15.633077589431   11.724455081252  177.834450432419
     0.481843710047   15.636162266854   11.730305850213  177.859071113663
     0.482259268131   15.616794927657   11.723541939199  177.667588870608
     0.482720304759   15.604921269538   11.725361450055  177.709392839447
     0.483198675961   15.623075378159   11.739403075384  178.179965092368
     0.483634867758   15.620279307950   11.745074193309  178.371306242166
     0.484083612038   15.567956049353   11.732879917605  178.011026645140
     0.484505601954   15.529878627243   11.725238407019  177.771346140775
     0.484987125549   15.513961253554   11.727807822671  177.861613407708
     0.485483710742   15.518465548690   11.734578305139  178.027441462903
     0.486492499219   15.491628182487   11.731187885795  177.929144121326
     0.487505603308   15.519009433647   11.706591945760  178.084881361594
     0.488518707397   15.457411458219   11.692624649030  177.463577094682
     0.489531718485   15.497681139938   11.704427861609  177.954232892892
     0.490197340487   15.532816256343   11.717874333164  178.348073369995
     0.490688191605   15.482484317385   11.702898952679  177.810433350996
     0.491121297462   15.433092191007   11.693823573822  177.422265609979
     0.491621652463   15.433215545687   11.734013134770  178.022911716566
     0.492628986441   15.424824708476   11.732327580706  177.789140282407
     0.493636018571   15.477307358666   11.724141970230  178.232939138442
     0.494648751646   15.406376699174   11.683314516225  177.580562188893
     0.495667315463   15.414734441470   11.690448823420  177.813943075778
     0.496678233432   15.430722022553   11.682663478999  177.541253638493
     0.497688456644   15.447515031717   11.709298192969  177.956323606225
     0.498690749255   15.462242811173   11.725974898023  178.415252840894
     0.499697558251   15.430148436139   11.731340208577  179.024212418012
     0.500011368847   15.430329140986   11.743242942585  179.210720038030
