# {0} signal over time, extracted at r = 500 km
# All quantities are measured in a resting observer's frame at infinity
# cols=4 rows=1054
#              time        luminosity               <e>             <e^2>
#               "s"           "foe/s"           "MeV^1"           "MeV^2"
    -0.254702334699  3.1455423353e-12    3.847398829024   16.735934445509
    -0.253689203480  3.6605311453e-03    3.385267460431   13.371844493733
    -0.252687992045    0.010337067010    3.425235571840   13.742918928004
    -0.251646576819    0.014667888392    3.405275227649   13.616611374244
    -0.250628433113    0.016767654393    3.391942152270   13.537862495928
    -0.249626362980    0.017548451053    3.400507369494   13.605930285621
    -0.248600062879    0.017835602623    3.410433186722   13.675798405029
    -0.247598128226    0.017912697951    3.417093824779   13.726152863628
    -0.246596193573    0.017788671568    3.428799239810   13.817000332186
    -0.245594258919    0.017798611638    3.440970139927   13.907095635020
    -0.244558509589    0.018034933879    3.443832934126   13.928243116630
    -0.243518509589    0.018298379678    3.444375771577   13.935676912281
    -0.242478509589    0.018534110314    3.448110181238   13.965991697766
    -0.241438509589    0.018757659074    3.453404162136   14.006240433393
    -0.240398509589    0.018973974227    3.458617229951   14.045757059869
    -0.239358509589    0.019188899763    3.463468360636   14.082974441469
    -0.238318509589    0.019422964241    3.468000731950   14.118066363463
    -0.237278509589    0.019681224566    3.472089183347   14.150324204116
    -0.236238509589    0.019954072913    3.476017496310   14.181778701941
    -0.235198509589    0.020231900488    3.480229941412   14.215320533684
    -0.234158509589    0.020514922182    3.484866044146   14.251775699226
    -0.233118509589    0.020806849456    3.489853382997   14.290774430912
    -0.232078509589    0.021115083193    3.495203631850   14.332547544563
    -0.231038509589    0.021450485331    3.501455348326   14.381148902019
    -0.229998509589    0.021790194261    3.508442129400   14.435543578330
    -0.228958509589    0.022123986378    3.516154831808   14.495586146506
    -0.227918509589    0.022448336323    3.523815294884   14.555773279279
    -0.226878509589    0.022778548286    3.530933233894   14.611974900767
    -0.225838509589    0.023171501085    3.538758589833   14.672796375946
    -0.224798509589    0.023544365520    3.546930225019   14.736473299263
    -0.223758509589    0.023874830128    3.554646384291   14.796372093096
    -0.222718509589    0.024209420677    3.561542642228   14.850720508624
    -0.221678509589    0.024588410334    3.567682812583   14.899735363389
    -0.220638509589    0.024993966016    3.573456993627   14.946159687173
    -0.219598509589    0.025417714050    3.579251357195   14.992730336363
    -0.218558509589    0.025863026123    3.584929617307   15.038520418674
    -0.217518509589    0.026330999772    3.590555927594   15.084085731530
    -0.216478509589    0.026826132554    3.596339241687   15.131186143011
    -0.215438509589    0.027348278475    3.602339212397   15.180459695636
    -0.214398509589    0.027890262204    3.608493481750   15.231216823283
    -0.213358509589    0.028448220478    3.614794226618   15.283214602398
    -0.212318509589    0.029023268197    3.621279868785   15.336761383298
    -0.211278509589    0.029616814850    3.627954854851   15.391901684885
    -0.210238509589    0.030225049141    3.634681912241   15.447622664873
    -0.209198509589    0.030840786657    3.641118341881   15.501503800619
    -0.208158509589    0.031479822933    3.647354997923   15.554215700606
    -0.207118509589    0.032153948865    3.653567468717   15.607064842922
    -0.206078509589    0.032859690756    3.660062175731   15.662285239623
    -0.205038509589    0.033588108111    3.666986818069   15.720873367850
    -0.204398509589    0.034046926784    3.671447871995   15.758495862067
    -0.203358509589    0.034808706936    3.678919814734   15.821455770691
    -0.202318509589    0.035594224411    3.686662697455   15.886681508578
    -0.201278509589    0.036411382491    3.694903679412   15.955977878194
    -0.200238509589    0.037251321829    3.703587839189   16.028901083807
    -0.199198509589    0.038108679136    3.712540084482   16.104061622224
    -0.198158509589    0.038991717093    3.721577197288   16.180000191527
    -0.197118509589    0.039920253931    3.730654893538   16.256353971453
    -0.196078509589    0.040896000917    3.739767067136   16.333093616972
    -0.195038509589    0.041909611655    3.748818616355   16.409605116457
    -0.193998509589    0.042952944987    3.757773631748   16.485741234426
    -0.192958509589    0.044022427033    3.766679415549   16.561780189708
    -0.191918509589    0.045120963157    3.775612374592   16.638228184568
    -0.190878509589    0.046253323518    3.784634701482   16.715579589090
    -0.189838509589    0.047420146834    3.793749153316   16.793856312155
    -0.188798509589    0.048618665334    3.802884230605   16.872540660633
    -0.187758509589    0.049832777078    3.811576987809   16.948258281931
    -0.186718509589    0.051085081997    3.819901101154   17.021441454953
    -0.185678509589    0.052394497408    3.828214894838   17.094729431526
    -0.184638509589    0.053753778825    3.836839920620   17.170611087201
    -0.183598509589    0.055144224280    3.845842773638   17.249647986247
    -0.182558509589    0.056560208839    3.855147139456   17.331111382185
    -0.181518509589    0.058006502990    3.864646001121   17.414280560881
    -0.180478509589    0.059487379555    3.874298239215   17.499051525767
    -0.179438509589    0.060999762036    3.884183348876   17.585720662402
    -0.178398509589    0.062545415939    3.894161085903   17.673157372015
    -0.177358509589    0.064125963098    3.904009777122   17.759793968252
    -0.176318509589    0.065750520581    3.913587359235   17.844540126686
    -0.175278509589    0.067414257555    3.922895691715   17.927352529866
    -0.174238509589    0.069120346518    3.932094346661   18.009417124003
    -0.173198509589    0.070876999905    3.941323622819   18.092062028909
    -0.172158509589    0.072681777359    3.950640320848   18.175844254847
    -0.171118509589    0.074513711385    3.959794870659   18.258700634311
    -0.170558509589    0.075506141970    3.964464768934   18.301400656077
    -0.169518509589    0.077388715519    3.972853312963   18.378704574447
    -0.168478509589    0.079337885831    3.981249501204   18.456390303508
    -0.167438509589    0.081344705784    3.989947600208   18.536694279668
    -0.166398509589    0.083390862909    3.999048517666   18.620329095968
    -0.165358509589    0.085476307103    4.008437407192   18.706389505396
    -0.164318509589    0.087609564383    4.018017589672   18.794171773336
    -0.163278509589    0.089811154358    4.027741858813   18.883315181721
    -0.162238509589    0.092072534514    4.037521590842   18.973150818793
    -0.161198509589    0.094384233380    4.047245924947   19.062713031837
    -0.160158509589    0.096746794182    4.056883730365   19.151868721840
    -0.159118509589    0.099161811751    4.066501697922   19.241189961112
    -0.158078509589    0.101631892020    4.076213178854   19.331465673328
    -0.157038509589    0.104156494495    4.086010663333   19.422665091579
    -0.155998509589    0.106702549493    4.095268038909   19.509827607197
    -0.154958509589    0.109311660559    4.103855660725   19.591783184016
    -0.153918509589    0.112036086458    4.112476265079   19.674226867789
    -0.152878509589    0.114888246935    4.121589342504   19.760984983634
    -0.151838509589    0.117850579325    4.131352385078   19.853489808172
    -0.150798509589    0.120903006312    4.141728535383   19.951641350555
    -0.149758509589    0.124049126881    4.152572651790   20.054182674755
    -0.148718509589    0.127284203593    4.163773123077   20.160161338801
    -0.147678509589    0.130606043540    4.175171062137   20.268295229638
    -0.146638509589    0.134050061328    4.186922683080   20.379671827247
    -0.145598509589    0.137619703736    4.199549211864   20.498380363922
    -0.144558509589    0.141224810831    4.211918839570   20.615570602703
    -0.143518509589    0.144901222925    4.223699499648   20.728605667980
    -0.142478509589    0.148709972779    4.234519422012   20.834574254166
    -0.141438509589    0.152727096251    4.245107909354   20.939364666461
    -0.141198509589    0.153679718566    4.247625480335   20.964255108647
    -0.140158509589    0.157903931813    4.259037477809   21.076524375771
    -0.139118509589    0.162262437984    4.271216423027   21.195215529105
    -0.138078509589    0.166766070090    4.283931145354   21.318796136231
    -0.137038509589    0.171413297573    4.296872413358   21.444870835083
    -0.135998509589    0.176187061020    4.309929889065   21.572407894099
    -0.134958509589    0.181057168405    4.322815525908   21.699174279596
    -0.133918509589    0.186058087878    4.335333253925   21.823679770134
    -0.132878509589    0.191231122529    4.347883644602   21.949214505466
    -0.131838509589    0.196522704144    4.360105490412   22.072607530840
    -0.130798509589    0.201975170586    4.372004763460   22.193778208067
    -0.129758509589    0.207686850458    4.384014300563   22.316179068903
    -0.128718509589    0.213684533007    4.396478473818   22.442569318760
    -0.127678509589    0.219911972922    4.409769206325   22.576420158996
    -0.126638509589    0.226350072168    4.423878533887   22.718022613284
    -0.125598509589    0.232969011640    4.438463945988   22.864573164798
    -0.124558509589    0.239746512519    4.452998162248   23.011308880255
    -0.123518509589    0.246682138496    4.466522519339   23.149733006325
    -0.122478509589    0.253877031991    4.479418731018   23.283232440289
    -0.121438509589    0.261327489834    4.492183603040   23.416184650174
    -0.120398509589    0.269031676734    4.505302632634   23.552963210943
    -0.119358509589    0.276996400445    4.519008608860   23.695676542893
    -0.119038509589    0.279497239620    4.523353993798   23.740860196395
    -0.117998509589    0.287816526583    4.537812598423   23.890973922756
    -0.116958509589    0.296411421893    4.552758715364   24.045933747268
    -0.115918509589    0.305239643808    4.568140020783   24.205274562888
    -0.114878509589    0.314301600051    4.583863265872   24.368164329121
    -0.113838509589    0.323523363355    4.598661977801   24.523660670991
    -0.112798509589    0.333149605939    4.613154306932   24.677364063330
    -0.111758509589    0.343250110325    4.628084479989   24.835848906337
    -0.110718509589    0.353689476661    4.643110560021   24.995506174169
    -0.109678509589    0.364422699085    4.658319234302   25.157199556545
    -0.108638509589    0.375472835623    4.673934218784   25.323147271029
    -0.107598509589    0.386887467983    4.690201847440   25.496179413116
    -0.106558509589    0.398769458243    4.707229534159   25.677297353570
    -0.105518509589    0.411171480259    4.724986585336   25.866309239364
    -0.104478509589    0.423839922902    4.741548745652   26.045250004880
    -0.103438509589    0.437041360950    4.757658479351   26.220918548776
    -0.102398509589    0.450787416912    4.774466726945   26.403877433290
    -0.101358509589    0.465007723448    4.792269673722   26.597105645946
    -0.100318509589    0.479684576483    4.810910377445   26.799587217888
    -0.099918509589    0.485488594880    4.818259738704   26.879521958597
    -0.098878509589    0.501040064640    4.837734504177   27.091467187201
    -0.097838509589    0.517187537988    4.857578874089   27.307635583865
    -0.096798509589    0.533933643178    4.878012810510   27.530016114949
    -0.095758509589    0.550999235197    4.897847088935   27.747632241888
    -0.094718509589    0.568667672300    4.916033337293   27.950917721643
    -0.093678509589    0.587285931402    4.934759125532   28.160924656680
    -0.092638509589    0.606700876039    4.954542609653   28.382440703610
    -0.091598509589    0.626643838542    4.975319071231   28.614620801118
    -0.090558509589    0.647154581618    4.996568554174   28.852167763517
    -0.089518509589    0.668340486009    5.017957315288   29.092136460093
    -0.088478509589    0.690298361499    5.039689073837   29.336127858233
    -0.087438509589    0.712650741189    5.059501571052   29.562897557513
    -0.086398509589    0.735990855837    5.078463001270   29.783389394296
    -0.085358509589    0.760523199546    5.098802293331   30.018578987627
    -0.084638509589    0.778011807200    5.113684108738   30.189652909323
    -0.083598509589    0.803910490180    5.135932074878   30.444827146020
    -0.082558509589    0.830799609512    5.158784314714   30.707365886881
    -0.081518509589    0.858666984070    5.182302964783   30.978604307440
    -0.080478509589    0.887154712294    5.204679106919   31.240236800392
    -0.079438509589    0.916546029069    5.224072193749   31.473357549967
    -0.078398509589    0.947792449095    5.244860552315   31.721251768519
    -0.077358509589    0.980437004843    5.267198418045   31.985891340339
    -0.076318509589    1.014245160326    5.291166092990   32.269320793592
    -0.075278509589    1.049211815424    5.316578403626   32.570128558296
    -0.074238509589    1.084887400365    5.338405137214   32.836140844574
    -0.073198509589    1.122206374903    5.353952701472   33.038967616783
    -0.072158509589    1.161773034598    5.372553297969   33.274112316463
    -0.071118509589    1.203286274361    5.397139521403   33.572890393902
    -0.070718509589    1.219690952712    5.408221791447   33.705310776313
    -0.069678509589    1.263350788942    5.439872390231   34.081296121656
    -0.068638509589    1.308108119954    5.464630729255   34.388162228871
    -0.067598509589    1.355405905203    5.483719415190   34.635850793783
    -0.066558509589    1.405845973093    5.504400420709   34.900654799070
    -0.065518509589    1.458751720544    5.528922302443   35.208396307593
    -0.064478509589    1.513344085545    5.558624289398   35.573781280044
    -0.063438509589    1.569485670673    5.591212560458   35.971495026962
    -0.062398509589    1.630002406442    5.614831739227   36.274941236215
    -0.061358509589    1.693957565255    5.640974248025   36.607795273740
    -0.060318509589    1.761286323375    5.669387586396   36.967813614707
    -0.059438509589    1.820563727768    5.694887437039   37.289983962348
    -0.058398509589    1.893408234710    5.726335079647   37.686840064599
    -0.057358509589    1.971068427069    5.756631769377   38.072831039798
    -0.056318509589    2.053581023584    5.785785816540   38.449027214762
    -0.055278509589    2.139800045846    5.816877689713   38.849738027221
    -0.054238509589    2.231047424254    5.849599449522   39.270756388457
    -0.053198509589    2.327914399694    5.884087557185   39.713644720157
    -0.052158509589    2.432394648283    5.917208514963   40.143478752724
    -0.051118509589    2.544476543350    5.949629543651   40.568929816161
    -0.050078509589    2.662708756321    5.985600412035   41.039048537244
    -0.049038509589    2.786902999340    6.023286095317   41.531211360896
    -0.048558509589    2.846181883185    6.041140586741   41.764506667732
    -0.047518509589    2.981882211226    6.077845239720   42.249373886494
    -0.046478509589    3.126349387804    6.113480655110   42.726893647889
    -0.045438509589    3.277084355822    6.151496063966   43.235620421517
    -0.044398509589    3.436917145959    6.192602191165   43.784268589134
    -0.043358509589    3.608458506933    6.232706133024   44.325735248211
    -0.042398509589    3.774676236165    6.267660853582   44.804651374485
    -0.041358509589    3.963333685540    6.308021429247   45.358875907898
    -0.040318509589    4.164983249820    6.351187387217   45.953328294331
    -0.039278509589    4.382772776734    6.391864491467   46.521196081187
    -0.038238509589    4.612732349478    6.433080392925   47.099593626701
    -0.037198509589    4.853679686572    6.477266488853   47.717784094598
    -0.036158509589    5.114588266795    6.520965163747   48.333861071091
    -0.035118509589    5.396260872785    6.563952817997   48.946971346868
    -0.034318509589    5.624207348511    6.598157780539   49.437066650244
    -0.033278509589    5.938308222678    6.644051864074   50.096296719188
    -0.032238509589    6.278722627415    6.689401901842   50.754248658869
    -0.031198509589    6.645254521293    6.736888178728   51.444166722827
    -0.030158509589    7.042720344104    6.786821475743   52.171621992467
    -0.029518509589    7.304120431572    6.817149421481   52.617663701703
    -0.028478509589    7.755398665477    6.868111223957   53.369867570156
    -0.027438509589    8.244558961737    6.920488166242   54.146493701622
    -0.026398509589    8.780913298353    6.972558295307   54.927544933846
    -0.025518509589    9.270941150875    7.018318824687   55.616028159012
    -0.024478509589    9.904643228206    7.073122517471   56.447556463190
    -0.023438509589   10.600760520124    7.128654607372   57.298861206579
    -0.022398511533   11.370424076927    7.186274636671   58.187402221947
    -0.021598511533   12.022352220001    7.231336752962   58.885832722954
    -0.020558511533   12.942417636075    7.291684319237   59.824116790491
    -0.019518511533   13.958820069978    7.350851465557   60.750941648753
    -0.018558511533   14.993213604613    7.406113935728   61.620150803843
    -0.017518511533   16.249061662510    7.464691848137   62.549447387124
    -0.016486511533   17.642654619942    7.523704648601   63.490507399214
    -0.016414511533   17.746697374087    7.527812574807   63.556315764916
    -0.015374511533   19.362495988945    7.588967962749   64.541814592528
    -0.014334511533   21.208458099654    7.651148796091   65.553642804392
    -0.013894511533   22.068373035134    7.677678225172   65.988081305804
    -0.012874511533   24.281085909843    7.738254618602   66.990969044638
    -0.012034511533   26.376267679904    7.788021500168   67.829850614717
    -0.011014511533   29.325560688403    7.845765122907   68.822049769828
    -0.010474511533   31.105802326010    7.874949954114   69.333084094941
  -9.4373102850e-03   35.037932502724    7.927998853194   70.282240061220
  -9.2753102850e-03   35.721151182936    7.935711687196   70.423580643885
  -8.2628102850e-03   40.424492116670    7.979211386467   71.239607849133
  -8.0198102850e-03   41.676999029906    7.988080799319   71.413097245341
  -7.0781852850e-03   47.081262195305    8.015482787274   71.982014163290
  -6.2580602850e-03   52.701787780557    8.030929845368   72.358615494342
  -5.5746354619e-03   58.217463162255    8.037578698362   72.587756329677
  -4.9595417119e-03   63.930644805077    8.040874549818   72.763655312717
  -4.4127917119e-03   69.658571658245    8.043669085682   72.929225802703
  -3.9343854619e-03   75.164465915221    8.049062142984   73.132157020059
  -3.5072370244e-03   80.392540025223    8.059215954422   73.408757215731
  -3.1228034307e-03   85.220560779970    8.074602623298   73.767408218771
  -2.7768131963e-03   89.559461206775    8.094378963713   74.194127556235
  -2.4660627080e-03   93.388576791030    8.117829859962   74.677204217302
  -2.1873483526e-03   96.721657004011    8.143647116086   75.195686104225
  -1.9470773565e-03   99.489838361543    8.169426003620   75.707085945177
  -1.7308334600e-03  101.884491955896    8.195360131784   76.218702283607
  -1.5372951726e-03  103.934343857465    8.220972734202   76.722125398082
  -1.3686249334e-03  105.633412666611    8.245256882081   77.198021856695
  -1.2161729864e-03  107.087355800111    8.268728296252   77.657213212557
  -1.0799393316e-03  108.311582871087    8.290833834947   78.089527381543
  -9.6316762746e-04  109.298393889428    8.310545212806   78.475231257960
  -8.5734327062e-04  110.137716038633    8.328989747363   78.836404757087
  -7.6429081892e-04  110.827823557583    8.345672015687   79.163205689809
  -6.7944887765e-04  111.414234560206    8.361281488513   79.469017664595
  -6.0555428365e-04  111.888685759199    8.375181494562   79.741323213912
  -5.4260703691e-04  112.264449821357    8.387241792413   79.977579309611
  -4.7615321800e-04  112.631356350763    8.400164214770   80.230767367971
  -4.6268429569e-04  112.701941617295    8.402804269932   80.282503416393
  -4.6199700363e-04  112.705508906830    8.402939194577   80.285147569885
  -4.6076252722e-04  112.711877682404    8.403180476326   80.289876678408
  -4.3958255587e-04  112.819276360533    8.407329194161   80.371196997041
  -4.2413963110e-04  112.895415920413    8.410363812064   80.430687123920
  -4.1231650407e-04  112.952483860072    8.412692316330   80.476339571817
  -4.0213614090e-04  113.000774063383    8.414700818402   80.515721625653
  -3.9236994397e-04  113.046360519224    8.416630631850   80.553563952408
  -3.8908266104e-04  113.061541472014    8.417280868778   80.566315363837
  -3.7923714785e-04  113.106514933985    8.419230307233   80.604546814334
  -3.6894913044e-04  113.152713778391    8.421270505817   80.644561735188
  -3.5800151525e-04  113.200973927084    8.423444978710   80.687214421917
  -3.4710248926e-04  113.248088895368    8.425613338203   80.729751527019
  -3.3568755739e-04  113.296427323103    8.427888102326   80.774380596175
  -3.2459832119e-04  113.342390215885    8.430101652116   80.817813136183
  -3.1690226513e-04  113.373707060656    8.431640017372   80.848000265413
  -3.0728404582e-04  113.412168475376    8.433565050429   80.885777800005
  -3.0394402699e-04  113.425347784214    8.434234182915   80.898909825250
  -2.9548843876e-04  113.458302277176    8.435929582014   80.932184474755
  -2.8958614831e-04  113.480956213719    8.437114293095   80.955437518265
  -2.8385768873e-04  113.502666052358    8.438265049600   80.978025205127
  -2.7440458848e-04  113.537891879595    8.440166142751   81.015343178327
  -2.6690935036e-04  113.565289509396    8.441675348050   81.044970441346
  -2.5819851389e-04  113.596534348100    8.443431346087   81.079444612486
  -2.5183858974e-04  113.618940729768    8.444714805897   81.104643182202
  -2.4444971671e-04  113.644538902721    8.446207384124   81.133948852182
  -2.3631026421e-04  113.672195841018    8.447853375191   81.166268374428
  -2.2919075077e-04  113.695920005283    8.449294667203   81.194569964463
  -2.1988846549e-04  113.726256276081    8.451180015770   81.231593040403
  -2.1773922551e-04  113.733158626554    8.451615965810   81.240154191075
  -2.0898051408e-04  113.760870172917    8.453393923339   81.275070646681
  -2.0094808659e-04  113.785693241677    8.455026346792   81.307130467186
  -1.9138373353e-04  113.814508766926    8.456972488058   81.345353177447
  -1.8320420559e-04  113.838509644579    8.458638886458   81.378082987204
  -1.7508966647e-04  113.861730759622    8.460293903462   81.410590354328
  -1.6677611868e-04  113.884909305562    8.461991423971   81.443933598475
  -1.5687739715e-04  113.911694119000    8.464015155577   81.483685604813
  -1.4709680016e-04  113.937285915475    8.466017420161   81.523017082266
  -1.3592834164e-04  113.965708212847    8.468327025169   81.568379447721
  -1.2506781594e-04  113.991948904554    8.470553370055   81.612117768311
  -1.1462202471e-04  114.016144058428    8.472697787560   81.654247322236
  -1.0424623716e-04  114.039156175606    8.474830884072   81.696154961109
  -9.7849441472e-05  114.052834388166    8.476147511817   81.722022092528
  -9.2225588187e-05  114.064536760742    8.477305968207   81.744781792269
  -8.3895032442e-05  114.081313655099    8.479023662661   81.778528665994
  -7.6161309301e-05  114.096290717686    8.480620058964   81.809892477305
  -6.8610152621e-05  114.110356067272    8.482180375570   81.840547454719
  -6.1881439501e-05  114.122423347467    8.483572076752   81.867889697265
  -5.5265684836e-05  114.133858216719    8.484941635685   81.894796899192
  -4.9217629990e-05  114.143937637047    8.486194700112   81.919415364631
  -4.3528391395e-05  114.153091927980    8.487374322917   81.942590935219
  -3.8116344311e-05  114.161504870774    8.488497260884   81.964652833144
  -3.2894162484e-05  114.169348952499    8.489581529750   81.985955008573
  -2.8043623608e-05  114.176393388093    8.490589269842   82.005753651799
  -2.2987369793e-05  114.183488292442    8.491640389555   82.026404557713
  -1.8494607947e-05  114.189579441120    8.492574912286   82.044764736367
  -1.4243435863e-05  114.195157882913    8.493459647869   82.062146775956
  -9.9799976995e-06  114.200571102668    8.494347386632   82.079587829326
  -5.8618797684e-06  114.205627021026    8.495205292805   82.096442787459
  -1.5486406118e-06  114.210739949556    8.496104295693   82.114105174957
   2.3640857456e-06  114.215216268945    8.496920213752   82.130135243581
   6.3852579547e-06  114.219655688334    8.497759130361   82.146617180432
   1.0147669684e-05  114.223661368900    8.498544413272   82.162045417225
   1.4179198559e-05  114.227794217708    8.499386241044   82.178584604954
   1.8170958590e-05  114.231723547678    8.500220146512   82.194968178444
   1.8724231284e-05  114.232255370434    8.500335758467   82.197239586244
   2.5215588218e-05  114.441512366744    8.501852630783   82.227229091332
   4.0276292447e-05  114.447281072372    8.504924382864   82.287680607474
   5.7289538186e-05  114.451545110972    8.508432267297   82.356671517987
   7.5416950176e-05  114.453287612215    8.512211447117   82.430951468649
   9.1729011601e-05  114.452213139975    8.515644393978   82.498392210403
   1.0765281558e-04  114.448594587542    8.519019986002   82.564683220338
   1.2317917288e-04  114.442496333882    8.522329444022   82.629661453847
   1.4083662693e-04  114.432342629604    8.526108597688   82.703854404096
   1.5697297893e-04  114.419971601876    8.529571050444   82.771831051274
   1.7418187973e-04  114.403438319622    8.533267731279   82.844414843688
   1.8925483298e-04  114.386076426449    8.536505512951   82.908000197153
   2.0717640108e-04  114.361879946107    8.540351690574   82.983552276316
   2.2354237247e-04  114.336383780955    8.543858421345   83.052456471633
   2.4108839374e-04  114.305415929538    8.547610506213   83.126203843673
   2.5986163386e-04  114.268099264977    8.551615645928   83.204949866393
   2.7717624818e-04  114.229841142083    8.555301121436   83.277431874534
   2.9579027069e-04  114.184592619815    8.559254897648   83.355210058628
   3.1561975965e-04  114.131694137675    8.563458959952   83.437929895533
   3.3668701287e-04  114.070191644708    8.567918906993   83.525699491070
   3.5673879419e-04  114.006587846055    8.572160186283   83.609174772814
   3.7789383269e-04  113.934129702769    8.576633754346   83.697226081489
   4.0026396003e-04  113.851528043866    8.581366235732   83.790373057728
   4.2407143965e-04  113.756857626130    8.586408666327   83.889615410599
   4.4946803202e-04  113.648138169200    8.591797596071   83.995667764605
   4.7657566993e-04  113.523202350103    8.597563817388   84.109132002768
   5.0564628164e-04  113.378867351623    8.603766249663   84.231164668146
   5.3678538750e-04  113.212144489688    8.610432794813   84.362313887713
   5.6932364913e-04  113.024215838054    8.617424101534   84.499840390696
   6.0155186626e-04  112.823886876080    8.624372875758   84.636524159875
   6.3316555903e-04  112.613277151064    8.631210383775   84.771018621007
   6.7075920191e-04  112.344115732427    8.639365146612   84.931428333200
   7.1163513240e-04  112.027741337355    8.648256689268   85.106341431142
   7.5488461482e-04  111.665369879557    8.657687410227   85.291874923111
   8.0090960726e-04  111.247801640029    8.667744335965   85.489741880836
   8.5020192344e-04  110.763350684141    8.678534751967   85.702051771477
   9.0270076286e-04  110.204411568574    8.690044562100   85.928526162321
   9.5877210720e-04  109.558047272085    8.702351263059   86.170694833156
   1.0199815541e-03  108.794044789086    8.715791134212   86.435194650317
   1.0879153169e-03  107.874905412218    8.730693564614   86.728548516672
   1.1583414187e-03  106.843452389859    8.746098558012   87.031895549593
   1.2437753315e-03  105.485174924803    8.764683354582   87.397981051915
   1.3339961069e-03  103.922920039766    8.784137703807   87.781320499522
   1.4404114049e-03  101.908139821748    8.806802297879   88.228218973033
   1.5554532058e-03   99.517643771521    8.831005176421   88.706039710909
   1.6703427606e-03   96.916409601380    8.855158885545   89.182801990599
   1.7956385710e-03   93.858934659359    8.882064855071   89.711182687815
   1.9192134725e-03   90.658321964472    8.909541350930   90.245698689060
   2.0568641756e-03   86.961430567950    8.940237426336   90.839776354305
   2.2193105199e-03   82.636543500768    8.971296673259   91.451273259855
   2.3876694467e-03   78.620530328439    8.988626485798   91.824914635027
   2.5540790682e-03   75.711040750658    8.986747410760   91.845862098857
   2.7188176577e-03   74.499308298223    8.974730616066   91.662557762611
   2.8835562471e-03   75.485099568472    8.973477668614   91.667868912044
   3.0746495806e-03   79.920408501653    9.018435503680   92.591413982630
   3.2740856318e-03   88.849729684831    9.147533918336   95.302413766249
   3.4735216831e-03  102.590930252758    9.366267672799  100.055723622925
   3.6729577343e-03  121.241361229544    9.655514216098  106.553784028426
   3.8515596940e-03  141.799848756090    9.951058911973  113.395992681479
   4.0566012036e-03  169.183339474606   10.309131281655  121.953301499329
   4.2476707514e-03  197.579967880218   10.642203543432  130.153743249954
   4.4517587450e-03  230.169370098388   10.985000727861  138.818477186938
   4.6936061197e-03  269.997340516912   11.362442340222  148.614040820405
   4.9452089573e-03  308.279049203338   11.704345402742  157.753814446917
   5.1978231095e-03  337.474763574809   11.975774142166  165.266912588158
   5.4492083814e-03  356.163658608593   12.172393238426  170.908830467753
   5.7000128854e-03  366.567757147690   12.310008841379  174.999390247550
   5.9507563888e-03  371.074794488821   12.404382568002  177.910002647185
   6.2008183036e-03  371.430180532477   12.465628863677  179.888778964438
   6.4514829754e-03  368.810103030130   12.500043914859  181.099178828199
   6.7019126171e-03  364.170803448338   12.513698474808  181.693737043909
   6.9523422588e-03  357.880993136922   12.510114329714  181.783609705158
   7.2051348179e-03  350.313332134544   12.491046569280  181.424255903605
   7.4570457541e-03  341.778400500720   12.458195088749  180.660079272878
   7.7089566903e-03  332.516553792957   12.416830128921  179.632953786794
   7.9630758213e-03  323.059797469267   12.366907828376  178.327007681139
   8.2170130140e-03  313.705262536125   12.316238282550  176.974158580144
   8.4686766999e-03  304.819504289213   12.262155711903  175.505112646035
   8.7203403859e-03  296.561619614036   12.211649232544  174.120755475878
   8.9720040718e-03  288.240427196868   12.158771470396  172.702128404394
   9.2236677577e-03  280.765440323234   12.106116344738  171.275249590329
   9.4753314437e-03  273.851999616345   12.060134820358  170.039521566354
   9.7269951296e-03  266.848649217963   12.010745759765  168.750267219211
   9.9786588155e-03  260.342864068579   11.961340017164  167.445966555348
     0.010230322501  254.300437340584   11.917113245079  166.266883012322
     0.010482343966  247.945523806615   11.866141611191  164.937984488186
     0.010736818816  242.187640327234   11.814921970924  163.594350706699
     0.010991293666  236.999773920167   11.772615274200  162.478111284525
     0.011245768516  231.201236704030   11.723610098101  161.223412967290
     0.011500243365  225.762241784195   11.670458570602  159.870057056193
     0.011754718215  220.930617364568   11.623259077579  158.667814885331
     0.012009193065  215.620747787609   11.573900650875  157.438043387311
     0.012263667915  209.999321118741   11.515528173503  155.999479336794
     0.012518142764  205.059704285637   11.461346555207  154.645501560288
     0.012772617614  200.349430431253   11.411073008334  153.357849097081
     0.013027092464  195.369840013735   11.353440733409  151.882495597891
     0.013281567314  190.773348408489   11.296580735107  150.445427436558
     0.013536042163  186.647857745486   11.248127930064  149.214028379650
     0.013790517013  182.340544553056   11.197766970255  147.918535871593
     0.014044991863  178.010123851875   11.140834874611  146.471271554884
     0.014299466712  174.334798032078   11.089344097374  145.179716085489
     0.014550652795  171.162279249766   11.047257288618  144.112030782480
     0.014802216975  167.574595892060   11.002919424589  142.975306504838
     0.015053781154  163.658905892383   10.950082684822  141.639858355962
     0.015305345333  160.314230022482   10.900461743254  140.397509655056
     0.015556909513  157.775131531998   10.860850689478  139.396062945121
     0.015808473692  155.362046186083   10.825741556465  138.504348148725
     0.016060037871  152.266301943177   10.785804547509  137.534784110842
     0.016311602050  148.993505665934   10.741911100578  136.495337487236
     0.016563166230  146.355558700470   10.703531017276  135.577340287012
     0.016814730409  144.304737770372   10.672163990133  134.812923739020
     0.017066294588  142.452979291130   10.644380210284  134.118189480057
     0.017317858767  140.282131544381   10.612922095312  133.335107991097
     0.017569422947  137.740905715514   10.575754709296  132.433451369970
     0.017820987126  135.261616613252   10.539980281990  131.581318097996
     0.018072551305  133.111460586570   10.508900543832  130.847420395117
     0.018324115485  131.246322581175   10.481012644201  130.178561295195
     0.018582737897  129.210913756248   10.449263322548  129.407140826186
     0.018833426951  127.012166232096   10.412474588454  128.524932121485
     0.019092040120  124.938140835914   10.377666020179  127.697410674244
     0.019352802886  123.120015290497   10.349504311723  127.033790665226
     0.019607313346  121.411721838282   10.324168138540  126.441535879253
     0.019861819685  119.621831045768   10.297624624333  125.818593940525
     0.020113529404  117.695540094363   10.266090136100  125.079146349329
     0.020367681490  115.791734541969   10.231443524762  124.262588736285
     0.020621833575  114.064059557431   10.199009226114  123.497784481820
     0.020876753007  112.581309177609   10.171843238276  122.865213231640
     0.021130843836  111.412022910600   10.152493180243  122.418467217310
     0.021381632082  110.245084695342   10.133873987485  121.978264432327
     0.021634557612  108.776439752917   10.107432586976  121.354978392416
     0.021886476500  107.205078203758   10.077908257473  120.675966239435
     0.022138264919  105.780383254986   10.050933455042  120.066944720776
     0.022390053337  104.639040795404   10.027809851625  119.537210652932
     0.022641455680  103.779504052062   10.008803552250  119.088952705377
     0.022898738482  102.996481453828    9.995672168502  118.787739754648
     0.023149820248  101.876375930773    9.974549097722  118.274071250954
     0.023403423895  100.504109618036    9.946197272030  117.596952851072
     0.023655314898   99.302998223201    9.921194120650  117.022995369764
     0.023907205900   98.324155115679    9.900574242428  116.563961090333
     0.024159096902   97.486934431947    9.883082433469  116.191079566024
     0.024410987904   96.691102990723    9.866291020278  115.831182162244
     0.024662135463   95.860523436776    9.851169142742  115.511289762726
     0.024916034442   94.874752912802    9.831523906229  115.073265451180
     0.025009697494   94.490061017961    9.822910917374  114.877393702192
     0.026019475282   91.214385921655    9.751011024672  113.295880031845
     0.027025338551   88.531867477437    9.686500117561  111.862058919907
     0.028025528128   85.486560269621    9.614531669947  110.339855464266
     0.029034260188   83.276481220715    9.567408350421  109.279601827632
     0.030050044009   80.720119280855    9.506571128548  107.952454444869
     0.031063998424   79.174401713981    9.472642524717  107.209420208978
     0.032080570623   77.029086837987    9.425550371289  106.232127789174
     0.033083716165   75.787628199993    9.399615454745  105.698126593860
     0.033405663114   75.592683789518    9.396805460147  105.659930599284
     0.034414817930   74.377276277135    9.366855615952  104.966064689617
     0.035420415507   73.032269729213    9.341779509898  104.514388182874
     0.036423508009   72.246661797965    9.330412538781  104.285372534679
     0.037435647651   70.937301882162    9.299894053942  103.651838858504
     0.038444741843   70.196013067853    9.289558556716  103.476491115468
     0.039453836035   70.042142346540    9.294875440703  103.639254561006
     0.040462930227   69.813097136158    9.299114781591  103.711051154985
     0.041472024420   68.978357898032    9.290227312043  103.569159899251
     0.042481118612   68.520897496661    9.299062994926  103.860345446000
     0.043490212804   67.710158398241    9.297014574116  103.894931756370
     0.044499306996   66.801969774617    9.275209516933  103.381909828127
     0.045508401188   66.344955855543    9.269630148254  103.324130469959
     0.046517495380   65.515054661629    9.259101255428  103.186237709201
     0.047526589573   64.723558600989    9.239055042068  102.699183131133
     0.048535683765   64.176076747648    9.235977863809  102.674160722514
     0.049544777957   63.995495233646    9.250733851197  103.057234943522
     0.050553872149   64.254389914697    9.275565044780  103.628738561115
     0.051562966341   64.429910301514    9.307892594490  104.414148214835
     0.052572060534   63.921189698792    9.315291688419  104.537975159826
     0.053581154726   63.093143820868    9.321914976220  104.755813778863
     0.054602465451   62.445538799814    9.330658159131  104.977185125691
     0.055618628828   61.955803089512    9.331530159743  104.994869542165
     0.056634792206   61.460622279268    9.347844190730  105.425176758853
     0.057650955584   60.788464527847    9.364858001372  105.847078746079
     0.058667118962   60.515182893551    9.392213390745  106.446168860837
     0.059683282340   60.522180918646    9.427097949153  107.269271022741
     0.060699445717   60.853590691267    9.473511906902  108.384772208745
     0.061715609095   61.232347260895    9.519263614874  109.492764499006
     0.062731772473   61.410883441080    9.556037258234  110.396600761957
     0.063748342906   61.653404604053    9.590196128056  111.218987877202
     0.064756413219   61.860480838102    9.620824375366  111.934978804699
     0.065764483531   61.844234509411    9.646566929505  112.645715783499
     0.066772553844   61.734497251401    9.659820769804  113.013837383332
     0.067780624156   61.763830429061    9.668126267633  113.194034380139
     0.068788694469   61.807531330238    9.673509315661  113.377270742783
     0.069796764781   62.007142140693    9.682069355648  113.642574170377
     0.070804835094   62.287046683970    9.694900461831  114.015199688564
     0.071812905406   62.778719948455    9.715075139687  114.544484083912
     0.072820975719   63.599847318669    9.749792139408  115.449502908018
     0.073829046031   64.436828511748    9.786645855020  116.398901594724
     0.074837116344   65.017415654498    9.810241951224  116.975960711557
     0.075845186656   65.581739042348    9.834726660910  117.633127613907
     0.076853256969   66.209721567304    9.868736939225  118.599910510198
     0.077861327281   66.638961112761    9.895833676756  119.290823766553
     0.078869397594   66.876535926104    9.918275244749  119.847770335495
     0.079877463228   67.052942703928    9.941949552287  120.450524795267
     0.080885525175   67.254683676195    9.967846343201  121.094315032468
     0.081893587123   67.344774248070    9.990446911424  121.652759167161
     0.082901649070   67.348439597377   10.014248706491  122.268379932744
     0.083909711018   67.346330179362   10.041122378040  122.960507297575
     0.084917772966   67.491438063265   10.078337565263  123.993549471329
     0.085925834913   67.538415924957   10.110214167902  124.829884329272
     0.086933896861   67.526058499301   10.136508340392  125.491391224763
     0.087941958808   67.375118783621   10.160613469950  126.083402737819
     0.088950020756   67.259275370967   10.190487155597  126.825513314193
     0.089958082703   67.291067276263   10.228040025309  127.778400192207
     0.090009340091   67.293675611347   10.229936835601  127.825880705165
     0.091017402038   67.364082997942   10.265653599142  128.690641636030
     0.092025463986   67.652804634576   10.294188084451  129.433336492060
     0.093033525933   67.645967385685   10.327532579416  130.318413262067
     0.094041587881   67.703191816812   10.364854703011  131.275484419646
     0.095049649828   67.787325991228   10.408922163387  132.428385672347
     0.096057711776   67.622499988420   10.439491789991  133.176211371175
     0.097065773724   67.556466838820   10.471356337794  133.990508930559
     0.098073835671   67.503838976943   10.503638245964  134.845124315589
     0.099081897619   67.514123894088   10.535452427932  135.687482723557
     0.100089959566   67.703220498096   10.577847307089  136.929640166292
     0.101098021514   67.923382605480   10.619244787864  138.058172040838
     0.102114769947   68.137868239208   10.659412771357  139.115499216035
     0.103129671690   68.164103484284   10.698556165892  140.174615511800
     0.104144570492   68.063689158674   10.728565074296  141.006066950701
     0.105159469295   68.102427882118   10.760425578243  141.872987998853
     0.106174368098   68.140195503699   10.793881155444  142.802134415982
     0.107189266901   68.144699750503   10.826660311605  143.732228047502
     0.108204165704   68.209170389748   10.865309070354  144.942025403524
     0.109214051162   68.173527744374   10.895411450720  145.783377289065
     0.110225350235   68.186110116412   10.920810158496  146.460068623941
     0.111233420547   68.278078387860   10.954589263723  147.369697712187
     0.112241490860   68.422542656030   10.988819037346  148.288651483063
     0.113249561172   68.482463202944   11.020023153196  149.138010224016
     0.114257631485   68.509007942155   11.048249276249  149.985003383825
     0.115265701797   68.694155855600   11.087933330626  151.247915109349
     0.116273772110   68.529566331903   11.109627157780  151.810141653361
     0.117281842422   68.614800364922   11.143620482363  152.771300521511
     0.118297020608   68.634585534746   11.173036597734  153.595898746495
     0.119305090920   68.458368528959   11.193329444220  154.126282837986
     0.120320191618   68.358761338283   11.217527111669  154.824505627057
     0.121335096305   68.456416775498   11.250740155038  156.002329102225
     0.122350000993   68.443652228787   11.283210563025  156.967789755941
     0.123364905680   68.540419243196   11.319584092251  158.023392141452
     0.124379810368   68.428458123607   11.339812837634  158.556323128241
     0.125394715055   68.322156638548   11.362192940898  159.190823837196
     0.126409619743   68.194207844586   11.385860772299  159.895724982656
     0.127416657566   68.394325184385   11.430864558191  161.454335291202
     0.128431562253   68.503469951354   11.465265913298  162.393075581149
     0.129446451277   68.491456813714   11.487989015896  163.030714162141
     0.130461332920   68.486495729056   11.516516583196  163.880690856956
     0.131476214563   68.176657300150   11.533992236453  164.397291636088
     0.132491096205   67.965058254699   11.555896833477  165.208637207719
     0.133507018922   67.839877233328   11.582737084341  166.162749791770
     0.134511442412   67.695631674389   11.606537393082  166.809836811959
     0.135515865902   67.764279074041   11.636700022459  167.675907085359
     0.136520289392   67.620529968605   11.652949945706  168.066421531777
     0.137524712882   67.770024172849   11.692107131385  169.575678600784
     0.138527604537   67.911911854034   11.734587883663  170.889175365100
     0.139542509224   67.779850476381   11.750608897548  171.254536177379
     0.140557413912   67.733153371983   11.772214476333  171.847639522879
     0.141572318599   67.711802026802   11.806109861675  173.253818823594
     0.142589063344   67.803670799970   11.839338204403  174.251277397222
     0.143603968032   67.677636287875   11.857720132305  174.644760511586
     0.144620907093   67.558292535751   11.877558686260  175.288957056878
     0.145635811781   67.684580749940   11.919060432776  176.944696102667
     0.146650716468   67.602555321059   11.940241119310  177.583785313640
     0.147665621156   67.227133090897   11.946822071066  177.747275713985
     0.148672129233   67.015442558355   11.961120135441  178.139888949413
     0.149676782358   66.819944036644   11.982846035062  178.734684132764
     0.150682954233   66.933563975453   12.008096897254  180.097024487754
     0.151687607358   66.838294082962   12.030498069826  180.664855337391
     0.152705002226   66.905158923084   12.058676290233  181.455810626016
     0.153721383139   66.769168628227   12.079532152451  182.419057329917
     0.154736819389   66.736772241277   12.102988951317  183.271517769116
     0.155738690126   66.770493358598   12.129744596549  183.850557368517
     0.156743113616   66.881746547350   12.168321690093  185.371531902646
     0.157747537106   66.831005462051   12.195129058554  186.329914926134
     0.158747980610   66.514137025108   12.198724054591  186.325455847052
     0.159759700099   66.165920607844   12.187471615562  186.155780875379
     0.160782296322   66.086536847287   12.242696156062  187.670183971641
     0.161797219010   66.150517953826   12.267325636677  188.773781516689
     0.162808970576   65.993544017091   12.249043813905  188.536076504086
     0.163809806839   65.950593254826   12.304251319141  189.900007085953
     0.164810643103   65.921947012561   12.332021921690  191.142384954179
     0.165813567118   65.898887459520   12.355693599137  191.846357766566
     0.166818911284   65.625317555553   12.327527746322  191.441770909334
     0.167829202768   65.391197222384   12.405842638506  193.414018855773
     0.168846427981   65.438336347964   12.434981983326  194.654744390721
     0.169863715079   65.257077513724   12.445196756785  194.935986801055
     0.170865564286   64.831352247153   12.408709734022  194.116201627463
     0.171874079192   64.730260969091   12.478801425833  196.080086143036
     0.172882262501   64.872853768225   12.518453443276  197.383722381571
     0.173892553986   64.723495099114   12.507966922425  197.069997095144
     0.174902845470   64.765104151946   12.555702716085  199.032922765861
     0.175908222310   64.670732105562   12.571653282934  199.531667405710
     0.176914965614   64.376695184968   12.556676279144  199.054479107013
     0.177925171669   64.080535076711   12.570960513815  199.339931416913
     0.178937456544   64.209190284675   12.620758115761  201.318007228746
     0.179937667984   64.048369986059   12.626782984558  201.380011823561
     0.180941090423   63.902312585174   12.602695785998  201.038889077906
     0.181953432220   63.678587092919   12.658703605165  202.699692580850
     0.182965774017   63.718195726925   12.683722666408  203.791045127382
     0.183975071377   63.635256425918   12.695240028445  203.975526409514
     0.184979505517   63.318477104118   12.679696633798  203.550740507567
     0.185982877197   63.294053249451   12.736430093600  205.454527081376
     0.186992104289   63.262190551585   12.755620649300  206.143474767344
     0.187999003259   63.230237094569   12.769728934938  206.479303067848
     0.188999642950   62.746667388117   12.746024892165  205.859737113077
     0.190006192227   62.436670572046   12.743830092262  205.913527842389
     0.191006631430   62.558486505016   12.813899778387  208.393346808459
     0.192013891376   62.540365148154   12.826863423624  208.698030046463
     0.193016835907   62.339712487454   12.799647944566  208.162263216946
     0.193977919891   62.118076649047   12.824892893205  208.734273240480
     0.194939003876   62.062060975643   12.874184564159  210.530136354501
     0.195900087860   62.041711664666   12.892635613337  211.241732889411
     0.196861171845   61.905478902403   12.900155731692  211.468685473499
     0.197822255829   61.438935095650   12.895683433756  211.519567283940
     0.198822993021   60.929502117376   12.896237703387  211.586057984415
     0.199830184057   60.607648952801   12.867746741723  210.744800774839
     0.200839091580   60.933553806235   12.930091041876  212.548149783711
     0.201585683148   61.065627937398   12.951808373182  213.577202752092
     0.202594590671   61.067409098432   12.971319438807  214.136344903773
     0.203603498195   60.740572370058   12.970377554033  214.069201066205
     0.204592377090   60.223937957296   12.956327419884  213.673126303917
     0.205547939348   60.024638022494   12.962721817656  213.937096149133
     0.206432371738   60.376910293875   13.004021186262  215.514515025463
     0.207436702223   60.805770529014   13.064224140423  217.687030574650
     0.208441462336   60.967314939045   13.065233472341  217.852838513363
     0.209444195125   60.809743915342   13.077250603506  218.149237120798
     0.210309170711   60.529089538342   13.077918257465  218.070457910006
     0.211208865030   60.455078680424   13.128554892894  220.412289682116
     0.212209064032   60.409269022855   13.131358130887  220.265711562306
     0.212975428558   60.411123500007   13.099926803038  219.356528296507
     0.213765941916   60.817035649378   13.193896760880  222.395462387495
     0.214766112571   60.872335245467   13.205585599465  222.659672281029
     0.215774209077   60.665598792245   13.165708706784  221.750001585260
     0.216569689775   60.497721391743   13.172734926459  222.110627816463
     0.217357795035   60.231893282614   13.198556173375  222.697538236451
     0.218145430306   60.466949341780   13.255588885033  225.022020171537
     0.219019771087   60.499337674521   13.265102846579  225.221090856759
     0.219930859095   60.210480230238   13.251183911905  224.473573842559
     0.220676860965   60.047896378864   13.240083011673  224.139233091547
     0.221433541608   60.240902010895   13.279005496996  225.486593829040
     0.222190222251   60.125840509350   13.290851274890  226.214815942324
     0.222946902893   60.390378035830   13.324607371273  227.510269602359
     0.223703583536   60.059282839088   13.313158328374  226.912928564711
     0.224577900720   59.774693317511   13.308024665911  226.902173726457
     0.225589077207   59.645990459629   13.310076406358  226.690658995240
     0.226568887746   59.574208990525   13.300100245876  226.684500288927
     0.227217619436   59.454982606016   13.303843537846  226.912290322266
     0.227866351125   59.280246998779   13.331845631625  227.771248432090
     0.228515082814   59.260322028329   13.381508048708  229.746208168082
     0.229163814504   59.399431676695   13.403644355306  230.597023550882
     0.230115254981   59.102806301050   13.396777370290  230.374925927740
     0.231122086563   58.570855359867   13.348652366620  228.673306583799
     0.232006087608   57.951266187107   13.299252815889  226.946186973489
     0.232872901355   57.647352025430   13.302881237571  226.913769894788
     0.233808352913   57.930612923688   13.362601290673  229.642791583857
     0.234743804471   57.995057123815   13.363406128937  229.566353637520
     0.235679256029   57.790011358303   13.368081974155  229.927487040777
     0.236614707587   57.264796239185   13.351278277476  229.648636652509
     0.237550159146   57.130048415206   13.356732855168  229.681552495920
     0.238485610704   57.114091657172   13.375260072992  230.045145071269
     0.239409806184   56.534340301531   13.350876285630  229.597426250493
     0.240111020592   56.260899223142   13.344669146403  229.438031412842
     0.240943075700   56.325174071344   13.389126341756  230.445336388699
     0.241627158016   56.710719409957   13.432841472880  232.417423758151
     0.242327788240   56.802255666820   13.436108902508  232.183548646445
     0.243033635529   56.976920937876   13.486636444778  234.497141961424
     0.243617494049   57.043268144337   13.492308448365  234.457556175932
     0.244201352570   57.032034568632   13.487982264606  234.069737093563
     0.244785211090   57.397165214943   13.562897965900  236.957144566195
     0.245369069611   57.448379298097   13.565424735085  236.881576824118
     0.245952928131   57.406603723079   13.565285303599  236.750308341650
     0.246536786652   57.306836355191   13.565492776194  236.894725989313
     0.247317522708   56.908030672091   13.555601857970  236.684907091155
     0.248004981205   56.813977351445   13.557605870339  236.786993352665
     0.248653712895   56.645694872992   13.515499081224  235.320101437045
     0.249302444584   56.927376673680   13.585863068370  238.232933785747
     0.249951176274   57.101383820921   13.604257559084  238.876326912170
     0.250599907963   56.945439662428   13.597828572003  238.625744738572
     0.251290983530   56.820002150086   13.604574902505  238.986222800543
     0.251918366903   56.599854346742   13.588125108184  237.976607631702
     0.252502225423   56.721294989559   13.597208947103  238.006844417926
     0.253086083944   56.864072091039   13.617640043926  239.123682882987
     0.253669942464   57.088134461425   13.656949516439  240.768732621036
     0.254253800985   57.252187211571   13.677857812511  241.546457379701
     0.254837659505   57.103307051703   13.679158119891  241.720197560311
     0.255421518026   56.818291267494   13.668191494160  241.456758656906
     0.256005376546   56.698766080166   13.674954724622  241.832272584225
     0.256706061998   56.693956326093   13.685015068421  242.130542872703
     0.257571037584   56.464908623483   13.679541631730  242.066571135927
     0.258338946291   56.140876895113   13.617045717249  239.863883380949
     0.259039576515   55.515923473240   13.586453592681  239.263229661127
     0.259740206740   55.149601375308   13.607156529473  239.309104751612
     0.260237654199   54.819379728493   13.579362545855  238.215966055916
     0.260857098196   54.276823184481   13.555461719904  237.609718662588
     0.261470009516   54.075772668955   13.565726987592  238.255186181576
     0.262141323246   53.769128328171   13.568458105388  238.069186318829
     0.262270164185   53.723073556251   13.565834863127  237.948081914083
     0.262723234673   53.643390641704   13.563130280853  237.821157509425
     0.263485149923   53.450259029407   13.542342734337  236.977094578949
     0.264432080155   52.854018114250   13.540265684141  235.419234933150
     0.265232983476   52.378189130296   13.491762261225  234.046244537125
     0.266033886796   52.358745929676   13.517886545457  234.787453634466
     0.266834790116   52.036098619719   13.505385687285  234.377179902930
     0.267635693437   51.697139793923   13.504005372007  234.542552045046
     0.268140791250   51.572697576656   13.509913163536  234.906358052263
     0.268998670967   50.965373472117   13.487149151595  234.348635618872
     0.269856550684   50.292886355368   13.444158644528  232.309481852440
     0.270714430401   49.080297926137   13.364519487213  229.818507850376
     0.271572310118   48.608055925364   13.356470140706  229.856817693072
     0.272430189835   48.175567412903   13.347393910693  229.720928534033
     0.273288069552   47.721612596393   13.338246055391  229.615976731210
     0.274145949269   47.389364930247   13.331168413883  229.389163604525
     0.274993750505   47.312103697362   13.345968452865  229.964422844225
     0.275997208919   46.959136000277   13.340862876064  230.002909955746
     0.277003364143   46.220535124998   13.277543502248  226.983841606179
     0.278009519367   45.387672325806   13.217418859408  225.049305440213
     0.278994144281   45.079250887255   13.218345202167  225.345113693017
     0.279676056936   44.813138712974   13.218970587319  225.809652961847
     0.280678701874   43.784673574213   13.168013059286  223.544349248281
     0.281683573767   42.435195095907   13.066883051513  220.286322390305
     0.282694001810   40.924990598756   12.921280411883  215.417568212606
     0.283694632711   40.568713920993   12.932043625381  215.841546239898
     0.284234966543   40.285683143019   12.909417486254  214.615905896059
     0.285173763121   40.139425925435   12.913878899510  214.694714968357
     0.286183635217   40.290016481017   12.957762646702  216.547680114145
     0.287193507312   40.476746729119   13.003406693623  218.592009161037
     0.288203379408   40.571334389763   13.025232040710  219.287286774969
     0.289213251504   40.588863529235   13.044265787571  220.115233618100
     0.290223123600   40.261103109774   13.031692326001  219.734198824061
     0.291232995695   39.813537587022   13.006588855595  218.887409381589
     0.291936162806   39.706977076444   13.016160121635  219.368605520396
     0.292936978715   39.169320479014   12.984916335511  218.007285755598
     0.293942061025   38.902998594843   12.964610963252  217.569110075056
     0.294947143336   38.882921253238   12.967593896496  217.534898637196
     0.295952225647   39.020068236201   12.994798917581  218.374395047887
     0.296958590223   38.933200602718   13.004449181254  218.494890033943
     0.297911789909   38.899665603461   13.020384481158  219.097640002996
     0.298864989594   38.764718754332   13.031458724596  219.400957128871
     0.299818189280   38.626773567248   13.042199357895  220.424378556321
     0.300771388965   38.627442526536   13.060948131181  221.183636166449
     0.301724588651   38.702040231139   13.079788069595  221.696735039988
     0.302677788337   38.659157731660   13.092958058074  222.171822425719
     0.303630988022   38.378323914313   13.079500436222  221.857287788223
     0.304584187708   38.150720193527   13.071649870922  221.632230629908
     0.305537387394   38.094659654390   13.077016038452  221.646111108467
     0.306490587079   38.097343179001   13.087178140897  221.813549440371
     0.307443786765   38.093401374453   13.097227986904  222.077572151458
     0.308391713815   38.068513762722   13.105317417541  222.317069026649
     0.309398545397   38.069162035705   13.115727682548  222.657193977798
     0.310405376979   38.291303682555   13.162735930624  225.299139928177
     0.311412208561   38.272389749617   13.176096733426  225.858028108552
     0.312403368066   38.080442942248   13.163997237379  225.453390152894
     0.313337541699   38.030824513619   13.167752499153  225.570522429484
     0.314271715332   38.039995202569   13.180995133911  225.917191451185
     0.315205888965   37.928159113664   13.179121678398  225.852292305846
     0.315355356746   37.939074290440   13.182136052664  225.974725655746
     0.316361088079   37.824424847490   13.176944134948  225.729614135911
     0.317369995603   37.845249484803   13.181761732849  225.924246233610
     0.318378903126   37.923718829785   13.195876968594  226.331523257793
     0.319387810650   37.946854272101   13.204387239935  226.448337999341
     0.320355232662   37.942530501196   13.213154739440  226.643832612308
     0.321316316647   37.884446358105   13.218348246666  226.696580887844
     0.322277400631   37.839131968010   13.224303553660  226.862128795405
     0.323120069938   37.756021562620   13.223237820354  226.743159516901
     0.323960826208   37.723116575766   13.226746507947  226.892585795919
     0.324801582477   37.932747167076   13.270093588621  229.252935317973
     0.325642305867   38.007030700521   13.283191641995  229.841050625803
     0.326482775448   38.009741374712   13.290759592631  230.190915355159
     0.327322923510   37.935011084030   13.291394829164  230.129749005688
     0.328163010809   37.808781164040   13.287064060029  229.936365564808
     0.329003098109   37.805586376498   13.296037077264  230.266652416933
     0.329843185408   37.740803935524   13.295335975268  230.222914135909
     0.330700449070   37.748910730315   13.302290183243  230.561484307721
     0.331640709568   37.736351647106   13.301900034497  230.748520167916
     0.332598589939   37.790971619297   13.312316333034  231.291561020185
     0.333559673923   37.735094450367   13.315295776469  231.411280349466
     0.334520757908   37.622824631576   13.309165408515  230.857730335133
     0.335481841892   37.649402166943   13.316881243085  231.052692854011
     0.336442925877   37.615760213699   13.317076130063  230.870314295476
     0.337404009861   37.657686357498   13.331281910324  231.240692643760
     0.338293332908   37.654909850133   13.338804390270  231.382733254847
     0.339139727537   37.640707393795   13.348260117846  231.553840897059
     0.339940630857   37.656945872866   13.360951605231  231.850305393356
     0.340741534177   37.694188814676   13.382488762774  233.269794216632
     0.341542437498   37.810244083322   13.412185452446  234.775001253137
     0.342343340818   37.921424606888   13.431285085002  235.854042783988
     0.343144244138   37.882615708239   13.435357988433  236.034932237387
     0.343945147459   37.811279813993   13.436257638062  236.053664817718
     0.344746050779   37.708095015038   13.435362654198  235.777839850247
     0.345546954099   37.599321008102   13.430058073625  235.489019801214
     0.346347857420   37.525011594039   13.429681758454  235.406864257134
     0.347148760740   37.513944127793   13.436149239392  235.656572695166
     0.347949664060   37.506721588892   13.444404099080  235.961288441895
     0.348750567380   37.481306225737   13.450026285967  236.152089973990
     0.349551470701   37.502549192371   13.463637241338  236.669114238391
     0.350352374021   37.456338389449   13.464502282813  236.681006757342
     0.351153277341   37.474565704818   13.474827108107  237.063460783615
     0.351954180662   37.460392737640   13.479174313142  237.232392798283
     0.352755083982   37.369131395670   13.475673721933  237.105028750261
     0.353555987302   37.403597838628   13.483763569837  237.719816711038
     0.354356890623   37.479542884865   13.497339682350  238.325085894299
     0.355157793943   37.470075245585   13.499810642148  238.382859738879
     0.355958697263   37.489670435791   13.508224094671  238.708310722222
     0.356759600584   37.465830178604   13.510386573072  238.783364665274
     0.357560503904   37.460766381241   13.513756066672  238.905020395943
     0.358361407224   37.488572785740   13.520238275963  239.143544634069
     0.359162310544   37.479983288553   13.523792056332  239.158542592006
     0.359963213865   37.478049485644   13.527651826373  239.213372360420
     0.360764117185   37.474713116431   13.533589837985  239.229314831818
     0.361565020505   37.490228591234   13.541482262930  239.293214733541
     0.362365923826   37.464904941220   13.543483151771  239.156374780663
     0.363166827146   37.499827590451   13.554166491009  239.400214875837
     0.363976139951   37.495434592760   13.559565590276  239.442990139893
     0.364417277500   37.525076514390   13.566165119356  239.675427841546
     0.365282253086   37.522029598548   13.574762589883  240.352301709441
     0.366147228672   37.673988695031   13.608923709924  242.302583765208
     0.367012204258   37.721585237059   13.621629933249  243.166279517936
     0.367877179844   37.688125354545   13.630518839104  243.565010478231
     0.368742155430   37.560514538450   13.624039966145  242.944739246457
     0.369607131016   37.513591022460   13.625305800590  242.985931671682
     0.370472106602   37.549574827074   13.633963580034  243.290288925382
     0.371337082187   37.617565633296   13.644282325919  243.903367869566
     0.372202057773   37.629045849242   13.654040370232  244.448348691292
     0.373067033359   37.694243308838   13.668320563457  244.996372694551
     0.373932008945   37.711887284353   13.678312699632  245.365659950275
     0.374796984531   37.637964949701   13.676253532242  245.279138849617
     0.375661960117   37.668521190136   13.685045080548  245.611664636134
     0.376526935703   37.658548252344   13.684990505666  245.574269781531
     0.377391911289   37.700253974781   13.690572247711  245.777652172330
     0.378256886875   37.737528674028   13.696218504555  245.979372786302
     0.379121862461   37.768755690227   13.703529003822  246.088956651866
     0.379986838047   37.726768311373   13.704347085555  245.996066757223
     0.380851813633   37.714673051114   13.708399272431  246.039226617132
     0.381716789219   37.702302580278   13.712580118309  245.931104876110
     0.382581764805   37.664340103067   13.716087321569  245.813869732415
     0.383438170725   37.628621206381   13.719631605868  245.773648807146
     0.384205800517   37.617317259121   13.728686803233  245.933056863040
     0.384984278544   37.648623324563   13.748165841453  246.746773590380
     0.385762756572   37.753403430307   13.779364233248  248.684609168774
     0.386541234599   37.799488591755   13.791244796904  249.245096410702
     0.387319712626   37.770552820585   13.792174752818  249.305086233096
     0.388098190654   37.717061478415   13.791033478250  249.263958903966
     0.388876668681   37.681063686492   13.791550766490  249.304387603382
     0.389655146708   37.673800380907   13.795072240558  249.439547806515
     0.390433624736   37.660958339868   13.799186668231  249.572669991771
     0.391212102763   37.648788436982   13.803477776596  249.734779749941
     0.391990580790   37.672612391458   13.811702181219  250.052584405603
     0.392769058818   37.683120682134   13.818077110472  250.264218653810
     0.393547536845   37.645903695826   13.817441783900  250.234360444003
     0.394326014872   37.730925781126   13.829126418776  251.054751313152
     0.395104492900   37.762611206522   13.835930206535  251.374098701873
     0.395882970927   37.769758090943   13.841105860037  251.568705367641
     0.396661448954   37.763998610232   13.847976104893  251.827665744261
     0.397439926982   37.727320657890   13.851962765827  251.984239213529
     0.398218405009   37.688296776203   13.854485354818  252.036804638037
     0.398996883036   37.681846034760   13.859753110674  252.201702447153
     0.399775361064   37.657920717214   13.861562656408  252.248963791978
     0.400553839091   37.663996514729   13.866111555987  252.305565030456
     0.401332317118   37.647748449407   13.867966372122  252.133098225766
     0.402110795146   37.633281362126   13.867448928513  251.820333035063
     0.402863108803   37.688895574587   13.877427871708  251.916685687073
     0.403836535212   37.716543988596   13.889147063845  252.041205723958
     0.404809961621   37.904055489949   13.916180251526  254.359115953310
     0.405783388030   37.992021117446   13.934730875053  255.447123831073
     0.406756814439   37.908210868408   13.930211078020  255.251719217742
     0.407730240848   37.812569535732   13.923829060172  255.007215251234
     0.408703667257   37.755369674322   13.922924875461  254.982138770755
     0.409623921423   37.729919620837   13.924380177771  255.039211838840
     0.410119528407   37.801911637802   13.941518526883  255.714810702224
     0.410898006434   37.633632689282   13.941918575483  255.625853562013
     0.411618751810   37.283407660827   13.900280359876  252.826112994333
     0.412375432453   37.191263218050   13.882592008546  251.906449792388
     0.413132113095   37.361459220924   13.915694190340  254.027522300852
     0.413888793738   37.600988021999   13.941693673019  255.538111979434
     0.414645474380   37.802286959630   13.972233921124  256.688082081123
     0.415402155023   37.693398275183   13.963664333105  256.455736809708
     0.416158835665   37.689427896023   13.971223477328  256.837440247902
     0.416915516308   37.659363344818   13.967758837851  256.529124656749
     0.417672196951   37.698465091902   13.978011103269  256.766690101444
     0.418416364574   37.608637230079   13.970082655581  256.237999084696
     0.419092118901   37.631495565374   13.977903994240  256.433682891054
     0.419779004095   37.618104041092   13.984342284240  256.405038864701
     0.420485461856   37.588107229024   13.990842275695  256.385806734182
     0.421191722651   37.605815933172   14.001347639132  256.578894677168
     0.421897788389   37.612691507114   14.014251500440  256.948544717650
     0.422603645407   37.710126360917   14.041707525160  258.798892633256
     0.423309323429   37.765284861148   14.061685053689  259.989040335152
     0.424014801040   37.807953791881   14.073978506806  260.735171522579
     0.424720065770   37.724515458233   14.071660405646  260.457094257453
     0.425425153668   37.673057126427   14.071861834405  260.488523557827
     0.426130027177   37.611365458534   14.067824882182  260.267457569124
     0.426834689320   37.587866060649   14.065997008783  260.187049802674
     0.427539165829   37.655517809846   14.078514991900  260.676717371923
     0.428243429244   37.614438998213   14.076376028219  260.585773261923
     0.428947490102   37.698204908279   14.092637594114  261.243058311391
     0.429651365328   37.739716131270   14.103638763463  261.877505817976
     0.430355044749   37.699189265483   14.106945040590  261.791773081606
     0.431058521164   37.680954021149   14.108483670664  261.850748117923
     0.431761813532   37.686952723961   14.112515007433  261.956965636235
     0.432464913102   37.698402729863   14.111521922851  261.987638637914
     0.433167793889   37.770203714160   14.117285751058  262.504132531294
     0.433870494063   37.833733597615   14.127312138048  262.924781843648
     0.434533658616   37.844544679277   14.130579740770  262.972383361459
     0.435219103367   37.862964856838   14.136196947734  263.052845853667
     0.435921215011   37.871573054188   14.146784530383  263.094210699340
     0.436623130428   37.859018259380   14.147633457130  262.970899272805
     0.437324840623   37.831983130071   14.147979410478  262.857912425433
     0.437958528063   37.804863934173   14.151867797243  262.764737851752
     0.438537986740   37.788098529273   14.157244602385  262.694741888793
     0.439139010280   37.812731413573   14.172420590104  263.212212273488
     0.439739915408   37.981183172569   14.211430986784  265.503450321348
     0.440335847595   38.085147356098   14.227707262030  266.639141176882
     0.440931650740   38.145021270440   14.240304622085  267.287405064278
     0.441522511157   38.055407451708   14.235014286891  267.026329631849
     0.442122831696   38.008302038346   14.236982020780  266.917550471567
     0.442723018426   37.936534707502   14.232381518764  266.559869250082
     0.443323049753   37.891095270906   14.231017857156  266.509137005778
     0.443922944149   37.908647007197   14.236812081309  266.728905392863
     0.444522707166   37.902526102207   14.239224009127  266.834101227676
     0.445122318622   37.923888178854   14.245989472141  267.117820164536
     0.445721798296   37.925921950550   14.252757960893  267.373999111632
     0.446321132624   37.893410348864   14.255882208819  267.504486857064
     0.446920315252   37.835182205760   14.253414412146  267.403803019965
     0.447519376058   37.781388758196   14.249174339071  267.191741079449
     0.448048808490   37.783840748936   14.253142855577  267.359977364468
     0.448638025276   37.752895272661   14.252859743466  267.357968724978
     0.449227085745   37.713627734291   14.252015891513  267.354980474529
     0.449825601397   37.718051070690   14.255902239711  267.585703726384
     0.450395251016   37.722268022913   14.258272404749  267.906829249099
     0.450959984021   37.763240491241   14.267006418980  268.339902462429
     0.451538954064   37.742887846985   14.267385391925  268.302540941474
     0.452132124362   37.758799312265   14.274116767806  268.603823311763
     0.452701260595   37.765286627449   14.275620017521  268.708252633534
     0.453298940882   37.747707266135   14.277699279226  268.780375660633
     0.453877383615   37.754833424897   14.284199040254  269.013703047601
     0.454455684315   37.732787208174   14.285898302002  269.039596809769
     0.455048187958   37.736257341237   14.289386556590  269.141423759951
     0.455592788739   37.730017050140   14.288357895175  269.020146682258
     0.456118162918   37.768479854834   14.295024978522  269.136097418206
     0.456648208600   37.756439917601   14.293534160865  268.779839183588
     0.457182907119   37.760274711512   14.299169396897  268.606387407109
     0.457731829489   37.793998538048   14.306487850074  268.560690915999
     0.458314023223   37.818383009299   14.316007371459  268.682700803102
     0.458905633670   37.915079429838   14.340021448291  270.267121155419
     0.459501872706   38.042273570538   14.364123264151  271.841321453730
     0.460097962135   38.098259901921   14.374567195785  272.673068208521
     0.460693925559   38.069508482822   14.378972840071  272.911355151316
     0.461289730863   37.957247382604   14.374002080058  272.502950819700
     0.461885426438   37.866778213341   14.369574031968  272.202411417391
     0.462480974030   37.790571632671   14.365309238823  271.934273401096
     0.463076386672   37.769843592532   14.368532380890  272.026081821822
     0.463666910375   37.681637584637   14.358593350923  271.662540971510
     0.464257280604   37.726845566954   14.367380450420  272.045017957985
     0.464842769828   37.763127930792   14.369954618787  272.241118821909
     0.465432876079   37.808161696931   14.377192055929  272.646768283408
     0.466018086613   37.873541663303   14.388213513883  273.281985569463
     0.466612690987   37.896973153798   14.393328290287  273.562909362935
     0.467202399004   37.918869428345   14.401402563206  273.883743845080
     0.467791983059   37.879713774700   14.401257485400  273.884582707224
     0.468386178023   37.844389036076   14.402410060969  273.899297183852
     0.468980238956   37.818125813066   14.400234767223  273.864951780319
     0.469574169808   37.817142887584   14.401516102006  273.906047188664
     0.470167951820   37.822189922770   14.403430850016  274.027408873987
     0.470761606829   37.844839768946   14.404246991200  274.082149696626
     0.471355122676   37.884310325489   14.407257829783  274.151059447124
     0.471939005614   37.940322535698   14.411423441514  274.208631444285
     0.472494288686   37.980997129721   14.416682404965  274.074676303616
     0.473077910927   38.012111723676   14.422822927022  273.867430417813
     0.473656691252   38.040665727299   14.433123423246  273.815684991219
     0.474216361694   38.072171978394   14.441976126124  273.949894314686
     0.474809134495   38.246007361655   14.476249688074  276.152017922870
     0.475401754861   38.367495752294   14.496993156495  277.602362373144
     0.475994238195   38.416589418182   14.503468667909  278.172161038902
     0.476586597945   38.323238772506   14.498767604643  277.942299436331
     0.477178810650   38.212692970350   14.496801184186  277.561268329653
     0.477770899108   38.017264636107   14.465943212252  275.630347520932
     0.478362860412   37.807129884192   14.422174536978  273.555474867827
     0.478954674264   37.689628070254   14.413923838063  273.075981728126
     0.479546373541   37.754292789804   14.435890139974  274.108941495086
     0.480031470411   37.916876459504   14.464526280727  276.198224536037
     0.480622949288   38.067198283555   14.487353081949  277.652462900323
     0.481214281444   38.122671728673   14.502293281943  278.384778109238
     0.481805489704   38.036067487657   14.501720089617  278.424292509489
     0.482396565670   37.972251812783   14.499714354170  278.174743548550
     0.482987514460   37.990788420623   14.503000507329  278.267615376330
     0.483578333332   37.982515463630   14.504602305229  278.318777355581
     0.484169014661   37.931170906192   14.502579526735  278.194656169278
     0.484759571061   37.934410831859   14.504634446701  278.278169526358
     0.485349986339   37.979807488141   14.509894152921  278.539739732285
     0.485940278163   38.037260582728   14.520082339743  279.044869007992
     0.486530442220   38.071679662831   14.524564057931  279.250667111133
     0.487120466479   38.088241641957   14.530019516596  279.486174532829
     0.487710364952   38.072482532873   14.531152919985  279.528908259850
     0.488300126855   38.051059455048   14.533571521664  279.535088565381
     0.488889776375   38.038905239015   14.535964885742  279.558403507409
     0.489479303084   38.004656095639   14.536275352140  279.466757185046
     0.490068710271   37.974315023885   14.535314232707  279.321216686810
     0.490657969932   37.995670280556   14.536749937872  279.602541853193
     0.491247115895   37.998687353209   14.537808154480  279.629396343140
     0.491836122549   37.988050932927   14.534173620427  279.394418230600
     0.492424985949   38.024907584451   14.536694786745  279.264088629453
     0.493013735186   38.021858665116   14.539836789913  278.974601670444
     0.493602352023   38.002900596947   14.540549845252  278.656332240843
     0.494190850491   38.027009419937   14.552925275220  278.716105405593
     0.494779227840   38.120157173209   14.575977752084  280.137797938320
     0.495367448479   38.265987773489   14.603915998870  282.147697582147
     0.495955562276   38.302497974233   14.611485626168  282.814533449425
     0.496543535044   38.279833074715   14.619305575960  283.100720999331
     0.497131372783   38.163124723790   14.621624597382  282.899009888130
     0.497719104284   37.829078862343   14.566126207775  279.720939702360
     0.498306693196   37.615756678243   14.531577359289  278.208900078084
     0.498894156891   37.659313662737   14.553508218223  279.028069752806
     0.499481507232   37.906062881823   14.590669130435  281.725552499158
     0.500015868401   38.036216170853   14.611767683099  283.040874729303
