# {0} signal over time, extracted at r = 500 km
# All quantities are measured in a resting observer's frame at infinity
# cols=4 rows=780
#              time        luminosity               <e>             <e^2>
#               "s"           "foe/s"           "MeV^1"           "MeV^2"
  -4.6076252722e-04  1.1225262627e-06    7.280363730751   66.072887295780
  -4.3958255587e-04  1.0636801575e-06    3.848718637559   22.627704373452
  -4.2413963110e-04  1.0416620889e-06    3.491769436962   18.108874051716
  -4.1231650407e-04  1.0363034583e-06    3.355162066900   16.379334921854
  -4.0213614090e-04  1.0395482822e-06    3.277582040024   15.396931247066
  -3.9236994397e-04  1.0494460796e-06    3.223146841535   14.707398991275
  -3.8908266104e-04  1.0542697210e-06    3.207914455232   14.514392742685
  -3.7923714785e-04  1.0732058788e-06    3.169178751918   14.023393543468
  -3.6894913044e-04  1.1002043763e-06    3.137106070583   13.616526269886
  -3.5800151525e-04  1.1370629809e-06    3.109733015615   13.268867349432
  -3.4710248926e-04  1.1821290267e-06    3.087561814658   12.986797049320
  -3.3568755739e-04  1.2383489228e-06    3.068417425233   12.742653995275
  -3.2459832119e-04  1.3018670390e-06    3.052894574733   12.544056117170
  -3.1690226513e-04  1.3511359964e-06    3.043554436868   12.424145843669
  -3.0728404582e-04  1.4187274337e-06    3.033249306390   12.291330319509
  -3.0394402699e-04  1.4437682174e-06    3.029983230178   12.249091087504
  -2.9548843876e-04  1.5107864450e-06    3.022349668561   12.150019487501
  -2.8958614831e-04  1.5606545846e-06    3.017510038102   12.086899708880
  -2.8385768873e-04  1.6114873095e-06    3.013157963597   12.029883248597
  -2.7440458848e-04  1.7006355838e-06    3.006644434965   11.943981323158
  -2.6690935036e-04  1.7759763927e-06    3.002009764970   11.882333368738
  -2.5819851389e-04  1.8687236237e-06    2.997146614332   11.817034407167
  -2.5183858974e-04  1.9399587427e-06    2.993917546820   11.773242192173
  -2.4444971671e-04  2.0264585791e-06    2.990476469166   11.726094618179
  -2.3631026421e-04  2.1263952153e-06    2.987039566053   11.678388449466
  -2.2919075077e-04  2.2178023701e-06    2.984311909972   11.639976535957
  -2.1988846549e-04  2.3428546880e-06    2.981105953394   11.594027131868
  -2.1773922551e-04  2.3726500530e-06    2.980419139504   11.584046978496
  -2.0898051408e-04  2.4975857927e-06    2.977815559934   11.545671052551
  -2.0094808659e-04  2.6171078572e-06    2.975686654019   11.513508537264
  -1.9138373353e-04  2.7655959837e-06    2.973448400932   11.478670444764
  -1.8320420559e-04  2.8978917171e-06    2.971770098857   11.451615386565
  -1.7508966647e-04  3.0339697751e-06    2.970303952780   11.427074569908
  -1.6677611868e-04  3.1783762399e-06    2.968992988265   11.404134981086
  -1.5687739715e-04  3.3569092434e-06    2.967666306546   11.379512840166
  -1.4709680016e-04  3.5403455278e-06    2.966586796903   11.357836083685
  -1.3592834164e-04  3.7583840137e-06    2.965620116211   11.336098385731
  -1.2506781594e-04  3.9791575484e-06    2.964916254414   11.317684309636
  -1.1462202471e-04  4.1996705833e-06    2.964447977247   11.302354381222
  -1.0424623716e-04  4.4266594722e-06    2.964170417407   11.289265488495
  -9.7849441472e-05  4.5705562444e-06    2.964086541315   11.282190590990
  -9.2225588187e-05  4.6995651184e-06    2.964065013682   11.276565726178
  -8.3895032442e-05  4.8949840033e-06    2.964119176556   11.269213659751
  -7.6161309301e-05  5.0810262020e-06    2.964257080701   11.263386647964
  -6.8610152621e-05  5.2669891602e-06    2.964469228451   11.258580074214
  -6.1881439501e-05  5.4362997034e-06    2.964719959804   11.254999804597
  -5.5265684836e-05  5.6060919362e-06    2.965020948705   11.252099877198
  -4.9217629990e-05  5.7642090354e-06    2.965341640139   11.249967246820
  -4.3528391395e-05  5.9154808607e-06    2.965681688708   11.248398094015
  -3.8116344311e-05  6.0616736882e-06    2.966038638891   11.247286391610
  -3.2894162484e-05  6.2048654598e-06    2.966413120717   11.246555763147
  -2.8043623608e-05  6.3397470136e-06    2.966786683747   11.246169990493
  -2.2987369793e-05  6.4822860410e-06    2.967201802737   11.246060452235
  -1.8494607947e-05  6.6106054472e-06    2.967592135936   11.246207545799
  -1.4243435863e-05  6.7334746584e-06    2.967979674494   11.246553758215
  -9.9799976995e-06  6.8581207920e-06    2.968385735516   11.247098956526
  -5.8618797684e-06  6.9798764654e-06    2.968794174963   11.247810046525
  -1.5486406118e-06  7.1088387815e-06    2.969238732849   11.248745448475
   2.3640857456e-06  7.2271031035e-06    2.969656558539   11.249759397037
   6.3852579547e-06  7.3499173568e-06    2.970100140140   11.250962522799
   1.0147669684e-05  7.4660007365e-06    2.970527965326   11.252233502410
   1.4179198559e-05  7.5916512029e-06    2.970999903322   11.253748769814
   1.8170958590e-05  7.7173555373e-06    2.971480732256   11.255402804030
   1.8724231284e-05  7.7348804209e-06    2.971548427249   11.255643976372
   2.5215588218e-05  7.9661636098e-06    2.972335182110   11.259265816861
   4.0276292447e-05  8.4701994613e-06    2.974305475066   11.267497012252
   5.7289538186e-05  9.0623641128e-06    2.976708243247   11.278918273910
   7.5416950176e-05  9.7202160673e-06    2.979479649924   11.293538277939
   9.1729011601e-05  1.0336267327e-05    2.982164187891   11.308840567813
   1.0765281558e-04  1.0960004295e-05    2.984963211374   11.325735796687
   1.2317917288e-04  1.1589743893e-05    2.987865622298   11.344071210042
   1.4083662693e-04  1.2332215899e-05    2.991378804372   11.367164505313
   1.5697297893e-04  1.3035549660e-05    2.994790285444   11.390357880756
   1.7418187973e-04  1.3812178944e-05    2.998643990264   11.417304564102
   1.8925483298e-04  1.4515233243e-05    3.002204448814   11.442788769596
   2.0717640108e-04  1.5379319480e-05    3.006666696004   11.475397915721
   2.2354237247e-04  1.6195459724e-05    3.010961394456   11.507381012213
   2.4108839374e-04  1.7099576240e-05    3.015802643136   11.544035157556
   2.5986163386e-04  1.8100808136e-05    3.021257846190   11.585994214290
   2.7717624818e-04  1.9055756074e-05    3.026544630853   11.627233315973
   2.9579027069e-04  2.0116668553e-05    3.032505553763   11.674325539337
   3.1561975965e-04  2.1286613060e-05    3.039175628966   11.727678841222
   3.3668701287e-04  2.2575340677e-05    3.046627581045   11.788013434510
   3.5673879419e-04  2.3846529767e-05    3.054072869701   11.848976149653
   3.7789383269e-04  2.5235693198e-05    3.062303285544   11.917079457591
   4.0026396003e-04  2.6759251030e-05    3.071426959935   11.993362526400
   4.2407143965e-04  2.8443391929e-05    3.081610696281   12.079393702981
   4.4946803202e-04  3.0312210644e-05    3.093007408058   12.176673031629
   4.7657566993e-04  3.2390024472e-05    3.105766478566   12.286714920731
   5.0564628164e-04  3.4713834022e-05    3.120106430789   12.411681355946
   5.3678538750e-04  3.7311651866e-05    3.136175720559   12.553178978390
   5.6932364913e-04  4.0143272586e-05    3.153678771531   12.708881326466
   6.0155186626e-04  4.3060639935e-05    3.171637923409   12.870185065491
   6.3316555903e-04  4.6024265022e-05    3.189748647386   13.034288296084
   6.7075920191e-04  4.9667741615e-05    3.211760277151   13.235514400043
   7.1163513240e-04  5.3757138437e-05    3.236046293437   13.459607294146
   7.5488461482e-04  5.8202803872e-05    3.261853464415   13.699944266009
   8.0090960726e-04  6.3036095459e-05    3.289121372506   13.956208864504
   8.5020192344e-04  6.8293620973e-05    3.317772596097   14.227934911653
   9.0270076286e-04  7.3948779100e-05    3.347357374590   14.511083930543
   9.5877210720e-04  8.0018466049e-05    3.377654172671   14.803694628041
   1.0199815541e-03  8.6650197289e-05    3.409028100170   15.109460476440
   1.0879153169e-03  9.3991817862e-05    3.441692050087   15.430637438165
   1.1583414187e-03  1.0160842591e-04    3.473322824706   15.743605422229
   1.2437753315e-03  1.1474447412e-04    3.528344101529   16.233261340327
   1.3339961069e-03  1.7346063137e-04    3.880437262677   18.905700368555
   1.4404114049e-03  3.6532649399e-04    4.322558944473   22.232270285217
   1.5554532058e-03  8.3977694925e-04    4.514430940120   23.693419064594
   1.6703427606e-03  1.8230151026e-03    4.577685183935   24.310036074538
   1.7956385710e-03  3.9983226112e-03    4.618822775074   24.782832286735
   1.9192134725e-03  7.9225300950e-03    4.670267405811   25.377877878857
   2.0568641756e-03    0.014336947439    4.800348443995   26.838858195117
   2.2193105199e-03    0.022555703414    5.051297901906   29.819542782896
   2.3876694467e-03    0.029707293755    5.364798344527   33.875025725763
   2.5540790682e-03    0.035274685958    5.683267797790   38.370867449438
   2.7188176577e-03    0.039872435710    5.973982287665   42.811376135956
   2.8835562471e-03    0.043935070385    6.225479311439   46.925912033800
   3.0746495806e-03    0.048281074635    6.469291384497   51.153053669741
   3.2740856318e-03    0.052829661693    6.683285571748   55.017446333715
   3.4735216831e-03    0.057989681462    6.874901969292   58.545624579999
   3.6729577343e-03    0.064421246805    7.060578339785   61.976387484364
   3.8515596940e-03    0.071810241759    7.233298421766   65.157754103452
   4.0566012036e-03    0.082961103073    7.449489408906   69.133797348615
   4.2476707514e-03    0.096854617786    7.674558016123   73.296366731937
   4.4517587450e-03    0.116777775701    7.943959462775   78.352362408074
   4.6936061197e-03    0.149560702247    8.300614006726   85.225366209735
   4.9452089573e-03    0.197431169744    8.696741887743   93.139759106916
   5.1978231095e-03    0.264332073807    9.092468538937  101.318227476800
   5.4492083814e-03    0.355981806002    9.464517117476  109.220746602209
   5.7000128854e-03    0.476153233639    9.796956278502  116.477918789203
   5.9507563888e-03    0.623364736226   10.070683724591  122.615461155280
   6.2008183036e-03    0.792571598679   10.278213354042  127.385261048582
   6.4514829754e-03    0.980710383044   10.429819477715  130.950933021633
   6.7019126171e-03    1.183239398006   10.539542729519  133.586250877172
   6.9523422588e-03    1.395869053674   10.617868998257  135.502342776165
   7.2051348179e-03    1.615283684278   10.665729967716  136.701254316494
   7.4570457541e-03    1.839004409417   10.689513126689  137.302385985844
   7.7089566903e-03    2.069765490289   10.695254005163  137.405753548572
   7.9630758213e-03    2.317514449881   10.695431016555  137.308950650368
   8.2170130140e-03    2.573996509858   10.688454703548  137.005061878171
   8.4686766999e-03    2.837947041783   10.675895092099  136.558902456854
   8.7203403859e-03    3.111398561672   10.670987827738  136.322515843055
   8.9720040718e-03    3.395811174736   10.670960501522  136.254317214541
   9.2236677577e-03    3.676808349187   10.661151885540  135.933019324278
   9.4753314437e-03    3.948209959067   10.642582018912  135.374000259783
   9.7269951296e-03    4.231937935167   10.629748172623  134.996538433247
   9.9786588155e-03    4.529618639248   10.625601275333  134.854237857207
     0.010230322501    4.826636562693   10.618871675744  134.612908185599
     0.010482343966    5.127359115671   10.609334531713  134.305155642900
     0.010736818816    5.444649151618   10.609926696136  134.282860257155
     0.010991293666    5.764383301006   10.617302556499  134.436970164455
     0.011245768516    6.080466414789   10.618860768263  134.437592827552
     0.011500243365    6.397267303271   10.617363209965  134.355502213956
     0.011754718215    6.716466481718   10.621789172085  134.441571300216
     0.012009193065    7.040265612008   10.630502733685  134.671139990476
     0.012263667915    7.372543567267   10.636872825579  134.835791409040
     0.012518142764    7.715316893108   10.646259264461  135.042412542058
     0.012772617614    8.062647647192   10.658407095336  135.300396143079
     0.013027092464    8.407074276095   10.665490276862  135.450449767661
     0.013281567314    8.763519532635   10.675544770231  135.707644114417
     0.013536042163    9.137381469382   10.694933097354  136.191040928745
     0.013790517013    9.513671688251   10.713289194333  136.626005000703
     0.014044991863    9.879802410467   10.722495136108  136.830543681282
     0.014299466712   10.250272101704   10.731700086105  137.050815590372
     0.014550652795   10.641430441531   10.750499371986  137.521485430180
     0.014802216975   11.046527989130   10.773460937101  138.091276620939
     0.015053781154   11.447886045081   10.790626185475  138.514754667595
     0.015305345333   11.847330258179   10.804681152291  138.868541859895
     0.015556909513   12.255019985056   10.819787062432  139.249995257713
     0.015808473692   12.682681015714   10.838597280898  139.729281130210
     0.016060037871   13.129907541809   10.863423086510  140.400833113198
     0.016311602050   13.580251366609   10.889609054558  141.119590389282
     0.016563166230   14.023559078664   10.912388166566  141.719785876389
     0.016814730409   14.456418301679   10.931959959923  142.223781150381
     0.017066294588   14.890387400486   10.952999697585  142.779219959936
     0.017317858767   15.334907633694   10.975383505997  143.378595883619
     0.017569422947   15.783768037146   10.997814509432  143.982907067356
     0.017820987126   16.230105504917   11.020753383347  144.596451370980
     0.018072551305   16.674116893109   11.043073183804  145.182923230664
     0.018324115485   17.108389675778   11.063124894519  145.698240990293
     0.018582737897   17.538810613709   11.078808827236  146.098718223020
     0.018833426951   17.945078682032   11.089822980064  146.393911683990
     0.019092040120   18.371041534221   11.105067936735  146.802183742650
     0.019352802886   18.805498480460   11.125772751840  147.346368157211
     0.019607313346   19.219108316488   11.145182958915  147.851345741090
     0.019861819685   19.630635228578   11.161210323893  148.263344099156
     0.020113529404   20.048757646314   11.175904441595  148.680247866690
     0.020367681490   20.490899573718   11.195161415387  149.265205988973
     0.020621833575   20.939756302548   11.217205940141  149.908560632836
     0.020876753007   21.354907499961   11.234034689400  150.340199795576
     0.021130843836   21.735348675938   11.246211855024  150.597080757952
     0.021381632082   22.109320075887   11.257730898093  150.856548121313
     0.021634557612   22.498743715693   11.269451249026  151.184595465034
     0.021886476500   22.910101128612   11.284308465850  151.647428744847
     0.022138264919   23.350261788166   11.302959885092  152.212839635214
     0.022390053337   23.784291907065   11.318651054049  152.626689845369
     0.022641455680   24.174375947056   11.324862921145  152.705373813865
     0.022898738482   24.567352010009   11.335222958214  152.914471000685
     0.023149820248   24.958916082563   11.347544254985  153.201205583866
     0.023403423895   25.379143399721   11.363291398235  153.653234054292
     0.023655314898   25.825582013693   11.384159989420  154.301468008348
     0.023907205900   26.270998156545   11.404702340307  154.935109836952
     0.024159096902   26.693062041319   11.421295006015  155.425652399220
     0.024410987904   27.078691234497   11.431309352205  155.689933959816
     0.024662135463   27.440064594262   11.437465383306  155.812856998461
     0.024916034442   27.823022042461   11.443752816241  155.912492795321
     0.025009697494   27.973586133966   11.447300931014  155.990561599318
     0.026019475282   29.539271861673   11.525203216255  158.382378779620
     0.027025338551   30.727463713094   11.527306643215  158.165343498007
     0.028025528128   31.900176507074   11.553349610871  158.885698695398
     0.029034260188   33.072749559808   11.588851851978  159.850556263805
     0.030050044009   34.327017407531   11.618730429819  160.670675328745
     0.031063998424   35.628124086077   11.661428918637  161.867031657845
     0.032080570623   36.739295164707   11.688486204912  162.694485985190
     0.033083716165   37.977813134938   11.738656380740  164.181264352338
     0.033405663114   38.295716527893   11.751724935965  164.590827594388
     0.034414817930   39.109145888842   11.769451689247  164.994056247218
     0.035420415507   40.183548084081   11.814010595339  166.416752731885
     0.036423508009   41.089502804330   11.848254854280  167.413880427930
     0.037435647651   42.015425829332   11.870017810389  168.067219063492
     0.038444741843   43.056720401087   11.911313131370  169.298244695652
     0.039453836035   43.686608895364   11.925970181345  169.767309351987
     0.040462930227   44.647216870318   11.954218040950  170.493338942719
     0.041472024420   45.794778780060   11.992009688747  171.596972671050
     0.042481118612   46.731391495185   12.028320883664  172.750179957595
     0.043490212804   47.662837906857   12.071463877302  174.097483356759
     0.044499306996   47.971539834265   12.070878815828  173.967475375488
     0.045508401188   48.051453107091   12.074229045085  174.162698758669
     0.046517495380   48.412687218493   12.086833156701  174.635497006422
     0.047526589573   48.963713375924   12.091985549033  174.662186820003
     0.048535683765   49.586500110458   12.104112952002  175.026858812153
     0.049544777957   50.463959649045   12.140719656836  176.152355111837
     0.050553872149   51.229554491913   12.173833718501  177.143775637936
     0.051562966341   51.908357189824   12.201424747123  178.005167080572
     0.052572060534   52.643566007957   12.232119493191  178.839263721364
     0.053581154726   52.907763186188   12.247994737062  179.412914095789
     0.054602465451   52.865115291494   12.256264751578  179.716786135046
     0.055618628828   52.726791903655   12.242536985954  179.291528623643
     0.056634792206   52.781000946794   12.245185834414  179.425889016645
     0.057650955584   53.155100883251   12.262320134177  179.970551412116
     0.058667118962   53.715707688218   12.286731971478  180.612022209359
     0.059683282340   54.154066563926   12.299281451954  180.946179048150
     0.060699445717   54.640017617957   12.328473966475  181.849962786781
     0.061715609095   54.850085290789   12.347560769248  182.470165216141
     0.062731772473   55.051372510651   12.366743904154  183.099804449882
     0.063748342906   55.429614529025   12.394642431735  183.914383696853
     0.064756413219   55.580684011723   12.408807879174  184.251578458158
     0.065764483531   55.714977319914   12.423570090324  184.804475672659
     0.066772553844   55.880280113000   12.443974064948  185.477609129038
     0.067780624156   55.793529815782   12.447945731929  185.476177834130
     0.068788694469   55.696914067376   12.449547048425  185.518291738195
     0.069796764781   55.930634354452   12.469326805247  186.135954337752
     0.070804835094   56.299664031096   12.491857995569  186.831819240213
     0.071812905406   56.870553792923   12.522866523786  187.771339071015
     0.072820975719   57.566996732829   12.564709084661  189.070960075618
     0.073829046031   58.094126833280   12.599719600234  190.154309596365
     0.074837116344   58.469375552911   12.623392924880  190.836991929025
     0.075845186656   58.875236783710   12.654345913202  191.860144435461
     0.076853256969   59.361977756159   12.695472132490  193.311000418524
     0.077861327281   59.850049880165   12.728837704276  194.355829385695
     0.078869397594   60.344754649149   12.761195474036  195.355659458600
     0.079877463228   60.788628096059   12.793035946782  196.370505626513
     0.080885525175   61.114030308128   12.823553838112  197.325488223131
     0.081893587123   61.220779701620   12.843276617485  197.944528715493
     0.082901649070   61.447125144639   12.866640295391  198.713590176822
     0.083909711018   61.828929974272   12.897608330879  199.727256266946
     0.084917772966   62.189940285484   12.935181108094  201.083611377019
     0.085925834913   62.328111428096   12.961627309220  201.986903411933
     0.086933896861   62.356987748226   12.979987003235  202.583719591991
     0.087941958808   62.364164260184   12.995311825298  203.079949780470
     0.088950020756   62.532139750625   13.017820211708  203.821126634605
     0.089958082703   62.856386204260   13.048799861665  204.844152539886
     0.090009340091   62.870545787201   13.050324632061  204.893188601641
     0.091017402038   63.053125040613   13.076470972984  205.690251333696
     0.092025463986   63.289176524112   13.088049316578  206.114089198941
     0.093033525933   63.301243324258   13.110875804211  206.923115595225
     0.094041587881   63.643653871728   13.145074235712  208.055700022874
     0.095049649828   63.712271569305   13.170534902529  208.921307081157
     0.096057711776   63.578454442011   13.182172345016  209.270750457381
     0.097065773724   63.517931636214   13.204883672602  210.012662344889
     0.098073835671   63.396534172516   13.224996506088  210.679812491854
     0.099081897619   63.362207897401   13.242654009886  211.262301433796
     0.100089959566   63.608141104971   13.280885633150  212.724048778866
     0.101098021514   63.740238749065   13.311587115808  213.790554118413
     0.102114769947   63.799545452646   13.335615988880  214.561798133283
     0.103129671690   63.803167576383   13.358654387342  215.329285779494
     0.104144570492   63.735054178065   13.376261569881  215.943294522884
     0.105159469295   63.703592402155   13.400011901096  216.724541221948
     0.106174368098   63.647221617027   13.421217422521  217.425808264270
     0.107189266901   63.653589176728   13.448075166272  218.377737399903
     0.108204165704   63.712596971758   13.483390662041  219.799207584868
     0.109214051162   63.595051286001   13.505415548245  220.566457947177
     0.110225350235   63.461959004852   13.520121805928  221.040267937264
     0.111233420547   63.466490270589   13.543934187543  221.802721244814
     0.112241490860   63.649074490938   13.576013131536  222.840642402911
     0.113249561172   63.525715120044   13.593356082561  223.398743562102
     0.114257631485   63.530832617772   13.618261085663  224.349063352515
     0.115265701797   63.517483953370   13.653447388463  225.786196818362
     0.116273772110   63.397445147146   13.668587944434  226.244763902933
     0.117281842422   63.413461339770   13.698060263752  227.271914012209
     0.118297020608   63.381236962503   13.720136915984  228.008241841147
     0.119305090920   63.161292768745   13.733335436047  228.411209849748
     0.120320191618   62.985831737482   13.753879743105  229.127473323913
     0.121335096305   62.935480354448   13.780923599308  230.414640032690
     0.122350000993   63.023228290782   13.812252090864  231.542004427726
     0.123364905680   63.012481433175   13.843787421957  232.630804220011
     0.124379810368   62.783178869779   13.855353028448  232.955445683213
     0.125394715055   62.588714327997   13.874101790633  233.571835460395
     0.126409619743   62.432785563153   13.894814941954  234.314904161485
     0.127416657566   62.567585137951   13.939673495241  236.258765225138
     0.128431562253   62.620421491046   13.969049523535  237.194839691830
     0.129446451277   62.510438778234   13.984166299509  237.694113380789
     0.130461332920   62.268608000435   14.007462605543  238.509036020784
     0.131476214563   62.065251133979   14.023308317779  239.053218286574
     0.132491096205   61.903438980480   14.048829358449  240.210276346169
     0.133507018922   61.554263518727   14.070279771473  241.183454760160
     0.134511442412   61.540239285642   14.092016747736  241.867232935585
     0.135515865902   61.533033723866   14.119789761247  242.788228954638
     0.136520289392   61.159550491560   14.125658958631  242.807356404270
     0.137524712882   61.247140436784   14.165300054632  244.731325042699
     0.138527604537   61.437640486055   14.210393961735  246.383330497071
     0.139542509224   61.185942507040   14.216781224723  246.460133463430
     0.140557413912   60.871193922201   14.234247759384  246.978968671325
     0.141572318599   60.909377257735   14.268063257668  248.748620045437
     0.142589063344   61.064099036389   14.304506096938  250.037876093202
     0.143603968032   60.717469790719   14.312451569519  250.056301064296
     0.144620907093   60.597062712493   14.331404153349  250.809737217933
     0.145635811781   60.595056665931   14.373079291963  252.871307532563
     0.146650716468   60.559012535375   14.396656329517  253.684696121746
     0.147665621156   60.119135126477   14.396561875741  253.588468510768
     0.148672129233   59.879673139356   14.410083056749  253.992023869425
     0.149676782358   59.716837508955   14.431852508167  254.657945244531
     0.150682954233   59.607533925107   14.454043090681  256.292375798006
     0.151687607358   59.526725083900   14.475330473823  256.805241575660
     0.152705002226   59.562434122081   14.504657307798  257.747300856331
     0.153721383139   59.189271814853   14.517629429781  258.685190910236
     0.154736819389   59.226362733693   14.548313551930  259.934774520451
     0.155738690126   59.213438592634   14.571173077016  260.410088847886
     0.156743113616   59.098693140681   14.602004648688  262.036161455855
     0.157747537106   59.176101231263   14.635340753491  263.424826778547
     0.158747980610   58.744157457613   14.631590784579  263.105004752952
     0.159759700099   58.452145981708   14.612814149921  262.640968745618
     0.160782296322   58.460126056838   14.677754263523  264.716976906363
     0.161797219010   58.329349319680   14.695738254590  265.845012928289
     0.162808970576   58.306795360373   14.675857627963  265.461347209164
     0.163809806839   58.114632232632   14.738687609143  267.201868287251
     0.164810643103   58.069231604925   14.760410455893  268.617217079943
     0.165813567118   58.115919650442   14.784626350433  269.403590108072
     0.166818911284   57.804455646942   14.738860395848  268.357744914229
     0.167829202768   57.553399078083   14.840163633962  271.334990728937
     0.168846427981   57.638993827122   14.857285100241  272.527073020947
     0.169863715079   57.578156909648   14.862663997620  272.646006314780
     0.170865564286   57.096441696813   14.814591185221  271.226056438043
     0.171874079192   57.087565625322   14.897297169602  273.906206530287
     0.172882262501   57.299056703435   14.929272472396  275.256482266458
     0.173892553986   57.101960379566   14.908923398479  274.459339344888
     0.174902845470   57.014615793246   14.959707122830  276.961861510874
     0.175908222310   57.128454768609   14.982008204254  277.724264117927
     0.176914965614   56.719179469095   14.957595437197  276.769361657425
     0.177925171669   56.433701708192   14.983079387566  277.356030280722
     0.178937456544   56.451866970859   15.033043574147  279.818800217280
     0.179937667984   56.296190732601   15.035439479309  279.710838824584
     0.180941090423   56.095847515071   14.995002817910  278.791033122402
     0.181953432220   55.888610706400   15.071037743358  281.371076861009
     0.182965774017   55.881143202508   15.091987615904  282.561281029959
     0.183975071377   55.897664252216   15.100376490717  282.610675665948
     0.184979505517   55.538834392502   15.068301915874  281.529462449322
     0.185982877197   55.566275333518   15.135926310885  284.175588625266
     0.186992104289   55.552476156950   15.151364984696  284.821735754916
     0.187999003259   55.575435952075   15.163725407769  285.100769049363
     0.188999642950   55.112058459006   15.138026122835  284.243008051575
     0.190006192227   54.854771662285   15.128946505104  284.116171430036
     0.191006631430   54.939704698591   15.209699209736  287.449506452282
     0.192013891376   54.968356857651   15.220940513163  287.686181369898
     0.193016835907   54.696434296863   15.185068546685  286.722257737096
     0.193977919891   54.545165272521   15.217843030907  287.534334984609
     0.194939003876   54.349950500733   15.268047068089  289.814980320885
     0.195900087860   54.524179747149   15.287174356421  290.692253845293
     0.196861171845   54.283315058607   15.289142787128  290.714525967192
     0.197822255829   53.923268122069   15.286903528564  290.900330027572
     0.198822993021   53.566842755717   15.289400011052  291.055400853232
     0.199830184057   53.265009337245   15.243816188493  289.377997813865
     0.200839091580   53.633219984830   15.311678607306  291.566320543867
     0.201585683148   53.652414765837   15.328188473157  292.641608521404
     0.202594590671   53.790360056228   15.348572366724  293.267894614081
     0.203603498195   53.426032592338   15.349837846458  293.265810221706
     0.204592377090   53.029383791479   15.338438037357  292.915247594725
     0.205547939348   52.822412327477   15.340555031975  293.052454057227
     0.206432371738   53.051875828838   15.376661161223  294.715118331601
     0.207436702223   53.470710143527   15.441045918854  297.399668225401
     0.208441462336   53.587730140239   15.427871725688  297.125345599270
     0.209444195125   53.523583357518   15.448944841261  297.720072630351
     0.210309170711   53.161448677158   15.446291900274  297.505766464421
     0.211208865030   53.254354823794   15.508917292858  300.904292112223
     0.212209064032   53.117282304691   15.503575558346  300.322800913337
     0.212975428558   53.193924710465   15.453527529288  298.580956779358
     0.213765941916   53.462189005198   15.567842738692  302.778823165647
     0.214766112571   53.599849583900   15.572336056275  302.865866215471
     0.215774209077   53.316512380163   15.518287136577  301.333281807209
     0.216569689775   53.293701692930   15.534098188642  302.050358936653
     0.217357795035   53.001784573907   15.567943729457  302.941733470174
     0.218145430306   53.249688161118   15.624679480233  305.805518742946
     0.219019771087   53.352609460706   15.627921962311  305.778933282245
     0.219930859095   53.022128196099   15.605809556050  304.536158380482
     0.220676860965   53.012703940243   15.592339772294  304.011924139572
     0.221433541608   53.174743640009   15.624344304639  305.393706844386
     0.222190222251   53.086168209939   15.638629394758  306.379125817768
     0.222946902893   53.461447106574   15.678663005900  308.128737270718
     0.223703583536   53.115974064701   15.663520834751  307.244328481427
     0.224577900720   52.886377785190   15.660389449793  307.327255674641
     0.225589077207   52.874481011816   15.654303325213  306.723176681314
     0.226568887746   52.771622697246   15.639233181202  306.487315718894
     0.227217619436   52.764412380828   15.640366724148  306.674843011480
     0.227866351125   52.598718870090   15.680986176002  308.114350945654
     0.228515082814   52.557314448551   15.734468328922  310.718028925380
     0.229163814504   52.841780614144   15.757030801256  311.780484111336
     0.230115254981   52.504348091505   15.745118659102  311.312286389264
     0.231122086563   52.179980391991   15.689097738101  308.974690814384
     0.232006087608   51.565728317724   15.638692164378  306.784590279217
     0.232872901355   51.375643846098   15.645630375969  306.772558872113
     0.233808352913   51.593479214720   15.704543249113  310.120413836771
     0.234743804471   51.678005460438   15.706800110310  309.954099762972
     0.235679256029   51.511178630245   15.711246733188  310.395190973026
     0.236614707587   51.062361958217   15.698493176661  310.292040075606
     0.237550159146   50.979171010451   15.705818910272  310.318171703274
     0.238485610704   50.993592395624   15.714276792998  310.295478496506
     0.239409806184   50.401623544353   15.689138784066  309.816927117205
     0.240111020592   50.264330827911   15.689652016372  309.876374605878
     0.240943075700   50.328811515000   15.743138993409  311.166184138527
     0.241627158016   50.646678121644   15.777065093637  313.237299074739
     0.242327788240   50.715147021224   15.768731558054  312.464340530809
     0.243033635529   50.828621436476   15.830617374388  315.686870582756
     0.243617494049   50.911634135224   15.832293383720  315.473444852757
     0.244201352570   50.963330455346   15.814474178200  314.513499317929
     0.244785211090   51.234441932323   15.899180390273  318.313323992020
     0.245369069611   51.330485567692   15.895391766839  317.986881140815
     0.245952928131   51.363030923261   15.890491982289  317.656846219149
     0.246536786652   51.228089449247   15.891470807067  317.887991999895
     0.247317522708   50.950170236489   15.883371833378  317.760520782043
     0.248004981205   50.869797474608   15.884554443300  317.850290840687
     0.248653712895   50.737802433681   15.829258812601  315.542569861020
     0.249302444584   51.045796537447   15.909543482754  319.327548253190
     0.249951176274   51.232902359182   15.927298518539  320.086835086728
     0.250599907963   51.129852595108   15.916178607107  319.587649836210
     0.251290983530   51.108587787633   15.928860976394  320.285004112326
     0.251918366903   50.890397119507   15.908015623232  318.851151256290
     0.252502225423   51.041002820746   15.910506782694  318.578714447914
     0.253086083944   51.138458655062   15.930120111800  319.894810975877
     0.253669942464   51.270734890247   15.972420185732  321.995165333434
     0.254253800985   51.510605923633   15.994619944576  322.959037732208
     0.254837659505   51.367948512144   15.998197423581  323.289574855948
     0.255421518026   51.065665377291   15.988983540004  323.087773085941
     0.256005376546   51.069513592742   15.997630990598  323.643709806708
     0.256706061998   51.055723724660   16.006924050625  323.942004966980
     0.257571037584   50.857889217854   15.998886598716  323.741090574984
     0.258338946291   50.640513156675   15.924933115956  320.696794442628
     0.259039576515   50.067430350402   15.906784878059  320.482726691514
     0.259740206740   49.817410528019   15.947207047984  321.101893662589
     0.260237654199   49.521675191708   15.909879028897  319.449517881579
     0.260857098196   49.002550549157   15.886137220348  318.830948855026
     0.261470009516   48.818596925846   15.901972993938  319.818941112608
     0.262141323246   48.580310006763   15.901800923427  319.457747413720
     0.262270164185   48.542908809232   15.897507146565  319.252554941945
     0.262723234673   48.412348436043   15.891120356676  318.937971439722
     0.263485149923   48.305867176909   15.859245543333  317.443288531873
     0.264432080155   47.776944372322   15.856600220571  315.425875762260
     0.265232983476   47.329069052659   15.791797866670  313.334944601297
     0.266033886796   47.386597456873   15.820601830048  314.198005017841
     0.266834790116   47.066735032111   15.804133102109  313.569504693938
     0.267635693437   46.828650003504   15.805331300646  313.846062063856
     0.268140791250   46.732004365252   15.815915846787  314.473880892735
     0.268998670967   46.163732103794   15.797524364745  314.005449678396
     0.269856550684   45.647200604137   15.753423876708  311.426779675417
     0.270714430401   44.549267727482   15.678205594157  308.777815376832
     0.271572310118   44.224570826894   15.673581295133  308.954356193320
     0.272430189835   43.858280554656   15.663114809074  308.727601184562
     0.273288069552   43.534172245840   15.655187009161  308.642834592361
     0.274145949269   43.293919160164   15.644606268548  308.203775649416
     0.274993750505   43.279589817211   15.656248232436  308.678177625009
     0.275997208919   43.036962198629   15.655418365505  308.866390715221
     0.277003364143   42.440297865381   15.585111712458  304.843769708760
     0.278009519367   41.619263000942   15.525380888105  302.639049211766
     0.278994144281   41.451904040284   15.529125057927  303.079224864546
     0.279676056936   41.218470917288   15.532630908582  303.775983212192
     0.280678701874   40.340033611763   15.490134921790  301.423064155409
     0.281683573767   39.294537868031   15.395949144935  297.971507831145
     0.282694001810   38.004259850444   15.245767153200  292.098546865580
     0.283694632711   37.803993984432   15.259871580953  292.563099259039
     0.284234966543   37.583082839412   15.229643211469  290.694936097911
     0.285173763121   37.443690973072   15.225653141354  290.322462654678
     0.286183635217   37.551980115538   15.266657235972  292.351717164825
     0.287193507312   37.825257102003   15.324357190382  295.150032778515
     0.288203379408   37.803862792348   15.344956962584  295.833111737127
     0.289213251504   37.749513428106   15.364077615308  296.879100422437
     0.290223123600   37.484042181229   15.351968962598  296.532461730613
     0.291232995695   37.080464018369   15.321721394421  295.428480287065
     0.291936162806   37.022687540603   15.327556288452  295.879671543831
     0.292936978715   36.628479773684   15.296600840409  294.259828967860
     0.293942061025   36.431184030583   15.281337689658  293.804673401124
     0.294947143336   36.309709543267   15.285225721535  293.650402112250
     0.295952225647   36.413526553997   15.307771959919  294.397907015720
     0.296958590223   36.338304037136   15.308591238377  294.211620097372
     0.297911789909   36.323114199951   15.316502601749  294.640446122847
     0.298864989594   36.283162433781   15.325855238111  294.950013501023
     0.299818189280   36.260938868267   15.337468954905  296.376152026859
     0.300771388965   36.318083841102   15.352715483033  297.136960351163
     0.301724588651   36.432878346430   15.364398544148  297.373539504919
     0.302677788337   36.485013054715   15.373669736637  297.788346280034
     0.303630988022   36.260600167714   15.363146739559  297.595172355503
     0.304584187708   36.115670653249   15.355763096883  297.380058379753
     0.305537387394   36.126378613068   15.354847264152  297.107183616763
     0.306490587079   36.140537077448   15.357240658404  296.932205371634
     0.307443786765   36.142216919883   15.365478296393  297.103938191964
     0.308391713815   36.115412217670   15.374633016686  297.385667348134
     0.309398545397   36.081737951705   15.383476593230  297.725161526712
     0.310405376979   36.290066085396   15.438506290701  301.301115947029
     0.311412208561   36.313329489923   15.453865295629  302.044087587814
     0.312403368066   36.131013006712   15.442255866317  301.635199540256
     0.313337541699   36.097635406852   15.444759422792  301.704268596923
     0.314271715332   36.122467647269   15.452103505878  301.887954163911
     0.315205888965   36.094657733431   15.449465007568  301.758814230440
     0.315355356746   36.105701836703   15.452771490781  301.906925886363
     0.316361088079   36.014732186173   15.447529109924  301.581751793770
     0.317369995603   36.003355013205   15.447861394556  301.613040293057
     0.318378903126   36.074436706490   15.459196619878  301.923200728885
     0.319387810650   36.116529421918   15.462251952937  301.842673083772
     0.320355232662   36.138591853568   15.465660425502  301.857162140675
     0.321316316647   36.096660522314   15.464577084862  301.686320447465
     0.322277400631   36.102940386331   15.467190299234  301.735520620614
     0.323120069938   36.074607173445   15.469447700728  301.663001731722
     0.323960826208   35.999393183741   15.473681483244  301.864616732878
     0.324801582477   36.183365239192   15.527341475633  305.173754168412
     0.325642305867   36.250647783503   15.544214171282  305.999319594430
     0.326482775448   36.218976157203   15.551880335585  306.444157974084
     0.327322923510   36.173907041551   15.550838267758  306.324924221961
     0.328163010809   36.098414270239   15.541741279786  305.953656568086
     0.329003098109   36.131749437403   15.547543730119  306.193014031299
     0.329843185408   36.099726526515   15.547896048861  306.142723565285
     0.330700449070   36.105977093161   15.557282764112  306.593776979430
     0.331640709568   36.068035696739   15.559065556930  306.929933378800
     0.332598589939   36.106766924919   15.566911742630  307.500662752011
     0.333559673923   36.047218222892   15.569178319951  307.604352886486
     0.334520757908   35.968449165065   15.563710541534  306.881219580502
     0.335481841892   35.978635343370   15.570111217198  307.019325077907
     0.336442925877   35.928724413804   15.560856734139  306.467902143280
     0.337404009861   35.999997435264   15.565831464501  306.528078698838
     0.338293332908   36.035552372555   15.572555853864  306.600877671078
     0.339139727537   36.066222108541   15.576852155795  306.599299416619
     0.339940630857   36.077549954091   15.584008540726  306.735710804884
     0.340741534177   36.166770888322   15.609769472207  308.674556608857
     0.341542437498   36.291614954813   15.650585744997  310.902157619067
     0.342343340818   36.382975294030   15.674194288513  312.394156714381
     0.343144244138   36.363921277211   15.681738204642  312.765735314749
     0.343945147459   36.286166383088   15.680620539404  312.733444340544
     0.344746050779   36.211649694673   15.677162060956  312.282667947863
     0.345546954099   36.153077491944   15.669086036041  311.821151772811
     0.346347857420   36.087138866449   15.666282488674  311.623075332204
     0.347148760740   36.080274437849   15.668700521117  311.787693420146
     0.347949664060   36.128589647392   15.675118601746  312.056460603513
     0.348750567380   36.124642249236   15.677047664867  312.137894228895
     0.349551470701   36.199135167934   15.686946687989  312.590141254641
     0.350352374021   36.190736044027   15.689065161974  312.634749510117
     0.351153277341   36.221545479932   15.696750603375  312.987553660300
     0.351954180662   36.214679742196   15.699846320781  313.142264556016
     0.352755083982   36.167317308479   15.697382407734  313.009499804067
     0.353555987302   36.159576123335   15.709058227741  313.880230200406
     0.354356890623   36.221258720054   15.725773070778  314.704036236010
     0.355157793943   36.192247441611   15.725950376643  314.701521008263
     0.355958697263   36.177911141318   15.731862011807  315.007143818777
     0.356759600584   36.184138236365   15.735786658799  315.129374634435
     0.357560503904   36.149405061913   15.741929440149  315.341187707838
     0.358361407224   36.146482358093   15.747841626419  315.606712538627
     0.359162310544   36.152292998584   15.749901450273  315.539986757745
     0.359963213865   36.124166668128   15.749757511323  315.447662639240
     0.360764117185   36.133251429358   15.748474598329  315.182026857713
     0.361565020505   36.195233017336   15.751630665388  315.029021785445
     0.362365923826   36.154764549969   15.748255867416  314.627964239998
     0.363166827146   36.213416227465   15.759481690857  314.869382652009
     0.363976139951   36.193700501748   15.763496341618  314.844670140408
     0.364417277500   36.191086698938   15.770872024000  315.139738166562
     0.365282253086   36.183207201640   15.778580594511  316.004783183298
     0.366147228672   36.320481520985   15.819724845695  318.670765137323
     0.367012204258   36.404027212047   15.832344785824  319.736683122527
     0.367877179844   36.458928920371   15.844377159782  320.319278744247
     0.368742155430   36.372056454064   15.834470255743  319.420012852779
     0.369607131016   36.326708769109   15.832601124912  319.356102836603
     0.370472106602   36.370045811426   15.839998471592  319.640939707097
     0.371337082187   36.441978136269   15.850194119346  320.360600972456
     0.372202057773   36.476517706578   15.860812987316  321.071894010910
     0.373067033359   36.576340164156   15.872625934166  321.607922661381
     0.373932008945   36.623744240643   15.878877596622  321.912695975860
     0.374796984531   36.572116175513   15.875320425827  321.772255287705
     0.375661960117   36.641843437394   15.886856117620  322.197480505997
     0.376526935703   36.621627447635   15.888760520940  322.204595199291
     0.377391911289   36.599163389297   15.895478373356  322.471452191128
     0.378256886875   36.619750517802   15.900700800938  322.674718469076
     0.379121862461   36.646622743734   15.904595177789  322.669176088636
     0.379986838047   36.603766289740   15.899766144492  322.351000563257
     0.380851813633   36.594786034788   15.900765404906  322.261508503441
     0.381716789219   36.623212293655   15.899469754506  321.886962391275
     0.382581764805   36.608774050827   15.899712588255  321.586461352680
     0.383438170725   36.576946814431   15.899062942559  321.356970807013
     0.384205800517   36.580870831872   15.903320237379  321.347205629865
     0.384984278544   36.631142454332   15.922062815399  322.296044771815
     0.385762756572   36.767411952810   15.962548704768  325.033698139049
     0.386541234599   36.815853460690   15.979169843057  325.857051003590
     0.387319712626   36.792720684244   15.982890219837  326.044360436665
     0.388098190654   36.727553567512   15.982701256509  326.036689206868
     0.388876668681   36.659487016983   15.984838937041  326.137384552538
     0.389655146708   36.657231636226   15.987435725353  326.263965864587
     0.390433624736   36.661627084409   15.988397115143  326.293779959055
     0.391212102763   36.649054230665   15.991139093049  326.419760565059
     0.391990580790   36.689458153229   15.998636716087  326.750783520381
     0.392769058818   36.716469500390   16.002594623840  326.907823990516
     0.393547536845   36.697177970104   16.001967325926  326.858419209856
     0.394326014872   36.766478809564   16.015294911338  327.902768008133
     0.395104492900   36.794121059056   16.023864167942  328.358067379829
     0.395882970927   36.800568238976   16.028307405421  328.558466064028
     0.396661448954   36.807469192114   16.030955348512  328.723854136577
     0.397439926982   36.819217933092   16.032459835545  328.817770329560
     0.398218405009   36.831703471992   16.031990007835  328.764473021041
     0.398996883036   36.849703566434   16.035610574500  328.869662089429
     0.399775361064   36.852186826098   16.034847279447  328.823348392979
     0.400553839091   36.864379129970   16.038266949766  328.803340725950
     0.401332317118   36.855754449822   16.041199775845  328.569560197960
     0.402110795146   36.811491022916   16.039387426010  328.090364158629
     0.402863108803   36.814576639892   16.045240221986  328.001790882971
     0.403836535212   36.795027814439   16.053295247680  327.971186387800
     0.404809961621   36.964336453876   16.081092115115  330.915154080592
     0.405783388030   37.084107439896   16.109151067252  332.548865355872
     0.406756814439   36.995290655535   16.112141519665  332.569792039295
     0.407730240848   36.867020198349   16.108956957590  332.415514241437
     0.408703667257   36.796840897982   16.106780278144  332.339933912139
     0.409623921423   36.774452707039   16.105382519694  332.294623908787
     0.410119528407   36.862719204060   16.119913671553  332.978552942137
     0.410898006434   36.716587171974   16.123124860013  333.009113593309
     0.411618751810   36.392665121308   16.076611488317  329.417543174428
     0.412375432453   36.278034946019   16.053768378143  328.042693984154
     0.413132113095   36.397224806748   16.091159888570  330.818771810153
     0.413888793738   36.626972434499   16.117868964762  332.656477728621
     0.414645474380   36.845857172193   16.145691943563  333.865934677379
     0.415402155023   36.759389048146   16.139129416200  333.718739544089
     0.416158835665   36.760777814236   16.149998533812  334.305656649878
     0.416915516308   36.710770886312   16.144275944375  333.846624004183
     0.417672196951   36.749085567399   16.150504012320  333.926289163098
     0.418416364574   36.670879734461   16.140053688075  333.181259254097
     0.419092118901   36.699576636936   16.143392321268  333.219194263471
     0.419779004095   36.706049283396   16.148055701092  333.061914357449
     0.420485461856   36.702729718139   16.148064858879  332.787378067152
     0.421191722651   36.730253715674   16.152522516748  332.766675344248
     0.421897788389   36.775463197730   16.163172538918  333.071508234661
     0.422603645407   36.906774381843   16.191754873324  335.408054732356
     0.423309323429   37.006754616816   16.217727191704  337.103236229727
     0.424014801040   37.098410978137   16.229951127216  338.019720998063
     0.424720065770   37.037788709140   16.227606550566  337.659220163635
     0.425425153668   37.001365093774   16.233146322476  337.863522100600
     0.426130027177   36.931822189424   16.233818725404  337.754017147990
     0.426834689320   36.844784388071   16.232415095807  337.685282046862
     0.427539165829   36.902895430414   16.241159133006  338.121286514729
     0.428243429244   36.890543084887   16.233708620828  337.841026466302
     0.428947490102   37.000732060279   16.244098730759  338.376922860772
     0.429651365328   37.093116405112   16.252680144691  339.057120801595
     0.430355044749   37.104207477344   16.254643573792  338.875935330553
     0.431058521164   37.099267009706   16.256109049465  338.922595595165
     0.431761813532   37.115330887483   16.257673755558  338.963749496684
     0.432464913102   37.117843894211   16.256633828151  338.989737396340
     0.433167793889   37.151196154705   16.265580778904  339.717430189088
     0.433870494063   37.206501113676   16.274271115848  340.175901017914
     0.434533658616   37.239626010735   16.273623831278  340.084999853764
     0.435219103367   37.264335230566   16.277196554998  340.060408863580
     0.435921215011   37.324532158301   16.282773223543  339.844040131738
     0.436623130428   37.336119908451   16.278802224433  339.514222584913
     0.437324840623   37.300612886817   16.277927590233  339.306667795681
     0.437958528063   37.290625145960   16.277744468637  339.011422879592
     0.438537986740   37.294715060178   16.280004587319  338.766115117068
     0.439139010280   37.308901258713   16.292920643646  339.268334646816
     0.439739915408   37.498365417779   16.338958279158  342.344628558396
     0.440335847595   37.590427188176   16.361091098158  343.960522548274
     0.440931650740   37.655209603543   16.378566993230  344.925783138797
     0.441522511157   37.565248104546   16.373343786533  344.654983914758
     0.442122831696   37.520409045688   16.374530851238  344.483613429738
     0.442723018426   37.472940966455   16.365331303428  343.874236443486
     0.443323049753   37.436246698284   16.361823031189  343.725756944034
     0.443922944149   37.469431621673   16.367258386567  343.942097335846
     0.444522707166   37.475722096980   16.369020996394  344.029354302098
     0.445122318622   37.511749380766   16.376739005693  344.371828954803
     0.445721798296   37.543828770789   16.382581555668  344.624414942795
     0.446321132624   37.524555105563   16.386464882587  344.813036914473
     0.446920315252   37.461123618313   16.384539362700  344.736559463641
     0.447519376058   37.415280454098   16.379766837839  344.463039462714
     0.448048808490   37.406190520059   16.382609494860  344.606209053947
     0.448638025276   37.386169971509   16.380914435469  344.563182908421
     0.449227085745   37.348962676450   16.380531585119  344.564558187018
     0.449825601397   37.366514848322   16.384340419706  344.833053450397
     0.450395251016   37.373628621844   16.386315938145  345.232318113023
     0.450959984021   37.400535750031   16.396150843686  345.793204363286
     0.451538954064   37.393839362158   16.395836298886  345.718242814772
     0.452132124362   37.404489924365   16.400890049778  346.006468172077
     0.452701260595   37.439490001313   16.400163839525  346.042334410295
     0.453298940882   37.439093202277   16.399248503027  346.012549555173
     0.453877383615   37.482600645115   16.403354179893  346.186075365816
     0.454455684315   37.503094861735   16.400792396968  346.050998863058
     0.455048187958   37.525126580367   16.401668451932  346.065143633622
     0.455592788739   37.534564839601   16.399489787795  345.847019214077
     0.456118162918   37.566539176306   16.408473451752  346.002015521031
     0.456648208600   37.541253463721   16.406740825738  345.524029743355
     0.457182907119   37.513176746230   16.409873640888  345.175239149774
     0.457731829489   37.533446979706   16.411852226760  344.875881191233
     0.458314023223   37.537527298563   16.416047007801  344.778314033255
     0.458905633670   37.622981692223   16.442234563810  346.811711039512
     0.459501872706   37.764980756464   16.472635122689  348.985840011269
     0.460097962135   37.846722360491   16.484957179469  350.073217844766
     0.460693925559   37.866259819133   16.492472359953  350.465410157762
     0.461289730863   37.760067607280   16.488659727982  350.024960071506
     0.461885426438   37.681638385608   16.482322654800  349.604618324503
     0.462480974030   37.626906995140   16.474761552392  349.141163957792
     0.463076386672   37.621005270302   16.475900483710  349.150280888073
     0.463666910375   37.550527659329   16.468162616554  348.788476922841
     0.464257280604   37.589301905112   16.479139830532  349.283944069479
     0.464842769828   37.615731438617   16.483070709306  349.577781558762
     0.465432876079   37.637095813915   16.491303993713  350.106590427581
     0.466018086613   37.688649103543   16.501609404705  350.869430608174
     0.466612690987   37.707161908340   16.506865385668  351.214123952750
     0.467202399004   37.722070870767   16.514590347839  351.568991756095
     0.467791983059   37.710498464093   16.513052945574  351.519292957667
     0.468386178023   37.683194880171   16.513371129044  351.494899559756
     0.468980238956   37.652181248538   16.516335045814  351.621560752367
     0.469574169808   37.627857048576   16.519359572519  351.727253224357
     0.470167951820   37.608632086274   16.519928628204  351.830340659247
     0.470761606829   37.625965326548   16.520512294778  351.886521908944
     0.471355122676   37.647737198968   16.521146649750  351.860572599439
     0.471939005614   37.690369997478   16.521696588792  351.765939681679
     0.472494288686   37.728882596487   16.524242935160  351.435736798350
     0.473077910927   37.746544981009   16.525447066491  350.928416325494
     0.473656691252   37.773035750375   16.531029364937  350.621286054213
     0.474216361694   37.783715312679   16.535703305559  350.595475355952
     0.474809134495   37.947637900308   16.571133339301  353.350313961656
     0.475401754861   38.063728355048   16.599976296290  355.434826348400
     0.475994238195   38.126948685665   16.615581146885  356.434548469916
     0.476586597945   38.022527821937   16.618169390233  356.431924440604
     0.477178810650   37.874985107727   16.618825657685  356.066663334892
     0.477770899108   37.670538265619   16.580499509283  353.460064579698
     0.478362860412   37.442933649397   16.527057164582  350.608097862920
     0.478954674264   37.325194021768   16.517285346568  349.967129273013
     0.479546373541   37.413884168598   16.536633105429  351.091226217398
     0.480031470411   37.572997771563   16.567872723492  353.763034393139
     0.480622949288   37.788665066863   16.594068597107  355.644072687645
     0.481214281444   37.875911677330   16.609159993797  356.516018127348
     0.481805489704   37.845506267098   16.613389472764  356.747907032018
     0.482396565670   37.789024446500   16.615485404836  356.565985972761
     0.482987514460   37.775413823552   16.618311264924  356.648857428039
     0.483578333332   37.740998086575   16.618061520796  356.664945808890
     0.484169014661   37.675656182723   16.613679705572  356.447924885697
     0.484759571061   37.683220059032   16.616401010863  356.552341001568
     0.485349986339   37.726595859505   16.622507337725  356.853706656105
     0.485940278163   37.794386420482   16.631964058186  357.408971737853
     0.486530442220   37.819332295903   16.637371109155  357.691810921032
     0.487120466479   37.824639008122   16.639891181448  357.880272622641
     0.487710364952   37.826799564697   16.640914518315  357.921800628154
     0.488300126855   37.814576895359   16.640953429944  357.838048369314
     0.488889776375   37.820733422173   16.640414684396  357.740830995089
     0.489479303084   37.807348356880   16.638027865182  357.524994228031
     0.490068710271   37.798809662838   16.633375905889  357.195877033219
     0.490657969932   37.829279930722   16.633028455357  357.462565968753
     0.491247115895   37.860012428308   16.639642798408  357.643812273367
     0.491836122549   37.812635852872   16.640149076211  357.486381078995
     0.492424985949   37.807510256140   16.641852422409  357.269991070879
     0.493013735186   37.771862029696   16.641133310408  356.753287264264
     0.493602352023   37.715354944200   16.636064313641  356.127429469518
     0.494190850491   37.741503830185   16.642363073181  355.906589771511
     0.494779227840   37.832531851858   16.664512799832  357.578132474469
     0.495367448479   37.990547560526   16.699750620749  360.329890001136
     0.495955562276   38.072572778943   16.711041233521  361.304339024266
     0.496543535044   38.052236584602   16.720002002973  361.695810033135
     0.497131372783   37.950429284065   16.723833525684  361.485099295527
     0.497719104284   37.651686978826   16.658597574438  357.289094518833
     0.498306693196   37.431068527800   16.619197960013  355.319208019102
     0.498894156891   37.514972064548   16.638491904370  356.133055242740
     0.499481507232   37.769476629692   16.677976700993  359.503051992149
     0.500015868401   37.933904227142   16.704770685327  361.279667046507
