# {0} signal over time, extracted at r = 500 km
# All quantities are measured in a resting observer's frame at infinity
# cols=4 rows=1027
#              time        luminosity               <e>             <e^2>
#               "s"           "foe/s"           "MeV^1"           "MeV^2"
  -4.5328000285e-04  1.0824848923e-06    7.258939194975   66.272254757908
  -4.4626616841e-04  1.0691122163e-06    5.248322128907   40.725390717331
  -4.3520890837e-04  1.0522444100e-06    4.234984191392   27.850197456962
  -4.1957215181e-04  1.0383976528e-06    3.708656094624   21.162762522538
  -3.9791669916e-04  1.0413982292e-06    3.405901531173   17.314881370351
  -3.6161069447e-04  1.1117231469e-06    3.193002383591   14.605451680387
  -3.4237981806e-04  1.1839623589e-06    3.133266453097   13.842444628191
  -3.2849305260e-04  1.2513538947e-06    3.101268143385   13.431565227444
  -3.2271651786e-04  1.2831425739e-06    3.089933397367   13.285522993833
  -3.0997598923e-04  1.3609860893e-06    3.068214367595   13.004452893634
  -2.9753624573e-04  1.4471770743e-06    3.050531768983   12.774138638850
  -2.8881267591e-04  1.5135621814e-06    3.039793244267   12.633464720237
  -2.7609471145e-04  1.6190177861e-06    3.026173948618   12.453767530856
  -2.6395383264e-04  1.7292036833e-06    3.014965621416   12.305060258989
  -2.5366557858e-04  1.8297428763e-06    3.006656991104   12.193849752340
  -2.4485392456e-04  1.9210252219e-06    3.000302107085   12.107968712936
  -2.3668167645e-04  2.0099143313e-06    2.994968307479   12.035163532037
  -2.3311851220e-04  2.0499394473e-06    2.992799412420   12.005316050374
  -2.2319845832e-04  2.1654230925e-06    2.987180835510   11.927507080024
  -2.1372086846e-04  2.2812877249e-06    2.982375242703   11.860027343321
  -2.0341687755e-04  2.4133712560e-06    2.977689552531   11.793308288464
  -1.9272036095e-04  2.5572044815e-06    2.973374672492   11.730719457160
  -1.8666804987e-04  2.6416155500e-06    2.971151074462   11.697973764586
  -1.7779380892e-04  2.7693382601e-06    2.968163250142   11.653239619086
  -1.6849631374e-04  2.9082088480e-06    2.965364410035   11.610308624330
  -1.5798698867e-04  3.0714351507e-06    2.962569408758   11.566162439467
  -1.4863393620e-04  3.2222999472e-06    2.960398891161   11.530566450384
  -1.3707311442e-04  3.4161142174e-06    2.958091067681   11.490926414505
  -1.2837250953e-04  3.5673528720e-06    2.956607321173   11.464019334560
  -1.1814044227e-04  3.7511645222e-06    2.955122964261   11.435361352128
  -1.0957862821e-04  3.9099461292e-06    2.954086732956   11.413717145697
  -9.8631087629e-05  4.1196362176e-06    2.953019924778   11.388946025583
  -9.2127947890e-05  4.2477615137e-06    2.952521405210   11.375727334415
  -8.8506988390e-05  4.3202590533e-06    2.952288503484   11.368851072534
  -7.9646119339e-05  4.5011852550e-06    2.951828252207   11.353262838820
  -7.1184325765e-05  4.6786532481e-06    2.951542871204   11.340064021716
  -6.3642466972e-05  4.8407192583e-06    2.951414272390   11.329657498578
  -5.6452373531e-05  4.9986693496e-06    2.951397345001   11.320872759683
  -5.0102048001e-05  5.1409855571e-06    2.951462875959   11.313982213299
  -4.3527216545e-05  5.2911344217e-06    2.951614030631   11.307726528215
  -3.7609102728e-05  5.4287372528e-06    2.951816121177   11.302800282633
  -3.2322484036e-05  5.5536329437e-06    2.952050819389   11.298969117328
  -2.6617355627e-05  5.6905194550e-06    2.952358168230   11.295405882940
  -2.1460175090e-05  5.8161434817e-06    2.952683522199   11.292684840737
  -1.6245779335e-05  5.9449888648e-06    2.953057728767   11.290407451848
  -1.1113422001e-05  6.0736083468e-06    2.953469869306   11.288623024847
  -6.2295208678e-06  6.1976658215e-06    2.953901955749   11.287339110217
  -1.0497362993e-06  6.3310168998e-06    2.954402375055   11.286411967818
   3.5589362468e-06  6.4512060248e-06    2.954883636654   11.285957207722
   7.9036735259e-06  6.5658450085e-06    2.955368067776   11.285843356670
   1.2037622245e-05  6.6761264596e-06    2.955856407058   11.286015156971
   1.6561754729e-05  6.7981673257e-06    2.956421201219   11.286512642723
   2.0066562195e-05  6.8936836227e-06    2.956880341107   11.287117749024
   2.0099909946e-05  6.9778009164e-06    2.956839170825   11.284151005910
   2.9285174972e-05  7.2330328672e-06    2.958183303543   11.287243648213
   4.3902289839e-05  7.6514825123e-06    2.960561518893   11.294626153912
   6.0851323035e-05  8.1557893580e-06    2.963681938226   11.306885597361
   7.8720601430e-05  8.7100634592e-06    2.967384742506   11.323990163659
   9.6330424145e-05  9.2793998287e-06    2.971437624606   11.344913449485
   1.1363615700e-04  9.8616912936e-06    2.975799548625   11.369283008777
   1.3068464248e-04  1.0457823175e-05    2.980452060061   11.396859615391
   1.4694023515e-04  1.1047378331e-05    2.985205303487   11.426342912230
   1.6370305067e-04  1.1677297575e-05    2.990419288503   11.459897354563
   1.8104651851e-04  1.2352862158e-05    2.996134816060   11.497865094398
   1.9824789530e-04  1.3047151146e-05    3.002112456250   11.538669314981
   2.1585216293e-04  1.3783042446e-05    3.008535079377   11.583557613607
   2.3285547865e-04  1.4518423647e-05    3.015018424389   11.629808615291
   2.5162534926e-04  1.5358604235e-05    3.022480876981   11.684051945457
   2.6895779319e-04  1.6161115520e-05    3.029643316020   11.736999633382
   2.8869895635e-04  1.7106595299e-05    3.038103950507   11.800526618934
   3.0679032230e-04  1.8002586357e-05    3.046126532485   11.861640340781
   3.2730495229e-04  1.9052878430e-05    3.055519716939   11.934165329193
   3.4934515230e-04  2.0221840054e-05    3.065942247785   12.015739508936
   3.6877270750e-04  2.1286867013e-05    3.075395272855   12.090631130036
   3.8992225608e-04  2.2482858290e-05    3.085951130356   12.175187137589
   4.1406270966e-04  2.3893797548e-05    3.098310403302   12.275324077205
   4.3987340297e-04  2.5454973223e-05    3.111853478899   12.386332395540
   4.6459244099e-04  2.6999214346e-05    3.125100926728   12.496099402688
   4.9192231760e-04  2.8759769138e-05    3.140012332504   12.620936743190
   5.2112154603e-04  3.0698578898e-05    3.156185157953   12.757751765388
   5.5229148460e-04  3.2828774999e-05    3.173642547027   12.906970530938
   5.8501019590e-04  3.5125230416e-05    3.192086557320   13.066251014582
   6.1885739365e-04  3.7558138051e-05    3.211194852848   13.232953290744
   6.5429954325e-04  4.0159460541e-05    3.231134589969   13.408689191315
   6.9109571495e-04  4.2909550931e-05    3.251671268858   13.591573746877
   7.2975894648e-04  4.5844772659e-05    3.272993309443   13.783498334458
   7.7054128533e-04  4.8983524061e-05    3.295142372320   13.985119278135
   8.1268639518e-04  5.2266364045e-05    3.317622847237   14.192155548218
   8.5855485121e-04  5.5878706500e-05    3.341589088107   14.415578354189
   9.0730656540e-04  5.9759131660e-05    3.366485371409   14.650635241843
   9.6095957151e-04  6.4074995079e-05    3.393163484283   14.905781841942
   1.0229115175e-03  6.9113002937e-05    3.422941162275   15.194325978643
   1.0902501328e-03  7.4645799781e-05    3.453892534217   15.498012543070
   1.1582033321e-03  8.0277096102e-05    3.483441654248   15.790879125524
   1.2424913025e-03  8.7928274511e-05    3.520197800133   16.148695021355
   1.3290990780e-03  1.1221157462e-04    3.697202466542   17.489997729651
   1.4284027835e-03  2.0611312594e-04    4.134591230421   20.691921003872
   1.5353104716e-03  4.3813305413e-04    4.361163045713   22.260451596621
   1.6548338210e-03  9.9528822500e-04    4.438802657160   22.913156610647
   1.7827943173e-03  2.2419712683e-03    4.480415505398   23.376148735192
   1.8032444281e-03  2.5358992089e-03    4.484979690917   23.431466216204
   1.8045225600e-03  2.5553891105e-03    4.484634038656   23.427826486951
   1.9323357524e-03  5.1759335563e-03    4.542722314671   24.061115275175
   2.0601489447e-03  9.0185621744e-03    4.662174161995   25.356338028794
   2.1879621371e-03    0.013340947382    4.842937816558   27.412999402303
   2.3451524762e-03    0.018260179906    5.111485842438   30.702503399593
   2.5002647867e-03    0.022454898102    5.390038476251   34.401679556042
   2.6553770972e-03    0.026171683407    5.660046556590   38.276648954962
   2.8104894077e-03    0.029588457220    5.905587070622   42.055487566241
   2.9656017183e-03    0.032814500291    6.121537441419   45.581015688042
   3.1207140288e-03    0.035965145161    6.311244324328   48.818049536406
   3.2571024193e-03    0.038792384914    6.462264529229   51.468990546607
   3.4535835381e-03    0.043262920443    6.665925291523   55.111037706165
   3.6409047975e-03    0.048388504532    6.858201660481   58.583992533633
   3.8282260569e-03    0.054849359956    7.060689971506   62.255279938047
   4.0155473163e-03    0.063177192481    7.281153585872   66.267096046787
   4.2028685757e-03    0.073962598820    7.521832974762   70.679962510317
   4.3901898351e-03    0.087847752670    7.779373217357   75.462196091416
   4.5775110945e-03    0.105501209359    8.046224432585   80.503144861845
   4.7648323539e-03    0.127567308672    8.312817754053   85.645079436571
   5.0017808151e-03    0.162907297720    8.638576193199   92.091412491061
   5.2541380621e-03    0.211289510349    8.961772933905   98.674296997215
   5.5064953091e-03    0.272143867071    9.251211046789  104.748939773559
   5.7588525561e-03    0.346521116480    9.504043071615  110.224170637157
   6.0112098031e-03    0.435781542032    9.725621002400  115.178835202090
   6.2635670500e-03    0.540813706735    9.917139804098  119.586045959309
   6.5159242970e-03    0.660710262781   10.074993742867  123.337141872705
   6.7682815440e-03    0.795673122182   10.208348677811  126.613160000881
   7.0206387910e-03    0.943003804210   10.313051728579  129.254286913001
   7.2720647512e-03    1.101316359653   10.392593116324  131.300783608464
   7.5223552273e-03    1.273952088080   10.459885904613  133.045657669957
   7.7753782769e-03    1.469050763082   10.526072640593  134.739224627926
   7.8934581563e-03    1.567454059971   10.556504956621  135.511369504216
   8.1439830938e-03    1.792493117941   10.622666374089  137.196442792963
   8.3961537448e-03    2.042053704620   10.690893690042  138.930865983451
   8.6480602855e-03    2.312609731198   10.757424074950  140.603763681101
   8.8998131894e-03    2.597536414655   10.815415373337  142.031956957899
   9.1513533947e-03    2.893721799248   10.864406582053  143.215917836516
   9.4027932234e-03    3.197923648620   10.906016239077  144.217267676461
   9.6540536490e-03    3.497508473058   10.922982333170  144.531168361111
   9.9051367205e-03    3.801672543824   10.924728190586  144.416873729707
     0.010160033229    4.128794717638   10.928597500085  144.365164542527
     0.010414997486    4.464286461501   10.927360839339  144.139440555357
     0.010669961742    4.812370183883   10.925088197147  143.899148529901
     0.010924925999    5.175189828289   10.931861525243  143.954864878282
     0.011179890255    5.538695608823   10.937246082505  144.001866052179
     0.011434854512    5.899276752063   10.934649419356  143.820774860155
     0.011689818768    6.259599253709   10.928624082329  143.545738237908
     0.011944783025    6.631584067168   10.930476213728  143.530938397154
     0.012199747281    7.015252952809   10.936717157335  143.654493348433
     0.012454711538    7.394129851601   10.937660337791  143.599642859715
     0.012512657959    7.478579628958   10.936708213535  143.549463620545
     0.012767622216    7.850656003502   10.932416296819  143.317718978097
     0.013022586472    8.232745737501   10.933296157846  143.257520935226
     0.013277550729    8.625158873255   10.939253039444  143.397232601808
     0.013532514985    9.025092731438   10.948983545760  143.649820592038
     0.013787479242    9.424119384173   10.959654160163  143.885826627972
     0.014042443498    9.806701279727   10.965189849527  143.962158138272
     0.014297407755   10.183722658220   10.966208800216  143.916241960008
     0.014553180346   10.580619733001   10.974229410619  144.076772258857
     0.014805372656   10.984465023977   10.990943767563  144.513785462499
     0.015057550347   11.380924762253   11.005505432286  144.900404865867
     0.015309728038   11.772046585886   11.013840120005  145.086675160096
     0.015561905730   12.170948852901   11.022859061039  145.255489357852
     0.015814083421   12.570828744466   11.035062748972  145.517853766819
     0.016066261112   12.953800575511   11.046470076357  145.811244967180
     0.016318438803   13.325343002689   11.054960234669  146.029432026502
     0.016570616495   13.707122522774   11.063840400168  146.209148362556
     0.016822794186   14.110410201962   11.077720329770  146.512012097453
     0.017074971877   14.521055343195   11.093574508221  146.919181676422
     0.017327149569   14.927025410927   11.105996007143  147.253019269009
     0.017579327260   15.338015979141   11.116436602665  147.484637193125
     0.017831504951   15.761667404016   11.129639163536  147.761939580086
     0.018083682642   16.183607726271   11.143621380792  148.077210009164
     0.018335860334   16.596319465467   11.154648498525  148.346264521103
     0.018588038025   17.024019059236   11.167221327450  148.669335470576
     0.018840215716   17.476735488952   11.183507045614  149.081016745158
     0.019092393407   17.947139249776   11.202873269944  149.569186624672
     0.019344571099   18.428297823960   11.223937421198  150.105412470181
     0.019596748790   18.909221406485   11.241333349134  150.546356094823
     0.019857390936   19.422443469611   11.259465832850  151.016048913928
     0.020109652245   19.943108409404   11.282493004797  151.640410786023
     0.020273622096   20.284770121728   11.299425054498  152.115773506605
     0.020525883405   20.802170798308   11.325916440137  152.884034382042
     0.020776705892   21.303923673047   11.350135273219  153.596411170124
     0.021036141701   21.822409723305   11.372240868347  154.235564014546
     0.021295577511   22.363811056533   11.397425687511  154.970784878854
     0.021551826480   22.909245590469   11.424529024378  155.781350879586
     0.021809406167   23.432151789846   11.448717987058  156.510963619674
     0.022066984241   23.909762684514   11.466713719839  157.013968250475
     0.022329044758   24.349009848743   11.477814733208  157.262020296386
     0.022588913126   24.768395987388   11.488625631915  157.512791004457
     0.022849188087   25.198413094463   11.503951335965  157.924554290069
     0.023109463047   25.634441997382   11.522873958734  158.463449870701
     0.023369738007   26.045792035018   11.538685386666  158.936309872085
     0.023630012968   26.418473835140   11.548893781146  159.245509700469
     0.023890287928   26.778334105397   11.558320290474  159.505487065951
     0.024150562889   27.133069571664   11.566704501022  159.687950384989
     0.024410837849   27.486771952638   11.575371178903  159.873487565689
     0.024671112810   27.853490399994   11.588081430261  160.194432681785
     0.024931387770   28.209931610713   11.600383795104  160.538700750682
     0.025010601889   28.309477655936   11.603021779593  160.621604143113
     0.025021918191   28.323265472501   11.603349085965  160.632305378027
     0.026024130444   29.436598253529   11.614633818943  160.879902686009
     0.027037275323   30.908113907587   11.649428384104  161.725208773124
     0.028043328281   32.574812356662   11.707050649842  163.341049330855
     0.029046228013   34.278231088712   11.764485306244  165.096483060759
     0.030060954989   36.004435129246   11.830466601099  167.033836472293
     0.031068424035   37.498148537416   11.875236665193  168.524105692674
     0.032072619329   38.530050575197   11.901144722202  169.233834636200
     0.033090549878   39.070729725568   11.899595264967  169.286662507482
     0.034094636694   39.266484573977   11.867064418774  168.270704398492
     0.035103172929   39.760795385254   11.873353422448  168.562571684307
     0.036113059217   40.182678506680   11.853735722307  167.908159441605
     0.037129226779   41.025688268064   11.880913118338  168.712116444976
     0.038135609700   42.241551146071   11.914936707031  169.578381604059
     0.039139156002   43.527108876987   11.967701682396  171.292998439878
     0.040155658204   44.774839993618   12.026256087316  173.072499523374
     0.041172160406   45.879501693427   12.070487520765  174.550388140360
     0.042188662608   46.816658232085   12.096185270070  175.266897909452
     0.043205164810   47.326489603203   12.112182762046  175.787191458318
     0.044221667012   47.723085456968   12.128432910578  176.329880004472
     0.045041426853   48.210059303929   12.142790804021  176.689441469332
     0.046057929055   48.827618679543   12.153970093070  177.057510255346
     0.047074377503   49.311755006191   12.169594969084  177.605164169814
     0.048084040108   50.133028187972   12.193723399727  178.491773127290
     0.049090134118   50.364864719025   12.226819441418  179.512361933746
     0.050127681815   50.159509941307   12.222811035001  179.167517592380
     0.051143089172   50.588525013261   12.238198740616  179.765831392879
     0.052157793299   51.206245125164   12.262245180772  180.266982324569
     0.053177944440   51.552640592610   12.247817916520  180.043634917815
     0.054180179495   52.167539036956   12.275916074308  180.753151844142
     0.055214586948   53.240238977052   12.335882625036  182.513527082763
     0.056235908745   54.062780157813   12.369361695077  183.733204850906
     0.057260136257   54.667609862436   12.412582041949  184.649123607325
     0.058267192844   54.955891649534   12.425310474405  185.356450750719
     0.059291534728   54.741014933418   12.439376406764  185.737652499952
     0.060327763270   54.530429657679   12.442664237384  185.746640729207
     0.061362804747   54.729084093699   12.450352435036  186.040475570818
     0.062389888906   55.383075707244   12.484815988136  187.294488210918
     0.063397912204   55.822824391371   12.536840607181  188.441954588045
     0.064410269975   56.140731093475   12.557910297515  189.170241590294
     0.065057199028   56.299451783340   12.567950992561  189.649078144961
     0.066066889096   56.471611332885   12.601892382364  190.767242263630
     0.067073176726   56.158997769353   12.585484320888  190.551586804990
     0.068083548834   55.882268815744   12.618416935120  191.008550462750
     0.069087630496   55.858429696103   12.622874285362  191.582743221209
     0.070119376171   55.483082942433   12.621371917327  191.203873364890
     0.071130016100   55.460663262314   12.600937721634  190.892861653966
     0.072193308788   56.203155626710   12.656748592803  192.801121250778
     0.073203986527   56.532163572860   12.693769046166  193.843612532371
     0.074213279909   56.651262110404   12.706775081219  194.127842950682
     0.075271654682   57.238927416098   12.768237051702  195.536819533234
     0.076272417089   57.917986032751   12.793446193493  196.707232677056
     0.077287303208   58.601911474914   12.847713129478  198.415663497681
     0.078288094851   59.201493718418   12.877953395751  199.588850017262
     0.079316226664   59.733558646794   12.916675507411  200.933610403593
     0.080325019558   59.924783449188   12.986731426712  202.538732022658
     0.081341879152   60.148669078643   12.999959388538  203.395988094022
     0.082383688881   60.459825189231   13.036267135665  204.808673476951
     0.083391061364   60.700284315253   13.078146587638  206.062096278571
     0.084417411049   60.887909455905   13.113381579847  207.086417101545
     0.085090663554   60.952280012305   13.141515600381  207.916212456573
     0.086109738128   60.966563704593   13.171486800342  208.995994471096
     0.087122092928   61.102232644656   13.174722691593  209.734241338450
     0.088162336856   61.208371145638   13.211775981585  210.774355853362
     0.089168135814   61.335868114759   13.223512298037  211.477258034309
     0.089993700752   61.363580104465   13.284436942827  212.964062305654
     0.090047257761   61.339818510165   13.285431921059  212.996300046217
     0.091069755624   61.188729917904   13.297515068522  213.584527977361
     0.092086023048   61.090236470061   13.306903966796  214.032783793505
     0.093098004969   60.886472218719   13.332918331353  214.860543468815
     0.094113928109   60.966740112208   13.365887873435  216.058348628443
     0.095140613018   60.721270868402   13.363977955569  216.174119531541
     0.096141175683   60.599378763680   13.385935386219  216.772692312967
     0.097141711228   60.751213688221   13.420584523390  217.916301973791
     0.098145227132   60.764354560610   13.461684147581  219.033635014061
     0.099179684158   60.593939399213   13.479495074035  219.659868395122
     0.100179854678   60.498013966001   13.510201518777  220.941547588258
     0.101205017713   60.381542865194   13.528606180573  221.789314718163
     0.102224417927   60.496276751463   13.551642316465  222.664649616416
     0.103262308935   60.528162574646   13.617977641578  224.275314371042
     0.104299827802   60.650830135596   13.634164876747  225.309365999693
     0.105300993019   60.758219570676   13.664411190770  226.594630548712
     0.106319648756   61.018454397426   13.709832865193  228.027510203676
     0.107345646259   60.973487907158   13.757554328484  229.497622434553
     0.108378431852   60.779730950888   13.767183818437  230.384921834825
     0.109419847369   60.598534225479   13.785579540786  231.066545916468
     0.110000178630   60.601043849377   13.789590704867  231.427718822498
     0.111013748988   60.585599303362   13.856178925740  233.009409134556
     0.112050033558   60.648802299081   13.887537579713  234.273452851996
     0.113051806683   60.842463697304   13.902354592479  235.414910322626
     0.114058528337   60.915430245542   13.950417547789  236.839628598889
     0.115083174380   60.727038246393   13.986499812707  237.946581528290
     0.116114960369   60.628165112971   13.996324971857  238.939254539585
     0.117130706084   60.681624137089   14.031022136230  240.056782016148
     0.118150400032   60.671357592370   14.095852610291  241.739233847060
     0.119154076972   60.670894237012   14.102485761372  242.798290773691
     0.120168829496   60.642524179123   14.121410028765  243.624597224324
     0.121178606651   60.565723508049   14.160113242206  244.763502518849
     0.122185899923   60.437617696185   14.206341914162  246.555831147288
     0.123193193194   60.195675512931   14.222895993831  247.387067729224
     0.124202216386   60.083528028399   14.249485762947  248.307624804956
     0.125213108119   59.849571467488   14.274073748026  248.999432890067
     0.126230129670   59.531890004198   14.279088354800  249.352361186650
     0.127249506524   59.399071861418   14.312342340477  250.834026955120
     0.128259618763   59.435652138771   14.344136394070  252.058062323695
     0.129269338484   59.363793900542   14.407634394824  253.367750717527
     0.130018795394   59.311960100036   14.409685218519  254.210047506299
     0.131036175639   59.302053385261   14.446185018831  256.014616670910
     0.132037135778   59.092617844113   14.484000772972  257.017429413281
     0.133055987121   58.655774501334   14.481550599233  256.913827570510
     0.134061358128   58.542249589143   14.513499102083  258.657703941880
     0.135069250268   58.531294028079   14.566617602078  260.122307537446
     0.136072926361   58.489526633267   14.595067898130  261.051512367169
     0.137077412866   58.445173239508   14.614471795930  262.223649594095
     0.138090073317   58.645060595659   14.670237048583  264.552648331979
     0.139094217650   58.459906318129   14.704366792026  265.692709396366
     0.140100794709   58.126530608272   14.732080219352  266.400974099162
     0.141105281692   58.210052953819   14.757104670430  268.431167823254
     0.142117112638   57.849093945442   14.782957327650  268.784239890757
     0.143137330942   57.386335791149   14.794914986884  269.129971959067
     0.143819048539   57.520071833703   14.805242126433  270.455048943784
     0.144832454304   57.605639643302   14.837765909206  271.281003986086
     0.145846306827   57.378515725838   14.865453180986  272.726074700532
     0.146850500735   57.464220291698   14.893205630858  273.777356932138
     0.147851905058   57.422215987877   14.946367336040  276.049527036777
     0.148864588622   57.339876590124   14.954149007570  276.308911504425
     0.149796155603   57.281102770468   15.015174704979  279.000181452719
     0.150806285283   56.851213029807   15.025600597670  279.035328998536
     0.151818882517   56.969203766645   15.069722224810  280.790086292210
     0.152826542111   56.826694807743   15.092356834238  281.879029035579
     0.153831414004   56.605340063762   15.113084268369  282.512410056605
     0.154843158766   56.556510534548   15.159275925349  284.858989564436
     0.155852246559   56.283512266912   15.130800013284  283.799357931292
     0.156727113457   56.021255801833   15.180250770745  285.651298757492
     0.157356000505   56.130348780771   15.212389591681  287.265252357853
     0.158356471612   55.969585406334   15.242142872120  287.242499502870
     0.159358146412   55.900738165745   15.271897480728  289.605009940040
     0.160368322334   55.717746747920   15.247989529755  288.748220156854
     0.161371053882   55.589828067337   15.319980292585  291.597797628122
     0.162379507203   55.679614900922   15.310403214579  291.419522367084
     0.163360165316   55.328908554931   15.376966272203  293.583213533240
     0.164364476499   55.189494498318   15.398188067569  295.096981342022
     0.165164466830   54.986170395734   15.379129085039  294.320737691790
     0.166168287978   54.736652882234   15.437888008661  296.278301373524
     0.166664691217   54.789253339367   15.444643087418  296.965037928425
     0.167547283519   54.834952038061   15.445490093300  296.905446227179
     0.168429875820   54.865825181883   15.520509612980  300.345977845759
     0.169431564732   54.462109818553   15.515113789142  299.819264295045
     0.170220985309   54.344505992759   15.492500963945  299.280431381327
     0.171225670163   54.075889756318   15.563042814683  301.805962682988
     0.172042885257   54.161828458078   15.533799431669  301.301423171307
     0.172905148388   54.159171277178   15.613526858492  304.114077629962
     0.173885395708   54.138010380202   15.636326288176  305.211048482868
     0.174642076351   53.835543645110   15.587094317699  303.610621612596
     0.175398756993   53.651350307481   15.671122280484  306.605097871054
     0.175466858251   53.671125537988   15.680059526032  307.075125589463
     0.176405462361   53.691806800636   15.700947045295  308.322820720519
     0.177259370507   53.333666333795   15.679344811140  307.319161896412
     0.178076585601   53.004527320015   15.652131383328  306.300005465098
     0.178684601303   53.027412774768   15.721166081083  309.178002956220
     0.179420094887   53.095279923853   15.731431133715  309.374458888947
     0.180155588472   53.268830139534   15.781792979540  311.518416555030
     0.181039669098   52.937837345924   15.792617091462  312.587354947856
     0.181827704979   52.847200050811   15.791427441525  312.096746547612
     0.182709443329   52.664077972896   15.797612400451  312.677022934770
     0.183382736164   52.565844982765   15.826506783159  314.113819717718
     0.184044680391   52.642428953509   15.796496862836  312.938339406985
     0.184706624617   52.657213890373   15.893099694160  316.597857234523
     0.185368568843   52.552689190940   15.901470454114  317.563448422881
     0.186030513069   52.306932037467   15.911351132655  318.073995490463
     0.186727050071   51.734215191904   15.885514271894  317.090905744408
     0.187571932528   51.562189522556   15.887464789761  317.070005432213
     0.188127965678   51.309412895568   15.845108247590  315.017207402695
     0.188134585120   51.308344263360   15.844317169541  314.986409289081
     0.188855075291   51.456295486833   15.886233782023  316.833473900889
     0.189695721579   51.432210595205   15.952306785224  320.337444012953
     0.190535581051   50.720390696879   15.872700042447  316.863221773436
     0.191317762449   50.082134796045   15.870024116234  317.325029491567
     0.192067931288   49.725740977730   15.868288539881  317.341488250064
     0.192743445381   49.731425469628   15.914704464460  318.673603950071
     0.193193033163   49.181015279501   15.860899145896  315.779976992727
     0.193817706627   48.412235247892   15.826477434225  315.373292119588
     0.193934002355   48.328085994577   15.831911464029  315.598646726585
     0.193943456156   48.287787784857   15.833225941452  315.637793790008
     0.194444922135   47.894464275943   15.844160808779  315.509876330237
     0.195249430859   47.094156646303   15.788037627278  313.621036018395
     0.196254298421   45.629886647925   15.714430287373  308.910359747264
     0.197257548064   44.100978361871   15.591667128794  304.394193072609
     0.198082857832   43.174476560867   15.554526211475  302.455507289709
     0.199090293448   42.454837040767   15.514712490769  300.382474971772
     0.200092957898   41.620598822344   15.464263076049  298.880939608906
     0.200899573198   41.111710908070   15.458920408131  298.755449110194
     0.201565299604   40.894165042373   15.470399703537  299.218154280647
     0.202295831599   40.531004383007   15.465759511230  299.661847827428
     0.203041830793   40.248447954353   15.478579426111  300.091433211416
     0.203829402334   39.710641760277   15.447064220190  298.192966270268
     0.204766228721   39.273546919684   15.411053234676  297.601736927906
     0.205641389897   38.512918044355   15.399633028370  296.967201583797
     0.206271591695   38.200403787089   15.377713892039  296.433624758504
     0.207222401612   37.788038209572   15.385443602706  296.338782940729
     0.207912088098   37.489235394638   15.358897474909  295.703694249862
     0.208685094951   37.174883395703   15.363850591989  295.786313437812
     0.209456992617   36.881516609850   15.363285384938  295.605697215611
     0.209776636680   36.789898520790   15.357600907326  295.562054167099
     0.210339522262   36.579894258148   15.352529305265  295.393732651518
     0.211043928371   36.394678678983   15.357174690498  295.583714293477
     0.211897985098   36.188562044502   15.360957361106  295.695351296682
     0.212674215208   35.973620930444   15.352154286413  295.593802043431
     0.213416333165   35.832297210000   15.368998440000  296.120887842861
     0.214173594759   35.589028096873   15.354579680860  295.455197855669
     0.214872850314   35.375964844254   15.338818085060  294.648743494800
     0.215873331122   35.247382442982   15.348083213951  294.412446015023
     0.216828507804   35.199657891122   15.373513278380  296.627629817777
     0.217627172030   35.235083663627   15.403263118891  297.830526055298
     0.218595402528   35.095980883813   15.407142561088  297.113191050039
     0.218636057543   35.089443479990   15.406587053197  297.080597813762
     0.219642269160   35.138273658162   15.446843072656  299.661721364246
     0.220648480776   35.118767664456   15.483696533467  301.675199759152
     0.221654692393   34.968906150196   15.493540068690  302.226005809448
     0.222436738231   34.690437501107   15.475215551849  301.416357764416
     0.223107992757   34.537878383531   15.470826714831  301.079450919717
     0.223721209962   34.469758192009   15.477712385438  300.847345350087
     0.224728716958   34.223828732757   15.464507277051  299.746431503945
     0.225736223953   34.411690070622   15.526214129803  303.948633358655
     0.226463952082   34.304259762070   15.532087574503  304.242878432788
     0.227364519894   34.068144464176   15.532775745666  304.233585807594
     0.227499605066   34.058045233696   15.538723518027  304.349451868845
     0.228400172878   34.014275419789   15.538204278698  304.239406984573
     0.229171618298   33.927371853869   15.534490565623  303.453635368983
     0.230054210599   33.913482895254   15.551661106755  303.733334629031
     0.230936802901   34.142492830092   15.611174873931  307.612844796551
     0.231819395202   34.096238969704   15.622701918584  308.091953072530
     0.232701987504   33.978492172359   15.624638018078  308.197975174423
     0.233516451659   33.882746003573   15.625208029983  307.923135366465
     0.234340989636   33.794411899767   15.621145243330  307.112239370015
     0.235181745906   33.895147445847   15.656595321814  308.953314332393
     0.236022502176   34.008035609249   15.694399840922  311.357622014959
     0.236863258445   34.022425625010   15.705829325995  311.581195297079
     0.237704014715   33.942466609479   15.706577693503  311.450544843947
     0.238544770984   33.873545164247   15.716195336664  311.965304183296
     0.239385527254   33.745870341515   15.715344997559  311.907653829932
     0.240226283523   33.579203913337   15.706077464532  311.373880372794
     0.241029924011   33.455350741207   15.699599281704  310.849870201809
     0.241960983731   33.316718231943   15.695291900093  310.304503008859
     0.242895157364   33.413561016295   15.729795336831  313.114372759939
     0.243829330997   33.520194699389   15.764309704907  314.975773204546
     0.244763504630   33.579089646801   15.781794212209  315.764934032755
     0.245697678263   33.547208383412   15.788680868650  315.850223106334
     0.246631851895   33.513072583340   15.796999571254  316.043228464238
     0.247391059922   33.416833353774   15.793728877689  315.737837203355
     0.248263656097   33.336122745264   15.791920777574  315.469480633776
     0.248978165577   33.265187723122   15.799352938428  315.255652047412
     0.249736265852   33.231183394637   15.799398083832  315.173122329813
     0.250502023705   33.224668239515   15.818900318157  316.101006177767
     0.251267781559   33.346652047145   15.861989279241  319.364828930626
     0.252033539412   33.449442817256   15.882254847032  320.250733728827
     0.252799297266   33.439475616712   15.889124613826  320.614540124390
     0.252806954845   33.439627496716   15.889234215915  320.619269588951
     0.252814612423   33.439794614741   15.889345557026  320.624059598918
     0.253580370277   33.445113183980   15.900574159838  321.047632679916
     0.254346128130   33.385640034302   15.898968492141  320.677037971424
     0.255111885984   33.367440827129   15.902751403655  320.487377379879
     0.255877643837   33.343646681081   15.906161914947  320.151497503318
     0.256628741603   33.371282171302   15.921773407216  320.631536250705
     0.257407219631   33.350258181786   15.932243002898  321.060954817694
     0.258185697658   33.312363916459   15.948564922820  322.902433933043
     0.258964175685   33.394387482834   15.983687187020  325.137752870315
     0.259742653713   33.476335748418   15.994421114932  325.514461835137
     0.260513346960   33.462175644366   16.000186515452  325.104098798687
     0.261208731852   33.438905432904   16.002990120499  324.752780612658
     0.261965412495   33.454547953175   16.018879791132  325.159124657434
     0.262722093137   33.647931664920   16.072889348253  329.135277763688
     0.263478773780   33.792445652322   16.110580773599  331.092984230822
     0.264235454423   33.696766656839   16.111881798525  331.217904296167
     0.264992135065   33.661299928540   16.118720922155  331.520345872074
     0.265748815708   33.495061535391   16.110997973315  331.191146329192
     0.266505496350   33.412947484266   16.116138344755  331.369533900521
     0.267262176993   33.326114396257   16.111384118052  331.201467796052
     0.268018857635   33.308156454123   16.115855952546  331.337930381986
     0.268775538278   33.394247754156   16.125707880706  331.590612331789
     0.269509594139   33.400150724011   16.132430326960  331.132079790806
     0.270158325828   33.445841618841   16.144439263811  331.173022780820
     0.270807057518   33.454424792566   16.158387110112  331.512075046732
     0.271455789207   33.551133015029   16.203316740524  334.638917011671
     0.272104520896   33.616455005565   16.232543361534  336.518707227449
     0.272753252586   33.590815885252   16.242208173265  337.104296827044
     0.273401984275   33.476079686886   16.237176177113  336.916508506524
     0.274050715965   33.394436695051   16.239015156136  336.980652714665
     0.274699447654   33.324450166543   16.235264557842  336.824642783521
     0.275348179344   33.276917055650   16.238095323135  336.969538828984
     0.275996911033   33.270202056418   16.243120137057  337.179876100991
     0.276645642723   33.213071341566   16.244573605387  337.246074335748
     0.277294374412   33.245898684724   16.256436795684  337.774476225126
     0.277943106102   33.196046718376   16.258969422176  337.855199610059
     0.278591837791   33.197413134652   16.267487030199  338.268499348815
     0.279240569480   33.128149411971   16.266387592286  338.147356297170
     0.279889301170   33.064921970825   16.258237016876  337.738835474544
     0.280538032859   33.106752140369   16.266895065033  337.722706476214
     0.281186764549   33.090108501786   16.267616383641  337.035099235675
     0.281835496238   33.080417016775   16.274979057251  336.923749807470
     0.282484227928   33.143969536345   16.301325154804  338.734629260355
     0.283132959617   33.339490864081   16.350264487522  342.145128379186
     0.283781691307   33.408453927084   16.367282080548  343.022295585870
     0.284430422996   33.371772565567   16.374273965400  343.466075867073
     0.285079154686   33.257947078953   16.373729555335  343.426555756717
     0.285727886375   33.111786407023   16.362829653244  342.915297895605
     0.286376618065   33.079373941127   16.373894776656  343.294921578201
     0.286933805162   32.892929539050   16.359949890622  342.358677299117
     0.287546716482   32.594243991782   16.305534722079  338.732883644816
     0.288136956027   32.559089659623   16.295277332030  338.200778873627
     0.288803853241   32.776992863703   16.334956762260  341.177442249883
     0.289484865820   32.963754764284   16.367524590146  341.419727060118
     0.290165878398   33.216071497333   16.416699565047  345.391787376853
     0.290846890976   33.378667129238   16.457561579196  347.682066113126
     0.291527903555   33.413493116068   16.468082017353  348.207326534171
     0.292208916133   33.381712180308   16.475230396995  348.563817115187
     0.292889928711   33.333042956284   16.476961393401  348.645634459315
     0.293570941290   33.171350029325   16.467240487040  348.185183833423
     0.294251953868   33.055341194658   16.465068874487  347.965079941588
     0.294932966446   32.950153206478   16.456360113736  347.571864969219
     0.295613979025   32.972655594497   16.467312926906  348.096966694438
     0.296294991603   32.956101723814   16.471156157614  348.365421380256
     0.296976004181   32.938949668071   16.476394297165  348.630862590075
     0.297657016760   32.938472005096   16.476959772604  348.555784985233
     0.298338029338   32.958539183725   16.478273874042  348.541061708809
     0.299019041916   32.972215724531   16.485579655767  348.675703942983
     0.299700054495   32.884835013282   16.476310130790  347.772340198210
     0.299849877262   32.894754107418   16.478433367546  347.830402867460
     0.299856687388   32.895300365593   16.478552594343  347.834437474593
     0.300505710093   32.892909647058   16.486230277752  347.794783306518
     0.301089568614   32.800616005145   16.483116426109  347.102225938246
     0.301673427134   32.832859089441   16.497049622570  347.574595064828
     0.301982872150   32.873413320046   16.516406992622  348.857289661506
     0.301988710735   32.906886684625   16.518783312908  348.966602427416
     0.302454689330   32.949709726402   16.546962394614  351.305038718364
     0.303050439133   32.974053759088   16.568988872656  352.735462671340
     0.303646188937   32.990940078876   16.617684328043  354.516756029095
     0.304241938740   32.762914270357   16.575668217492  351.897002384116
     0.304837688544   32.593793271145   16.552236316763  350.767430978481
     0.305433438347   32.689337400952   16.565154397979  351.407161224446
     0.306029188151   32.639258088020   16.559254094812  350.995711164269
     0.306624937954   32.776298814879   16.581672360547  352.216303381880
     0.307220687758   32.737371305479   16.585064575251  352.154675046309
     0.307810480063   32.725822762190   16.585984603915  352.151068075209
     0.308406229867   32.666225311748   16.586410667510  352.114598397004
     0.309001979670   32.615080284732   16.585313373674  351.976847259407
     0.309597729474   32.499017072767   16.573626236458  351.240629407975
     0.310193479277   32.454159119319   16.573091669757  350.910677672655
     0.310789229081   32.392830878915   16.573240943894  350.534157786356
     0.311384978884   32.528632112751   16.615609845468  353.170832100531
     0.311980728688   32.656932538165   16.652663421883  355.611099899278
     0.312576478491   32.730471975860   16.674098687304  356.802962173153
     0.313172228295   32.707280016048   16.676522082551  357.100330942033
     0.313767978098   32.723358512384   16.690089560372  357.754607924968
     0.314363727902   32.667267988277   16.687283972813  357.660489564432
     0.314959477705   32.588974066134   16.683974895956  357.492611928998
     0.315555227509   32.593081476619   16.686341427378  357.621109304088
     0.316150977312   32.586748064600   16.688748508162  357.463463703826
     0.316746727116   32.617106513387   16.690255501363  357.318806751420
     0.317342476919   32.680498161591   16.701573194051  358.006280932587
     0.317938226723   32.777495387397   16.717665725038  358.319993356804
     0.318533976526   32.805737404750   16.722534454958  358.073502837008
     0.319129726330   32.807852965723   16.727281826542  358.154365053195
     0.319725476133   32.783164639360   16.729022423373  358.083495246789
     0.320321225937   32.747635278352   16.731331580381  358.047218039814
     0.320916975740   32.722393241724   16.737704912774  358.254814664937
     0.321512725544   32.728699103023   16.756162063635  359.626440853635
     0.322108475347   32.741397856454   16.779905033870  361.341979564664
     0.322704225151   32.714865333001   16.788899198384  361.852824946356
     0.323299974954   32.592290698654   16.775467096090  360.869734576415
     0.323895724758   32.393478198548   16.727510702382  358.335797997134
     0.324491474561   32.197545882053   16.706217359160  357.430709018832
     0.325087224365   32.180218541325   16.709086155251  357.306701572654
     0.325682974168   32.162161525885   16.719484246795  357.652816490159
     0.326278723972   32.342627365561   16.771518964824  360.933114123291
     0.326874473776   32.405679642612   16.794045973029  362.370992418016
     0.327470223579   32.460760025220   16.811345590258  363.324930621964
     0.328065973383   32.511475692248   16.823574020708  363.931665824409
     0.328661723186   32.450510541336   16.820523664865  363.854672748980
     0.329257472990   32.453952103640   16.821318223494  364.014800049337
     0.329853222793   32.494379814599   16.831072224563  364.400051804068
     0.330448972597   32.523183293964   16.833551360995  364.144522016274
     0.331026171252   32.604254841038   16.843411626225  364.879838531810
     0.331603185700   32.728083149516   16.866747508732  365.864346478104
     0.332199043228   32.750565062857   16.871790825507  365.874718206119
     0.332794659924   32.723055065223   16.874042531561  365.978735890105
     0.333390046778   32.676402429328   16.869948674207  365.638630913155
     0.333985195256   32.652941495236   16.870343881337  365.351921697643
     0.334580115333   32.652852720575   16.874665168010  365.289190276213
     0.335174807249   32.621185033183   16.875884257790  365.170122800373
     0.335769280102   32.602758297053   16.879812200810  365.239247492368
     0.336353999414   32.577318557706   16.886693634869  365.539999393470
     0.336919477014   32.669997902941   16.921312645135  367.944281639164
     0.337513284883   32.815542787853   16.959613437485  370.097517877986
     0.338106832360   32.658045194133   16.949711055885  369.385885300749
     0.338700196007   32.267972016331   16.867537873238  365.557836004121
     0.339293298980   32.141491526914   16.853684443620  364.575245605675
     0.339886210543   32.231015978233   16.875627683597  365.108176420611
     0.340478883621   32.368964300248   16.920353615410  368.072564455089
     0.341071331831   32.434088893688   16.945523919720  369.568899046042
     0.341663583272   32.480150918455   16.958708844433  370.283376780537
     0.342255574848   32.533561577663   16.971857994577  370.958166495993
     0.342847385422   32.573810743780   16.978590170849  371.394757290359
     0.343438939934   32.561161096332   16.982646272380  371.775431778978
     0.344030294723   32.559868191610   16.990416308202  372.254488665992
     0.344621430490   32.537905404129   16.993701839761  372.416096906439
     0.345212323169   32.531262073570   16.997357146477  372.493373224898
     0.345726246632   32.568640003633   17.001828215833  372.784101245330
     0.345732152743   32.569596383205   17.002001249802  372.793892603526
     0.346322629354   32.622965206821   17.014779960545  373.366748356292
     0.346912913865   32.654281926368   17.019682642113  373.454631171600
     0.347502959143   32.617625756940   17.017475776726  373.189437694364
     0.348092792421   32.641660932313   17.018077790335  372.967096007520
     0.348682411188   32.729145203157   17.032382918200  373.943574710200
     0.349271796975   32.752735907423   17.042099943062  374.301089322272
     0.349860973990   32.713490904986   17.039779982116  374.121111834436
     0.350432873099   32.669891534909   17.037896024530  373.752750058165
     0.351002776793   32.687155423759   17.043174862744  373.578749035585
     0.351585427271   32.685781151508   17.048992113668  373.489364117377
     0.352173745071   32.680225413611   17.055175722679  373.586996981171
     0.352761851801   32.712293797273   17.073052945313  374.699313641584
     0.353349730679   32.815564797342   17.108592021516  377.080525182002
     0.353937400693   32.874636877445   17.127395961330  378.249367246235
     0.354524847173   32.813789274338   17.127206113866  378.279593824683
     0.355112079448   32.728519163996   17.121746205715  377.948204274415
     0.355699103662   32.632917180734   17.113011824064  377.403038475290
     0.356285899816   32.517921348961   17.099010380149  376.575868484241
     0.356867809030   32.474045146044   17.093554598814  376.152759934170
     0.357426076929   32.400397852360   17.078276358531  374.980434363052
     0.357970070970   32.330123782266   17.066304030778  374.269320221411
     0.358556092761   32.343331521683   17.081878095963  375.424400912795
     0.359141883844   32.534850118088   17.124072873451  378.019669887728
     0.359727472805   32.678905434602   17.148629992749  379.849785175348
     0.360312855514   32.705495407182   17.168695487553  381.005713204089
     0.360898018316   32.622468729766   17.165783905509  380.690068365355
     0.361482995903   32.560321455807   17.157488212659  380.059094343650
     0.362067748450   32.513343215181   17.151139528252  379.724616963941
     0.362652302800   32.536771038724   17.157796490869  380.191505256643
     0.363236656820   32.578066098396   17.168837388149  380.869223907470
     0.363805594601   32.599245951899   17.179992162301  381.481581347008
     0.364331211281   32.612910497334   17.184448425024  381.716111723220
     0.364856827961   32.620354827993   17.188572348211  381.947377564298
     0.365382444642   32.638901126275   17.197813083453  382.280462374126
     0.365908061322   32.619097571165   17.197998544388  381.999434947868
     0.366433678002   32.608515490023   17.195956182883  381.603388217904
     0.366959294683   32.609112401251   17.194291744349  381.409562619560
     0.367484911363   32.681507836832   17.208780173242  382.434455794749
     0.368010528043   32.696578555474   17.215034735201  382.573592203831
     0.368536144724   32.703913698626   17.220012060915  382.738774938096
     0.369061761404   32.658102931979   17.216112231697  382.469740985217
     0.369587378084   32.630337114406   17.216721192984  382.481445390954
     0.370112994765   32.571030413308   17.211044819900  382.041468143645
     0.370638611445   32.537434624697   17.209885449680  381.728784982073
     0.371164228125   32.536182275203   17.213578053470  381.580262116403
     0.371689844806   32.526584792192   17.217719356821  381.584677012976
     0.372215461486   32.520255948784   17.221849517732  381.688315161458
     0.372741078166   32.504614389204   17.231727222495  382.236030052313
     0.373258382394   32.591221631437   17.261941263071  384.219958483928
     0.373790640592   32.605045561941   17.274530107321  385.167851146499
     0.374322741384   32.611414274496   17.283776897246  385.724116748049
     0.374854664285   32.562897907354   17.282605644961  385.717714889028
     0.375386430131   32.534296702372   17.281316531846  385.670354342353
     0.375918024994   32.519172599849   17.283691186846  385.785562298070
     0.376449456834   32.500329018230   17.285731359789  385.898466924629
     0.376980723998   32.486381348988   17.287776923467  386.030045482850
     0.377511827535   32.516528372033   17.296913556285  386.489647682973
     0.378042767083   32.524991109900   17.301940199142  386.804856426412
     0.378573540352   32.532874576419   17.307226610760  387.072858966135
     0.379104150091   32.546060588693   17.312482067446  387.437475371017
     0.379634595803   32.581885872215   17.323661445894  388.079512338205
     0.380164878517   32.564168991105   17.326742115692  388.327653868785
     0.380694998303   32.533224332350   17.327904440951  388.332641305912
     0.381224955059   32.515583757067   17.328090434692  388.334690067371
     0.381754750854   32.522658197862   17.332391305645  388.626971552220
     0.382284381551   32.530613567713   17.337056276917  388.955348617704
     0.382813851642   32.529346588507   17.340705093952  389.213581166827
     0.383343158168   32.531119608638   17.344291451131  389.447760494731
     0.383872304096   32.538842383104   17.349497195511  389.766080107947
     0.384401288004   32.534491429534   17.354175352570  390.026588431932
     0.384930110434   32.531596913470   17.357317016685  390.206203811885
     0.385432337810   32.532959198329   17.361235095122  390.423200544688
     0.385908089966   32.533662081195   17.365230383899  390.652751028829
     0.385974695267   32.532881046774   17.365631161101  390.676135253878
     0.385979452789   32.532819588179   17.365657778009  390.677687406838
     0.386455204945   32.525583810798   17.367886995313  390.796778663268
     0.386930957101   32.518750857795   17.375320645025  391.007703289981
     0.387406709257   32.518722271279   17.379035961939  391.137339298129
     0.387882461413   32.513816960542   17.381176932248  391.272333842164
     0.388358213569   32.490332045790   17.379924234580  391.130032762668
     0.388833965725   32.473360266337   17.378519859060  390.865011944192
     0.389309717881   32.466419520825   17.377461608848  390.544502560581
     0.389785470037   32.458724248280   17.375620468867  390.213666644978
     0.390261222193   32.467212568640   17.376509093523  390.380763016110
     0.390732216827   32.500059941934   17.385450180829  390.984316143773
     0.391207968983   32.523738588961   17.389873550857  390.907023255583
     0.391683721139   32.523815700105   17.391674879883  390.725871210671
     0.392159473295   32.497241084836   17.389711871253  390.427269188996
     0.392635225451   32.482025805759   17.388907081315  390.151686497468
     0.393110977607   32.484809465208   17.395028018534  390.201730282708
     0.393586729763   32.506916145016   17.406566726451  390.767190092259
     0.394062481919   32.553096191048   17.427540858948  392.150433556540
     0.394538234075   32.583770391155   17.443320096261  393.243302823896
     0.395013986231   32.609349616419   17.454438348948  393.947655759766
     0.395489738387   32.599445475926   17.459331457157  394.286086105150
     0.395965490543   32.589629778235   17.462528503993  394.472833400077
     0.396404367638   32.556231683952   17.459830024243  394.357587756591
     0.396834102264   32.555322892294   17.461609657130  394.461566641948
     0.397263735284   32.559499369613   17.465829615507  394.667860573528
     0.397693263784   32.547952348813   17.468731561921  394.781692972259
     0.398122688124   32.578679748199   17.477147228709  395.111334959650
     0.398548575169   32.604735230077   17.483583872991  395.477123443319
     0.398977795161   32.613733695130   17.489701010870  395.864781738752
     0.399406913157   32.640717938196   17.496504464973  396.221378492180
     0.399835919324   32.659098176251   17.502763775672  396.586773284834
     0.400264827943   32.647760975145   17.503066015880  396.607011519513
     0.400693621401   32.649980540429   17.505047904597  396.745361423918
     0.401122323939   32.681828214587   17.511808811645  397.086283280661
     0.401550909493   32.663868332344   17.514380925561  397.247187164022
     0.401979407885   32.618604717297   17.512623133733  397.069739913649
     0.402407791681   32.570018232643   17.507223163865  396.669965338845
     0.402836087450   32.534715476053   17.503529719687  396.418880395864
     0.403264269593   32.525998785473   17.504955239958  396.490748973652
     0.403692361675   32.500735574543   17.504002769511  396.480148896930
     0.404120341671   32.501297108417   17.507699083554  396.717422472752
     0.404548227540   32.505890915349   17.510896972152  396.941039643691
     0.404976003530   32.532574882440   17.518963048422  397.450967590301
     0.405403684378   32.537835243869   17.524315344448  397.785274360059
     0.405831259378   32.533389354068   17.528168783531  398.032040488341
     0.406258740828   32.489259203887   17.527411468179  397.941299355794
     0.406686119323   32.441455671883   17.524593735749  397.728054544628
     0.407113401169   32.392072163402   17.519166998580  397.377901935099
     0.407540578849   32.376820184664   17.517592682054  397.335555620799
     0.407967657801   32.392008819328   17.521095611741  397.625197741056
     0.408394635009   32.437420354613   17.528895639936  398.213357732484
     0.408821514118   32.493258170686   17.540604895248  398.949701774571
     0.409248292185   32.523347716786   17.549030007373  399.389925924262
     0.409674971639   32.526618686101   17.554050284812  399.696457447077
     0.410101551350   32.517097126148   17.556943571336  399.913714163643
     0.410528027439   32.493453490707   17.555394944928  399.837736615737
     0.410954404638   32.469002851991   17.553405456487  399.708546289439
     0.411380685103   32.452392294912   17.551316659876  399.480955018179
     0.411806863685   32.442907647104   17.547052395497  398.939653857718
     0.412232938074   32.448862871487   17.544243060296  398.493479318655
     0.412658915007   32.499288662026   17.550297499467  398.988939935374
     0.413084788040   32.540006227699   17.558213800649  399.238528867144
     0.413510565273   32.568496172350   17.562801725841  399.136720227056
     0.413936238489   32.570423779906   17.565101919522  399.036398224052
     0.414361816053   32.552661630543   17.564299366068  398.870410117478
     0.414787289698   32.530232884848   17.561862793116  398.645529712322
     0.415212669071   32.498077037519   17.559302542348  398.400954326774
     0.415637948769   32.469419037368   17.559314927244  398.310506161089
     0.416063137885   32.433499860514   17.559072490179  398.230362514813
     0.416488226109   32.402068567837   17.559231829782  398.204964062130
     0.416913219742   32.380851148897   17.562428602474  398.414340138326
     0.417338111769   32.400541473576   17.574946806317  399.280449583688
     0.417762911533   32.429065790367   17.587711688288  400.183533709286
     0.418187607072   32.468792732448   17.600159518679  400.992644362907
     0.418612211401   32.501482602766   17.609508313586  401.560830199315
     0.419036715883   32.509268232402   17.614080055741  401.849022705205
     0.419461119934   32.513603099181   17.617443247433  402.016122309536
     0.419885429286   32.513261138583   17.618681844435  402.074588745169
     0.420042396111   32.506177167636   17.618096732948  402.045907253997
     0.420046638302   32.490507988794   17.619756896107  402.121144968407
     0.420299507762   32.479258688531   17.618816497181  402.079717832728
     0.420575441877   32.495479468411   17.622515456103  402.248451509774
     0.420855876577   32.518766844519   17.628075827910  402.502033859740
     0.421136274424   32.517542217546   17.630736571166  402.635837822865
     0.421418864596   32.523594336999   17.636535493111  402.905988878844
     0.421701425379   32.577047062502   17.657674734742  403.823771163915
     0.421983955698   32.569538245793   17.661412035981  404.018766483988
     0.422266419355   32.546561974685   17.653000935661  403.682380021375
     0.422548848449   32.530411863395   17.651041146257  403.475593431685
     0.422828423153   32.524673329949   17.650715501236  403.273573545874
     0.423110759889   32.538447059237   17.653033049772  403.271727041104
     0.423393058001   32.522196919781   17.652519604933  403.142388259183
     0.423802331551   32.477134458432   17.647150826320  402.666562289247
     0.424193775899   32.504472036960   17.652472764643  402.749014457604
     0.424539870211   32.527709706477   17.661502481680  403.121155488033
     0.424891904430   32.592427934825   17.677877292844  404.132791528860
     0.425261926288   32.637860978450   17.687390523353  405.142084300565
     0.425637889445   32.663418622782   17.701714781732  406.045988388382
     0.426007758009   32.664071034908   17.711106228089  406.473369583824
     0.426368545441   32.637932687269   17.709894790372  406.510219394498
     0.426738265601   32.624343676416   17.710076154010  406.612146395120
     0.427113932525   32.586620797249   17.707317598329  406.477979334534
     0.427486510204   32.559003307293   17.705977483067  406.394510864175
     0.427859024045   32.544132263227   17.707142817090  406.418413977576
     0.428234462423   32.537515290969   17.709323905724  406.537807152988
     0.428609826059   32.505189588529   17.708629181912  406.485908760954
     0.428985126425   32.423737070594   17.698825659667  405.915507753915
     0.429357334215   32.338974652452   17.684882379828  405.093608040236
     0.429732488222   32.314567853723   17.680029874588  404.748951165920
     0.430107557231   32.356835388476   17.688789347372  405.244305430106
     0.430482559781   32.395301872703   17.701043304209  406.054930695962
     0.430857485107   32.439371848462   17.713260598285  406.831978183602
     0.431232337039   32.490096943776   17.725835720464  407.596171985792
     0.431607118841   32.530228109266   17.738012225073  408.339861117439
     0.431981819012   32.522264019122   17.742382759896  408.595917931033
     0.432344468631   32.469022605589   17.735922702879  408.221615962490
     0.432719027810   32.447349652839   17.732592657137  408.007707303817
     0.433093519834   32.454789187302   17.734911315995  408.146460387955
     0.433467931518   32.466100868585   17.740224281300  408.516736046313
     0.433842272218   32.448672362445   17.742446573938  408.657443386917
     0.434216540671   32.447589092985   17.743344807642  408.754646079011
     0.434590737334   32.499594976241   17.753115325370  409.311430533140
     0.434964861979   32.545528274077   17.764241292061  409.971871323840
     0.435338907076   32.535452636470   17.768580345798  410.221810578843
     0.435712885753   32.478355169182   17.761089736838  409.767644205167
     0.436086784798   32.466470925553   17.757896641129  409.563087377039
     0.436460623670   32.526909612468   17.768948225599  410.194987845465
     0.436834381055   32.572318464061   17.781489213077  410.977263104191
     0.437208069075   32.540052925367   17.783765149011  411.135132609906
     0.437581680010   32.470513543598   17.773801894924  410.515509491541
     0.437955219916   32.460046638620   17.768432163487  410.181382136296
     0.438328692470   32.547022976301   17.779451091667  410.857357583746
     0.438702085390   32.649498481330   17.799619131560  412.115358715016
     0.439075418035   32.658125123884   17.811040212221  412.837365766438
     0.439448661313   32.566978215213   17.803049542753  412.334490962825
     0.439821847175   32.481805810574   17.789471175508  411.445416402966
     0.440194953681   32.498133905471   17.787893887349  411.285369052107
     0.440567992829   32.552414155585   17.796499111612  411.844826943119
     0.440903670262   32.590053196804   17.808301738231  412.603716553793
     0.441127438582   32.581307472452   17.811521150791  412.820056571347
     0.441351206902   32.543599400832   17.809176492765  412.704942390106
     0.441574975222   32.501835530717   17.804340629370  412.429334980279
     0.441796930998   32.483205612541   17.801560482525  412.238056855156
     0.442014982424   32.488525767572   17.801576860848  412.181914309781
     0.442234876792   32.502504919565   17.803474963366  412.195376436154
     0.442551550275   32.528521635186   17.816110303948  412.335883878215
     0.442901109010   32.567378055479   17.826044892378  412.365316657454
     0.443250667746   32.568785480666   17.827894607941  412.559079923962
     0.443600226481   32.531887825033   17.830443155248  413.015733032096
     0.443666642640   32.520368583196   17.829934587944  413.057637535589
     0.443670138228   32.519717472021   17.829887897573  413.058926183879
     0.444019696963   32.446499253032   17.815868319573  412.779459201809
     0.444369255698   32.403358482961   17.805766259491  412.382194222598
     0.444718814433   32.395932839035   17.802140847281  411.930191862538
     0.445068373169   32.446185128215   17.804235244786  411.704265272177
     0.445417931904   32.543053508401   17.819640870723  412.568535868960
     0.445767490639   32.575270541715   17.832971519858  413.424609981376
     0.446114252904   32.513699058672   17.831484337393  413.571580323060
     0.446463516257   32.415231186728   17.820560130539  413.057636897652
     0.446800047597   32.402988445460   17.814234662079  412.459724429641
     0.447114619735   32.441409446911   17.814752128110  411.930602678330
     0.447445628440   32.505220501111   17.825307824786  411.918134974917
     0.447781888877   32.601683982506   17.846317271333  412.866030720395
     0.448121773763   32.609362554824   17.853362828365  413.305536325681
     0.448479485982   32.513289278099   17.840970084860  412.785470665698
     0.448850936035   32.430388836468   17.829103229488  412.244868687168
     0.449222310224   32.386289359598   17.822728209173  411.736226151611
     0.449593611169   32.406791120695   17.831295328875  412.083199988496
     0.449964848318   32.452874796637   17.843665296272  412.896419050366
     0.450336004132   32.520091618971   17.863065473783  414.261030966902
     0.450692264606   32.564679759250   17.879920080412  415.315758112757
     0.451039546112   32.568276440900   17.886209297331  415.683284328129
     0.451398646591   32.513229808157   17.880707162731  415.342675089287
     0.451757677876   32.443011994620   17.869407630886  414.645551426224
     0.452086981713   32.366279595710   17.856873004148  413.859673726340
     0.452428090764   32.328273196115   17.850641518775  413.469144596537
     0.452798791087   32.393829165135   17.861438368447  414.187248867137
     0.453169418970   32.484084275882   17.879917658453  415.360065324375
     0.453539989184   32.594295343026   17.908071690830  417.054299613919
     0.453904546220   32.631490907778   17.921463453047  417.820514990596
     0.454266090220   32.570371952741   17.915402247476  417.435036904149
     0.454636439736   32.440541083755   17.892422544961  415.953987116880
     0.455006736083   32.332806287770   17.869814637028  414.630361326899
     0.455376953743   32.373077449164   17.873391997789  414.766703086868
     0.455747105108   32.461477137966   17.891824927011  415.931227067399
     0.456117195117   32.540014597908   17.915967965932  417.458942175520
     0.456487201923   32.467393779687   17.911494942460  417.201031125562
     0.456857163273   32.371772963164   17.894509166011  416.120797335189
     0.457227034677   32.373855259629   17.889685331725  415.718124216120
     0.457593902340   32.399857358507   17.895167228867  416.047099269459
     0.457963636257   32.422735686474   17.904568685737  416.694932889985
     0.458333311526   32.392486293751   17.904041453845  416.779745390447
     0.458702907585   32.420904665391   17.908420443538  417.109565798289
     0.459072441759   32.506288231210   17.923960745088  418.024572027829
     0.459441903017   32.556032191867   17.938812505646  418.967775814045
     0.459808338615   32.510633871648   17.940237399959  418.976931239146
     0.460162905251   32.351608050152   17.915401562151  417.375196159603
     0.460532173406   32.235608352267   17.893126342267  415.987152913525
     0.460886126683   32.192049894861   17.884841487604  415.404378926810
     0.461225659707   32.176820713340   17.883178353847  415.290299143835
     0.461565192731   32.158741767244   17.882981410166  415.322734086013
     0.461904725754   32.187893068377   17.886266900537  415.640039440490
     0.462244258778   32.317389728568   17.907451413641  417.011069099021
     0.462583791802   32.480600665392   17.940075508362  419.007952825352
     0.462923324825   32.612445939266   17.970712281879  420.927802843116
     0.463262857849   32.592897636413   17.978653432106  421.400348288694
     0.463602390873   32.478126680978   17.964860670101  420.505091004774
     0.463941923896   32.386136274206   17.947860271355  419.302406917157
     0.464281456920   32.339771190085   17.935894737593  418.490439229043
     0.464620989944   32.341938360956   17.935013395500  418.499261688847
     0.464960522967   32.355685631625   17.939534999174  418.854402406344
     0.465300055991   32.381062413373   17.947209015040  419.369295863645
     0.465639589015   32.403655655567   17.954307520109  419.792922139583
     0.465979122038   32.412126621544   17.958086094203  419.995404084821
     0.466318655062   32.424673393334   17.961292201172  420.143664693493
     0.466593676811   32.439440476094   17.963781070818  420.264521715455
     0.466597072141   32.439653702096   17.963818811087  420.266599980673
     0.466936605165   32.464054024669   17.969122642079  420.582289912420
     0.467276138189   32.473742026583   17.974268450244  420.897400867785
     0.467588508571   32.452308399858   17.974647119848  420.937665778308
     0.467792228385   32.427955086201   17.972361218125  420.810476358109
     0.467995948199   32.402008907157   17.968784816321  420.597594801988
     0.468199668013   32.387188904294   17.965833086404  420.416944668480
     0.468403387827   32.395445205406   17.965804605724  420.411217245820
     0.468613266163   32.427230604308   17.969653264833  420.636346596868
     0.468811849685   32.470214207991   17.976482268113  421.008481259429
     0.469022824705   32.515008038216   17.986834909964  421.431832808635
     0.469232397392   32.545890179724   17.999966054245  421.764859196091
     0.469440108526   32.558863815589   18.008461358527  421.923888467332
     0.469656987946   32.554871176543   18.009165941610  421.978438058384
     0.469873847486   32.539129912318   18.008154972838  422.063166171142
     0.470081495273   32.520602346392   18.007134871685  422.099477321266
     0.470294630545   32.503805211929   18.004881256444  421.970039987472
     0.470509582532   32.494408116444   18.001690006329  421.669805084788
     0.470717168140   32.494424707420   17.998477822011  421.289626849511
     0.470928404175   32.504422689703   17.996297511511  420.961154084290
     0.471139615688   32.529031146035   17.998098867339  421.011170902461
     0.471354479081   32.562870496514   18.004678941058  421.441615521114
     0.471569321552   32.590711157981   18.011919462145  421.857375391370
     0.471798824975   32.609458359196   18.017115153514  422.129740953303
     0.472028301289   32.612115161973   18.019557653706  422.258715629169
     0.472257756145   32.597623275690   18.019547884717  422.234976304395
     0.472487185625   32.584714235268   18.018293996813  422.114446796926
     0.472716584699   32.584952984374   18.017998282863  421.984030500657
     0.472945957535   32.595234168577   18.018841782377  421.879641368339
     0.473175309418   32.602480655960   18.019584546270  421.800071886666
     0.473404634719   32.602706517834   18.020175964753  421.764909986333
     0.473633930155   32.591925494214   18.019928144727  421.724559925547
     0.473863200615   32.566906945202   18.017619865332  421.582753465725
     0.474092450638   32.544752009319   18.016225414519  421.491986999991
     0.474321671326   32.540402716710   18.017446986909  421.543038907714
     0.474550862760   32.538003469324   18.018670400963  421.586168795946
     0.474780031850   32.511963786168   18.016578224315  421.454015641926
     0.475009178385   32.485091364138   18.014704190907  421.339661460759
     0.475238293645   32.469090872141   18.013976052525  421.281329703382
     0.475467382093   32.452247720172   18.012490215389  421.152920935557
     0.475696451958   32.434754528974   18.011747693151  421.074957867204
     0.475925493920   32.430395413676   18.014247935788  421.218746372879
     0.476154507421   32.440918512976   18.019630113196  421.525525917681
     0.476381667112   32.441511151044   18.022715380533  421.681730697485
     0.476606969994   32.437699997773   18.023974462844  421.729213948307
     0.476828582202   32.441550422036   18.025694907430  421.804079838125
     0.477057495226   32.453059143364   18.028998895313  421.978172082374
     0.477284557657   32.461795525907   18.032175043023  422.168226459894
     0.477506101841   32.467558912418   18.035133547297  422.367434423845
     0.477733106580   32.470369554536   18.037841229082  422.577250676219
     0.477954597449   32.489114670210   18.043099740813  422.916910352415
     0.478181560118   32.515893720626   18.050213391333  423.343627007774
     0.478403001767   32.548721980610   18.058523420451  423.824085958787
     0.478628074531   32.563791500312   18.064676518210  424.194863272288
     0.478847641430   32.534853962916   18.063894581137  424.186715276886
     0.479072678056   32.491154799316   18.059503606250  423.959077660612
     0.479301340885   32.459452448582   18.054953518817  423.683036640576
     0.479529979131   32.435592430626   18.050467367266  423.371320835415
     0.479758601621   32.402859643475   18.044714933985  422.996365248951
     0.479987194476   32.367973777947   18.038479799481  422.610674826201
     0.480215752943   32.343420938729   18.033887267034  422.321607714629
     0.480444296552   32.332608691269   18.032410655605  422.218826316685
     0.480672818661   32.355004485407   18.037112599799  422.486751446516
     0.480901303133   32.401048596753   18.046403054240  423.035719517693
     0.481129763613   32.440469865992   18.055664472374  423.613310539964
     0.481358209973   32.465622224979   18.064127740052  424.165635353674
     0.481474706383   32.477583401066   18.068347828186  424.432489989334
     0.481476990511   32.477833848911   18.068429588860  424.437520600552
     0.481705386891   32.502737114019   18.075677014659  424.856008381557
     0.481933760861   32.505757687271   18.078346104570  424.983446142390
     0.482162119044   32.480512849898   18.075996782861  424.847221836999
     0.482390445433   32.452230568359   18.072117318964  424.632072488028
     0.482618742481   32.431483321153   18.068967132200  424.428535555204
     0.482847023786   32.408234764320   18.065673043852  424.208358555677
     0.483168897566   32.375644552074   18.060888066506  423.931594182896
     0.483511318688   32.376024234448   18.061873770893  423.996482115273
     0.483853739809   32.387093588880   18.067094888284  424.300779361238
     0.484192736719   32.409510407460   18.074099567758  424.730249463669
     0.484535157841   32.427444972158   18.075561145665  425.046066165412
     0.484877578962   32.443414053842   18.076733892562  425.413018160088
     0.485220000083   32.457165977752   18.083786576616  425.787809272690
     0.485562421205   32.448316546700   18.085178303755  425.846282462306
     0.485904842326   32.441857327924   18.086554057869  425.932935518360
     0.486247263448   32.427509402738   18.085691061135  425.881256402895
     0.486589684569   32.430784426499   18.088948104276  426.091498938538
     0.486925953908   32.431905792110   18.092638348179  426.310375542471
     0.487261916567   32.411286382476   18.092250307366  426.314809175984
     0.487599313699   32.374097607538   18.088969855415  426.104129585373
     0.487924878714   32.339305845137   18.084407007409  425.790620686972
     0.488276921980   32.312902953412   18.081713504978  425.593883262483
     0.488633096840   32.291593018054   18.080412250640  425.510775439512
     0.488997282160   32.273759409031   18.078301762556  425.423699439164
     0.489361404294   32.261457083667   18.077535626864  425.421339763168
     0.489725460885   32.303975920988   18.084753450630  425.994819574418
     0.490089459006   32.358217686705   18.097716937618  426.888820191809
     0.490453389617   32.382050530353   18.107019347589  427.564743842375
     0.490817268512   32.366819651235   18.110166417562  427.731000589710
     0.491181077627   32.324000437045   18.104925934130  427.341743984184
     0.491544835391   32.280622832953   18.097571413530  426.852838448969
     0.491908519818   32.269770347723   18.094626839306  426.653043658423
     0.492272152660   32.282804644525   18.097073787602  426.865574019541
     0.492635711439   32.325167589971   18.104826357914  427.455365763497
     0.492999216873   32.395566981077   18.118187943340  428.354963667352
     0.493362651519   32.466592862404   18.132220976565  429.262963924958
     0.493726030651   32.503077774135   18.142604643120  429.894287746893
     0.494089341287   32.494508510066   18.144842734693  429.982934033265
     0.494452595602   32.475200857238   18.144322905567  429.848649380090
     0.494815786766   32.442773133528   18.140224379696  429.534235423859
     0.495178917693   32.420749942873   18.138528646622  429.389824554780
     0.495541985887   32.399323964554   18.136463288302  429.242698596431
     0.495904992820   32.392257659876   18.136101252190  429.216628971170
     0.496235811494   32.388721179505   18.135950202975  429.203466267692
     0.496536158034   32.410185056129   18.139854014585  429.448865110584
     0.496838578237   32.441126152098   18.146195467656  429.834328767083
     0.497140998439   32.462292074130   18.150920315055  430.164232840260
     0.497427673832   32.475252724696   18.155059619732  430.438074431536
     0.497695425252   32.478564899003   18.159181007592  430.571008457576
     0.497967404364   32.484425410650   18.163971018226  430.647055957124
     0.498239359483   32.501874823050   18.166618713562  430.776661931796
     0.498511278792   32.525529742166   18.170273589754  431.028591613481
     0.498783157887   32.548426994989   18.175816925253  431.360845493103
     0.499052835508   32.558783863069   18.182287840828  431.579363387510
     0.499315678582   32.551189341996   18.182606069325  431.351721737370
     0.499570489466   32.544037022974   18.179892647812  431.118257804661
     0.499825300349   32.540163953867   18.180325030561  431.266287911034
     0.500021504730   32.540751039017   18.182792717882  431.522620038250
