# {0} signal over time, extracted at r = 500 km
# All quantities are measured in a resting observer's frame at infinity
# cols=4 rows=906
#              time        luminosity               <e>             <e^2>
#               "s"           "foe/s"           "MeV^1"           "MeV^2"
    -0.167861670324  1.0164248688e-12    3.133027917405   11.495095294121
    -0.166853507837  2.0785922507e-03    3.325787105934   13.441300694434
    -0.165832806475    0.017612263330    3.940149855152   18.615319262279
    -0.164808126357    0.024977793522    3.988175387937   19.139422342505
    -0.163793600912    0.026755615556    3.997868955994   19.246622219971
    -0.162770108231    0.027428660714    4.020741771981   19.423029786532
    -0.161749926979    0.027724299544    4.038241515708   19.562010019774
    -0.160711837680    0.027808927095    4.059851792023   19.751666162718
    -0.159644056014    0.027999772883    4.094406981410   20.018787828513
    -0.158608143630    0.028436965531    4.103244551782   20.089405836220
    -0.157600455990    0.028974183526    4.104817996522   20.111860258651
    -0.156549092750    0.029563585474    4.115931593458   20.206629069623
    -0.155507300898    0.030123535222    4.135575988622   20.365574834025
    -0.154488179882    0.030673121263    4.160887833800   20.568242118930
    -0.153408965743    0.031299163742    4.194520182663   20.835277614042
    -0.152402601653    0.031895670683    4.227903591745   21.100662475500
    -0.151379829353    0.032515368379    4.260698961988   21.363346928061
    -0.150339829353    0.033178137214    4.295997087247   21.643950950163
    -0.149299829353    0.033860485912    4.327722687282   21.900427389265
    -0.148259829353    0.034573459916    4.356331686668   22.134578945049
    -0.147219829353    0.035327513613    4.381752045809   22.345151836221
    -0.146179829353    0.036122346154    4.405710726944   22.546829240920
    -0.145139829353    0.036935291513    4.425955518788   22.721533682927
    -0.144099829353    0.037775713239    4.443710401126   22.876089003618
    -0.143059829353    0.038662824759    4.459233081141   23.012330737372
    -0.142019829353    0.039591688076    4.472682842111   23.131752077129
    -0.140979829353    0.040560126090    4.484673337634   23.239454194713
    -0.139939829353    0.041578432815    4.495462949574   23.337978393284
    -0.138899829353    0.042651663885    4.505625522571   23.433034950533
    -0.137820767646    0.043805272345    4.515165155890   23.524018073524
    -0.136819644356    0.044909315596    4.522037883900   23.593141170711
    -0.135775280148    0.046111562134    4.528163752483   23.657511285912
    -0.135172171091    0.046833676513    4.532076919507   23.697593045626
    -0.134126803029    0.048130502297    4.539698343740   23.774328570701
    -0.133125516886    0.049425103449    4.549065911678   23.864469748064
    -0.132085516886    0.050823206187    4.560729121480   23.973914607108
    -0.131045516886    0.052275120744    4.574376083639   24.099589647260
    -0.130005516886    0.053787927690    4.590978356284   24.249250997114
    -0.128965516886    0.055341748603    4.608548069248   24.407221993257
    -0.127925516886    0.056946841860    4.625748300895   24.562877809241
    -0.126885516886    0.058616744062    4.642220132410   24.713405276960
    -0.125845516886    0.060352832178    4.657912967583   24.858112616087
    -0.124805516886    0.062148068260    4.672816609001   24.997105476352
    -0.123765516886    0.064009838333    4.686705890151   25.128377228140
    -0.122725516886    0.065946913918    4.699248406883   25.249225538865
    -0.121685516886    0.067967950456    4.710472515701   25.360038654093
    -0.120645516886    0.070079472030    4.720780188535   25.463993956718
    -0.119605516886    0.072277525699    4.730306878963   25.562154619067
    -0.118565516886    0.074568556253    4.739021360834   25.654234575662
    -0.117525516886    0.076962277618    4.747854051163   25.747912992789
    -0.116485516886    0.079453666946    4.757290536047   25.846925993402
    -0.115445516886    0.082038659193    4.767233534366   25.950371945161
    -0.114405516886    0.084727507299    4.778179758358   26.062598761370
    -0.113365516886    0.087533041364    4.790641294354   26.187946374337
    -0.112325516886    0.090445991658    4.803916878642   26.320746123602
    -0.111285516886    0.093470842981    4.817253218695   26.454669083958
    -0.110805516886    0.094921771346    4.823613030017   26.518469831002
    -0.109765516886    0.098189170483    4.838662061535   26.668606659844
    -0.108725516886    0.101564206976    4.852816881819   26.812499276117
    -0.107685516886    0.105077788704    4.865472949720   26.944968885587
    -0.106645516886    0.108772764222    4.877472388753   27.072828118422
    -0.105605516886    0.112642438895    4.889069862456   27.198544748593
    -0.104565516886    0.116678513052    4.900539936894   27.324197623451
    -0.103525516886    0.120903504629    4.911865568142   27.449591575382
    -0.102485516886    0.125350789407    4.924096760863   27.584054836109
    -0.101445516886    0.130032156582    4.937723568660   27.731886425414
    -0.100405516886    0.134934396503    4.952386239010   27.890121395852
    -0.099365516886    0.140061073604    4.967468726371   28.053513424546
    -0.098325516886    0.145437169746    4.982741206161   28.220250999184
    -0.097285516886    0.151085116566    4.998366430649   28.391793846180
    -0.096245516886    0.157023374412    5.014523785231   28.569631700159
    -0.095205516886    0.163238423439    5.030662568321   28.748665096989
    -0.094885516886    0.165207320802    5.035431636374   28.802235627999
    -0.093845516886    0.171825918107    5.050915148668   28.976894513097
    -0.092805516886    0.178791920462    5.066734473913   29.155400904595
    -0.091765516886    0.186105949684    5.082905563104   29.337413604167
    -0.090725516886    0.193745632341    5.099293206454   29.521346375791
    -0.089685516886    0.201741738264    5.115704132248   29.705969035962
    -0.088645516886    0.210119804743    5.132158359907   29.891291683643
    -0.087605516886    0.218873224515    5.148367180527   30.074559067643
    -0.086565516886    0.228015669367    5.163318918253   30.246684752199
    -0.085525516886    0.237630568266    5.178222507901   30.419384893072
    -0.084485516886    0.247807947896    5.194422950386   30.605240575384
    -0.083445516886    0.258528642888    5.212481267474   30.809587652483
    -0.082405516886    0.269767250538    5.230761664439   31.017754656917
    -0.081365516886    0.281623890791    5.249211867077   31.229531866807
    -0.080325516886    0.294153931037    5.267392548875   31.440648991980
    -0.079285516886    0.307394329539    5.284682306725   31.645177224600
    -0.078245516886    0.321433454963    5.302443059139   31.855913030138
    -0.077205517728    0.336319949368    5.320744487701   32.073901879229
    -0.076485517728    0.347169183045    5.334132955246   32.232902547714
    -0.075445517728    0.363634872924    5.354737738331   32.476730153745
    -0.074405517728    0.381059238450    5.375536831425   32.724478675867
    -0.073365517728    0.399529477698    5.395129481476   32.963040265936
    -0.072325517728    0.419144336182    5.415337988298   33.209489161293
    -0.071285517728    0.439953557889    5.436455846594   33.466954367301
    -0.070245517728    0.462095626852    5.459807854300   33.748664083570
    -0.069205517728    0.485760451909    5.485017775717   34.051656672214
    -0.068165517728    0.511025826127    5.511267888973   34.368629325349
    -0.067125517728    0.537904268486    5.535930112492   34.673257614027
    -0.066085517728    0.566438434894    5.560944627607   34.983327082694
    -0.065045517728    0.596511614996    5.587002245171   35.304994961089
    -0.064005517728    0.628129439177    5.613927081979   35.636075748567
    -0.062965517728    0.661473452281    5.642395189198   35.983357388983
    -0.061925517728    0.696853040045    5.669356182816   36.317212917995
    -0.060885517728    0.734354640213    5.695762713254   36.647105231108
    -0.059845517728    0.773878234757    5.722347396275   36.980316577645
    -0.058805517728    0.815523877620    5.749436007089   37.319721621165
    -0.057765517728    0.859343908483    5.777552645922   37.670043781797
    -0.056725517728    0.905761756710    5.805930436149   38.024488039203
    -0.055685517728    0.955240330203    5.834013734432   38.379669011590
    -0.054645517728    1.007781770104    5.861481648290   38.731787855972
    -0.053605517728    1.063586721233    5.889415578466   39.089887141931
    -0.053365517728    1.076954147421    5.896052976952   39.174631875164
    -0.052325517728    1.137246828193    5.926061224805   39.556650147351
    -0.051285517728    1.201995550310    5.957157546491   39.955036303882
    -0.050245517728    1.270805264948    5.989227125459   40.367994781992
    -0.049205517728    1.343797896868    6.021731757200   40.789419677152
    -0.048165517728    1.421506653030    6.054832136209   41.220648165419
    -0.047125517728    1.504630714459    6.088752994739   41.663112928364
    -0.046085517728    1.593655318128    6.122345991169   42.105591254392
    -0.045605517728    1.636819578935    6.138403445973   42.317825335265
    -0.044565517728    1.734968658996    6.174517276141   42.796688333638
    -0.043525517728    1.839393354656    6.210991251545   43.284141523370
    -0.042485517728    1.950823740577    6.246339057777   43.761216966087
    -0.041445517728    2.070019881006    6.281846321829   44.243545396978
    -0.040405517728    2.198102353950    6.319514093081   44.757295323831
    -0.039365517728    2.335163258643    6.358008569197   45.285541259341
    -0.038405517728    2.469673688295    6.393828555534   45.780200104583
    -0.037365517728    2.624671554260    6.432796872371   46.319370995260
    -0.036325517728    2.789669133122    6.472637358357   46.872082825707
    -0.035285517728    2.967161525303    6.512988705001   47.435777429818
    -0.034245517728    3.158582149329    6.553439684950   48.003570831895
    -0.033205517728    3.364115109719    6.594705997463   48.583828216005
    -0.032245517728    3.569507005314    6.633040764328   49.126637666266
    -0.031205517728    3.810982938385    6.673776813713   49.707735424145
    -0.030165517728    4.073075301601    6.714949939077   50.297847222564
    -0.029125517728    4.358871715207    6.757361839091   50.911091070401
    -0.028085517728    4.672385727051    6.800330743162   51.538230710668
    -0.027045517728    5.014867960475    6.844168068723   52.181924982633
    -0.026885517728    5.070385843821    6.850979427387   52.282406515211
    -0.025845517728    5.453784017277    6.896257710129   52.954662569978
    -0.024805535175    5.879140075713    6.944210386991   53.670455695312
    -0.023765535175    6.350876796747    6.992701030941   54.400308686544
    -0.022725535175    6.878605476191    7.042250178115   55.154250155442
    -0.021685535175    7.474117388779    7.095599173890   55.971802884986
    -0.020645535175    8.150581343016    7.150850602198   56.826197054734
    -0.019605535175    8.912255631969    7.207769114018   57.710413923682
    -0.019525535175    8.974696646582    7.212218935420   57.779778036004
    -0.018485535175    9.841628727254    7.270669393179   58.696076331148
    -0.017445535175   10.825586315901    7.331022688416   59.650885303356
    -0.016405535175   11.953451991492    7.393056029814   60.641963840778
    -0.015381535175   13.227417337662    7.454357493925   61.633545611767
    -0.014341535175   14.731687658292    7.517481366120   62.671248427970
    -0.014021535175   15.244191210547    7.537196976376   62.998815299392
    -0.013001659335   17.056104500299    7.597883023494   64.020450108274
    -0.012101659335   18.921095579118    7.649372129768   64.905003209812
    -0.011048659335   21.527341158334    7.708814536925   65.950027291842
    -0.010454659335   23.235891970413    7.741566770977   66.539454366202
  -9.4421593346e-03   26.608915775075    7.792323190057   67.479769564215
  -9.0533593346e-03   28.079581293640    7.809548179802   67.809595451034
  -8.0206176760e-03   32.580146970094    7.848775513100   68.596310902707
  -7.9841676760e-03   32.756652150512    7.849945514074   68.621065042356
  -6.9635676760e-03   38.306010589588    7.877493563812   69.246582413631
  -6.1434426760e-03   43.768533578703    7.894746852616   69.694906546156
  -5.4600051760e-03   49.140009932619    7.905812181312   70.030517359932
  -4.8517458010e-03   54.654146061018    7.915086471916   70.330371007643
  -4.2981614260e-03   60.286968911112    7.926876280218   70.666855751910
  -3.8060864260e-03   65.717283538446    7.943956712585   71.082423253303
  -3.3601434573e-03   70.852385620870    7.967747621090   71.604059247797
  -2.9967154487e-03   75.072047328637    7.994656673010   72.160066178350
  -2.6591838667e-03   78.942111483916    8.026127755157   72.791938753146
  -2.3629856495e-03   82.256104876418    8.058777151398   73.438765626653
  -2.0919599659e-03   85.195240539397    8.093152031216   74.115922669009
  -1.8584165577e-03   87.637004863531    8.126494253010   74.770678586570
  -1.6529848560e-03   89.704112092941    8.158720241874   75.403004133423
  -1.4648526661e-03   91.520731271126    8.190575946806   76.028570629771
  -1.3026697437e-03   93.014869872371    8.219783290413   76.602943668208
  -1.1591378574e-03   94.271827142880    8.246967895745   77.138246742743
  -1.0288644251e-03   95.352401053406    8.272695751181   77.645485644363
  -9.1720148301e-04   96.227265193616    8.295533789383   78.096199210590
  -8.1701381618e-04   96.966611141662    8.316635185378   78.512998398571
  -7.2916473323e-04   97.578444910506    8.335679219325   78.889459686085
  -6.4976267749e-04   98.097135587635    8.353221547485   79.236583652886
  -5.7880764896e-04   98.530592334518    8.369173753867   79.552488272798
  -5.3307491572e-04   98.793923405523    8.379586218173   79.758798874962
  -4.8706394323e-04   99.045176426525    8.390144674788   79.968091697893
  -4.8010235452e-04   99.082079305679    8.391754272253   80.000001222914
  -4.4519896363e-04   99.262202751320    8.399862440144   80.160761834515
  -4.1514187748e-04   99.410767229958    8.406894383824   80.300209265394
  -4.1264387835e-04   99.422839675389    8.407480789601   80.311839043423
  -3.9853286127e-04   99.490237658239    8.410799301910   80.377655508076
  -3.8698745527e-04   99.544361144389    8.413521674153   80.431652266017
  -3.7708467430e-04   99.590045420403    8.415861848239   80.478070919411
  -3.6799745944e-04   99.631361686085    8.418013427532   80.520750793924
  -3.5920544019e-04   99.670779635537    8.420098843189   80.562120140840
  -3.5076472444e-04   99.708104151788    8.422104355653   80.601906205665
  -3.4269500900e-04   99.743310053423    8.424024835946   80.640007021360
  -3.3476207277e-04   99.777460586375    8.425915711842   80.677522092563
  -3.3055450485e-04   99.795388148252    8.426919791232   80.697443721714
  -3.2230443912e-04   99.830164672812    8.428890930012   80.736553766071
  -3.1486422524e-04   99.861099041903    8.430671230844   80.771878815186
  -3.0773332879e-04   99.890363771671    8.432379878307   80.805783431333
  -2.9934018987e-04   99.924324524603    8.434393915645   80.845749563808
  -2.9085351605e-04   99.958128559636    8.436433609494   80.886226677869
  -2.8324841688e-04   99.987961147374    8.438264134571   80.922554511167
  -2.7515665925e-04  100.019222275463    8.440214620553   80.961264709252
  -2.6615469014e-04  100.053413940777    8.442387882024   81.004398266006
  -2.5633291151e-04  100.090010651919    8.444763103086   81.051542680066
  -2.4774587838e-04  100.121396483509    8.446843121139   81.092829940654
  -2.4178907465e-04  100.142832963973    8.448287908865   81.121509384917
  -2.3176451763e-04  100.178279952343    8.450722696043   81.169842842720
  -2.2376864853e-04  100.205987081972    8.452667807695   81.208457653819
  -2.1648603963e-04  100.230781788211    8.454441765514   81.243676232505
  -2.1210366612e-04  100.245499206551    8.455510318296   81.264891050762
  -2.0386749639e-04  100.272741694753    8.457520726080   81.304806724765
  -1.9972469453e-04  100.286238964887    8.458533021943   81.324906096091
  -1.9415693728e-04  100.304159896131    8.459894629383   81.351941898844
  -1.8560516594e-04  100.331193902663    8.461988469225   81.393518489216
  -1.8372486947e-04  100.337058492064    8.462449261564   81.402668538090
  -1.7968648451e-04  100.349555199051    8.463439369420   81.422329685808
  -1.7090669841e-04  100.376259855660    8.465594265767   81.465122320334
  -1.6530267205e-04  100.392972455404    8.466971362036   81.492470286564
  -1.5910665293e-04  100.411145849426    8.468495383506   81.522737126114
  -1.5567701210e-04  100.421067897393    8.469339626756   81.539504141438
  -1.4940846706e-04  100.438947121910    8.470883934604   81.570175590550
  -1.4547686868e-04  100.449992363539    8.471853323158   81.589429153981
  -1.4009231881e-04  100.464906899835    8.473181942966   81.615818334239
  -1.3743452254e-04  100.472178490162    8.473838177531   81.628852828765
  -1.2830994549e-04  100.496681594128    8.476093244110   81.673645763363
  -1.2488859546e-04  100.505686615514    8.476939674071   81.690459198112
  -1.2341099782e-04  100.509544659988    8.477305358887   81.697723246990
  -1.1576554733e-04  100.529204160447    8.479198885632   81.735337700310
  -1.0522145197e-04  100.555485651135    8.481814118448   81.787291352747
  -1.0187384257e-04  100.563628269486    8.482645347657   81.803805008317
  -1.0069840819e-04  100.566464162892    8.482937309650   81.809605363641
  -9.7159156319e-05  100.574929535259    8.483816742797   81.827077132806
  -9.2426540554e-05  100.586076929447    8.484993464317   81.850455700877
  -8.4237922169e-05  100.604897427516    8.487031579259   81.890949493242
  -7.6427996673e-05  100.622293788110    8.488977875001   81.929620710772
  -6.9794637829e-05  100.636642689538    8.490632824978   81.962504442374
  -6.5113702893e-05  100.646531295167    8.491801686756   81.985730358363
  -5.8720398445e-05  100.659718547140    8.493399514711   82.017481019387
  -5.2959379171e-05  100.671200394988    8.494836656058   82.046040771413
  -4.7306840976e-05  100.682063330159    8.496243087961   82.073992519891
  -4.1460109039e-05  100.692984623283    8.497699137631   82.102931194069
  -3.6294470975e-05  100.702367807533    8.498986704542   82.128521943175
  -3.1249809484e-05  100.711290572216    8.500245168457   82.153534798277
  -2.6453406709e-05  100.719553921597    8.501442687219   82.177336784833
  -2.1362232293e-05  100.728090132059    8.502714869305   82.202623250354
  -1.6772510258e-05  100.735578422314    8.503862702907   82.225438498423
  -1.2003474699e-05  100.743151099423    8.505056352849   82.249164801477
  -7.5392092564e-06  100.750047684019    8.506174626038   82.271393165235
  -3.0412097359e-06  100.756808316551    8.507302237466   82.293807465844
   1.1510380195e-06  100.762939462205    8.508354008494   82.314714513305
   5.0064981432e-06  100.768433188322    8.509321970217   82.333955839863
   9.1376575875e-06  100.774165565543    8.510359888061   82.354588011858
   1.2907613392e-05  100.779257473589    8.511307719972   82.373429638081
   1.6874611472e-05  100.784471712727    8.512305770909   82.393269780585
   2.0348492598e-05  100.788916643906    8.513180333143   82.410655296885
   2.8229641937e-05  100.974637615438    8.515133418235   82.449544583756
   4.2770235224e-05  100.987873013013    8.518828065597   82.522968394949
   5.9247396858e-05  101.000874310243    8.523016505964   82.606217201329
   7.5992520962e-05  101.011708090357    8.527277279476   82.690913393812
   9.2311151924e-05  101.019751186807    8.531434803698   82.773565140851
   1.1022098470e-04  101.025500675050    8.536004114820   82.864412084720
   1.2688491608e-04  101.027784788484    8.540261122324   82.949058917943
   1.4441101122e-04  101.026852112675    8.544743491382   83.038197493184
   1.6063459120e-04  101.022847246823    8.548896725287   83.120801410480
   1.7785088149e-04  101.015218755453    8.553307602631   83.208541596923
   1.9326392996e-04  101.005398430772    8.557259166720   83.287155898591
   2.1119274013e-04  100.990382094880    8.561858672995   83.378673106086
   2.2762729209e-04  100.973209006955    8.566077745605   83.462631727958
   2.4640420019e-04  100.949585174588    8.570901960650   83.558643968547
   2.6392894075e-04  100.923689570958    8.575408839711   83.648349765124
   2.8353511719e-04  100.890324096281    8.580457084952   83.748839243285
   3.0429370811e-04  100.849963321415    8.585810525446   83.855410536122
   3.2449475234e-04  100.805746582715    8.591030134240   83.959321520255
   3.4534860280e-04  100.755020476967    8.596430335525   84.066829357441
   3.6744191907e-04  100.695681515865    8.602166424874   84.181023875002
   3.9087385842e-04  100.626480629640    8.608268564537   84.302503913946
   4.1591172614e-04  100.545416262606    8.614811690068   84.432759920141
   4.4262249024e-04  100.450796522608    8.621819509044   84.572262944018
   4.6772856768e-04  100.354134133714    8.628433276891   84.703918451460
   4.9572645207e-04  100.237363609158    8.635840400497   84.851363713828
   5.2506058958e-04  100.104655232487    8.643637162623   85.006562400541
   5.5674554121e-04   99.949067111338    8.652100134867   85.175019829617
   5.9099468737e-04   99.766130876335    8.661295510287   85.358053039486
   6.2818220448e-04   99.549539911996    8.671333929300   85.557863189485
   6.6811612094e-04   99.295409565496    8.682173620133   85.773617684660
   7.1082812352e-04   98.998094775908    8.693831723349   86.005658299991
   7.5660711947e-04   98.649293110421    8.706394435870   86.255706041463
   8.0169284777e-04   98.274549846319    8.718827962182   86.503196112540
   8.4944616766e-04   97.843136135925    8.732054993607   86.766514298492
   9.0129151632e-04   97.333904249532    8.746473710848   87.053622128335
   9.5761322165e-04   96.731889521088    8.762196851960   87.366817603864
   1.0191659814e-03   96.016268833407    8.779491380717   87.711478029348
   1.0902744079e-03   95.112642860190    8.799545009240   88.111387179324
   1.1722166699e-03   93.969398476888    8.822764205753   88.574711400614
   1.2599763917e-03   92.622512830153    8.847784639415   89.074167714385
   1.3643998793e-03   90.850358148357    8.877732267974   89.672170457165
   1.4783655644e-03   88.698971709410    8.910579152832   90.328601522783
   1.5861725343e-03   86.452695193434    8.941931844254   90.955649086539
   1.7313019954e-03   83.119645372092    8.985360200841   91.822094495657
   1.8738455795e-03   79.551118051820    9.030395778430   92.713510879055
   2.0163891636e-03   75.791325835514    9.076796027105   93.627963940359
   2.1842015586e-03   71.367644173461    9.125641543623   94.607787626473
   2.3570503203e-03   67.287360705406    9.155744668921   95.264251490123
   2.5298990820e-03   64.374084712842    9.157749450406   95.402769816941
   2.7027478437e-03   63.400438151794    9.144244035582   95.226475972608
   2.8755966054e-03   65.077095293753    9.149005811367   95.381080606334
   3.0844186870e-03   71.464228794829    9.234630287261   97.205009899665
   3.2951089228e-03   83.435537217702    9.443433135875  101.751040683018
   3.5057991585e-03  101.284574253993    9.760368254000  108.889841753279
   3.7164893943e-03  124.837659317038   10.144653677852  117.878537009039
   3.9271796301e-03  153.206831676009   10.556763396548  127.911574005524
   4.1707638018e-03  190.230606184936   11.028412396363  139.858635313315
   4.4234406925e-03  230.860561413108   11.485245888895  151.884437615398
   4.6761175831e-03  270.733038795957   11.894192104775  163.017508012365
   4.9287944738e-03  306.946716613613   12.246642114734  172.888241674271
   5.1814713644e-03  337.328375297286   12.538791356492  181.262812524585
   5.4341482551e-03  360.762273112205   12.772373781270  188.086975187906
   5.6868251457e-03  376.885396380971   12.952074839485  193.427327740387
   5.9395020364e-03  385.546736513423   13.082603568372  197.389930792387
   6.1895587312e-03  386.955644731699   13.165512858279  200.006840000616
   6.4415334972e-03  382.121980082353   13.205166175638  201.391395273438
   6.6935082632e-03  373.045507086343   13.207399325602  201.687628141958
   6.9454830292e-03  361.454287789284   13.182153612563  201.162017099909
   7.1974577952e-03  348.490259210714   13.135794174191  200.000918261663
   7.4494325612e-03  334.921075712912   13.074175252396  198.378096251661
   7.7014073272e-03  321.182830627257   12.998566431418  196.342974838849
   7.9533820932e-03  307.219400174026   12.914753601915  194.084057987301
   8.2053568592e-03  293.495432720202   12.821914363533  191.578351477628
   8.4556438107e-03  280.071136283133   12.721860583002  188.879360655813
   8.7059307622e-03  267.495465625744   12.618124031489  186.074157451124
   8.9562177137e-03  255.562213333495   12.512198555555  183.216906732576
   9.2065046652e-03  244.450915982636   12.404606900756  180.305687648405
   9.4567916167e-03  234.196874467774   12.296755361251  177.371942246420
   9.7070785682e-03  225.011775232357   12.193103155487  174.544093647888
   9.9573655197e-03  216.435422784426   12.095054189845  171.898013544035
     0.010207652471  208.625831060911   11.999587106941  169.330698704943
     0.010457939423  201.286998618410   11.908189033751  166.862522420172
     0.010708226374  194.101226099938   11.813481970875  164.309400653773
     0.010958513326  187.612891954763   11.724451012050  161.896833929142
     0.011208800277  181.057109846428   11.633759885039  159.460960170264
     0.011463001172  174.780737974015   11.540705492843  156.967599766591
     0.011714085234  169.259640689534   11.458147245740  154.742201133149
     0.011965169296  163.980979353099   11.377900005669  152.586269407093
     0.012216253358  159.321559768328   11.302243234820  150.558221396625
     0.012467337420  155.333836135181   11.236774687965  148.806426331749
     0.012718421482  151.511570451989   11.176894700851  147.226334220049
     0.012969505544  147.557856948045   11.115974025512  145.674043314582
     0.013220589606  143.867210607681   11.057229477249  144.196266610085
     0.013471673668  140.600992196059   11.004865423945  142.864405342636
     0.013722757730  137.381814816602   10.953916006331  141.562959525748
     0.013973841792  133.906841476283   10.896734784423  140.120759147926
     0.014224925855  130.537702143909   10.839430454832  138.688749867946
     0.014476009917  127.654337781861   10.790339382859  137.456471081037
     0.014727093979  124.895013121881   10.744221541314  136.304738961668
     0.014978178041  121.701543595578   10.688607858015  134.943981582104
     0.015229262103  118.649877763499   10.632231858471  133.566915017625
     0.015479849805  116.242533764696   10.587736189754  132.470694265702
     0.015730217474  113.969862718049   10.547320573310  131.479753529135
     0.015986027252  111.335843478978   10.498352730023  130.300201230313
     0.016247925021  108.713731791863   10.447203367051  129.079929749650
     0.016498252515  106.566332409543   10.406144505241  128.101729150338
     0.016752456191  104.614259376019   10.370053779669  127.233910509660
     0.017006145916  102.511111851685   10.328076018610  126.222204876421
     0.017259835642  100.255540281018   10.278849015008  125.053634658597
     0.017512855958   98.246803778735   10.235254814422  124.037432580934
     0.017767148472   96.571421374215   10.202131958770  123.276669249840
     0.018023651957   94.842258987202   10.169934093790  122.522325976524
     0.018278647888   92.786893532848   10.126631920848  121.495620942107
     0.018535053499   90.770497688896   10.081275975080  120.445509536349
     0.018791173718   89.105418709132   10.043761357906  119.603097798208
     0.019051745969   87.746768756811   10.014392180716  118.964139963147
     0.019303729481   86.549127602152    9.990584553474  118.443184289520
     0.019554028073   85.173296091847    9.960614168069  117.761579115844
     0.019804326665   83.693853708914    9.927665947897  117.031805636319
     0.020057867960   82.277975205203    9.896646127250  116.348882618878
     0.020310238161   80.994449291901    9.866704055216  115.663428578320
     0.020567782356   79.823891777651    9.840398880047  115.050984117405
     0.020822210515   78.571573112978    9.809764342266  114.319394696733
     0.021077798988   77.277334123259    9.775998440448  113.554418231894
     0.021333387460   76.197812463074    9.749153591183  113.005083675471
     0.021588975933   75.278200751020    9.728609615501  112.607862427064
     0.021844564405   74.327317079199    9.706323195562  112.117014254694
     0.022103533638   73.278174684818    9.680467507840  111.507708339587
     0.022358040615   72.114585232000    9.648823611241  110.775336330591
     0.022610130419   70.983575869742    9.618760446590  110.127667874347
     0.022862220223   69.948112614507    9.593206235487  109.610045752700
     0.023114310027   69.033831662712    9.570654336116  109.156465581785
     0.023366399831   68.329478201149    9.552214427990  108.768050414089
     0.023618489636   67.807391268281    9.538748501457  108.454370441886
     0.023871461952   67.222525290979    9.522238461902  108.055445351402
     0.024127810043   66.495332023568    9.503186327247  107.645278189513
     0.024382105071   65.702673891689    9.484608359507  107.283033657239
     0.024636400100   64.911258940207    9.466382521985  106.932034091842
     0.024890695128   64.215187728323    9.449551958511  106.603079994450
     0.025017842642   63.923765901802    9.442083977445  106.453841764918
     0.026025808299   61.709510390428    9.378204134193  105.001983295922
     0.027033893625   59.993214542902    9.339604530614  104.336169854051
     0.028041978951   58.506835808794    9.302279155614  103.520946282092
     0.029050064277   56.558503498507    9.252152998245  102.535914748838
     0.030058149602   55.306506524063    9.217077569487  101.788781728065
     0.031066234928   53.994989684067    9.176665633002  100.979524848522
     0.032074320254   52.918349964281    9.149169891054  100.463291393306
     0.033082405580   51.999734453920    9.121877577045   99.868060240607
     0.034090490906   51.123027543182    9.102222820172   99.510344788016
     0.035098576231   50.927229040891    9.104665697606   99.596840314835
     0.036106661557   50.931195684207    9.117043325503   99.869224456417
     0.037114746883   49.768095411750    9.096305612589   99.521754144955
     0.038122832209   48.178580208814    9.052076105701   98.636159503994
     0.039130917534   47.463035433057    9.013988386133   97.762443885908
     0.040139002860   46.637235835799    8.994022500951   97.486048973671
     0.041147088186   45.940170128123    8.977815252698   97.142357416496
     0.042155173512   44.749826484591    8.955909608919   96.768709763446
     0.043163258838   43.851253311522    8.940801617963   96.473537989197
     0.043525135621   43.682795224327    8.941585699598   96.520078532841
     0.044533220947   43.643597155140    8.959410088107   96.973257246659
     0.045541306273   43.410295721280    8.956104914765   96.901445130693
     0.046549391598   43.151139359920    8.964313199465   97.127433976651
     0.047557476924   42.622890588108    8.963141847310   97.162822182431
     0.048565562250   42.212464303925    8.963292661506   97.168414518729
     0.049573647576   41.875175520787    8.958249975670   97.000473903346
     0.050581732902   41.644873226986    8.969396136090   97.273231702876
     0.051589818227   41.450052248251    8.980934682049   97.501474760092
     0.052597903553   41.295991723848    8.995713451525   97.747193448265
     0.053605988879   41.239168878238    9.024066405231   98.365801162607
     0.054614074205   41.463844540308    9.073992904916   99.497269800203
     0.055622159530   41.474258420053    9.111702631456  100.334337939719
     0.056630244856   41.366945092421    9.144591989855  101.078813931517
     0.057638330182   41.199673628373    9.178625769321  101.824040146695
     0.058646415508   40.981802465952    9.205667749236  102.446440763775
     0.059654500833   40.906746500854    9.236226513269  103.164357331529
     0.060662586159   41.040429784055    9.275761895788  104.106474611109
     0.061670671485   41.222740091122    9.313759885798  104.980402014877
     0.062678756811   41.388944031068    9.337692527299  105.499079481961
     0.063686842137   41.701522513568    9.364584779236  106.133984118584
     0.064694927462   42.132797820049    9.386320473378  106.643848262238
     0.065703012788   42.679865308195    9.405575228236  107.109193940601
     0.066711098114   43.241618054644    9.422703306067  107.537634655474
     0.067719175879   43.831810222320    9.440481600605  107.982759004565
     0.068727238093   44.444917000602    9.459513589379  108.470560763807
     0.069735300307   45.046349140230    9.475309884942  108.882738747143
     0.070743362521   45.503906268921    9.483841511337  109.153401351649
     0.071751424734   45.773175160835    9.487924527274  109.327946966992
     0.072759486948   45.908561861477    9.486628374161  109.340081702010
     0.073767549162   45.995141393936    9.486713963737  109.397790639656
     0.074775611376   46.079384962679    9.488886285542  109.501113002093
     0.075783673589   46.157969241188    9.496731015695  109.736612997703
     0.076791735803   46.181462495719    9.507547864108  110.041497299083
     0.077799798017   46.191457068079    9.521285583391  110.397014489462
     0.078807860231   46.105845506705    9.532698318108  110.688756246238
     0.079815922444   46.017986577349    9.546303925195  111.038558257144
     0.080823984658   45.983575051543    9.569702540195  111.642444986455
     0.081832046872   45.855154690629    9.588069077992  112.113272495944
     0.082840109086   45.804849307662    9.608374237051  112.617227071914
     0.083848171299   45.752301648621    9.626900983158  113.067399590313
     0.084856233513   45.672283300133    9.643104428788  113.467769658137
     0.085864295727   45.580632437359    9.662058674123  113.943793915525
     0.086872357941   45.472833689763    9.682073205171  114.436510354725
     0.087880420154   45.422250602318    9.702818162966  114.942932534763
     0.088888482368   45.358205310833    9.719311897976  115.337204993897
     0.089896544582   45.299205758809    9.740167512740  115.892569505968
     0.090012859453   45.298540794920    9.743644190288  115.985788661847
     0.091020921666   45.193254288369    9.770657007057  116.663653269317
     0.092028983880   45.301906195653    9.794678188256  117.229239023074
     0.093037046094   45.219994490406    9.823462813269  117.912419500381
     0.094045108308   45.225174267553    9.853804531949  118.636990495671
     0.095053170521   45.142836649846    9.876599919468  119.178779895801
     0.096061232735   45.047922536268    9.898815707804  119.695613553920
     0.097069294949   45.106421698732    9.936272621187  120.634921127492
     0.098077357163   45.147468372272    9.971029224949  121.503566707195
     0.099085419377   45.298037636192   10.008214320104  122.484952591222
     0.100093481590   45.487988752373   10.045842557585  123.457867832458
     0.101101543804   45.662381419748   10.079498393254  124.298715576313
     0.102109606018   45.848645201392   10.115282557685  125.200451100046
     0.103117668232   46.026286264450   10.148297038769  126.035196154507
     0.104125730445   46.185973182130   10.179284912313  126.847221184926
     0.105133792659   46.278832212179   10.208446070736  127.675806668196
     0.106141854873   46.316035362793   10.230932050234  128.239327302497
     0.107149917087   46.436001861425   10.260691805535  129.015505591666
     0.108157979300   46.498391109121   10.285667959893  129.649204475825
     0.109166041514   46.534263245930   10.309059728368  130.245716656723
     0.110174103728   46.514190842153   10.330285472391  130.798652889322
     0.111182165942   46.434161533338   10.347469180013  131.262131544358
     0.112190228155   46.342308543780   10.366153826236  131.763857487822
     0.113198290369   46.189420033225   10.379949986137  132.126235136711
     0.114206352583   46.033384018639   10.394076699631  132.511106124568
     0.115214414797   45.912611928831   10.409189442216  132.921884647520
     0.116222477010   45.915298875019   10.435973178480  133.732636949203
     0.117230539224   45.972835484885   10.463430618629  134.491385148029
     0.118238601438   45.984633931386   10.487022567866  135.101478544516
     0.119246663652   46.054911502994   10.513367160888  135.798641455856
     0.120253436430   46.035707252929   10.532273373822  136.310192742570
     0.121263727914   46.020893049220   10.549835119837  136.771510843315
     0.122274019399   46.072330820151   10.574427807550  137.453947835004
     0.123284310883   46.108983671699   10.599273120148  138.227634711566
     0.124294602367   46.153598565578   10.627012164952  139.029003382514
     0.125307200453   46.112268900699   10.647503502251  139.594597737623
     0.126319542250   46.073480705004   10.667870191775  140.132378013017
     0.127331884047   45.948689494501   10.682362176928  140.538428293251
     0.128344225844   45.799950960938   10.697884194672  140.981144550285
     0.129351111404   45.576691184680   10.706040355457  141.209392644389
     0.130359679177   45.389215466813   10.716239978288  141.499833016148
     0.131372020974   45.300127159081   10.732801514755  141.960100061320
     0.132374040935   45.253758447577   10.750732058775  142.439562955066
     0.133375909481   45.271682049850   10.770691385093  143.099711010788
     0.134377778026   45.424064847789   10.809097835979  144.262032213681
     0.135379646572   45.437702693949   10.831377523592  144.892513649330
     0.136381515118   45.352953226404   10.844332994217  145.240891555047
     0.137392623364   45.301531283533   10.863484233964  145.812542177307
     0.138407528051   45.150426347427   10.872628665828  146.122763099106
     0.139422432739   45.042601405333   10.886982129535  146.510999470131
     0.140437337426   44.888828735173   10.897252236272  146.789033584596
     0.141452242114   44.854944466864   10.920886419627  147.569189953977
     0.142467146801   44.965799418135   10.955394398103  148.643992172496
     0.143482051489   44.975720153593   10.974891649727  149.141948384342
     0.144483625108   44.980707745110   10.995015999191  149.699874884955
     0.145493916593   44.991788037197   11.021630874727  150.401952665106
     0.146504208077   44.923653840567   11.038367319641  150.899752382136
     0.147514499561   44.908994262061   11.064225672975  151.823477798583
     0.148523393065   44.797468671554   11.079943456731  152.261987833428
     0.149532915682   44.779886458763   11.100354306726  152.834653147222
     0.150543207166   44.705031021109   11.116410704844  153.261993167619
     0.151557246324   44.666439872891   11.132920884627  153.714429973333
     0.152572151011   44.551906637826   11.145546214987  154.255601178522
     0.153587055699   44.649272515955   11.179952873225  155.394758680000
     0.154601960386   44.495443240863   11.188516163228  155.583889931104
     0.155616865074   44.459365813898   11.200155452822  155.910140487107
     0.156631769761   44.406385958801   11.214917145127  156.295806884186
     0.157646674449   44.509624127635   11.247612377161  157.378355468917
     0.158661579136   44.619623746459   11.279657130609  158.440865417480
     0.159664073144   44.410149382863   11.283497483524  158.511688961885
     0.160674364628   44.229495331228   11.291105270473  158.704435091717
     0.161684656113   44.050006242683   11.296004134141  158.832653535546
     0.162696383924   43.944859649405   11.309654570371  159.242240264015
     0.163706675408   43.886487681713   11.328565127669  159.755126914271
     0.164716966892   43.866406222857   11.353806396619  160.753681852219
     0.165727258377   43.748561766441   11.368657483870  161.255778829801
     0.166737549861   43.601725197053   11.379721253619  161.600440801049
     0.167747841345   43.374796374455   11.385177184893  161.786523244085
     0.168759303527   43.075152400100   11.386966527113  161.897375778720
     0.169767562629   42.837699301018   11.394450359013  162.143730154445
     0.170770187484   42.548024611266   11.392758202085  162.121467027445
     0.171772812338   42.341434907426   11.402773624409  162.514394715114
     0.172773269956   42.008096206580   11.404950931150  162.576633802089
     0.173783561441   41.609068295513   11.398797864925  162.479637825709
     0.174793852925   41.154298735528   11.384083356110  161.907243836676
     0.175804144409   40.869713576632   11.385497515024  161.995373615078
     0.176804651219   40.470514006633   11.383842623594  162.023179085759
     0.177814746788   39.859602775699   11.365295063146  161.556923850683
     0.178822779822   39.281212009920   11.342954856545  160.770640718005
     0.179830268937   38.705857168569   11.318137676041  160.131370609561
     0.180835766730   38.389670317239   11.323658605080  160.397193262842
     0.181836983464   37.987470202329   11.320094154639  160.340517999052
     0.182837484850   37.511657338379   11.305741181443  159.860220420440
     0.183837974142   36.993435870915   11.278900075206  159.234455914848
     0.184841165201   36.488870593318   11.270193168071  158.970799473101
     0.185844384933   35.878807522961   11.233828302716  157.866429372874
     0.186585224119   35.528854383233   11.220503231273  157.557787529568
     0.187588443593   35.155714552587   11.220808790834  157.683048007547
     0.188596474809   34.635075450229   11.200870949011  157.019803963307
     0.189597141215   34.224137180660   11.184589393129  156.531370393440
     0.190600227548   34.008867843208   11.189166216532  156.668756208152
     0.191602231058   33.749350092793   11.189696291625  156.725677532574
     0.192611175774   33.602241377528   11.203784969221  157.357273421596
     0.193611255743   33.433294764813   11.212921964534  157.626749264740
     0.194619891692   33.333306961834   11.225716259601  158.073420283203
     0.195628527642   33.192038968841   11.234149126440  158.353993567819
     0.196641715957   32.975033282151   11.234303820203  158.415118403709
     0.197648455229   32.811276157874   11.241601183048  158.562744949373
     0.198655783646   32.698033470973   11.251736008977  158.950038446195
     0.199658294457   32.623804349738   11.269336033547  159.553330852905
     0.200662446703   32.588611781369   11.294209111217  160.430187467672
     0.201675101406   32.445369772207   11.300455477614  160.615181843971
     0.202679771749   32.278909530480   11.301845261738  160.639803261314
     0.203691716087   32.167643197950   11.312964551437  160.973476576223
     0.204698644774   32.164473783840   11.334326832656  161.649960887857
     0.205702361041   31.931605632315   11.328482308163  161.689775845272
     0.206712635165   31.887028964046   11.345121813757  162.271874494184
     0.207719275980   31.811062078599   11.353043596233  162.528718118540
     0.208723220504   31.710474872596   11.354598272838  162.515157925170
     0.209731528541   31.554774478073   11.353700892993  162.488792958434
     0.210734012733   31.565711739313   11.371339751390  163.295652242968
     0.211742837962   31.524619435000   11.391749849356  163.910130250238
     0.212748715087   31.413777421090   11.396156858137  163.942115729247
     0.213757270524   31.303063844307   11.397980160432  164.047594864127
     0.214762032405   31.188504274732   11.401733847562  164.110136354035
     0.215762956267   31.083828379120   11.407035082927  164.237878999911
     0.216771984511   31.034841016552   11.414995648683  164.976042705670
     0.217780763778   31.009314714328   11.445073226249  165.680932962699
     0.218786647628   30.832222260143   11.439745251107  165.472293794243
     0.219792502287   30.653243590868   11.430637933630  165.246819422236
     0.220793933458   30.635166701979   11.450518083398  165.793885605849
     0.221795676516   30.513307601726   11.453847846068  166.014168232425
     0.222799405211   30.522607811570   11.471850972429  166.771882345309
     0.223808893687   30.493141924360   11.485074582443  167.155256911375
     0.224813260482   30.416839332113   11.490683513753  167.290522822261
     0.225826260956   30.272431804185   11.487364033160  167.189213498122
     0.226833086277   30.130152443918   11.486220406283  167.134793186707
     0.227845356989   30.075139314799   11.498113602806  167.590060229912
     0.228852387079   30.068914112271   11.514956402166  168.331786123019
     0.229858970106   30.086083475581   11.530561936771  168.726427739466
     0.230864874420   30.012280723547   11.533261078219  168.779535326149
     0.231868318849   29.971889590762   11.548529686633  169.204514291755
     0.232879877352   29.933045783855   11.561042096072  169.889598119542
     0.233887614163   29.835270871166   11.565210628078  170.098179214132
     0.234895998881   29.774283392672   11.566984021803  170.215459491645
     0.235904386976   29.661183546812   11.565538987813  170.135703149556
     0.236915750796   29.565852849590   11.565444931805  170.133134878571
     0.237925792276   29.511840439382   11.569223813492  170.158810202521
     0.238935079597   29.415677981630   11.573104206486  170.191389551294
     0.239938812661   29.493707570001   11.598749597408  171.430834836420
     0.240948839543   29.452167344404   11.610277250283  171.733634874209
     0.241948964154   29.361454384329   11.610516087033  171.752579861818
     0.242949722307   29.306492635168   11.620738979871  171.994455711256
     0.243953777360   29.203229301320   11.620338871709  171.984649564174
     0.244958596348   29.102769185684   11.625713195405  172.062679190243
     0.245958818651   29.032097211964   11.631730436000  172.233368413915
     0.246966230481   29.034294596816   11.637530442912  172.982099807859
     0.247974945463   29.058040644337   11.650976905564  173.330503818859
     0.248976369624   29.055577011812   11.669730801608  173.706528108057
     0.249977252005   29.025942912260   11.676526595959  174.065883596442
     0.250978166904   29.102973393376   11.717317308760  175.435589518796
     0.251983193190   29.083306765956   11.731757299679  175.666462068304
     0.252991742945   29.068681152778   11.739473410026  175.911210616655
     0.253992758558   28.984466147298   11.738970412392  175.852955688870
     0.254997078043   28.835402367134   11.732392973729  175.684252409209
     0.256001050681   28.953658660961   11.772268494101  177.259259360593
     0.257003832586   28.938522119466   11.785753249513  177.728118217174
     0.258004505890   28.718069448896   11.766933422720  177.128445786261
     0.259006827664   28.687231287833   11.777820014804  177.412413524496
     0.260011844853   28.624284020628   11.776992946492  177.293448123337
     0.261012413810   28.636142564625   11.793590213535  177.596881199219
     0.262012866392   28.625760310535   11.804778079561  177.960245295484
     0.263018239275   28.501540085469   11.799960617794  177.926929349604
     0.264025884306   28.438752746617   11.812556070745  178.730789306639
     0.265033888320   28.460991838148   11.824757391483  179.189727015632
     0.266041392986   28.429962857481   11.828514835745  179.132017494607
     0.267042906635   28.420819337818   11.840181302306  179.376119442456
     0.268052472250   28.425467305640   11.849648269597  179.681897596843
     0.269053455077   28.373143784487   11.862490995008  180.046808801976
     0.269418919625   28.354524691566   11.867547642478  180.340934753118
     0.270421513296   28.304253618220   11.869063072839  180.843938992164
     0.271429199147   28.273773554264   11.867386147846  180.933899372542
     0.272431529729   28.231071848911   11.865082697736  180.887518288748
     0.273438108597   28.184640683036   11.875099441521  181.027399954497
     0.274444187358   28.132765494543   11.868810014210  180.863543066637
     0.275447644851   28.105760662248   11.904886878617  181.355330339341
     0.276455297669   28.194635720412   11.927834578152  182.518421446203
     0.277432726508   28.209781487179   11.949002763000  183.283903161367
     0.278421144329   28.165809005747   11.965662939722  183.792851774893
     0.279423124454   27.970967552428   11.955381017846  183.477272651411
     0.280429989153   27.870550147096   11.954219531565  183.572586142170
     0.281433064132   27.810720924716   11.960671959950  183.750387955686
     0.282437514289   27.715430222006   11.957483874688  183.651522551103
     0.283423589791   27.623117009633   11.953241325205  183.477630228480
     0.284425933768   27.653934555213   11.966127537280  183.689485069585
     0.285427521662   27.694263361107   11.974206906548  183.862682255207
     0.286428336336   27.641839833311   11.973180109140  183.921819747565
     0.287435607692   27.552139588594   11.965519706212  183.740619268206
     0.288448518765   27.589329727508   11.982773197202  184.516494505525
     0.289456999022   27.658081911944   11.984259321513  185.098657234991
     0.290319956756   27.706890047640   12.021286303009  185.812878569441
     0.291325636312   27.646556446657   12.028657638737  185.795756161103
     0.292328564716   27.554836723593   11.997239222643  185.281208552718
     0.293335534620   27.544749365215   12.033474670429  185.921218965614
     0.294301368301   27.541576694040   12.012425633495  185.824262355912
     0.295220881298   27.688667594290   12.069753538008  187.188126515744
     0.296164459279   27.526594453562   12.042833412846  186.099230665421
     0.297024554338   27.326926673239   12.019313270571  185.412373954711
     0.297980084789   27.395074950663   12.046330558860  186.177770885370
     0.298987033460   27.473534380833   12.068512729273  187.428137513368
     0.299988114602   27.477040125776   12.069099013542  187.660167114394
     0.300989564223   27.387642801544   12.072275986236  187.550481682456
     0.301994215566   27.382980762833   12.080445468546  187.813382121289
     0.302995673631   27.348999886942   12.087524379535  187.863402235624
     0.303999814014   27.329200112587   12.094078839860  188.147895921693
     0.304115217541   27.326905034841   12.095539394368  188.190125968255
     0.304743093838   27.290511383876   12.091586101404  188.131858672529
     0.305731255028   27.146409838350   12.104888949281  188.084942931455
     0.306645999255   26.925067986064   12.060845755994  186.307529473218
     0.307615430332   26.845423595395   12.053867883063  186.191300606326
     0.308615732073   27.215570732089   12.129521306868  189.097920431728
     0.309616791913   27.196849692611   12.131926166966  189.103489607355
     0.310617478656   27.081320250331   12.126109190655  189.090781577776
     0.311619797478   27.005393059747   12.126731685606  189.086961892670
     0.312627746929   27.082353681687   12.146146664661  189.677417874449
     0.313636814758   27.091342143124   12.159489741960  190.025875087001
     0.314646506620   27.036569224911   12.162204703880  190.149154307788
     0.315650272763   26.965440718162   12.161500759960  190.094436396458
     0.316661331721   26.954174819304   12.167722998440  190.291326894283
     0.317666162125   26.977567246922   12.176916136707  190.636211348275
     0.318668132542   26.969772055269   12.185853605992  190.916268854370
     0.319679013532   26.893911506950   12.182018526548  190.773600212822
     0.320689321419   26.903762925888   12.191386022058  191.078679808653
     0.321692597268   26.886109398512   12.198698847722  191.241959844175
     0.322703971030   26.868702361833   12.206373243549  191.465614280567
     0.323710457861   26.847376071691   12.213150133408  191.683091946642
     0.324702729305   26.796843022345   12.209661766036  191.713471112220
     0.325504999578   26.731865620604   12.217633876191  191.808121361091
     0.326389251713   26.694837278649   12.234022460664  192.085053713030
     0.327308741405   26.769440865081   12.263913433850  193.616418888293
     0.328312047777   26.772853330835   12.278071955866  194.182576708748
     0.329314949363   26.713014573925   12.269597379482  194.141004059551
     0.330248004341   26.707964644942   12.280033466034  194.481283608974
     0.331013724424   26.601229625794   12.272068241749  194.164849385141
     0.331933500805   26.516239339838   12.275910840187  194.089219798949
     0.332830944481   26.529305309012   12.282701638604  194.408686990162
     0.333761213037   26.512967619030   12.290706529810  194.599595327281
     0.334669553696   26.477432671163   12.294937417832  194.732255744677
     0.335562126257   26.486332981204   12.305213024075  195.060645478155
     0.336462801907   26.488276963248   12.311013976915  195.217379882703
     0.337381666351   26.467493541255   12.311516719448  195.228004037666
     0.338307066049   26.495129767868   12.318683393255  195.433114949912
     0.339228037321   26.489063077450   12.318076980026  195.385048538413
     0.340169620036   26.512425555539   12.321710234461  195.457538199488
     0.341072382894   26.567914526932   12.331306030389  195.710266579245
     0.341964257369   26.571363722700   12.335872311879  195.765790836593
     0.342854095201   26.671376794095   12.363378482303  197.302961467823
     0.343768808469   26.787350705638   12.393275639302  198.318356493033
     0.344662031031   26.745953589768   12.392176287782  198.285248560248
     0.345568059696   26.719571528906   12.401085287521  198.580289112448
     0.346481174495   26.640205144405   12.392971643566  198.342785152886
     0.347368217798   26.629760198570   12.398755197494  198.532304021312
     0.348293608172   26.601867877530   12.401548492059  198.548479943562
     0.349201735543   26.602375181169   12.408786562612  198.751464251314
     0.350148694087   26.583403532138   12.415155172738  198.900283962595
     0.351152812848   26.586922112628   12.421248530517  199.075197567677
     0.352135594170   26.613054110566   12.428968228169  199.306457910523
     0.353066784638   26.611471290812   12.436960168235  199.485758582371
     0.354054347592   26.582328893395   12.445377344628  199.646447176624
     0.355032262232   26.578957581695   12.453407644880  199.936614195162
     0.356038883592   26.546601541665   12.464051077739  200.225587747591
     0.356966413931   26.469363541753   12.462339882290  200.186410445566
     0.357862296888   26.357267621923   12.457663612626  200.001647151904
     0.358779900886   26.413519305757   12.484084952713  201.494546414409
     0.359167571231   26.443761369267   12.496734916979  201.974988880490
     0.360126363150   26.529362578331   12.520338084803  202.737308161282
     0.361045378763   26.438409330917   12.511246349760  202.529139774300
     0.361986212771   26.404003950942   12.515208846485  202.695676052113
     0.362928603015   26.380841147895   12.515686143485  202.693884739956
     0.363848294320   26.377058517376   12.520426212177  202.817402996402
     0.364791956233   26.353049540912   12.526692046543  202.977018489714
     0.365708733300   26.352635669469   12.533902219048  203.264564092018
     0.366685581218   26.302912794839   12.533749586508  203.089923506167
     0.367657394127   26.349448023523   12.544370496939  203.415782320438
     0.368667393891   26.343854833476   12.547735407253  203.464646688260
     0.369676299908   26.339638199341   12.551774342091  203.604873925057
     0.370677537585   26.335069888092   12.556747130142  203.752587963598
     0.371613747598   26.333138153354   12.566912639952  203.948489465503
     0.372624760134   26.362300636911   12.582707466067  204.590766374469
     0.373631180816   26.408868808208   12.596210616215  205.837508275679
     0.374551031786   26.451202162300   12.614029129721  206.452192089289
     0.375556380452   26.352383701573   12.614070503494  206.396470123063
     0.376561635467   26.321503377038   12.613966822621  206.570381429871
     0.377571050667   26.274282126825   12.617948043689  206.586537646567
     0.378577923188   26.252955026762   12.614673425873  206.603930386843
     0.379581960190   26.265123530758   12.625851746033  206.862046983847
     0.380588215126   26.271585075510   12.620233148164  206.879266252312
     0.381459652036   26.262649017623   12.622682893351  206.823046001738
     0.382348391400   26.292605822922   12.649856283372  207.238479339208
     0.383205246441   26.319107225705   12.659117649389  207.334572661777
     0.384103379426   26.367006259618   12.679024066948  208.049823335081
     0.384988890414   26.177291346817   12.659358485946  207.351739856087
     0.385914429038   26.197813974203   12.675745670865  207.946416569659
     0.386893814693   26.175092931613   12.679951210092  207.972346076975
     0.387829487681   26.116843052474   12.675689201364  207.978793929245
     0.388634580181   26.035289157479   12.667714313491  207.576510065016
     0.389513172689   26.116555983984   12.694896188959  208.702345827269
     0.390347155742   26.244516360189   12.723806814125  210.268845309326
     0.391158515519   26.300864345664   12.742540944161  210.843886917313
     0.392031783437   26.224074102698   12.739657826833  210.797672805283
     0.392906661138   26.148012557834   12.737560637022  210.999389725702
     0.393842383327   26.050427999525   12.731658344286  210.799294500653
     0.394778292038   26.060905128650   12.732353157893  210.783415973941
     0.395742702039   26.056753211313   12.731648870285  210.716514361361
     0.396731774131   26.073198843641   12.734154138611  210.863943444299
     0.397732378068   26.050308669610   12.732076678180  210.751246352677
     0.398732689800   26.126105235232   12.747567618591  211.279172591538
     0.399699572869   26.090692262681   12.746054129216  211.094412209300
     0.400644283717   26.089639989913   12.756008773864  211.307243434115
     0.401619623754   26.113462699366   12.767113539762  211.500324578486
     0.402624147787   26.086299743870   12.766909074372  211.490250147985
     0.403631015528   26.063877427794   12.763577588326  211.381259387984
     0.404620479254   26.067764264540   12.764438866263  211.459506199595
     0.405494174705   26.024329156940   12.760278688255  211.262757571288
     0.406337846427   26.018851221013   12.772484763014  211.468602786012
     0.407230981868   26.103247651091   12.807027792700  213.300337711783
     0.408115858991   26.120792300431   12.815145808092  213.895542824364
     0.409116489893   26.066259766553   12.817897331206  213.997604995181
     0.410058092613   26.065428468407   12.821395331054  214.344962791278
     0.410549680903   26.056076513804   12.826207486795  214.496207632127
     0.411498384001   25.928080784390   12.832617022526  214.288458584735
     0.412348972687   25.908923086530   12.813895696457  213.928357846470
     0.413192915184   25.952731834282   12.835454718704  214.464184632851
     0.414029919996   25.964608535615   12.832156331439  214.346267895778
     0.414880897657   26.000934110382   12.844559780326  214.618909727282
     0.415739500161   25.987145364114   12.847187920279  214.571085543378
     0.416582577396   25.990477509189   12.852309035072  214.784603737030
     0.417419590454   25.978019790508   12.858578027594  214.865414292480
     0.418276448120   25.956834110084   12.861290944827  215.023326933051
     0.419064810217   25.845756899494   12.848595157945  214.517412093665
     0.419725082287   25.854056565840   12.855939749766  214.711866853831
     0.420516805137   25.855588383333   12.869923042038  214.863107627967
     0.421336656974   25.940138802092   12.900921127324  216.558975386134
     0.422079550188   25.969655573762   12.915525964541  217.539351199897
     0.422791633425   25.944022460088   12.924044502214  217.837449584832
     0.423566169160   25.853468772920   12.917894849164  217.558223658845
     0.424367384143   25.847576660136   12.926752894718  217.735052230639
     0.425207923306   25.912843354214   12.936170609183  218.318680252353
     0.426038758114   25.844338709196   12.933331790853  218.462945904202
     0.426869672120   25.752618685078   12.926809780887  218.521623154743
     0.427735343633   25.766494461896   12.937708961774  218.433081448030
     0.428598601680   25.822688233072   12.944770184246  218.766442606888
     0.429452633030   25.747453214006   12.940210617751  218.518185053895
     0.430348370767   25.744401231824   12.948688615807  218.807345544496
     0.431242803429   25.740640786449   12.952027018118  218.896078613855
     0.432140657403   25.730705921720   12.953146834918  218.974175285627
     0.433054331693   25.707619406326   12.958766332258  219.130400284404
     0.434025497747   25.643735874377   12.946960540077  218.684437110371
     0.434991835732   25.673554130242   12.946420743264  218.629712291593
     0.435952919716   25.670687401184   12.946884549270  218.596678093207
     0.436914003701   25.664957809774   12.948753372717  218.502406564001
     0.437875087685   25.704814159860   12.963034998770  218.866322218331
     0.438812725064   25.675248643506   12.967740286679  218.945825929931
     0.439733851229   25.608072818908   12.967609165882  218.912254269608
     0.440742758753   25.474619116636   12.955968718478  218.462818406942
     0.441751666276   25.618861541706   12.995300228482  220.982494294001
     0.442760573800   25.669554034050   13.007281426954  221.172014140464
     0.443769481323   25.641478529737   13.010921673370  221.319566428147
     0.444559451041   25.622815276202   13.013574112397  221.366055006271
     0.445529415171   25.644696021497   13.038800496576  222.009125810953
     0.446294770816   25.575725458101   13.021112902745  221.522185488579
     0.447302744713   25.547923269384   13.033506842209  221.624636952172
     0.448107752359   25.628578185396   13.031782117710  221.850222264782
     0.448849413677   25.584529377967   13.020057236529  221.521128533550
     0.449635137163   25.547576479725   13.039533985677  221.915488093831
     0.450229571871   25.512650984374   13.036314393925  221.652677466717
     0.450898992819   25.499956754484   13.037237269729  221.374860465173
     0.451885039543   25.657047694340   13.080873919093  223.052148647313
     0.452639717158   25.747682053755   13.079614961863  224.357854673144
     0.453138329205   25.833055953759   13.100761290356  225.243068003521
     0.453918633120   25.732354982057   13.117620255557  225.547254682277
     0.454746026373   25.566556279830   13.097144762863  223.648142850675
     0.455542177294   25.420351814271   13.054305054395  222.310432008704
     0.456049976267   25.327357063456   13.045076843889  221.893956542942
     0.456792074351   25.342676880754   13.059254985381  222.154899232095
     0.457598557658   25.498147149854   13.092781638890  224.401325765461
     0.458408085102   25.539887461596   13.111014948630  225.115481271305
     0.459208651756   25.516104643038   13.114523624527  225.247684537409
     0.460030414133   25.496420352121   13.115789482777  225.293677034332
     0.460823244011   25.507597616901   13.116620650089  225.380327878186
     0.461634893210   25.513998978615   13.122086065305  225.405029948591
     0.462448247040   25.540722807893   13.134123142766  225.907961881298
     0.463290675242   25.447250435728   13.132428346595  225.905723811668
     0.464130779542   25.371679112622   13.121458405809  225.800193186140
     0.464936514606   25.321986701457   13.120400366364  225.584588824028
     0.465735002386   25.347598828539   13.123153927689  225.514906017298
     0.466536078384   25.377033668524   13.132884793428  225.490794686192
     0.467325385593   25.393399602202   13.143483304985  225.570000712443
     0.468139606008   25.435319999089   13.159611204767  226.060169421995
     0.468820156706   25.388989349870   13.161103618899  225.977476170096
     0.469537964852   25.381285021050   13.162517205664  226.131248349259
     0.470359254344   25.333216360417   13.173214223806  226.593663216721
     0.471093412083   25.424999668169   13.194885943849  228.517940004520
     0.471921850608   25.399247053714   13.189696459459  228.253844932657
     0.472758266058   25.400005809430   13.191328861569  228.486218390275
     0.473594681509   25.385530971282   13.190037061494  228.489632452499
     0.474431096959   25.381740984037   13.193163935324  228.567950572454
     0.475267512410   25.414876907287   13.205493979088  228.935848229665
     0.476103927860   25.379572596860   13.198406178962  228.527059553225
     0.476940343311   25.461522720411   13.212634632178  228.967406917647
     0.477776758761   25.449769590146   13.215584404560  229.091333593380
     0.478613174211   25.391619685805   13.212933950577  229.242731155636
     0.479449589662   25.324889428403   13.205630900979  228.876173046548
     0.480286005112   25.350949670578   13.208908144154  228.776052194490
     0.481122420563   25.364162778946   13.214840751053  228.742483508822
     0.481958836013   25.327764957729   13.210387715609  228.696452005703
     0.482741977286   25.270517843055   13.205404291367  228.439382169736
     0.483546444647   25.260397056681   13.209790391833  228.338678036859
     0.484363659741   25.360777743977   13.248483863677  230.223054143327
     0.485180874835   25.459498560500   13.283910619638  232.324573329464
     0.485998089929   25.332667848205   13.269881922990  231.824825832764
     0.486815305023   25.332736514826   13.277542715263  231.993775790520
     0.487632520117   25.352463115412   13.283916962860  232.063061353559
     0.488449735211   25.297284256330   13.277881122570  231.890297925575
     0.489266950305   25.315304678860   13.283803869758  232.128461141760
     0.490084165399   25.356688507402   13.288992017998  232.253013511822
     0.490901380493   25.367826291981   13.291927319930  232.324561806910
     0.491707729711   25.372464720313   13.293090856716  232.338795879462
     0.492455462214   25.372221146001   13.292113268477  232.248011322121
     0.493235109816   25.378591646506   13.298999874279  232.435410955798
     0.493972363297   25.352556633296   13.303364195549  232.398880427429
     0.494778213414   25.335301825840   13.299725823139  232.241368761671
     0.495483409495   25.319392249427   13.305237823017  232.093265206548
     0.496224535807   25.329507159427   13.312022337895  232.248436402224
     0.496974274043   25.324992721965   13.331539739586  232.780912663018
     0.497496603153   25.178392303867   13.302083417557  231.802082738843
     0.498263265109   25.169160440169   13.313923646849  232.200092261203
     0.499006678600   25.222763858681   13.351161274888  233.843107700908
     0.499196903477   25.271533956875   13.357950102524  234.745727945206
     0.499962811130   25.267970514156   13.372653430924  235.542226628849
     0.500014134570   25.264585469101   13.372645262994  235.538928581101
