# {0} signal over time, extracted at r = 500 km
# All quantities are measured in a resting observer's frame at infinity
# cols=4 rows=854
#              time        luminosity               <e>             <e^2>
#               "s"           "foe/s"           "MeV^1"           "MeV^2"
  -4.5328000285e-04  1.0824848923e-06    7.258939194975   66.272254757908
  -4.4626616841e-04  1.0691122163e-06    5.248322128907   40.725390717331
  -4.3520890837e-04  1.0522444100e-06    4.234984191392   27.850197456962
  -4.1957215181e-04  1.0383976528e-06    3.708656094624   21.162762522538
  -3.9791669916e-04  1.0413982292e-06    3.405901531173   17.314881370351
  -3.6161069447e-04  1.1117231469e-06    3.193002383591   14.605451680387
  -3.4237981806e-04  1.1839623589e-06    3.133266453097   13.842444628191
  -3.2849305260e-04  1.2513538947e-06    3.101268143385   13.431565227444
  -3.2271651786e-04  1.2831425739e-06    3.089933397367   13.285522993833
  -3.0997598923e-04  1.3609860893e-06    3.068214367595   13.004452893634
  -2.9753624573e-04  1.4471770743e-06    3.050531768983   12.774138638850
  -2.8881267591e-04  1.5135621814e-06    3.039793244267   12.633464720237
  -2.7609471145e-04  1.6190177861e-06    3.026173948618   12.453767530856
  -2.6395383264e-04  1.7292036833e-06    3.014965621416   12.305060258989
  -2.5366557858e-04  1.8297428763e-06    3.006656991104   12.193849752340
  -2.4485392456e-04  1.9210252219e-06    3.000302107085   12.107968712936
  -2.3668167645e-04  2.0099143313e-06    2.994968307479   12.035163532037
  -2.3311851220e-04  2.0499394473e-06    2.992799412420   12.005316050374
  -2.2319845832e-04  2.1654230925e-06    2.987180835510   11.927507080024
  -2.1372086846e-04  2.2812877249e-06    2.982375242703   11.860027343321
  -2.0341687755e-04  2.4133712560e-06    2.977689552531   11.793308288464
  -1.9272036095e-04  2.5572044815e-06    2.973374672492   11.730719457160
  -1.8666804987e-04  2.6416155500e-06    2.971151074462   11.697973764586
  -1.7779380892e-04  2.7693382601e-06    2.968163250142   11.653239619086
  -1.6849631374e-04  2.9082088480e-06    2.965364410035   11.610308624330
  -1.5798698867e-04  3.0714351507e-06    2.962569408758   11.566162439467
  -1.4863393620e-04  3.2222999472e-06    2.960398891161   11.530566450384
  -1.3707311442e-04  3.4161142174e-06    2.958091067681   11.490926414505
  -1.2837250953e-04  3.5673528720e-06    2.956607321173   11.464019334560
  -1.1814044227e-04  3.7511645222e-06    2.955122964261   11.435361352128
  -1.0957862821e-04  3.9099461292e-06    2.954086732956   11.413717145697
  -9.8631087629e-05  4.1196362176e-06    2.953019924778   11.388946025583
  -9.2127947890e-05  4.2477615137e-06    2.952521405210   11.375727334415
  -8.8506988390e-05  4.3202590533e-06    2.952288503484   11.368851072534
  -7.9646119339e-05  4.5011852550e-06    2.951828252207   11.353262838820
  -7.1184325765e-05  4.6786532481e-06    2.951542871204   11.340064021716
  -6.3642466972e-05  4.8407192583e-06    2.951414272390   11.329657498578
  -5.6452373531e-05  4.9986693496e-06    2.951397345001   11.320872759683
  -5.0102048001e-05  5.1409855571e-06    2.951462875959   11.313982213299
  -4.3527216545e-05  5.2911344217e-06    2.951614030631   11.307726528215
  -3.7609102728e-05  5.4287372528e-06    2.951816121177   11.302800282633
  -3.2322484036e-05  5.5536329437e-06    2.952050819389   11.298969117328
  -2.6617355627e-05  5.6905194550e-06    2.952358168230   11.295405882940
  -2.1460175090e-05  5.8161434817e-06    2.952683522199   11.292684840737
  -1.6245779335e-05  5.9449888648e-06    2.953057728767   11.290407451848
  -1.1113422001e-05  6.0736083468e-06    2.953469869306   11.288623024847
  -6.2295208678e-06  6.1976658215e-06    2.953901955749   11.287339110217
  -1.0497362993e-06  6.3310168998e-06    2.954402375055   11.286411967818
   3.5589362468e-06  6.4512060248e-06    2.954883636654   11.285957207722
   7.9036735259e-06  6.5658450085e-06    2.955368067776   11.285843356670
   1.2037622245e-05  6.6761264596e-06    2.955856407058   11.286015156971
   1.6561754729e-05  6.7981673257e-06    2.956421201219   11.286512642723
   2.0066562195e-05  6.8936836227e-06    2.956880341107   11.287117749024
   2.0099909946e-05  6.9778009164e-06    2.956839170825   11.284151005910
   2.9285174972e-05  7.2330328672e-06    2.958183303543   11.287243648212
   4.3902289839e-05  7.6514825123e-06    2.960561518893   11.294626153910
   6.0851323035e-05  8.1557893580e-06    2.963681938226   11.306885597356
   7.8720601430e-05  8.7100634591e-06    2.967384742505   11.323990163650
   9.6277752691e-05  9.2776618821e-06    2.971424904853   11.344844885152
   1.1355188268e-04  9.8587996516e-06    2.975777398650   11.369155247297
   1.3065156481e-04  1.0456644423e-05    2.980442692385   11.396802699250
   1.4760789631e-04  1.1072041984e-05    2.985407062589   11.427619529257
   1.6438305309e-04  1.1703329516e-05    2.990637407192   11.461325194480
   1.8114909326e-04  1.2356930641e-05    2.996169567304   11.498099278264
   1.9870151855e-04  1.3065792581e-05    3.002274196628   11.539787248730
   2.1601573235e-04  1.3790000805e-05    3.008596145464   11.583989056837
   2.3432241043e-04  1.4583017135e-05    3.015590458342   11.633930570581
   2.5289448118e-04  1.5416499937e-05    3.022996760316   11.687838120450
   2.7105050830e-04  1.6259762537e-05    3.030525405056   11.743575463681
   2.9026812668e-04  1.7183194396e-05    3.038789904458   11.805720194412
   3.1061634370e-04  1.8195722451e-05    3.047855465778   11.874914476146
   3.2956376521e-04  1.9170758094e-05    3.056572654581   11.942355931139
   3.5093256712e-04  2.0307651516e-05    3.066705593983   12.021756374445
   3.7380201975e-04  2.1567868978e-05    3.077881930889   12.110465945906
   3.9464580277e-04  2.2755147321e-05    3.088344875152   12.194489961088
   4.1842790320e-04  2.4154071383e-05    3.100578467146   12.293825060210
   4.4405227900e-04  2.5712731400e-05    3.114075420819   12.404664702097
   4.7164767632e-04  2.7448509370e-05    3.128926638499   12.528003478918
   4.9740859634e-04  2.9119645768e-05    3.143034521464   12.646394846272
   5.2667749378e-04  3.1073883205e-05    3.159285005843   12.784134856510
   5.5792996491e-04  3.3220324392e-05    3.176815182860   12.934252632810
   5.9138062345e-04  3.5578938002e-05    3.195683964197   13.097506226135
   6.2718116357e-04  3.8164465428e-05    3.215888095634   13.274154645169
   6.6402806059e-04  4.0882032157e-05    3.236584539017   13.457036431718
   7.0026325685e-04  4.3601618450e-05    3.256753656457   13.637131857592
   7.3981636808e-04  4.6615055081e-05    3.278490441115   13.833323147471
   7.8231007712e-04  4.9896505189e-05    3.301464124687   14.043095620716
   8.2799624586e-04  5.3467749328e-05    3.325680864632   14.266964283792
   8.7588390824e-04  5.7253385703e-05    3.350508741918   14.499450019117
   9.3054411667e-04  6.1622771682e-05    3.378137135858   14.761667532361
   9.8555082754e-04  6.6068126756e-05    3.405122529895   15.021209358669
   1.0472404631e-03  7.1105917330e-05    3.434304638073   15.305403758030
   1.1221493113e-03  7.7282950430e-05    3.467981721925   15.637363398559
   1.2022775129e-03  8.4014634815e-05    3.501892177252   15.973857142383
   1.2817130641e-03  9.4518556746e-05    3.558142775528   16.458928702383
   1.3659359197e-03  1.3710175188e-04    3.865787047598   18.717234355154
   1.4735283065e-03  2.8266855233e-04    4.258844075274   21.554092030981
   1.5804359946e-03  6.0137125404e-04    4.398057257091   22.554508189208
   1.7101847639e-03  1.4275624342e-03    4.450810626689   23.048492661251
   1.8381828979e-03  3.1151192780e-03    4.492703520469   23.523212597970
   1.8394628793e-03  3.1382046266e-03    4.492537497380   23.521441144190
   1.9674610133e-03  6.1352094319e-03    4.565770463450   24.307385876602
   2.1111049453e-03    0.010735073346    4.727113956647   26.079311625508
   2.2486676385e-03    0.015319235463    4.942098473851   28.596520984542
   2.3862303317e-03    0.019423136303    5.184299318596   31.642377439110
   2.5237930249e-03    0.023032972637    5.432698988997   34.997415360336
   2.6866667691e-03    0.026858177920    5.715145277398   39.103916416596
   2.8534087262e-03    0.030466664053    5.976668955059   43.189635472842
   3.0201506832e-03    0.033922625626    6.206980098850   47.004237018516
   3.1665457032e-03    0.036968880963    6.387676736528   50.116271859055
   3.3235039036e-03    0.040415558493    6.565500498903   53.253782443533
   3.4818859971e-03    0.044291179303    6.734767769126   56.285984523693
   3.6845652533e-03    0.050212542320    6.946985707360   60.123424357342
   3.8755391553e-03    0.057251526731    7.152914245053   63.867854906157
   4.0665130573e-03    0.066267797765    7.372730057609   67.887874947187
   4.2574869592e-03    0.077884086615    7.610229698357   72.274456020281
   4.4484608612e-03    0.092800383161    7.863889504589   77.027087719368
   4.6394347632e-03    0.111745043679    8.127068732714   82.046923333539
   4.8409999863e-03    0.136923540181    8.405285390319   87.466683586209
   5.0925539985e-03    0.177157269603    8.740098784201   94.157741179659
   5.3427583145e-03    0.228355533160    9.047814159551  100.481614097831
   5.3659731480e-03    0.233714573201    9.074721142379  101.043354538835
   5.6161774640e-03    0.298442034018    9.345643850328  106.789468444150
   5.8663817800e-03    0.376761279816    9.584452278100  112.009058842274
   6.1165860960e-03    0.469469882841    9.790495603888  116.648176920127
   6.3667904120e-03    0.576666804307    9.964286930152  120.684534758721
   6.6169947280e-03    0.698017255017   10.108460487276  124.142795891875
   6.8574063260e-03    0.826765760486   10.221113352517  126.927083923710
   7.1084141915e-03    0.972404626037   10.312832634933  129.248394366965
   7.3602967488e-03    1.130394713309   10.384687515548  131.089992871225
   7.6109510554e-03    1.302406195266   10.445009039517  132.632844617429
   7.8638723982e-03    1.495908634184   10.505285707112  134.158004130247
   8.1140954308e-03    1.709716305776   10.570855416011  135.822038869112
   8.1828186205e-03    1.772222534325   10.589529682517  136.295340355983
   8.4362380200e-03    2.016684393031   10.656910109233  137.985360129532
   8.6881421436e-03    2.280004967390   10.723547737148  139.638618033046
   8.9399499415e-03    2.556097530585   10.780669298923  141.037356656860
   9.1915242893e-03    2.844641229821   10.831650077523  142.268721230739
   9.4430225924e-03    3.137716388387   10.869514958867  143.160430826488
   9.6942997941e-03    3.425613747554   10.882540695306  143.363824896739
   9.9461575633e-03    3.725082711414   10.886185767052  143.316994805456
     0.010197423580    4.043592088239   10.893451379113  143.356326146754
     0.010452691431    4.378144903371   10.897491877707  143.273341429573
     0.010707959282    4.724334609740   10.900494689398  143.188611015674
     0.010963227132    5.080171841132   10.908519083656  143.283031289168
     0.011218494983    5.439998561850   10.914520449306  143.332137690827
     0.011473762834    5.802523683848   10.914964881272  143.223562840252
     0.011729030684    6.171820979014   10.920829958614  143.298427159586
     0.011984298535    6.546816370132   10.930777819282  143.523115553858
     0.012239566386    6.921659376322   10.932850773682  143.519789411862
     0.012494834237    7.294154757853   10.928136780973  143.284623501099
     0.012750102087    7.668918055268   10.925236997292  143.088840451524
     0.013005369938    8.052782376051   10.928405197022  143.111332111677
     0.013034377648    8.097224317418   10.929144412266  143.128506036577
     0.013289645499    8.495092948333   10.938202016279  143.369203244897
     0.013548151764    8.903939578765   10.949536116321  143.650603963054
     0.013800944568    9.294675662510   10.958061907325  143.807775441692
     0.014053737373    9.669787693405   10.960092439296  143.779791188901
     0.014306354938   10.048314689673   10.962152097048  143.762496003975
     0.014563367652   10.452141757332   10.973160039390  144.018827472627
     0.014820380366   10.858606012143   10.988701444291  144.446781976218
     0.015077393080   11.255483859369   11.000370549406  144.779114245251
     0.015334405794   11.654266031150   11.008545491412  144.962372652818
     0.015591418508   12.063926068469   11.019880832322  145.188528622080
     0.015848431222   12.469434308233   11.033135278007  145.477420853439
     0.016105443936   12.854813889731   11.042812927532  145.712981122476
     0.016362456651   13.232442983843   11.050603518214  145.890534229330
     0.016619469365   13.622737112263   11.061075975197  146.108610894668
     0.016876482079   14.031583522979   11.076599881606  146.483038752192
     0.017133494793   14.443213696417   11.090455620444  146.849114245091
     0.017390507507   14.856252030065   11.100807306212  147.097157312158
     0.017647520221   15.278467495649   11.111899376173  147.318989714029
     0.017904532935   15.704498612946   11.125839887505  147.617015543397
     0.018161545649   16.117819275630   11.137247863940  147.881370477856
     0.018418558363   16.531693257073   11.147605797170  148.143797481477
     0.018675571078   16.969769954139   11.161374941637  148.492412600273
     0.018932583792   17.432776119396   11.179067007337  148.936726977667
     0.019189596506   17.911683816049   11.199342556003  149.446526540770
     0.019446609220   18.391948955566   11.216818744938  149.882111129460
     0.019703621934   18.879041732662   11.232345665744  150.275372223324
     0.019960634648   19.387866945297   11.252142888623  150.794116132341
     0.020217647362   19.912811457635   11.277458244902  151.492417215681
     0.020474660076   20.437729276814   11.305524855940  152.308670622776
     0.020731672790   20.951364806049   11.331877185060  153.085617876869
     0.020988685504   21.459554313113   11.355649744395  153.761285254918
     0.021245698219   21.975163184418   11.379167712340  154.401406705438
     0.021502710933   22.488404035061   11.399800168974  154.962260863989
     0.021759723647   22.991694086771   11.418214589590  155.470928032261
     0.021989211209   23.426888971761   11.433706296093  155.896097812287
     0.022250832317   23.892614831093   11.448862365845  156.301765354003
     0.022509515262   24.326886844739   11.462688456506  156.672325185981
     0.022759935068   24.748782730465   11.479161858034  157.127295236207
     0.023010354873   25.176566205830   11.497390065474  157.627452944650
     0.023264158076   25.587779606920   11.510607845706  158.006033810424
     0.023521041682   25.978384339999   11.522043248363  158.390955247049
     0.023777920702   26.358409730931   11.535950012053  158.832733122791
     0.024037605346   26.729527548102   11.548797775709  159.174087701019
     0.024287901181   27.077191407234   11.558943978770  159.414339935445
     0.024538197017   27.430033680087   11.569934774468  159.692036406157
     0.024788492853   27.785028140677   11.582367297351  160.046293644909
     0.025016034521   28.081299546241   11.591137008117  160.330099551968
     0.025027411605   28.095062079402   11.591476182565  160.341795548303
     0.026042825894   29.244364381651   11.605937140489  160.619728117386
     0.027053205652   30.672994367334   11.635492873286  161.349769296780
     0.028063584895   32.318154776263   11.691254789415  162.939421305353
     0.029077177050   33.833098863618   11.743278856975  164.495195241681
     0.030083580110   35.382305285196   11.796145130123  166.066920268205
     0.031093375944   36.887920097124   11.845677452553  167.537291027970
     0.032102552276   37.877818838030   11.859113768546  167.948477608387
     0.033115113056   38.584745155142   11.871215490467  168.532399259871
     0.034125748452   38.893723408661   11.845467382860  167.661838099206
     0.035147240680   39.527055769067   11.861403030100  168.142779415672
     0.036161085577   40.101854527060   11.850517014973  167.802100788090
     0.037173693677   41.039708925439   11.881968871119  168.737820362811
     0.038185100290   42.245456883118   11.917257351718  169.678232249825
     0.039211214129   43.514450535987   11.969860480578  171.269363749825
     0.040228509936   44.852418605853   12.022985381744  173.063256052286
     0.041245805743   46.008998951202   12.078500490055  174.726822432649
     0.042263101550   46.858098822345   12.104806012017  175.482812212017
     0.043280397357   47.245742648289   12.117009570738  175.913204654128
     0.044282895990   47.458032842579   12.121605036205  176.083736001091
     0.045048639840   47.744351858706   12.115603279356  175.829357203556
     0.046079533643   48.378616929951   12.122436207336  176.429613725799
     0.047100133643   49.103743728199   12.161911918574  177.447435721626
     0.048125233643   49.849837883635   12.175337412996  178.071146507682
     0.049181369928   50.526967049482   12.234907561378  179.684372609907
     0.050221885466   50.542338067634   12.205500277678  179.076742609579
     0.051235470027   50.871683143411   12.253707619989  180.290200795820
     0.052257846681   51.278707894823   12.255223601834  180.212320463298
     0.053277846681   51.819333556890   12.255115751470  180.333951936772
     0.054312846681   52.719079099815   12.284735995815  181.346708982383
     0.055355766681   53.664214295159   12.340710276692  183.008473046889
     0.056379031732   54.262815938226   12.377859975792  183.918026766806
     0.057424561238   54.404565750180   12.389483783291  184.289534672797
     0.058440651436   54.375497723884   12.389722798199  184.515393512862
     0.059443450610   54.345480854373   12.410742160659  185.042171812494
     0.060502308172   54.499531009052   12.421908045299  185.167835138805
     0.061528496741   55.088399848026   12.441729899170  185.956650081212
     0.062535391523   55.638916392041   12.483113594636  187.207705962405
     0.063540204023   56.173396926781   12.512837901781  188.224995334528
     0.064553513479   56.435989855322   12.554812639368  189.426050282187
     0.065061563181   56.360779663155   12.582571606036  189.930367996232
     0.066082108172   56.407830414491   12.596087516745  190.523793458059
     0.067121664674   56.492649646274   12.606414507749  191.241619343825
     0.068152809037   55.908637604776   12.603603099656  190.778259472999
     0.069171990210   55.651736412774   12.595228198289  190.899979002572
     0.070176774379   55.572912808738   12.623776388870  191.455889565157
     0.071232237742   55.379118864788   12.592257659414  190.844437296711
     0.072235962322   55.896447687396   12.639541479287  192.178940437169
     0.073259962028   56.453089988927   12.668153747803  193.237824703346
     0.074273116382   56.554426493090   12.690541172015  193.829685465826
     0.075317545934   56.912743567092   12.717099497262  194.463211359698
     0.076346239611   57.535534907401   12.782514451384  196.190241171701
     0.077420943611   58.299328952092   12.815059790599  197.601022570636
     0.078448624778   58.868786286857   12.874212553041  199.430898375332
     0.079477624778   59.170760640818   12.886274275648  200.128428215390
     0.080520481066   59.358204851173   12.936180467708  201.414753885012
     0.081520481066   59.623970391832   12.961036246976  202.383899674308
     0.082535425322   59.803852974008   12.984193966490  203.358858222207
     0.083555792042   60.038952193048   13.028409009541  204.751825745121
     0.084589514282   60.281244010374   13.055282755752  205.881988854545
     0.085133657333   60.283417859391   13.071345415068  206.395264064343
     0.086174188860   60.294692579437   13.095292482493  207.202743967232
     0.087239925852   60.414669059325   13.134205111487  208.235227684615
     0.088307794235   60.504325311527   13.135937892917  208.581307515860
     0.089357842656   60.812262427808   13.186900402075  210.194762680886
     0.089978879422   60.872738729652   13.223705091486  211.170916401393
     0.090029895573   60.854567932861   13.223751033139  211.161288465084
     0.091076434811   60.819291966644   13.242583611170  211.923372628209
     0.092086241541   60.710152671034   13.238845684665  211.678210909252
     0.093127842119   60.744354188949   13.261936657962  212.675285250946
     0.094132684123   61.026071345196   13.309808769096  214.273713787771
     0.095182444123   60.894323410031   13.328236246904  215.125533449878
     0.096232204123   60.794183428692   13.343781331596  215.776875893629
     0.097281811309   60.855570285739   13.375685893538  216.871534619821
     0.098293486275   60.925845245310   13.413407966004  218.081353868220
     0.099311055399   60.946237230200   13.470014460273  219.592287917192
     0.100336634698   60.750536389997   13.480247836657  220.210689895779
     0.101370624352   60.484218634698   13.502937751709  221.230543411812
     0.102371276199   60.565138140252   13.528085783135  222.137614544254
     0.103371964168   60.832327958110   13.565391085688  223.292782318290
     0.104410433484   60.753130743913   13.621380545437  224.768838086068
     0.105433333451   60.738804854759   13.642630517207  225.847865045482
     0.106454706329   60.941555244041   13.660756338006  226.718838417467
     0.107491879421   61.026270219700   13.721480227786  228.619254271279
     0.108496662069   60.959593387071   13.743096531004  229.732022990266
     0.109521910775   60.763434481034   13.761210625730  230.255514981296
     0.109994302775   60.700867443985   13.781991726691  230.729759455220
     0.111024379775   60.765836525501   13.810549017053  232.086634509845
     0.112043970300   60.989013498206   13.852487377700  233.652106894338
     0.113071465615   61.100887384669   13.910051305066  235.204900533337
     0.114080590007   60.989746655873   13.913094372703  235.999317121951
     0.115088201414   60.903677207105   13.940169797762  236.868380742452
     0.116118402975   60.955918210016   13.999479286811  238.900334308883
     0.117125769694   60.909231039573   14.029095878714  240.116555567794
     0.118148524510   60.810412733917   14.065517551894  240.979474073703
     0.119154554800   60.641618880350   14.095866909638  242.423777705235
     0.120165772642   60.562043661508   14.081739377955  242.686614320281
     0.121167388505   60.552979818212   14.135389619341  244.179704283586
     0.122171811995   60.264083696171   14.188728538448  245.728031012425
     0.123176216356   59.890885352332   14.183335633767  246.315649883437
     0.124190220073   59.790726797448   14.220110219956  247.518294012434
     0.125196714758   59.599301158708   14.267142589787  248.824978853676
     0.126214549634   59.267928573013   14.294550579637  249.854001745135
     0.127217823317   59.021213918274   14.307109246775  250.666601901035
     0.128224925186   59.123487102663   14.389722069425  252.809232582606
     0.129231741641   58.896331972808   14.427196457022  254.628749673122
     0.130009644023   58.619787816384   14.419398898717  254.345959275860
     0.131025419399   58.378773970167   14.471092724631  256.016329976691
     0.132026357302   58.015433600123   14.483428145399  257.003383533222
     0.133037953634   57.589212116995   14.505574802974  257.360101866445
     0.134051941883   57.420221788533   14.529514610427  258.682283392811
     0.135057211583   57.131891931355   14.587644590186  260.280401428248
     0.136080040403   57.074883294813   14.604472538862  261.515721376365
     0.137081835566   56.832320530210   14.620185809337  262.264372054026
     0.138096369572   56.482688938146   14.689842590191  264.260170136123
     0.139118274802   56.094315265811   14.703800564420  265.172803737149
     0.140121942395   55.962161935634   14.723986255268  265.781843755949
     0.141138500999   55.534074830036   14.753660651855  267.206836203473
     0.142146404957   55.086254537591   14.745889406838  267.137172348705
     0.143148743038   55.041664922490   14.822902593459  269.159361647752
     0.143949250829   54.893263917872   14.824727744421  270.330132599132
     0.144953525259   54.522802906310   14.838560011047  270.311502527945
     0.145973846764   54.498243249276   14.879407284829  272.732530511172
     0.146983656571   54.073084367490   14.880395549001  272.539381245986
     0.147983254824   54.007730938650   14.953937308129  274.752336392854
     0.148984572664   53.717671177656   14.979274013796  276.107793121949
     0.149988648936   53.536574249616   14.957493471759  275.704941883538
     0.150990112628   52.981898149529   15.010990245275  276.968131331372
     0.151824162730   52.930694051679   15.017904582561  278.363626084511
     0.152762880175   52.838648768831   15.042266073410  278.944176510593
     0.153505434024   52.325061829840   15.062658958804  278.966301695092
     0.154505815008   52.162091521518   15.093817205108  280.836053329914
     0.155516424586   52.316373665089   15.088330112743  280.877978159140
     0.155590545394   52.290788266871   15.087523801986  280.882809660528
     0.156603515579   52.008356980660   15.153362616814  283.530715017918
     0.157608364696   51.995325722212   15.192733571520  285.052215355693
     0.158617755773   51.116603619211   15.146848414880  283.205307089624
     0.159634010030   51.028644963356   15.203558588328  284.831152637377
     0.160380456046   51.162564999905   15.216562977686  286.369682272395
     0.161381839114   51.033708356287   15.240406915374  286.696833638666
     0.162383222182   50.846151993154   15.278010307438  289.066335975114
     0.163395920853   50.526931677711   15.281757543205  289.078347439865
     0.164087150064   50.504251092431   15.293075444266  289.541398049973
     0.165019904465   50.095550195206   15.270870745461  288.560944101085
     0.166024901168   49.992184256845   15.313934087554  290.188803982820
     0.166404058596   50.115145541467   15.333117961072  291.492028744185
     0.167409640796   49.921041177256   15.285743255436  289.836240326547
     0.168025911756   50.043245895467   15.332154493782  291.384164466321
     0.169029464113   49.788291111604   15.390646532778  293.866086842638
     0.170043494377   49.657258813914   15.402330557276  294.543173808252
     0.171028862964   49.192108730118   15.358138746035  292.745733926112
     0.172037268368   49.362853648868   15.436491787350  295.268358425975
     0.173045673772   49.165158936410   15.458329233248  297.032158880001
     0.174060221146   48.808289745044   15.462072513543  297.157166513123
     0.174741671062   48.590672925437   15.453401827446  296.585624931072
     0.175424280819   48.539405081323   15.418484030963  295.578112419832
     0.175895896506   48.434221602775   15.463522679829  296.782530732826
     0.176874961934   48.471627131836   15.524495513110  299.341179249403
     0.177883408619   48.431075718653   15.505810417631  298.693457685164
     0.178892316142   48.144014084590   15.545384189100  300.777093444616
     0.179887418821   48.078996834026   15.569299724062  301.789067640345
     0.180744621589   47.987120614047   15.546070087193  300.722742873259
     0.181690001655   47.850662569574   15.620368457824  303.715062186024
     0.182697086618   47.896893267509   15.629053305442  304.067031158710
     0.183700422690   47.667609082770   15.614991390181  303.693760474217
     0.184704084038   47.054630220338   15.556625854163  302.405839100912
     0.185710039993   46.862303535802   15.588722532206  302.858979701335
     0.186176246761   46.707220530229   15.575757669106  302.313312841890
     0.187146677812   46.828968785017   15.655981142673  306.131327973411
     0.188103248068   46.770113537615   15.667532215854  306.746269591738
     0.189112155592   46.380007077517   15.669565587349  306.653993661120
     0.190112965548   45.424009892958   15.597494794669  304.025602203748
     0.191036819563   45.061261085259   15.591739865785  303.510877171284
     0.191449286511   44.878236213525   15.560118455781  301.780170055470
     0.192402485710   44.253102883997   15.558118842591  302.016692779748
     0.192643845037   44.128551615706   15.584753690023  302.809852508548
     0.192655951928   44.123468709740   15.585597856306  302.834019114034
     0.193628923391   43.304285649792   15.493819809996  300.377204995915
     0.194631858734   42.131659162267   15.460429901486  298.289981034932
     0.195633427771   40.739511940040   15.341315227502  293.926200845546
     0.196645319527   39.856965521878   15.288579844544  291.770718181253
     0.197646182336   39.080947674747   15.246025253259  289.413354497176
     0.198647553953   38.394485506127   15.245373037677  289.721322065778
     0.199648422750   37.615001744449   15.160810761598  286.145328562308
     0.200658166733   37.285053891492   15.181642393446  287.248912912783
     0.201669799107   36.930816712216   15.174368166683  286.805468965834
     0.202672334412   36.817724893227   15.202200911140  288.018347439602
     0.203491325198   36.188430415291   15.142487627619  285.884844914392
     0.203966525082   35.937547557289   15.166906692689  286.678276467624
     0.204971237652   35.193353747512   15.137252772024  284.841240553368
     0.205979799359   34.431888001381   15.032176041298  282.177982392349
     0.206991958235   33.866609590525   14.976034579295  279.470408395836
     0.208004530430   33.572129077171   14.987670224271  279.914404358097
     0.208678758895   33.173092366789   14.960561586765  278.991878711481
     0.209658338992   32.841437172602   14.976206443190  277.931226032969
     0.210661038697   32.524698566285   14.948307720168  278.140321845567
     0.211585088502   32.744565692032   15.010175143293  281.044581932023
     0.212597021659   32.375834030758   14.991986715221  280.112767052586
     0.213615593777   32.162591204242   15.002116716367  280.903086234416
     0.213976366340   32.055272263835   15.016314153364  281.234796554964
     0.213987895341   32.051620723809   15.016117797338  281.227452310059
     0.214801003326   31.860203959169   15.004672377144  280.278247627853
     0.215808611277   31.779900525298   15.014829464359  280.172959174542
     0.216150981233   31.795066002736   15.006871614173  280.792579727485
     0.216165272112   31.790906429309   15.007675251958  280.860456638683
     0.217107456747   31.762560269235   15.041040291036  281.622857152407
     0.217666653706   31.857686015203   15.091848080857  282.966033024240
     0.218292760589   31.610693247397   15.046098567868  281.308386176136
     0.219293915040   31.364136848265   15.037333111403  280.955077896333
     0.219759179853   30.925261696362   15.003201580523  279.694290080787
     0.220768897443   31.019329368209   15.038221823366  281.091098559868
     0.221227563214   30.727911556803   15.014157992780  280.446039635869
     0.222031014336   30.566317363773   15.002352239017  279.577088050743
     0.222906074444   30.288430454612   14.985970672315  279.079084526323
     0.223824621613   30.251458177941   14.989710421912  278.826798907054
     0.224133532662   30.243060981304   14.995893008114  279.365823403632
     0.224955634329   30.202230969516   15.008825863560  280.741791739093
     0.225733118819   30.431313062121   15.041068973732  282.036100938864
     0.226387899922   30.327534550798   15.031431966769  281.567868357720
     0.227163187981   30.334951786362   15.039075720196  281.414344058014
     0.228152825233   30.242920936783   15.025841607155  281.078652725238
     0.228757206717   30.337320268946   15.033131737048  281.124444932875
     0.229356599039   30.315749063259   15.033020597149  280.990910366104
     0.229874161624   30.333982957851   15.040253677406  281.329876646049
     0.230332851280   30.540819166671   15.066947710231  283.129588697652
     0.231240148684   30.649967317922   15.102549757210  284.628920572476
     0.232136902937   30.693066244128   15.105197785444  284.591145362494
     0.232537055395   30.597124524512   15.099705386580  284.399645056646
     0.233208022141   30.655508688321   15.104654488945  284.628088274609
     0.233958386384   30.573252614653   15.116070805495  284.967894025252
     0.234424622204   30.519390743819   15.103875532503  284.452346646651
     0.235385739940   30.452195662181   15.104605250996  284.300770690211
     0.235712522615   30.436677417347   15.105063402032  284.115342276404
     0.236204354198   30.445982019705   15.103377570095  284.028112328317
     0.237099272700   30.435115803298   15.107813959699  284.107365794877
     0.238032777166   30.422261693426   15.114740538628  284.658187561084
     0.238556770257   30.327523005198   15.099868861585  284.041894757608
     0.239535046430   30.346594577986   15.120732795864  284.920759845729
     0.240175781219   30.168154609832   15.088016231647  283.428719469925
     0.240777953015   30.374071283501   15.115646342599  285.472062485932
     0.241625561036   30.453390172933   15.140622340614  286.774561585159
     0.242378879197   30.731184995860   15.158938356698  287.302167645546
     0.243313734394   30.762864143448   15.152386790284  286.519147069836
     0.244088147021   30.928006282504   15.173774726308  287.359034893979
     0.244442108011   30.904500261318   15.164764590995  287.124118760018
     0.244876310102   30.957442634744   15.170998063253  287.151067236470
     0.245787917300   30.979580882686   15.183357125197  287.591614563364
     0.246441978949   31.050276337950   15.185160085062  287.651036522701
     0.246999100095   31.090158671994   15.204048923090  289.171408856916
     0.247676606922   31.192724641907   15.229710110976  290.432564559558
     0.248431697165   31.352770543872   15.242197047416  291.648757655822
     0.248895063583   31.297640387093   15.243152067111  291.485461071481
     0.248983889006   31.301669975206   15.244628421020  291.448291039706
     0.249698262184   31.430201647682   15.250957269794  291.463998141940
     0.250304894053   31.371820033857   15.261683504423  291.600293991877
     0.251136626340   31.468410891580   15.261941930510  291.662109937612
     0.251557686844   31.353036309727   15.245479589631  291.319320623546
     0.252401569520   31.467396437971   15.274246497814  292.056642385521
     0.252671336056   31.422418451760   15.281996404511  292.284716415538
     0.253629334009   31.357926105053   15.267767882638  291.673172908338
     0.254587171686   31.297994479958   15.265083682709  291.377755389872
     0.255124780526   31.356331213158   15.268630458709  291.562324076709
     0.255855735308   31.549428864781   15.313874620888  294.078630803929
     0.256460950962   31.606825604170   15.330392966771  295.231878484953
     0.257033119465   31.746169100725   15.339791719566  295.993075227093
     0.257519926034   31.734564621102   15.361302679095  296.382260663112
     0.258143012973   31.800320175564   15.346901774500  296.007098611250
     0.258743241398   31.778103710553   15.367842498938  296.571888038774
     0.259143229404   31.756800337722   15.368342331240  296.420068818052
     0.259788152708   31.736033970427   15.356559777336  296.287568464395
     0.260136019007   31.703086411898   15.365570739102  296.408978265276
     0.260776130661   31.746928898381   15.376011703471  296.728035687580
     0.261679159486   31.637695600633   15.371917542255  296.499381886761
     0.262102561182   31.644130369186   15.363630155635  296.560580225743
     0.262112893768   31.642244054101   15.364019554128  296.574357741218
     0.262584485972   31.528364031882   15.374919958471  296.933676242647
     0.263094213355   31.540672214090   15.374138413186  296.839321205844
     0.263942707514   31.440585920369   15.373399322211  296.869805524733
     0.264294461697   31.406205698344   15.366946628205  296.471927590309
     0.265044469897   31.437295106384   15.370508394207  296.582124972668
     0.265843771519   31.429700799125   15.375438013135  296.317228784552
     0.266213009843   31.460995312819   15.372446057879  296.301645278974
     0.266717069177   31.362262713400   15.371466492807  296.019335778922
     0.267203385344   31.442934516830   15.376229023934  296.080953040382
     0.267491062910   31.488439915297   15.390521785345  296.483208871403
     0.268335704542   31.357825450991   15.388844049530  296.345073244436
     0.268923862545   31.544641692105   15.428573573835  298.567135312044
     0.269611170364   31.420404081060   15.429450043940  299.387003416126
     0.270461198517   31.583517014170   15.459798047176  300.523709260445
     0.270991782342   31.261887544813   15.429391938563  298.591593957943
     0.271472112923   31.193632551707   15.391060448783  296.860272521097
     0.271664134534   31.230946522900   15.399074649630  297.167794947494
     0.272105806984   31.104931560768   15.398655709009  297.484194312397
     0.272993367612   31.035305940095   15.383655211994  296.434833277340
     0.273661407239   30.926943535443   15.376394909529  296.094240449325
     0.274228777207   31.022359967950   15.380128945182  296.559530304266
     0.274778022644   31.322557896645   15.437331660842  299.995111116120
     0.275611917434   31.327300949684   15.448652770598  300.398169482558
     0.276363535660   31.438958398380   15.469038575647  301.181083664532
     0.276707714490   31.315821821451   15.457382552700  300.800132595661
     0.277207590083   31.442229753949   15.468857713481  300.790714623969
     0.277673620183   31.535430054087   15.487227325752  301.547513469034
     0.278196591510   31.432629649123   15.477055399874  301.151622148898
     0.279036210318   31.624158964807   15.501036049561  301.668343400307
     0.279365413149   31.511500969127   15.491604720131  301.415718995869
     0.280091378888   31.544151440212   15.483009443871  301.016161450196
     0.280968339833   31.439564356892   15.488698967445  300.975738621137
     0.281559816984   31.530260892148   15.498732436443  301.674020411717
     0.282092933327   31.651159838724   15.538682423724  303.924067254766
     0.282543829505   31.694500414146   15.542388018421  304.626833537365
     0.283325876882   31.952983691843   15.588150941628  306.156057997280
     0.283818126111   31.875110749621   15.572173709987  305.832887646407
     0.284446980269   31.946913037860   15.577249477354  305.753067301909
     0.284749789597   31.973755194929   15.585075654323  306.345016261206
     0.285503806930   31.905796003175   15.581174977786  306.567350381323
     0.285997058165   31.966281940218   15.608467429955  307.252003588757
     0.286791214027   31.783785750258   15.583047952514  306.592854438661
     0.287239414984   31.855814590538   15.594295017614  306.849918273630
     0.288058214329   31.730036206419   15.593930472583  306.926583595688
     0.288596833783   31.774645053987   15.596870254499  306.816707133847
     0.288991161774   31.788830475721   15.594776541535  307.093665425024
     0.289682198133   31.715601473568   15.598864507448  306.947932362686
     0.290418075865   31.812069134765   15.616838188206  307.739089608338
     0.290815866148   31.696822465741   15.597139988593  307.159075387798
     0.291407473023   31.811309186591   15.607621979475  307.411506117725
     0.291947194063   31.810207189923   15.616598428150  308.049349951674
     0.292521491035   31.789900488905   15.618793828527  307.513426193743
     0.293106414531   31.870576738751   15.624879107648  307.677486019263
     0.293702156774   31.800933892975   15.609939868335  307.021811690873
     0.294250829121   31.916667054367   15.628806486247  307.120880311575
     0.294648516182   31.896352539750   15.626340044640  307.042695264818
     0.295178646095   31.897750409475   15.627377292654  306.850758414585
     0.296031685024   32.027161288226   15.666965515158  309.377901904489
     0.296584161874   32.086155481375   15.679808767823  310.141039855004
     0.297174786270   32.168958281004   15.691656858844  310.928851105509
     0.297822884122   32.029914575759   15.689407178590  310.627093249388
     0.298186985276   32.060784295082   15.689795042136  310.692457113860
     0.298682709761   31.995896249559   15.690705121544  310.253920291104
     0.299411515577   31.818636032120   15.629465842723  307.239953352138
     0.299718978653   31.821707473408   15.643816895011  307.542151956228
     0.300441065444   31.630918253792   15.609260951533  306.545176452185
     0.300965651886   31.721367958880   15.640188267440  307.466888134617
     0.301526229326   31.730812590577   15.652135187001  309.178564681115
     0.302109644028   31.834829236360   15.670475471167  310.076827783892
     0.302115634297   31.838535930274   15.670799075822  310.097448262971
     0.302116156048   31.838859435591   15.670827705037  310.099259749052
     0.302594471236   32.007729124788   15.708285155413  311.877493134695
     0.302874934474   31.945850315879   15.707564478272  312.001169276682
     0.303453864807   31.932897861581   15.695252695570  311.519866474850
     0.304117560411   31.918236489708   15.714517286300  312.535092230816
     0.304667525630   31.824742478356   15.702005552772  311.931070421172
     0.305354490229   31.805432254261   15.713881324917  312.451102650850
     0.305917592233   31.691180982885   15.710976177860  312.056098174567
     0.306505295991   31.849960120959   15.717541479818  312.803849035384
     0.307026845912   31.699045711480   15.725520265902  312.663036343933
     0.307549578183   31.775761301637   15.716663723646  312.068725290919
     0.308245464846   31.751436091906   15.725195720736  312.302036989269
     0.308663774455   31.787464553276   15.725195693823  311.907622959440
     0.309460872291   31.796508353253   15.730980770486  311.793978915394
     0.310274377458   31.913095596913   15.755212912606  312.554244089870
     0.311087882625   32.002966601005   15.781937321510  314.876722893807
     0.311816499185   32.225778418844   15.806805618774  316.626634208469
     0.312674378902   32.293906605167   15.811661486792  316.610817874212
     0.313380420288   32.274886727745   15.801111966093  316.482575700902
     0.313772702551   32.281979010104   15.798925729824  316.174832253764
     0.314234560114   32.371360186289   15.808718572469  316.366433275326
     0.314981126348   32.334973319157   15.801571338572  315.812243476675
     0.315688782706   32.390956567042   15.807832963515  315.560555831191
     0.316420010089   32.391701767501   15.800117325345  315.137027929191
     0.317170602992   32.391965688726   15.813363077257  315.471822434397
     0.317874184545   32.431156075448   15.828678369513  315.846477733323
     0.318402387396   32.402875202790   15.824243523871  315.846848572419
     0.319229405878   32.408245598443   15.830221377100  316.817570269959
     0.319865690302   32.462554372712   15.866682996006  318.933666004565
     0.320637870162   32.534906409648   15.874792432411  319.374263966700
     0.321287612656   32.420954213418   15.879393036922  319.386129952100
     0.321905195412   32.428771612035   15.875490794507  319.469670551180
     0.322563377352   32.330610469421   15.863678834574  318.958339490038
     0.322917160092   32.343904899230   15.871830834513  319.055177080423
     0.323630798903   32.366697293581   15.878005897238  319.497311795001
     0.324488678620   32.454767571015   15.884231634036  320.167466052173
     0.325346558337   32.524154742272   15.886014787216  320.611378850451
     0.326204438054   32.551921016806   15.913510733310  321.863356661335
     0.327062317771   32.425132001124   15.901431214743  321.407056362568
     0.327920197488   32.526318267451   15.909282478955  321.639813091288
     0.328778077205   32.521957530966   15.899490260898  320.730087334215
     0.329635956922   32.623267488740   15.907551637001  320.198720721655
     0.330493836639   32.790301521040   15.935338788981  322.012726527618
     0.331351716356   32.995511829660   15.978207994476  324.986387725983
     0.332209596073   33.084295512691   15.991829131565  325.631446139610
     0.333067475790   33.101876196934   15.999486244442  326.028197151446
     0.333925355507   33.000764140921   15.992132100462  325.668492372744
     0.334783235225   32.945694404862   15.995208739747  325.799028304481
     0.335641114942   32.917453851538   15.995594549013  325.852914553434
     0.336498994659   32.872371876389   15.994454098713  325.819811917756
     0.337356874376   32.828191742044   15.995721949920  325.852938583618
     0.338214754093   32.832438978624   16.002155866241  326.126972520708
     0.339072633810   32.827654895514   15.996827097229  325.469900260391
     0.339930513527   32.884424417907   16.011356971109  324.908046713558
     0.340788393244   33.093123288810   16.057959784849  328.103836438110
     0.341646272961   33.227074342734   16.092013162800  330.324010658413
     0.342504152678   33.268787198522   16.094504787285  330.079253246975
     0.343362032395   33.264685657945   16.098074259041  329.507647267890
     0.344219912112   33.183608088720   16.097900857676  328.684911856790
     0.345077791829   33.346399654796   16.133819063245  331.611704761632
     0.345935671546   33.385834110579   16.156503820931  333.364842829162
     0.346793453905   33.361297437329   16.161007432173  333.568701881653
     0.347650798991   33.294372738793   16.155237021311  333.364225090111
     0.348507608056   33.282333814592   16.156951191310  333.319791842347
     0.348533307747   33.280058373059   16.156566641845  333.299396820767
     0.348541874253   33.279231842542   16.156434872424  333.292553800648
     0.349398195518   33.192755451364   16.146701059219  332.710803551060
     0.350254041135   33.196926966813   16.149416876320  332.480955262906
     0.351109376340   33.183247313935   16.150743986139  332.215632631076
     0.351964202352   33.111340684295   16.153068084745  332.300349640158
     0.352818546231   32.995675160265   16.151631178540  332.248437622494
     0.353672391446   32.930424473036   16.151609522164  332.338997690354
     0.354525759798   32.835639369296   16.149815152399  331.741619401831
     0.355378631725   32.776135065181   16.151554677768  331.486618338925
     0.356231046625   32.722829471626   16.154216719436  331.365565276488
     0.357074472554   32.893437420654   16.194017460256  335.083284678816
     0.357925916855   33.013267155283   16.217095364073  336.323054907920
     0.358776857165   32.995583548426   16.217809247148  336.357341049257
     0.359627413197   32.939270426759   16.213198215985  336.068253899388
     0.360477918302   33.024968357517   16.221413812930  336.119280962120
     0.361328423407   32.996214337711   16.218378955458  335.152519135780
     0.362178928513   33.003145534724   16.228928474645  335.140409381403
     0.363029433618   33.004637799335   16.252875732757  336.518750625426
     0.363879938723   33.169018872907   16.297788700807  340.081874050423
     0.364730443829   33.240554877524   16.307306090565  340.555679447370
     0.365580948934   33.187637842724   16.313438820185  340.900665518446
     0.366431454039   33.098204405470   16.313982406192  340.871388003926
     0.367281959144   33.047331782611   16.312380752185  340.755021988776
     0.368132464250   33.049408593545   16.309746969894  340.532761507092
     0.368982969355   33.100961149497   16.315560466384  340.435262023597
     0.369833474460   33.016910662483   16.309162383187  339.790014202746
     0.370683979566   33.022409888740   16.320481444715  340.020368628726
     0.371534484671   32.949858704754   16.329572378653  339.631371412660
     0.372384989776   32.966433817543   16.350962924277  341.270561753032
     0.373235494881   33.100177682305   16.390612065602  344.484049881326
     0.374085999987   33.120432015363   16.400764857482  345.061836119965
     0.374936505092   33.069874000267   16.406185455586  345.302280711540
     0.375787010197   33.002599604799   16.407874898495  345.316469836228
     0.376637515303   32.942328338994   16.407892932918  345.084138603083
     0.377488020408   32.864912679769   16.403539626375  344.771822458068
     0.378338525513   32.861440888564   16.403827016299  344.913869706497
     0.379189030618   32.942689818470   16.412945094275  345.581797345524
     0.380039535724   32.979677924557   16.415956438801  345.771097944307
     0.380890040829   32.980964492606   16.418620343741  345.890064108350
     0.381570947995   32.991670090221   16.419237270606  345.887052276552
     0.381992451095   33.000388673752   16.420285964896  345.863694872748
     0.382625347697   32.998478187649   16.419384978809  345.632611848089
     0.383258244299   32.963388825003   16.461285158767  345.923584632043
     0.383891140900   32.858934556790   16.440824306404  344.919635427952
     0.384524037502   32.850941965627   16.452609071734  344.971963089475
     0.385156934104   32.698785852152   16.450363014657  344.520231690125
     0.385789830706   32.773467129014   16.493216304614  347.498368929001
     0.386422727307   32.847872176295   16.512549524192  349.215141050615
     0.387055623909   32.847338402366   16.525573103097  350.085427960263
     0.387688520511   32.853616878475   16.528570470628  350.256110259545
     0.388321417113   32.767939737177   16.522741530292  349.998949699254
     0.388954313715   32.785665838641   16.527141098349  350.228359960715
     0.389587210316   32.781960193653   16.521180017698  349.924395732518
     0.390220106918   32.777692803566   16.520497322956  349.992527178078
     0.390853003520   32.838560548207   16.525152757675  350.184446213806
     0.391485900122   32.844597433618   16.528762284498  350.300318272245
     0.392118796723   32.879768628266   16.531885832640  350.453044669960
     0.392751693325   32.913263786591   16.536196920215  350.553256968465
     0.393384589927   32.906853261182   16.537010360420  350.564193100990
     0.394017486529   32.928252467990   16.537964222245  350.533825721018
     0.394650383130   32.918921568555   16.539534636510  350.504036312079
     0.395283279732   32.899624671425   16.535978102832  350.082857534464
     0.395675675625   32.845251201598   16.530117483435  349.456277523626
     0.395682004591   32.844890363799   16.530064705235  349.445715595574
     0.396314901193   32.862901526444   16.535777540695  348.924969266753
     0.396947797795   32.893731242154   16.553247758502  349.693441027411
     0.397580694396   33.056063210095   16.598508299615  353.395212343072
     0.398213590998   33.158889820717   16.617607656404  354.504106851161
     0.398846487600   33.094883037230   16.619853012561  354.671320975846
     0.399479384202   33.057616197481   16.621422244258  354.744121533461
     0.400112280804   33.037794646483   16.616987170284  354.493404511098
     0.400745177405   33.007107251806   16.615131102086  354.439600510917
     0.401378074007   33.052118092686   16.619021974798  354.677090045280
     0.402004641643   33.016130790222   16.615879346797  354.479053063263
     0.402637538245   33.066188878023   16.626977154185  355.023498711308
     0.403270425588   33.077559868849   16.623692803201  354.822795100125
     0.403903098755   33.093939731880   16.633807890350  355.321441675221
     0.404535589282   33.104201806442   16.634973491031  355.377525501922
     0.405167811052   33.099040594396   16.631419116232  355.162859652187
     0.405799793095   33.094062365965   16.627799900140  354.939659314557
     0.406431561171   33.143256342445   16.630005721240  354.949511141931
     0.407063056484   33.083815113998   16.630945006306  354.808813475176
     0.407694319376   33.061518311787   16.631589795336  354.517523850813
     0.408325360372   33.030206534853   16.633437059520  354.005067762784
     0.408956158639   32.972851718683   16.631567981321  353.437061391161
     0.409586741301   32.967569500476   16.641916376128  353.511955548346
     0.410217078786   33.075814086337   16.671792026663  356.424521053190
     0.410847165954   33.189790578811   16.702966515273  358.595860358224
     0.411477036851   33.193724157500   16.709612643935  359.040469246670
     0.412106655683   33.110418184364   16.709137775798  358.936956640388
     0.412736043300   33.083730092000   16.712046111433  358.971950019335
     0.413365217589   33.040030753190   16.704701142034  358.584077192896
     0.413994145796   33.017331964592   16.703611680768  358.539205252462
     0.414622853353   33.047795618894   16.703274293484  358.652127377545
     0.415251334325   33.098667846961   16.710309886449  359.073558031555
     0.415879563330   33.122873704620   16.718896907490  359.499735648446
     0.416507560055   33.104468669923   16.715511141722  359.275513457330
     0.417135323203   33.148552060720   16.715787686845  359.086553993716
     0.417762881210   33.293895206070   16.742925229945  360.410115032049
     0.418390194735   33.178269161889   16.748072210929  360.895727351097
     0.419017278046   32.997204684459   16.731765666645  360.066752097853
     0.419644128295   33.069236219860   16.732857550451  360.011106745774
     0.420270742198   33.089897808346   16.726158047207  359.293677719115
     0.420897126763   33.031162215177   16.717760734036  358.131204464126
     0.421523311617   33.119328865912   16.732106280786  358.403493688849
     0.422149248575   33.053506671008   16.737884707024  358.244299147705
     0.422243122754   33.063541752037   16.741992883016  358.581022934816
     0.422249380829   33.062090635592   16.742573927401  358.620543001175
     0.422807017407   33.236536782978   16.782538766849  361.824930051300
     0.423354473942   33.381414007370   16.800567113911  363.313856592424
     0.423901930478   33.235296992367   16.791528873098  362.601393434851
     0.424429798078   33.027120669838   16.753072283889  359.852179749071
     0.424954294922   32.902652663228   16.730669725302  358.603877411335
     0.425474422589   32.893512941506   16.735488350216  358.470878995192
     0.425990170053   32.706824080470   16.690960229305  355.341062026431
     0.426666919213   32.538771063432   16.664986723398  354.321180175006
     0.427387015344   32.513179382959   16.665801228746  354.185380486217
     0.428099668092   32.597381457122   16.667377210798  354.393673806354
     0.428819197221   32.734441318068   16.705203985574  357.216536524218
     0.429538424277   32.935154122110   16.756662835873  360.057229150940
     0.430257380678   32.973486395543   16.775447256998  361.062051885931
     0.430976068754   32.889815372006   16.774470279122  360.878648747873
     0.431694440490   32.830126149519   16.766521451918  360.454622785757
     0.432412499800   32.864578068450   16.767023246183  360.594739980711
     0.433130293347   32.896227343292   16.766499808408  360.554519593769
     0.433847815621   32.951758144203   16.772745606385  360.737048698394
     0.434565013148   32.934882956807   16.777081261757  360.887434349540
     0.435282166808   32.919094206771   16.781025870715  361.059435755929
     0.435999320469   32.960617527469   16.782426240252  361.124342431220
     0.436716474129   32.985835773356   16.775538927624  360.898513690705
     0.437433627789   33.059788415824   16.779471828464  361.242485888174
     0.438144623148   33.160881807297   16.789475002035  361.989344110182
     0.438860079690   33.257034573098   16.800870393525  362.657133658315
     0.439575263501   33.252726536747   16.799030086839  362.470229823144
     0.440290141405   33.222639617483   16.797576107468  362.229845138404
     0.441004711098   33.261508156110   16.806123760792  362.912901494751
     0.441679111219   33.314457499041   16.810715855556  363.064746273282
     0.442308312336   33.337316178172   16.816564376705  363.291214303376
     0.442940352308   33.289615180350   16.815303838297  363.180312090492
     0.443541559852   33.323627578475   16.824410156710  363.194947024335
     0.444201844774   33.321998607939   16.819373980692  363.001194291505
     0.444862129695   33.309240365893   16.840035460530  363.945792407005
     0.445522414616   33.256535794629   16.841422076406  363.814072563440
     0.446182699538   33.225484405309   16.848320678568  363.714837004462
     0.446842984459   33.147358287812   16.846487534312  363.410910890716
     0.447503269381   33.072469364642   16.839739530450  362.963325551813
     0.448151234329   33.097621984226   16.844031392313  362.798298333583
     0.448783919085   33.124053924092   16.853258339796  363.453321552897
     0.449431849215   33.300413917016   16.894599272029  366.690532372187
     0.450079562249   33.464508072736   16.919541683709  368.361781461719
     0.450742988055   33.437452450035   16.921082359020  368.438253138773
     0.451406147089   33.290593316071   16.919982510841  367.922853365660
     0.452069059819   33.164621797429   16.911245899692  367.279433429056
     0.452731763864   33.122365956394   16.906933313101  367.062401316192
     0.453394211301   33.110533787156   16.912210878139  367.464373274957
     0.454056387315   33.137914965156   16.921015094658  368.182815029755
     0.454718336947   33.254113807188   16.936479346318  369.063703069693
     0.455380064388   33.235214838669   16.929761003707  368.688502391258
     0.456041520138   33.225793747813   16.929428160841  368.479894996665
     0.456702785144   33.256586168870   16.930006059877  368.485833910642
     0.457363825655   33.257096904760   16.925591313872  368.284153626670
     0.458019358799   33.231083564844   16.922856462080  368.171095603358
     0.458664092957   33.251160204876   16.932195184848  368.629380613737
     0.459313876650   33.208656579947   16.943276801041  369.061650561619
     0.459952872250   33.164232980392   16.958347472540  369.917907950112
     0.460612762128   33.090389522401   16.966323301260  370.334910458622
     0.461272415434   33.018997865905   16.965199159225  370.368048038417
     0.461931828467   33.001884402610   16.963653978385  370.387907848150
     0.462591028911   33.008498533129   16.959502583243  370.243970583476
     0.462966664714   33.016754629370   16.956637309074  370.128753213228
     0.462973253850   33.017114222665   16.956599069486  370.127371384892
     0.463600966875   33.067995009304   16.956845477727  370.210689306606
     0.464183808408   33.106056017947   16.956793384344  370.240592522558
     0.464748168480   33.125285234321   16.958940745302  369.959708061752
     0.465312347362   33.119915545932   16.964830201925  369.775741866751
     0.465876345801   33.150376162380   16.976741283450  370.458371783874
     0.466413124339   33.145579444711   16.977817525450  370.084202453968
     0.466958749805   33.153350147842   16.976523420006  369.516463453295
     0.467522270466   33.195618139498   16.982894960713  369.339033243374
     0.468085619482   33.204312636486   16.992047763203  369.586355510355
     0.468634147942   33.302480824111   17.022435257660  372.116436212741
     0.469192667870   33.417353848759   17.049291879143  374.072866968568
     0.469741991837   33.456581855424   17.064113904264  375.046133796681
     0.470286667400   33.422787133905   17.069522228852  375.315032007696
     0.470844688351   33.322715362484   17.066631680413  374.932270839497
     0.471407022024   33.245101313864   17.060353669508  374.523706673358
     0.471969202208   33.212118151397   17.055183530442  374.286768293758
     0.472531207249   33.229082302641   17.059195997672  374.506912639555
     0.473084072467   33.258247661641   17.062605088362  374.797762277761
     0.473645762316   33.254886897976   17.064720567914  374.853754672471
     0.474207299575   33.280851801777   17.069127688431  375.250959932448
     0.474768661631   33.344140904158   17.079829655709  375.814110605321
     0.475329860591   33.333576474034   17.085832371897  376.097156896412
     0.475890897012   33.281351860435   17.086220840260  376.080662128522
     0.476451756388   33.285696043314   17.094043514590  376.416804304868
     0.477007977003   33.268009348632   17.094450644034  376.574078045165
     0.477568508875   33.263324234572   17.097462058999  376.828154432547
     0.478110942483   33.283856886723   17.100419250256  376.971993066657
     0.478662185364   33.281203254393   17.098745678625  376.780684955572
     0.479222222401   33.289450342934   17.100140749711  376.696056900063
     0.479757142947   33.284556497274   17.096990993683  376.275887827994
     0.480259587608   33.290702863460   17.092281471247  376.190120617414
     0.480772525685   33.330487814610   17.097248930859  376.672523858156
     0.481285348333   33.350954524752   17.102152931997  376.528724262674
     0.481798020689   33.343157610072   17.102256807826  376.144740019980
     0.482310543640   33.344046943591   17.102579521283  375.839592057494
     0.482818865890   33.294754186519   17.102157763596  375.494592278900
     0.483331117463   33.278053956574   17.108563338300  375.414066626443
     0.483835072695   33.254648858870   17.116300742976  375.666098534199
     0.484310196816   33.329206374022   17.148270310123  378.113512114752
     0.484805691141   33.406427244093   17.169819101250  379.815640358048
     0.485313336513   33.431830471928   17.182379468717  380.706158985825
     0.485816745906   33.434169045781   17.186720602368  380.911347421673
     0.486320037012   33.370484172279   17.178609697487  380.466265625036
     0.486814993663   33.343573714485   17.175870667337  380.294016216321
     0.487326192413   33.280484540285   17.170490222218  379.819184959926
     0.487825037727   33.237911679125   17.166665155458  379.500567691876
     0.488319640077   33.208505360571   17.159434997975  379.103309860541
     0.488830497237   33.214791652423   17.161404892376  379.280737629131
     0.489341202278   33.233908322471   17.167740451514  379.738947961127
     0.489851777420   33.261276088869   17.179990328089  380.308913093041
     0.490362233775   33.234740696250   17.187062076029  380.722809918527
     0.490864364876   33.248262047698   17.199425781633  381.448243414447
     0.491374556288   33.195543767455   17.202028142004  381.647670243430
     0.491884592333   33.166278064478   17.205381847876  381.839708481410
     0.492394500016   33.163646530159   17.206369084402  381.939893879497
     0.492904300859   33.154100177290   17.208827075166  382.085054980464
     0.493413941805   33.159341374021   17.209184564002  382.158444354629
     0.493923474383   33.153942992439   17.207584947409  382.062295764438
     0.494432863486   33.144472195504   17.207170691260  382.038393995862
     0.494942122616   33.153859169145   17.210369950669  382.149243982531
     0.495439037210   33.129291601765   17.211362218860  382.201750106571
     0.495948013546   33.134507349992   17.215112387177  382.412416150197
     0.496456872769   33.093026933125   17.204364156293  381.894149283355
     0.496957477403   33.194503556047   17.218229549793  382.316232634199
     0.497437593357   33.280638886167   17.230908810563  383.238547710978
     0.497795582922   33.209420026493   17.233495570991  383.622842706904
     0.497800667533   33.207464239370   17.233396035688  383.616353938783
     0.498288110751   32.985612966064   17.204986679465  381.873663139413
     0.498772356515   33.009307476195   17.201210295591  381.579879838504
     0.499246250797   33.132936568042   17.210819915383  382.056459559082
     0.499731329348   33.153741833999   17.209012704987  382.075582556037
     0.500017266556   33.170562847206   17.212731683218  382.261951952165
