# {0} signal over time, extracted at r = 500 km
# All quantities are measured in a resting observer's frame at infinity
# cols=4 rows=784
#              time        luminosity               <e>             <e^2>
#               "s"           "foe/s"           "MeV^1"           "MeV^2"
  -4.5276956278e-04  1.1023409842e-06    8.289984778757   79.058295988435
  -4.4815571408e-04  1.0973999894e-06    7.190566214047   64.806508817724
  -4.1354347149e-04  1.0799146614e-06    4.678059777791   32.237650804075
  -4.0208485818e-04  1.0834200666e-06    4.415645051523   28.852856690984
  -3.9442581166e-04  1.0889048957e-06    4.287378358537   27.194609423256
  -3.8608990705e-04  1.0976541652e-06    4.173671459220   25.726004524568
  -3.7814340676e-04  1.1086509685e-06    4.083571153680   24.565754994159
  -3.7080426348e-04  1.1210239657e-06    4.012226736851   23.650749710974
  -3.6312761039e-04  1.1360143758e-06    3.948034881116   22.825547810307
  -3.5514427381e-04  1.1536521739e-06    3.890430353264   22.082698750570
  -3.4712234773e-04  1.1733020790e-06    3.839890700438   21.430047289257
  -3.4540200541e-04  1.1777529214e-06    3.829853938433   21.300437886952
  -3.3710645750e-04  1.2003371339e-06    3.785215186299   20.722575673226
  -3.2814908597e-04  1.2267100118e-06    3.742786712830   20.171631956313
  -3.1960281219e-04  1.2537609820e-06    3.707069665332   19.706051466353
  -3.1118410237e-04  1.2821886226e-06    3.675733829638   19.296187833518
  -3.0261943495e-04  1.3129082877e-06    3.647225927181   18.921862623855
  -3.0065202291e-04  1.3202178679e-06    3.641069451085   18.840958044360
  -2.9474406562e-04  1.3427491641e-06    3.623559040878   18.610063330651
  -2.8753443843e-04  1.3714096023e-06    3.603769431323   18.348427688792
  -2.8120793565e-04  1.3976193145e-06    3.587703600389   18.135403311758
  -2.7483847364e-04  1.4250154348e-06    3.572663975941   17.935280514300
  -2.7126164350e-04  1.4408460519e-06    3.564670875594   17.828668512993
  -2.6599116253e-04  1.4647601388e-06    3.553446039590   17.678568419018
  -2.6009288667e-04  1.4923575472e-06    3.541598226277   17.519708738174
  -2.5527198224e-04  1.5155722227e-06    3.532441885096   17.396553291852
  -2.4819531129e-04  1.5507335342e-06    3.519788645346   17.225825425973
  -2.4122800672e-04  1.5866171523e-06    3.508167545831   17.068364612812
  -2.3334870980e-04  1.6287324087e-06    3.495977406839   16.902292807844
  -2.2497486497e-04  1.6753776035e-06    3.484036162047   16.738406773016
  -2.1890568730e-04  1.7104650699e-06    3.475964689030   16.627062031263
  -2.1126241168e-04  1.7562127381e-06    3.466438980000   16.494986476580
  -2.0515871549e-04  1.7940098955e-06    3.459309259514   16.395609544348
  -2.0511929847e-04  1.7942574986e-06    3.459264168198   16.394978629957
  -1.9923666063e-04  1.8317671369e-06    3.452766381173   16.303967342246
  -1.9164214529e-04  1.8817668197e-06    3.444878220760   16.192839241813
  -1.8350051687e-04  1.9373560673e-06    3.437002989951   16.081111822237
  -1.7493526865e-04  1.9980752052e-06    3.429313832869   15.971149896177
  -1.6634645444e-04  2.0612832994e-06    3.422170836167   15.868100146579
  -1.5603431967e-04  2.1402695146e-06    3.414281783914   15.753101702581
  -1.4585592562e-04  2.2215608734e-06    3.407163421729   15.648086841136
  -1.3439176486e-04  2.3173447797e-06    3.399806134137   15.538650412575
  -1.2437640243e-04  2.4049303815e-06    3.393880905141   15.449860186254
  -1.1353028208e-04  2.5041219331e-06    3.387932456845   15.360105789151
  -1.0328882422e-04  2.6019797005e-06    3.382756879776   15.281241015561
  -9.4519878376e-05  2.6890209199e-06    3.378646641912   15.217970946032
  -8.6168226824e-05  2.7747280149e-06    3.374988453902   15.161078570223
  -7.8944699054e-05  2.8510773807e-06    3.372008399797   15.114328565665
  -7.1682130636e-05  2.9299134659e-06    3.369185908322   15.069566668901
  -6.5152270976e-05  3.0025781948e-06    3.366784493544   15.031113589733
  -5.8505465284e-05  3.0782769429e-06    3.364472227213   14.993669331394
  -5.2733587264e-05  3.1454353780e-06    3.362563576861   14.962447688571
  -4.6774152960e-05  3.2161661020e-06    3.360690122216   14.931452263357
  -4.1231442061e-05  3.2832213659e-06    3.359033204491   14.903715506727
  -3.5842352954e-05  3.3495954701e-06    3.357496648533   14.877698912669
  -3.0811442071e-05  3.4126088142e-06    3.356127030581   14.854235899843
  -2.5908216507e-05  3.4749980191e-06    3.354854220299   14.832144253890
  -2.1462117139e-05  3.5324080238e-06    3.353748842135   14.812725812329
  -1.6956228910e-05  3.5914029696e-06    3.352677006322   14.793645917610
  -1.2486364841e-05  3.6507357074e-06    3.351660288672   14.775296556843
  -7.7458927845e-06  3.7145436985e-06    3.350631739052   14.756456039947
  -3.4768785734e-06  3.7727836012e-06    3.349746874843   14.740005392291
   3.3440756667e-07  3.8254031952e-06    3.348990336244   14.725734108435
   4.1575990371e-06  3.8787790334e-06    3.348263343522   14.711808639326
   8.0746635115e-06  3.9340792047e-06    3.347552304465   14.697945839891
   1.1836427901e-05  3.9877739333e-06    3.346900279531   14.685005956940
   1.5735191851e-05  4.0440323804e-06    3.346255571286   14.671971007880
   1.8559394822e-05  4.0851711382e-06    3.345808960988   14.662769761395
   1.8598579550e-05  4.1321439503e-06    3.340377580654   14.625562265593
   2.5022070056e-05  4.2280271650e-06    3.339413926213   14.605140938379
   3.8452357939e-05  4.4333436968e-06    3.337757841398   14.566155502232
   5.6092700674e-05  4.7130562548e-06    3.336249978832   14.521573286539
   7.5060450980e-05  5.0270535681e-06    3.335454356146   14.482770565583
   9.2199645184e-05  5.3229028215e-06    3.335400555641   14.454802088408
   1.0812393170e-04  5.6084585399e-06    3.335884492404   14.434533389693
   1.2387344646e-04  5.9013467128e-06    3.336846188339   14.419666634762
   1.4112084293e-04  6.2344530636e-06    3.338429055227   14.409063228007
   1.5700944067e-04  6.5531422641e-06    3.340359716942   14.404354509432
   1.7374598715e-04  6.9015461520e-06    3.342868137388   14.404468337552
   1.8893975139e-04  7.2294927608e-06    3.345554770828   14.408942364839
   2.0660230659e-04  7.6251697494e-06    3.349155207350   14.419229967299
   2.2280638569e-04  8.0022741041e-06    3.352897564551   14.433348327511
   2.4017529151e-04  8.4219969513e-06    3.357364586405   14.453336178918
   2.5875618534e-04  8.8893831045e-06    3.362652669989   14.480151252382
   2.7648484339e-04  9.3536352471e-06    3.368176931437   14.510853269595
   2.9581776872e-04  9.8809715539e-06    3.374721448511   14.549911642094
   3.1640660946e-04  1.0467539948e-05    3.382272964593   14.597771371163
   3.3631188877e-04  1.1059892675e-05    3.390128429852   14.650047881914
   3.5699083737e-04  1.1702348463e-05    3.398849845685   14.710468929914
   3.7881546059e-04  1.2411115122e-05    3.408652171646   14.780816432832
   4.0208180794e-04  1.3202270808e-05    3.419743869061   14.862986521449
   4.2681698607e-04  1.4084641720e-05    3.432193284815   14.957965433098
   4.5323525161e-04  1.5076350930e-05    3.446042105876   15.066746523445
   4.8143694721e-04  1.6201860307e-05    3.460578720850   15.185609617746
   5.1172231057e-04  1.7550244964e-05    3.472932934194   15.295501529794
   5.3905053930e-04  1.9155207513e-05    3.465272602106   15.254775132655
   5.7026354265e-04  2.2303626531e-05    3.409217873355   14.797327201280
   6.0413435858e-04  2.8648404648e-05    3.294803116241   13.722686798459
   6.4101205130e-04  4.0240183169e-05    3.220508912314   12.896315237429
   6.8067101815e-04  5.9791409198e-05    3.208539282544   12.605215465372
   7.2306176560e-04  9.1247579398e-05    3.237394462343   12.643107832237
   7.6802271820e-04  1.4055797951e-04    3.291899825634   12.952031095397
   8.1627905573e-04  2.1844452147e-04    3.357270562572   13.435519344119
   8.6585613783e-04  3.3551988743e-04    3.400301602009   13.795820041118
   9.1880334731e-04  5.1851754148e-04    3.432730684188   14.055093311013
   9.7701377731e-04  8.1755831717e-04    3.478670369380   14.411331337545
   1.0378928883e-03  1.2949388904e-03    3.526122748053   14.822363087706
   1.1147409646e-03  2.2575754204e-03    3.601542199800   15.459666812131
   1.1985765533e-03  4.0531989496e-03    3.671820770495   16.060976351051
   1.2890705195e-03  7.4175427159e-03    3.753781200552   16.762030244359
   1.3915380163e-03    0.014231932011    3.835479741629   17.472317840749
   1.4956482007e-03    0.026524508230    3.932145085649   18.332655971862
   1.6079983089e-03    0.049550650100    4.037855735235   19.261478216712
   1.7419250349e-03    0.095801510851    4.193324461123   20.719703246236
   1.8719544109e-03    0.162401393249    4.372037764079   22.532204412015
   2.0315367525e-03    0.272786707467    4.646666074447   25.556621051650
   2.1740803366e-03    0.400021794823    4.939688684756   29.024274717867
   2.3400917842e-03    0.589201066889    5.339558718954   34.107901645459
   2.5113959390e-03    0.845514557236    5.822076095073   40.773010256839
   2.6827000938e-03    1.179417601005    6.357716626072   48.806636172916
   2.8540042486e-03    1.598941436334    6.908731853245   57.719669419092
   3.0253084034e-03    2.099771664662    7.440796879770   66.943367774322
   3.1966125583e-03    2.666974882639    7.937382883784   76.113610473199
   3.2736994279e-03    2.938637505893    8.147482786733   80.165662868708
   3.2754124695e-03    2.944769235661    8.152042619384   80.254670029450
   3.4718152934e-03    3.668031792294    8.647220147092   90.245546909161
   3.7028145243e-03    4.540281166738    9.162445597157  101.357722551465
   3.9338137552e-03    5.389571767148    9.613373243169  111.760213545432
   4.1648129861e-03    6.182663453138   10.007271179035  121.431372182034
   4.3958122170e-03    6.902645966975   10.353117990929  130.433999501973
   4.6268114479e-03    7.543330948382   10.656977217950  138.786203760480
   4.8578106788e-03    8.110252783985   10.925037236795  146.540711276973
   5.0888099097e-03    8.609096282122   11.161838772610  153.731098028672
   5.3198091406e-03    9.042203796754   11.369732209987  160.341711931470
   5.5484983791e-03    9.403283197921   11.547220526095  166.251695343368
   5.7920370495e-03    9.692987166004   11.702882473179  171.727281469280
   6.0433385599e-03    9.889771200282   11.823414411339  176.287576207216
   6.2963091051e-03   10.035669401994   11.906389765068  179.689060106443
   6.5467456574e-03   10.180930770085   11.962589234415  182.119619944879
   6.7971822097e-03   10.353140108543   12.005228764047  183.952894564632
   7.0476187620e-03   10.559941485254   12.042709641731  185.466188875608
   7.2983055639e-03   10.801208872326   12.080647215736  186.866932765664
   7.5522700284e-03   11.074209829364   12.122624407212  188.302563586040
   7.8062344929e-03   11.369713666255   12.169381712756  189.820479617084
   8.0601989573e-03   11.677559548681   12.220098757260  191.422628958669
   8.3141634218e-03   11.997771488717   12.272860838032  193.066004636122
   8.5681278862e-03   12.333131434033   12.324766377815  194.669198096373
   8.8220923507e-03   12.689341750653   12.377932499438  196.291903082649
   9.0760568151e-03   13.071774299286   12.433780307460  197.996968669009
   9.2641786407e-03   13.368307783821   12.474587930840  199.217782887228
   9.5181431051e-03   13.794964602314   12.531422596005  200.889926332578
   9.7721075696e-03   14.233565440036   12.587341648548  202.540827954451
     0.010026072034   14.693421033036   12.644783439354  204.228182432934
     0.010277775504   15.175328646176   12.703165173928  205.934341414976
     0.010532102080   15.660472257874   12.759195801151  207.587651141543
     0.010786428657   16.151205398329   12.814720597621  209.227599326960
     0.011040755234   16.666050146283   12.870815661884  210.875699220102
     0.011295081810   17.183233757721   12.922681517781  212.403150582255
     0.011549408387   17.693024220516   12.970203503208  213.802697096388
     0.011803734964   18.213854842839   13.018167490480  215.214489101479
     0.012058061540   18.723713359418   13.064607676263  216.600208418804
     0.012312388117   19.201387623328   13.105454289254  217.820817470390
     0.012566714694   19.674939743888   13.145909256066  219.013016480693
     0.012821041270   20.159215354934   13.188195166914  220.275508485465
     0.013075367847   20.595434345515   13.220911421289  221.251303222923
     0.013329694424   21.007672606982   13.249329607651  222.083518897652
     0.013584021000   21.433172776911   13.280636251889  222.986254696404
     0.013838347577   21.836412658879   13.307373181567  223.756157602911
     0.014092674153   22.197666804647   13.326091612931  224.278492055469
     0.014350638689   22.559915614543   13.345363305473  224.798864636913
     0.014605160304   22.929138631112   13.367280697761  225.399274279990
     0.014859681919   23.278722574037   13.385275685131  225.891561238839
     0.015114203534   23.591771113603   13.397861547288  226.219122849083
     0.015368725149   23.904599564548   13.410845911806  226.547857284424
     0.015623246763   24.239740334694   13.427633976891  227.011030657621
     0.015877768378   24.554107679168   13.442159573279  227.440785355545
     0.016132289993   24.829916412148   13.451116154725  227.690895506224
     0.016386811608   25.092216841195   13.458497854200  227.857189434352
     0.016641333223   25.373493569550   13.469947366547  228.142859609778
     0.016673148425   25.410792625878   13.471783661806  228.192071367159
     0.016927670039   25.723301356124   13.487596599079  228.627059916371
     0.017182191654   26.031622564166   13.499189153882  228.927424585005
     0.017436713269   26.299911263382   13.505570728931  229.059435154252
     0.017691234884   26.539860632380   13.512651796141  229.230857256645
     0.017945756499   26.785128311077   13.523316916529  229.539284816754
     0.018200278113   27.068461602280   13.538889728827  230.009925143732
     0.018453896170   27.347963090013   13.550565978171  230.334140601398
     0.018709523770   27.582949335723   13.555284957142  230.424044387110
     0.018962388127   27.776990770037   13.559193335020  230.507412533844
     0.019219877261   27.966989048900   13.565864941776  230.700516713707
     0.019474962763   28.171628184172   13.575327202607  230.975736447984
     0.019727279663   28.377211298646   13.582273939724  231.141967161259
     0.019983841500   28.546153337763   13.581130498889  231.025861376420
     0.020238957323   28.677622771879   13.577442257673  230.857391077382
     0.020496909220   28.815395491278   13.580043335088  230.949211139807
     0.020753003564   28.958924977696   13.588308179922  231.229416819436
     0.021004972506   29.104095227810   13.596247258162  231.453308827935
     0.021256782024   29.228525273050   13.594468246516  231.315501961065
     0.021508096757   29.333482823716   13.587946890747  231.043120335639
     0.021762202076   29.444632294312   13.585066259408  230.928287704883
     0.022016307396   29.560246797961   13.584457273644  230.924433706480
     0.022274394805   29.702394805308   13.589892229630  231.173506345826
     0.022526699667   29.880435402839   13.605546243182  231.712297021884
     0.022785147378   30.035519725731   13.607961458404  231.629454839845
     0.023039284205   30.156487929753   13.600453987214  231.262062231041
     0.023290121650   30.275063667547   13.597158050816  231.146491815282
     0.023545830146   30.394430100714   13.597841716236  231.196303576471
     0.023797111663   30.516478220027   13.600334583785  231.323823045988
     0.024048393180   30.662532784135   13.604636680091  231.529429329386
     0.024301541077   30.850131420957   13.615445949627  231.965225038466
     0.024558328646   31.055958479524   13.630782248310  232.479999173109
     0.024813247832   31.196135320973   13.629328611175  232.297412021456
     0.025011062676   31.279476729471   13.623556324767  232.071549726193
     0.025019687125   31.283052467867   13.623345329727  232.065353565523
     0.026034394640   31.805843143878   13.621154351439  232.257806216353
     0.027053910164   32.228287845204   13.608029802811  232.165214253938
     0.028064054477   32.530750664856   13.614709680635  232.412970313981
     0.029074198790   32.639840294482   13.590119369926  231.602619341701
     0.030084343102   32.824659435448   13.593068675215  231.838974396156
     0.031092440278   33.014512700248   13.584525066012  231.533026636028
     0.032093531084   33.217204064176   13.592559265627  231.899504432222
     0.033096013286   33.496290603918   13.604778406521  232.514118439645
     0.034100893860   33.654879128335   13.611807250055  232.638681941556
     0.035109027774   33.827554230204   13.636469798416  233.668359142768
     0.036120683253   34.014650907846   13.639157622610  233.627966735631
     0.037134655948   34.119190361143   13.628602346439  233.518244838339
     0.038138801387   34.225127593214   13.648806311992  234.129533056800
     0.039142946825   34.379235790717   13.652992903732  234.385921684706
     0.040147092264   34.600398127692   13.660974428318  234.738526913437
     0.041151237703   34.875510622622   13.669899121136  235.120150891941
     0.042179727590   35.209915612929   13.714888211017  236.852419607941
     0.043212477590   35.374749678817   13.719189525461  237.212728242613
     0.044224969003   35.294249376903   13.714007079635  236.841586342296
     0.045034957555   35.125962110455   13.714413353193  236.881059399976
     0.046064258018   35.020110281310   13.710170849047  236.713781008374
     0.047084258018   35.209562604907   13.690037148946  236.271075948838
     0.048104258018   35.402486584493   13.731798499784  237.842497178447
     0.049131531898   35.387058946407   13.750432449888  238.311982083821
     0.050180057842   35.551437946846   13.791772835452  239.684397802667
     0.051207407842   35.630059919252   13.832698333933  241.244368673696
     0.052207639658   35.541503196197   13.831064378970  240.750330494971
     0.053227639658   35.587991729033   13.825597911605  240.906629574595
     0.054247639658   35.620165179526   13.858244285987  241.981019821199
     0.055267639658   35.550375629018   13.862760033764  242.135334951953
     0.056287639658   35.567018010635   13.865568906949  242.103377735716
     0.057307639195   35.677201183341   13.866856104116  242.139925637561
     0.058327635261   35.819534939227   13.893940973669  243.233055066495
     0.059353202986   35.881422839435   13.918170284060  244.335820111471
     0.060365433471   35.885264747344   13.954964231944  245.518313021266
     0.061407381471   35.830810538885   13.939667214319  245.150310366812
     0.062414204893   35.664517468683   13.903606956248  243.856265334833
     0.063481854397   35.571377751262   13.920718975698  244.277953349129
     0.064555584361   35.485135797556   13.910704862152  244.358689912998
     0.065035584361   35.484438655162   13.915220521825  244.594783863352
     0.066075566351   35.563721121316   13.940975497982  245.415102015400
     0.067115458369   35.579921962507   13.956301949148  245.957238925360
     0.068115458369   35.544524195991   13.961329883507  246.127179430589
     0.069174619670   35.644577725911   13.978786262152  246.877653262004
     0.070235136373   35.645468200474   14.024691404743  248.070050448066
     0.071251973199   35.587637974644   13.997648984312  247.858509383886
     0.072260659018   35.550651544093   14.032713928031  248.819545340126
     0.073333679085   35.530483746272   14.037641008570  248.933933141288
     0.074373679085   35.511813239185   14.020746981716  248.578681326592
     0.075413679085   35.510910858983   14.041842556978  249.309658642351
     0.076453679085   35.490486815770   14.061043415965  249.953751333157
     0.077493679085   35.458304201670   14.071624277270  250.357381912984
     0.078533679085   35.398316072089   14.079879779732  250.697830260370
     0.079573513876   35.324439850227   14.089322451407  251.073569640848
     0.080575451463   35.309544066216   14.112474968962  251.920411962060
     0.081618818911   35.364034765000   14.157479996333  253.552466587943
     0.082663699102   35.328350504868   14.159562074429  253.874529657742
     0.083696124533   35.262514633181   14.154108801407  253.860246212962
     0.084752948328   35.285563739105   14.164542892712  254.452866821010
     0.085072948328   35.278763210699   14.183175664168  254.928168907394
     0.086110547836   35.214185469908   14.170719072691  254.928366453977
     0.087154547836   35.194679336499   14.217560041594  256.254244852373
     0.088162468923   35.203133378640   14.216472099746  256.521093716282
     0.089194453685   35.138096252883   14.235576496995  257.152270096162
     0.089986453685   35.069117230951   14.247050569352  257.720996075425
     0.090058453685   35.040086616353   14.244253004765  257.667485927621
     0.091084453685   35.012699863715   14.255115697458  258.450128558811
     0.092090521189   34.969816088545   14.257868456182  258.284960596318
     0.093099274633   34.955345995559   14.283074547692  259.295391023626
     0.094117274337   34.983416747136   14.299976267769  260.258710275323
     0.095145793271   34.816541848666   14.297075828187  260.157331464409
     0.096194004280   34.704219853696   14.297590905937  260.272341506091
     0.097242215289   34.735041542444   14.310330831371  261.047867103998
     0.098290426297   34.629688923512   14.327062739164  261.602157341476
     0.099338637306   34.515126218602   14.329374209232  261.664873235785
     0.100386848315   34.437265702741   14.340753763536  262.183063982812
     0.101416952396   34.341456198220   14.352073013051  262.652423454907
     0.102453537295   34.255344045035   14.375128552487  263.415682042097
     0.103473584349   34.158745971727   14.391226076709  264.307764236707
     0.104526404746   34.028131166585   14.390256075412  264.426182876987
     0.105535186596   33.982723768863   14.376458627959  264.351347823807
     0.106537792246   33.941740993529   14.400488420224  265.082467587912
     0.107540397895   33.795817438405   14.405074528522  265.130767534254
     0.108541756188   33.694533800984   14.413810553136  265.450629786514
     0.109587713647   33.633928626661   14.440672431775  266.678663318620
     0.110035981111   33.614197932823   14.448297346009  267.140346458311
     0.111081938505   33.508049186063   14.455166446284  267.533617244529
     0.112127895899   33.393612993600   14.458151352151  267.718334273096
     0.113173853292   33.258265021085   14.460869048437  267.836938951331
     0.114219810686   33.166099069972   14.465855148031  268.031814764086
     0.115265768080   33.027940556761   14.467781011270  268.105599329306
     0.116311725473   32.911332031781   14.476105388977  268.396198536959
     0.117357682867   32.846354797155   14.488856599095  269.462467257259
     0.118403640261   32.742230667795   14.505816763024  270.383426980120
     0.119449597654   32.645715808696   14.513796788021  270.735463542457
     0.120495554727   32.521824901246   14.518334638092  271.009270213094
     0.121541511276   32.329162173350   14.515269098072  270.904753025496
     0.122587467825   32.212607379690   14.517896906964  271.082330662299
     0.123633424375   32.073532339040   14.518316813000  271.089095348182
     0.124679380924   31.888700414801   14.510982890795  270.697288440862
     0.125708388379   31.754111613023   14.515421099605  270.804459514330
     0.126728987769   31.629612621152   14.547077663228  271.860242040838
     0.127749570679   31.564436312695   14.551916805133  272.654123314451
     0.128770153589   31.434640627559   14.554017754228  272.817900489321
     0.129790736500   31.315934455442   14.556078379635  272.834562876991
     0.130044197779   31.282974098954   14.556173990529  272.804087611297
     0.131046572779   31.114080738530   14.560866329638  272.847338959123
     0.132048947779   31.037459116859   14.583200959487  274.285266230448
     0.133059999330   30.963939764390   14.597859040123  275.117884143616
     0.134061394095   30.834336732883   14.568757037524  274.425737132361
     0.135080126579   30.659286572414   14.570315468253  274.188542563014
     0.136102751579   30.531282945392   14.585011580926  274.543400014457
     0.137105126579   30.502723482362   14.617811829544  276.087209711314
     0.138107501579   30.330330385581   14.610384430569  276.036669767458
     0.139125064079   30.216138663445   14.611285193366  275.963505198257
     0.140132403150   30.090745584339   14.622612049886  276.243937658387
     0.141138365521   29.985055159290   14.609196393108  276.825669620355
     0.142138981569   29.929782380404   14.626539550025  277.390349700872
     0.143141356569   29.781772923631   14.633397030125  277.270626050669
     0.144152844069   29.686573338569   14.653147015803  278.588817624555
     0.145164331569   29.615346902690   14.669438862252  279.541179706508
     0.146175819069   29.450969512854   14.659029131989  278.936319197692
     0.147187306569   29.292768520289   14.649836131201  278.350001273950
     0.148198794069   29.193715764507   14.656760238228  278.959142973515
     0.149210281569   29.163267790815   14.680796334566  280.528886692357
     0.150057744069   29.028716496658   14.676097308482  280.251060438936
     0.151069484694   28.872053505243   14.667605832529  279.718509122568
     0.152071859694   28.745227260949   14.676189113696  279.830964474265
     0.153095478156   28.670943783411   14.692382676897  281.183657585985
     0.154107857270   28.538593278812   14.685370979177  280.958725926860
     0.155114029145   28.433304205449   14.682190988905  280.695614275716
     0.156121151186   28.369701683728   14.723542853674  282.627442731132
     0.157121235380   28.231094134756   14.692929372781  282.068502892562
     0.158132055093   28.135194068392   14.696723468969  281.819676514802
     0.159136708218   27.984667858524   14.721635153133  282.810326326915
     0.160148138447   27.967707907223   14.734745640710  283.892349730999
     0.161167253532   27.782410032068   14.701306485141  282.479772212046
     0.162167507953   27.737179276582   14.739739824708  284.265879857873
     0.163167762374   27.696386012451   14.760097294963  285.634492178042
     0.164168016795   27.547496647791   14.749231720483  285.000382856485
     0.165174275780   27.366376326834   14.734133804459  284.190462674847
     0.166180447655   27.232513607631   14.731141517264  283.664819768811
     0.167186619530   27.162205547804   14.745340659376  285.052776512788
     0.168192791405   27.081808521657   14.747205829333  284.815733723153
     0.169198963280   26.951250982618   14.742490376628  284.902126565908
     0.170072244530   26.902626278583   14.762669671244  286.369000966521
     0.171077466145   26.810442941337   14.765460215566  286.068502574486
     0.172096228487   26.653164782324   14.761863630102  286.098062717392
     0.173104502142   26.596346190540   14.772618851379  286.749580689959
     0.174115420110   26.518965060534   14.793593678288  287.228318090461
     0.175126338079   26.459854350830   14.806351256462  288.609459297412
     0.176141145615   26.381637817072   14.810190738449  288.734228311460
     0.177148612034   26.160699995258   14.770427526606  287.224676190327
     0.178158650701   26.062747033359   14.766145371252  286.677121183770
     0.179170732061   25.983421650220   14.790434042676  288.001818343083
     0.180183073857   25.913654603222   14.775168379719  287.429334770096
     0.181195415654   25.870712131154   14.828076623579  290.140564647306
     0.182202436388   25.798886181989   14.833049503255  290.622324224304
     0.183216075677   25.634029681511   14.808353823281  289.347787871091
     0.184226993645   25.502287014096   14.781472231896  288.051942982914
     0.185138243645   25.455525130255   14.808939562432  289.832799076419
     0.186148133083   25.405141875551   14.816809185280  290.097622428494
     0.187151787353   25.252167115988   14.796848122255  288.929132488583
     0.188155441624   25.267392804756   14.844119532647  292.137946870249
     0.189159095894   25.164385158218   14.834189170569  291.609144622669
     0.190177951047   25.007979467445   14.816454545147  290.339047585110
     0.191187747108   24.856862096052   14.785709836132  288.781557931021
     0.192197807387   24.830174118991   14.825159518066  290.598052643111
     0.193207742743   24.764931794559   14.839743187683  292.394188825313
     0.194217678100   24.697425105441   14.839746358001  292.347203731179
     0.195227613456   24.524253201831   14.820457903340  291.233313229168
     0.196240459750   24.424151775098   14.810607001023  290.664701944446
     0.197245780001   24.272361536492   14.780870357720  289.747182482726
     0.198250503285   24.326214421374   14.851535039318  293.109197541506
     0.199037076911   24.198953457218   14.818549887474  291.063429228059
     0.200042602897   24.034103661936   14.785881654004  289.465663289582
     0.201017231451   23.949281366880   14.776640752775  289.420014393168
     0.202029834382   23.930269670160   14.853329946283  293.070394374738
     0.203032859263   23.814179594800   14.795958852081  291.316201957060
     0.204041588912   23.773309950228   14.839752659012  292.777091265326
     0.205046539274   23.715743286592   14.860566172461  294.237437674360
     0.206053370856   23.562186939928   14.798210189637  291.414758678790
     0.207060202438   23.572174355498   14.866687471958  294.605024770497
     0.208067034020   23.500404923753   14.868191225291  295.133013150538
     0.209073865602   23.401368489337   14.861543447078  294.886456420439
     0.210030292230   23.291916068879   14.851901084083  294.344901605933
     0.211000548541   23.132967141650   14.808788356400  291.951558967598
     0.211966285360   23.134867495428   14.849959653445  294.011547563012
     0.212950173475   23.043851311942   14.843991994143  293.968068391834
     0.213957795293   22.933091505948   14.820572325460  292.560829632999
     0.214960313302   22.808115273294   14.780947981890  291.184553679978
     0.215912407836   22.725085824277   14.817494117805  292.044232871429
     0.216866504250   22.703629333582   14.830028071515  294.118673392492
     0.217800677883   22.629375708202   14.834905952395  293.663531400046
     0.218734851516   22.630199391033   14.852918447330  295.291743979767
     0.219631911128   22.558584556979   14.849895782198  295.148035727560
     0.219639022485   22.558020863294   14.849864376277  295.148890204430
     0.220466558067   22.447856622170   14.844551500926  294.925047941912
     0.221310837130   22.394936204810   14.841929345216  294.160758315008
     0.222089315157   22.343704564898   14.837577945485  294.402489490227
     0.222867793184   22.400527142773   14.893325482551  297.349080869799
     0.223646271212   22.354807440502   14.902616066383  298.275276422140
     0.224496392775   22.313575500065   14.912379429024  298.936827995722
     0.225447985669   22.170023106613   14.874629878380  296.844168556690
     0.226288741939   22.068624206055   14.811218595713  293.822946839153
     0.227129498208   22.101191387391   14.882123627128  297.391199341996
     0.228111339103   22.051704887623   14.892110895942  298.230746244848
     0.228912242423   21.886526482314   14.830393413202  294.933240584264
     0.229713145743   21.933978546314   14.879880307475  296.717978524973
     0.230570203069   21.946251365772   14.916035336646  299.820128243106
     0.231435178655   21.866714114468   14.903770610688  298.937683663994
     0.232416858655   21.723330246702   14.870369312822  297.615008316622
     0.233422569604   21.537976442375   14.819471184431  294.975277392030
     0.234393785669   21.449489409817   14.808417277738  294.786869811782
     0.235298656318   21.327052435209   14.790677045011  293.917598988042
     0.235304345487   21.313658157486   14.792252028475  293.981715883319
     0.236043718126   21.334373841079   14.824814919628  295.679212364920
     0.237051242580   21.183334698468   14.855890668443  294.883001339988
     0.238058767034   20.925773976310   14.722005917695  288.959208981946
     0.239063364695   20.793475464034   14.711181727741  288.591541489326
     0.240063978064   20.680505374608   14.702316669699  288.330753623157
     0.241072885587   20.487393268461   14.633059122186  284.293513730698
     0.242081793111   20.267153770755   14.577393485756  281.407112278524
     0.243090700634   20.182578185055   14.563135186784  280.721797844000
     0.244099608157   20.124745163629   14.561360126020  280.989154349812
     0.245110259514   20.016619757176   14.581037071252  282.854274601387
     0.246117390100   19.812412078120   14.528507000896  279.848718439107
     0.246581853157   19.737002913158   14.506503780690  279.034447607748
     0.247590760681   19.632667868677   14.522307623310  279.688735497144
     0.248599668204   19.383818180430   14.438832856770  276.015300302371
     0.249608575728   19.271237059379   14.436203920689  276.270492588769
     0.250617483251   19.085540305106   14.380952257550  272.672781685183
     0.251626390775   18.905324052640   14.323624553511  270.108856699252
     0.252635298298   18.836928419835   14.329236148151  271.145716903822
     0.253644205822   18.739060829841   14.338510206503  271.451968134633
     0.254653113345   18.598666015164   14.294260712676  269.345376331284
     0.255662020868   18.493422428480   14.273688151229  268.240430077221
     0.256670928392   18.371870510848   14.243881536048  266.563643841707
     0.257679835915   18.293121000440   14.231394139838  265.979446956989
     0.258688743439   18.198144567997   14.218401137127  265.599866864556
     0.259037501595   18.163209252203   14.213704243267  265.467451200095
     0.260046409118   18.054740622412   14.199724032293  264.880042238956
     0.261055316642   17.969236601016   14.188267388511  264.609586071726
     0.262064224165   17.979236704091   14.227682516133  267.090125530964
     0.263073131689   17.897778875436   14.221760107809  266.981465839514
     0.264082039212   17.808377276758   14.215420394724  266.944632474815
     0.265090946736   17.709464011705   14.197246808752  266.077409590738
     0.266099854259   17.637963162317   14.182556510050  265.337458181540
     0.267108761782   17.553415031007   14.166782918208  264.541915460274
     0.268117669306   17.463292079367   14.149200226553  263.603956270443
     0.269126576829   17.388819594362   14.134529540581  262.756241757221
     0.270135484353   17.317583993579   14.126077086400  262.422415871252
     0.271144391876   17.339642625062   14.174599361478  265.712302317695
     0.271493150032   17.326852318952   14.178224339077  266.044301673493
     0.272502057556   17.263742699817   14.178008254294  266.030778123169
     0.273510965079   17.196138553224   14.156692183884  265.161031229824
     0.274519872603   17.137031067246   14.142897206426  264.497307680012
     0.275528780126   17.047605583433   14.129207137484  263.245299847194
     0.276537687650   16.971015774930   14.111064304493  262.370701044540
     0.277546595173   16.908058849900   14.103035563376  261.914088412259
     0.278555502697   16.927154550449   14.138536745148  264.649272568116
     0.279564410220   16.890338803045   14.151498978167  265.427111208816
     0.280573317743   16.859888981647   14.149886897278  265.975388404261
     0.281582225267   16.784103404308   14.137878055021  264.658924254093
     0.282591132790   16.712912258488   14.111226245132  262.980023223783
     0.283600040314   16.652242619596   14.103645936242  262.591730130755
     0.283948798470   16.630383209709   14.099929901422  262.403475458957
     0.284957705993   16.573993357836   14.092907085258  262.142035249393
     0.285966613517   16.631094526052   14.151053367785  266.056301524309
     0.286975521040   16.588230593152   14.150599328723  266.082169309231
     0.287984291306   16.548553804127   14.152306311171  266.234065271627
     0.288992576339   16.491729150701   14.144993309025  265.932234268298
     0.290000372152   16.434484560448   14.133204861464  265.334106939758
     0.291007679268   16.377700023896   14.116746116555  264.404237853178
     0.292014493162   16.326449756261   14.099625705040  263.506345720555
     0.293020834624   16.269369267928   14.092038352229  262.595460096870
     0.294026680028   16.294369581453   14.111389980257  264.635185933905
     0.295032040167   16.310291689172   14.153220144574  266.898288619202
     0.296036918270   16.267226821180   14.149094231527  266.747019969698
     0.296384174179   16.251301005748   14.147313344534  266.645655579033
     0.297388409338   16.203196795304   14.139256332797  266.243728367038
     0.298392167516   16.150199429732   14.128145509223  265.673250710760
     0.299395455276   16.116064410908   14.125530542931  265.589218740586
     0.300398271165   16.074063681522   14.121264719562  265.433478489841
     0.301400615737   16.026012697116   14.114305499666  265.064607563044
     0.302402489729   15.965340672095   14.094997761442  263.879434966570
     0.303403895933   15.938041060150   14.084994347439  263.512271631895
     0.304404841804   15.902386234996   14.087296842663  263.354658123408
     0.305405331812   15.864747259814   14.083629502954  263.308455650492
     0.306405364631   15.807330229033   14.078024605327  262.836332498074
     0.307417274044   15.883064092939   14.137295251590  267.040304325145
     0.308428716753   15.851910883465   14.140183075235  267.178272687215
     0.308749318802   15.839743685213   14.140218077461  267.233016226163
     0.309760151248   15.807739342291   14.144026944276  267.540566023564
     0.310745879508   15.769789553676   14.140098226121  267.349793271503
     0.310758198287   15.769195150828   14.139979552318  267.342386851142
     0.311768105701   15.724097973794   14.127233219888  266.599051035220
     0.312777551436   15.688619858748   14.122675377192  266.336205115794
     0.313786541996   15.646988011505   14.116473932573  265.985316694357
     0.314795071214   15.598870491474   14.104259013752  265.117170322274
     0.315803143685   15.558560261469   14.095048059310  264.320786997747
     0.316810785689   15.527202876339   14.093728745436  264.026897314531
     0.317817960349   15.577400594831   14.129286039496  267.377741782120
     0.318823088446   15.611695442390   14.185877919041  270.490871121076
     0.319623991766   15.592043619617   14.192280267098  271.035325892225
     0.320424895086   15.548460655160   14.210669390821  270.387327372153
     0.321225798407   15.393772675997   14.108917637007  264.933352113755
     0.321570186834   15.373660666718   14.102192702525  264.711601602271
     0.322371090155   15.340817056503   14.101184516783  264.518153883622
     0.323171993475   15.309452788843   14.093480148180  264.302583540340
     0.323972896795   15.407617612038   14.170736715114  269.162768098744
     0.324773800116   15.394525305351   14.175063972342  269.306405525447
     0.325574703436   15.370871677005   14.176522731276  269.451540137508
     0.326375606756   15.350515055751   14.178939913259  269.624198019010
     0.327176510076   15.324921340789   14.174566709909  269.346091006350
     0.327977413397   15.293516242512   14.167162589265  268.902311855669
     0.328778316717   15.258651570738   14.156735215593  268.257221805095
     0.329579220037   15.233823457526   14.148883322022  267.699266253297
     0.330380123358   15.206457659014   14.143687225166  267.283084295385
     0.331181026678   15.174812435604   14.135508669257  266.768210340775
     0.331981929998   15.150928168678   14.133409199558  266.417465236292
     0.332782833319   15.134444667507   14.134384216686  266.310125209407
     0.333583736639   15.131949277819   14.143079050058  267.350841681993
     0.334384639959   15.219782457948   14.225276033925  272.649841648443
     0.335185543280   15.218183679622   14.242112437616  273.649918459083
     0.335986446600   15.191218560817   14.242377982604  273.652264946247
     0.336787349920   15.148047283935   14.230438550767  272.766707592070
     0.337588253240   15.133588824837   14.227398967418  272.748007259599
     0.338389156561   15.123026976137   14.230121970143  273.011735380746
     0.339190059881   15.110738842438   14.235366208092  273.364065831923
     0.339990963201   15.095295277537   14.234412510937  273.300475572422
     0.340791866522   15.074305285534   14.230183215757  273.065151338225
     0.341592769842   15.070665725609   14.237461478668  273.620294157739
     0.342393673162   15.052845478814   14.237910749141  273.743687973075
     0.343194576483   15.040200286662   14.236872041104  273.703795003723
     0.343995479803   15.022463460009   14.232398161471  273.468262632274
     0.344796383123   15.005444455645   14.233064215236  273.541981459253
     0.345597286444   14.979505015876   14.227030887502  273.184888970959
     0.346398189764   14.955737789123   14.219854943096  272.603218559019
     0.347199093084   14.911563318445   14.202713421764  271.147154333102
     0.347999996404   14.872969827755   14.182624858650  269.827209026909
     0.348800899725   14.844381569530   14.173738670854  269.195228362542
     0.349601803045   14.825050629705   14.171876688562  269.018831923428
     0.350402706365   14.798639044480   14.169735987444  268.719433841933
     0.351203609686   14.776714089246   14.168607084724  268.745025108841
     0.352004513006   14.858719151856   14.231478200306  273.306961795974
     0.352805416326   14.877410234908   14.260613787741  275.158101964363
     0.353606319647   14.867598420226   14.267713822809  275.642778329973
     0.354407222967   14.852122031037   14.269199997522  275.720091093134
     0.355208126287   14.838411253377   14.268351023383  275.698041641622
     0.356009029608   14.823650404276   14.266280685588  275.613398981490
     0.356809932928   14.807428910896   14.264893665813  275.558243774462
     0.357610836248   14.790607815450   14.260604740637  275.345149034038
     0.358411739568   14.777077878161   14.258948822627  275.229134164642
     0.359212642889   14.755231928819   14.254402490903  274.925065184132
     0.360013546209   14.727536286252   14.247273235019  274.280455025131
     0.360814449529   14.684258171874   14.225780916060  272.650427563677
     0.361615352850   14.654128629538   14.213432346512  271.645940595672
     0.362416256170   14.629590078890   14.205643150549  271.074092025584
     0.363217159490   14.605941539333   14.203063791877  270.858848283348
     0.364018062811   14.582877754690   14.200842675399  270.599850543812
     0.364818966131   14.604830841200   14.220783169723  272.447278626027
     0.365043219061   14.635764823968   14.243765148187  274.085577788114
     0.365051228094   14.636797414112   14.244646034261  274.143977980842
     0.365852131414   14.680027704988   14.295341554223  277.287384233998
     0.366653034734   14.664831140905   14.297582492402  277.459875518692
     0.367453938055   14.652361117829   14.300032786460  277.637971076296
     0.368254841375   14.640681007391   14.301368537103  277.696296262521
     0.369055744695   14.627520721065   14.301418464379  277.671166073215
     0.369856648016   14.611808145231   14.300773124445  277.631092588606
     0.370657551336   14.591660451818   14.296287667648  277.338716971432
     0.371458454656   14.582285097777   14.289930825751  277.202648331381
     0.372259357977   14.579041714169   14.298321681477  277.710073847318
     0.373052252264   14.567054256570   14.302783425922  277.972437091888
     0.373853155584   14.550853868327   14.304001219367  278.047405302997
     0.374654058904   14.534099394009   14.302455798432  277.960789926355
     0.375454962225   14.516643922978   14.299351403384  277.800745728527
     0.376255865545   14.498057583154   14.295095511842  277.584612580044
     0.377056768865   14.479684469164   14.290459878627  277.303355385129
     0.377857672186   14.452284011125   14.281399398454  276.516266874558
     0.378658575506   14.412824567335   14.262161599376  274.972253736193
     0.379459478826   14.377668758520   14.246508360463  273.680138256300
     0.380260382146   14.350689305144   14.237170241200  272.889434860734
     0.381061285467   14.328866057369   14.234105319441  272.584279570041
     0.381862188787   14.344394208677   14.250387952496  274.217121236377
     0.382663092107   14.421349817633   14.317543517089  278.825499412525
     0.383463995428   14.421028319185   14.333344775170  279.821298341048
     0.384264898748   14.409192034794   14.337873402895  280.120635833451
     0.385065802068   14.391692232954   14.339299728673  280.122679142367
     0.385866705389   14.370815512225   14.333507301191  279.755317263164
     0.386667608709   14.362880563688   14.333962142123  279.889171680198
     0.387468512029   14.350376498477   14.332559796324  279.829935439362
     0.388269415350   14.339676139688   14.331665056857  279.726192220247
     0.389070318670   14.325082174196   14.331311113451  279.715900094722
     0.389871221990   14.309657509441   14.330574489773  279.660562745287
     0.390672125310   14.293195636286   14.322090948255  279.365573985803
     0.391473028631   14.287755889060   14.325980004182  279.662750668377
     0.392273931951   14.270025273823   14.319293363539  279.281055021351
     0.393074835271   14.244425018885   14.310455608960  278.428971459667
     0.393875738592   14.209587132750   14.293243657718  277.054109066292
     0.394676641912   14.182208221153   14.282329367648  276.248729808649
     0.395477545232   14.154495418356   14.274402098264  275.529342387522
     0.396278448553   14.125461718294   14.267917258368  274.745284545861
     0.397079351873   14.152985263126   14.286546433297  276.633916248563
     0.397880255193   14.228761733698   14.352696780290  281.218369604892
     0.398681158514   14.230831512914   14.370212101003  282.282885619942
     0.399482061834   14.216097184305   14.375115741530  282.425941017885
     0.400282965154   14.192153307558   14.368112588278  281.878661878665
     0.401083868474   14.177804910989   14.362937820541  281.579346084085
     0.401884771795   14.171545492748   14.362413447681  281.789053674551
     0.402685675115   14.171224268140   14.369289873921  282.227291091764
     0.403486578435   14.160055814837   14.369876731988  282.255502424078
     0.404287481756   14.144738521515   14.365751894989  281.944570328861
     0.405088385076   14.132063716969   14.359800332706  281.767744018145
     0.405889288396   14.122217256862   14.359543097308  281.748237546015
     0.406690191717   14.103565884347   14.353142934565  281.296433698740
     0.407491095037   14.076975808363   14.342002864280  280.392510923843
     0.408291998357   14.046559401412   14.326783873014  279.215822774729
     0.409092901678   14.012119128851   14.313675869052  277.992809711410
     0.409893804998   13.973619875914   14.304574782588  276.974546064166
     0.410694708318   14.009258042699   14.325694685066  279.155352647077
     0.411495611638   14.082894819611   14.394669400793  283.799582528467
     0.412296514959   14.079872423736   14.411111817663  284.748372508983
     0.413097418279   14.062427978263   14.415793422997  284.735099366949
     0.413883795028   14.021705778355   14.396339468731  283.331449177537
     0.414049598605   14.013523031044   14.392513009370  283.072887137416
     0.414056807274   14.013199100455   14.392360588479  283.062586024897
     0.414777586344   13.995195854966   14.380940321689  282.422210309761
     0.415498190701   14.001136485911   14.391983218765  283.151801831279
     0.416218614097   14.008049090474   14.402819936145  284.068557588441
     0.416938859604   14.007962112183   14.410458627689  284.614406476110
     0.417658932602   14.000999189174   14.413527005120  284.756946608221
     0.418378831865   13.987109597750   14.415166413963  284.778422751073
     0.419098552428   13.971632382971   14.410755999839  284.550322576188
     0.419818094099   13.964675976896   14.408975991601  284.583665501734
     0.420537464383   13.952155436054   14.406862228925  284.370100168593
     0.421249469663   13.940058017342   14.399609861252  284.071649283964
     0.421968491312   13.936702111553   14.406729518559  284.509334269398
     0.422687338351   13.927015859298   14.407078811751  284.530382414922
     0.423406012464   13.912399846213   14.401825188999  284.222067060659
     0.424124512278   13.894177017288   14.392908581954  283.615696551924
     0.424819853029   13.861832257426   14.375630111025  282.175834175910
     0.425538008027   13.827350323825   14.356605859808  280.589827292178
     0.426256001763   13.798976553105   14.345051523557  279.491211372334
     0.426973825902   13.777339970041   14.340044091284  278.904709178255
     0.427691479132   13.839630037661   14.377690208603  282.320902538736
     0.428408962142   13.896261562658   14.432887344305  286.092616237273
     0.429126271736   13.894015288893   14.443888577527  286.738035425046
     0.429843411556   13.886973159085   14.452715445929  287.145342092911
     0.430560379883   13.871627215227   14.451457892415  286.884732599590
     0.431277180910   13.850407097434   14.441738722907  286.237264887364
     0.431988079782   13.840164454189   14.438397367161  286.043221451336
     0.432584185265   13.838023028036   14.439867422721  286.272843743618
     0.432965289087   13.839579278407   14.443243245088  286.570567343000
     0.432969586944   13.853657087239   14.444683206693  286.629619271659
     0.433549527747   13.857659683002   14.456814167959  287.164127554561
     0.434175687209   13.849580348366   14.459320620569  287.187420816620
     0.434789301445   13.836849127335   14.471355808634  285.620334592228
     0.435402818070   13.671420778153   14.338954280007  278.623840968334
     0.436016221523   13.635691389134   14.321836522618  277.321319176244
     0.436597590318   13.685988031179   14.354203259092  279.605506727746
     0.437134727374   13.749117118966   14.404900843196  283.028135991305
     0.437698731537   13.761041328747   14.424755279315  284.350796651640
     0.438301847506   13.760840247462   14.439672149339  285.159522600099
     0.438906086873   13.748539991938   14.438908583402  285.247178563197
     0.439506514961   13.735463012441   14.434121931407  285.063118003133
     0.440084772614   13.721171438132   14.429862172474  284.825107278416
     0.440682536716   13.712192484469   14.431221355849  284.847554135372
     0.441294857680   13.708611381098   14.436316975952  285.063822590236
     0.441907065404   13.686819322866   14.428774082739  284.594449356054
     0.442519159394   13.674338262577   14.421565082663  284.159055486332
     0.443106639809   13.672607632682   14.419208759629  284.113226442272
     0.443669546581   13.669389877884   14.424138993672  284.507585668215
     0.444232351993   13.665910668475   14.430446546690  284.862301848689
     0.444814615133   13.660524483747   14.433852273862  285.023760559071
     0.445421238443   13.644829470688   14.431449425242  284.940485381173
     0.446027736657   13.631576828929   14.426931105610  284.683015074182
     0.446639000073   13.625586132375   14.420407052110  284.401071286238
     0.447250149770   13.620994975209   14.420373259146  284.285761742417
     0.447861174228   13.602124682270   14.413893277742  283.896807170251
     0.448472073948   13.594884717535   14.412319042134  283.781388489403
     0.449082858321   13.585682048150   14.408650333884  283.500148201094
     0.449683748625   13.573806009938   14.405110574680  283.247061618634
     0.450294285377   13.553783502604   14.396598515918  282.596593045497
     0.450904705523   13.536461418345   14.387845526393  281.868042335440
     0.451515001212   13.515702894159   14.376252081153  281.069311793608
     0.452125173144   13.499316253183   14.368572874032  280.405669161624
     0.452735229632   13.487007351137   14.363950343088  279.915601973782
     0.453345165508   13.476092690885   14.361280141605  279.704720042044
     0.453954979086   13.464580039093   14.359772359548  279.627687932843
     0.454559798290   13.452218794599   14.358808876917  279.522701286212
     0.455159637655   13.440931700793   14.358207474708  279.437384915978
     0.455754477899   13.433395798062   14.359407239304  279.511000178027
     0.456293152579   13.446052502671   14.375834026556  280.796032235050
     0.456899962251   13.506092396670   14.427747060122  284.288097302668
     0.457494471097   13.535543718734   14.453458048168  285.913986768515
     0.458047457937   13.546523709723   14.470194916479  286.986921956528
     0.458634436237   13.519277400944   14.461456599764  286.358974195583
     0.459243228187   13.494611899151   14.452963685913  285.445449972451
     0.459851907626   13.421753613097   14.393523159184  281.646440024131
     0.460460466655   13.384162495103   14.366470402953  280.100609119792
     0.461059171125   13.442168081537   14.415205589730  283.420893837884
     0.461662632258   13.483802477613   14.451592275010  285.805276620042
     0.462246515439   13.487358500639   14.466262403888  286.687323434700
     0.462825425051   13.472620682367   14.463163984286  286.431856043432
     0.463413960325   13.458508719140   14.457489839641  286.025436772596
     0.464012109250   13.446425908607   14.453998267391  285.818820196004
     0.464619866555   13.442607034387   14.454469763218  285.953620451823
     0.465227511076   13.442364807134   14.457909583184  286.218675922084
     0.465835039396   13.442896647542   14.463027159389  286.535796286562
     0.466432732313   13.438411019029   14.465382394116  286.633425870217
     0.467040031827   13.429165036463   14.463346651884  286.523818707531
     0.467647216304   13.423864408297   14.462560838746  286.525219210765
     0.468254282771   13.426792915913   14.466050653073  286.898927623692
     0.468861234789   13.432519987739   14.474817897242  287.525670589117
     0.469468073406   13.433118802218   14.481976834843  287.981830603625
     0.470074795184   13.426849181562   14.484456590685  288.119429687386
     0.470681402821   13.416362227008   14.481628912918  287.957920700117
     0.471287897251   13.409597116176   14.479168321125  287.861653203075
     0.471894276304   13.404807868474   14.478389156277  287.832908227465
     0.472500539727   13.401119956743   14.479269442726  287.878943359646
     0.473106690236   13.394679168130   14.479703851943  287.899318745586
     0.473712725860   13.386447417734   14.478639093921  287.831780362008
     0.474033877926   13.382043013794   14.477266727394  287.739888456934
     0.474039937107   13.381958282267   14.477236223761  287.737831853938
     0.474645797220   13.372665784144   14.473624019486  287.491086725318
     0.475241851452   13.365159177966   14.470936932461  287.302287626471
     0.475847484540   13.358049164549   14.469707889555  287.209179036889
     0.476453002969   13.349035558952   14.468699325340  287.107619383326
     0.477058405736   13.337455054956   14.464461731019  286.836015954694
     0.477663694675   13.322488885629   14.457379645721  286.269306923092
     0.478254347059   13.301698682073   14.447609366344  285.541021640229
     0.478835210029   13.285596540260   14.440233669871  284.967734630982
     0.479403870465   13.271956389616   14.434106460616  284.464489299898
     0.479913159783   13.259367123847   14.428693542599  284.026057684467
     0.480409064984   13.247856470035   14.423926013601  283.628777675920
     0.480919404956   13.236153739213   14.420468550644  283.285461798474
     0.481456262840   13.224930087730   14.418973145739  282.994836507993
     0.482060727309   13.214486137270   14.413354163051  282.679936886029
     0.482665078463   13.209581935393   14.413177072888  282.622390182862
     0.483269323108   13.200293814299   14.411460913757  282.584193003079
     0.483873458363   13.193668625715   14.413637043643  282.641634828872
     0.484472650703   13.193361238086   14.422205684105  283.296747411123
     0.485057240620   13.235589160489   14.463756138907  286.062689447407
     0.485661047562   13.250030144363   14.483195331995  287.358718285750
     0.486264741547   13.249141898304   14.489411164049  287.756395782684
     0.486863497767   13.242564259077   14.488529190521  287.672585434012
     0.487428356658   13.229478777311   14.482814992197  287.311726606398
     0.488031728035   13.220058626701   14.478420120616  287.006227360828
     0.488634987149   13.222222263220   14.483266160780  287.273761798054
     0.489238133386   13.226611452723   14.490321212937  287.857035174091
     0.489841174701   13.228208296738   14.496435974044  288.228181410717
     0.490444099971   13.224721829582   14.498540592847  288.357307711437
     0.491046920920   13.219204201118   14.498553927461  288.395679774615
     0.491649632973   13.218892304133   14.500901452734  288.568910794038
     0.492252232788   13.220591881529   14.505328454650  288.884131419804
     0.492854722808   13.222160531527   14.510181280774  289.207358661023
     0.493457101205   13.223274152042   14.516130459625  289.505117898804
     0.494059368567   13.211967165169   14.516025664710  289.439459237203
     0.494642260209   13.194909705132   14.511040947758  289.039804152622
     0.495234687142   13.168683636984   14.498872784355  288.212522396406
     0.495831817781   13.142355500998   14.486459211148  287.427373053664
     0.496428844711   13.136575316657   14.483089656213  287.388286445381
     0.497030582160   13.152790259148   14.497221075841  288.413667946769
     0.497569643236   13.158518116108   14.505112110554  289.026171069265
     0.498094181806   13.161791592010   14.509764477432  289.457416376714
     0.498618640436   13.169002592837   14.517000361344  289.941144561342
     0.499157443369   13.179292777812   14.529219838111  290.697853890389
     0.499758684119   13.180670557256   14.536297150573  291.224157218372
     0.500011173099   13.178378510680   14.538648344276  291.297678453426
