# {0} signal over time, extracted at r = 500 km
# All quantities are measured in a resting observer's frame at infinity
# cols=4 rows=1037
#              time        luminosity               <e>             <e^2>
#               "s"           "foe/s"           "MeV^1"           "MeV^2"
    -0.227893678391  3.5030331289e-12    3.915965369209   17.250721834002
    -0.226889891431  2.9186094895e-03    3.345595065478   13.108598462812
    -0.225852763846  9.9484553344e-03    3.370498024155   13.377796449648
    -0.224823794416    0.014654057195    3.336302600942   13.150758566570
    -0.223778321514    0.017607278361    3.327322054821   13.109633207752
    -0.222742940979    0.018712364059    3.345573142337   13.245485710384
    -0.221691562044    0.019062167660    3.361955751957   13.358263091312
    -0.220653399559    0.018995932877    3.375296754582   13.458199109701
    -0.219592765379    0.018599945080    3.400860541051   13.649565539448
    -0.218540611582    0.018622624312    3.418332229885   13.773962116164
    -0.217488457786    0.018972703005    3.419944848576   13.786971868847
    -0.216420332217    0.019337675343    3.422748305279   13.812488058736
    -0.215407755725    0.019637104097    3.429027221852   13.861837947282
    -0.214395175202    0.019909507671    3.436705717005   13.919940279857
    -0.213383013285    0.020164577670    3.445155401211   13.983516473992
    -0.212371454341    0.020423429311    3.453806763865   14.048735194467
    -0.211331454341    0.020717148950    3.462007066055   14.110899245977
    -0.210291454341    0.021043418003    3.469454601318   14.167765005532
    -0.209251454341    0.021386701450    3.476852224605   14.224651368114
    -0.208211454341    0.021736597244    3.484483781786   14.283817529247
    -0.207891454341    0.021844904624    3.486942755111   14.302805566190
    -0.206851454341    0.022203824475    3.495256421147   14.366891184273
    -0.205811454341    0.022574255411    3.503896727923   14.433571108553
    -0.204771454341    0.022975389226    3.513068650248   14.504636697809
    -0.203731454341    0.023412656516    3.523977319611   14.588703276564
    -0.202691454341    0.023848200757    3.536362567406   14.683809851392
    -0.201651454341    0.024272028235    3.549599036170   14.785308726127
    -0.200611454341    0.024695246382    3.562433012617   14.883973816382
    -0.199571454341    0.025129581338    3.573997398973   14.973598733281
    -0.198531454341    0.025582088236    3.584749706613   15.057522213459
    -0.197491454341    0.026052670387    3.595126566383   15.138549829617
    -0.196451454341    0.026541315164    3.604970058250   15.215771981893
    -0.195411454341    0.027045934937    3.614481006589   15.290849363363
    -0.194371454341    0.027568910976    3.623696090807   15.363972213068
    -0.193331454341    0.028112969990    3.632536825763   15.434448788701
    -0.192291454341    0.028679551881    3.641032623977   15.502564035532
    -0.191251454341    0.029272102427    3.649538295870   15.571039782793
    -0.190211454341    0.029890056336    3.658153440491   15.640827413989
    -0.189171454341    0.030528297334    3.666671795325   15.710354319864
    -0.188131454341    0.031185933102    3.675024181349   15.779024623775
    -0.187891454341    0.031340380958    3.676940243726   15.794838968895
    -0.186851454341    0.032020788952    3.685370930280   15.864346270770
    -0.185811454341    0.032759617963    3.694482091386   15.939180615479
    -0.184771454341    0.033489520513    3.703507511682   16.013845069857
    -0.183731454341    0.034206182706    3.712118660210   16.085477095254
    -0.182691454341    0.034943592660    3.720431893382   16.155011821126
    -0.181651454341    0.035730931835    3.728649861418   16.224094484112
    -0.180611454341    0.036559716819    3.737157176398   16.295876478378
    -0.180211454341    0.036888787491    3.740580141963   16.324784495977
    -0.179171454341    0.037775725040    3.749880020866   16.403356057033
    -0.178131454341    0.038695643540    3.759602153961   16.485443880080
    -0.177091454341    0.039665345448    3.770072710258   16.573675225801
    -0.176051454341    0.040686600921    3.781655652961   16.670971038691
    -0.175011454341    0.041731408441    3.793856133908   16.773511306830
    -0.173971454341    0.042789998165    3.805991372939   16.876055018379
    -0.172931454341    0.043877127785    3.817710145731   16.975977341118
    -0.171891454341    0.044999852040    3.828852800747   17.071954026330
    -0.170851454341    0.046169681189    3.839580304530   17.165190314075
    -0.169811454341    0.047396093082    3.849995246848   17.256552679166
    -0.168771454341    0.048678320985    3.860285314490   17.347568487517
    -0.167891454341    0.049800117578    3.869007257674   17.425088536150
    -0.166851454341    0.051167574323    3.879465224403   17.518175538788
    -0.165811454341    0.052576119194    3.890061268309   17.612633260178
    -0.164771454341    0.054020229225    3.900716300619   17.707907674988
    -0.163731454341    0.055508238747    3.911404113362   17.803894482941
    -0.162691454341    0.057046595826    3.922116445888   17.900479650719
    -0.161651454341    0.058635803549    3.932917308030   17.998138237558
    -0.160611454341    0.060276029242    3.943895002554   18.097553633689
    -0.159571454341    0.061961311817    3.955110543197   18.198978605762
    -0.158531454341    0.063695691847    3.966577328624   18.302541297828
    -0.157491454341    0.065498014587    3.978504333115   18.409895518543
    -0.156451454341    0.067370506613    3.991116689957   18.523067167164
    -0.155411454341    0.069291452115    4.004014362688   18.639092359522
    -0.154371454341    0.071253838284    4.016804080797   18.754778993570
    -0.153331454341    0.073266972659    4.029241280152   18.868100267499
    -0.152291454341    0.075341821245    4.041301704186   18.978862445482
    -0.151251454341    0.077487184286    4.053144445630   19.088317054371
    -0.150211454341    0.079707591726    4.064911856832   19.197584858729
    -0.149331454341    0.081638502016    4.074827153935   19.290099983006
    -0.148291454341    0.083983253067    4.086535341073   19.399779476703
    -0.147891454341    0.084903731802    4.091048002652   19.442114554959
    -0.146851454341    0.087345760737    4.102795305293   19.552411230146
    -0.145811454341    0.089861994751    4.114558959053   19.663078816254
    -0.144771454341    0.092443389770    4.126321663945   19.773856300977
    -0.143731454341    0.095101719217    4.138287247404   19.886228291382
    -0.142691454341    0.097854781437    4.150653098463   20.001739677274
    -0.141651454341    0.100702347778    4.163215169155   20.119463376291
    -0.140611454341    0.103633320778    4.175919142903   20.239088003458
    -0.139571454341    0.106648572071    4.188642381078   20.359493951495
    -0.138531454341    0.109747251546    4.201299730148   20.480004070006
    -0.137491454341    0.112931563162    4.213948381420   20.600988429496
    -0.136451454341    0.116209216377    4.226584257558   20.722350736711
    -0.135411454341    0.119587238150    4.239238416480   20.844367864055
    -0.134371454341    0.123075772942    4.252005983990   20.967650354112
    -0.133331454341    0.126687089988    4.264974699542   21.093039037308
    -0.132291454341    0.130433278908    4.278616635408   21.224496624738
    -0.131251454341    0.134240830057    4.292276731690   21.356436357555
    -0.130211454341    0.138149066536    4.305697664129   21.486838783694
    -0.129171454341    0.142204914224    4.318932742918   21.616397580536
    -0.128131454341    0.146412139349    4.332050190952   21.745754509260
    -0.127891454341    0.147401932014    4.335026834393   21.775327722676
    -0.126851454341    0.151771790470    4.347910925626   21.903818195279
    -0.125811454341    0.156296686565    4.361171550587   22.035806804950
    -0.124771454341    0.161029251179    4.375102043370   22.173965669786
    -0.124211454341    0.163689046108    4.382845004603   22.251056262560
    -0.123171454341    0.168854239085    4.397581436952   22.398840218110
    -0.122131454341    0.174267104756    4.412600223094   22.550357971140
    -0.121091454341    0.179931753516    4.427800632134   22.704314592235
    -0.120051454341    0.185856727826    4.443927322229   22.866239440729
    -0.119011454341    0.192002889506    4.460169081266   23.030441670573
    -0.117971454341    0.198388575189    4.476614476514   23.197476838822
    -0.116931454341    0.205027855707    4.493254613917   23.366871401216
    -0.115891454341    0.211938063507    4.510001386826   23.537996657589
    -0.114851454341    0.219112422239    4.526998623250   23.712062539809
    -0.113811454341    0.226558607609    4.543905234417   23.886707785749
    -0.112771454341    0.234269694261    4.560875311073   24.063206887429
    -0.111731454341    0.242260717570    4.577739752296   24.239919811559
    -0.110691454341    0.250548503346    4.595414522680   24.423629547970
    -0.109651454341    0.259088715855    4.613091321754   24.608049689182
    -0.108611454341    0.267938649455    4.630754561376   24.793342827658
    -0.107891454341    0.274273793855    4.643120401709   24.923199741120
    -0.106851454341    0.283717605690    4.661007000171   25.112056529987
    -0.105811454341    0.293488513454    4.678632242606   25.300661466341
    -0.104771454341    0.303610819351    4.697004752972   25.496751457411
    -0.103731454341    0.314029628211    4.715760008039   25.696855225929
    -0.103251454341    0.318954450234    4.724306985807   25.788698571030
    -0.102211454341    0.329903223229    4.743361165382   25.992124034987
    -0.101171454341    0.341294847186    4.762519862609   26.196916460055
    -0.100131454341    0.353111355038    4.781802528994   26.403589526149
    -0.099091454341    0.365340993330    4.800855758420   26.610409707050
    -0.098051454341    0.378033807135    4.820377165557   26.823752171502
    -0.097011454341    0.391174390813    4.840243329736   27.042198614910
    -0.095971454341    0.404739334687    4.860816725761   27.267243700477
    -0.094931454341    0.418695673694    4.881311062148   27.492057112588
    -0.093891454341    0.433136211727    4.902058564823   27.718868591937
    -0.092851454341    0.448212346343    4.922916279835   27.947862198071
    -0.091811454341    0.463950860460    4.943624238540   28.178185723692
    -0.090771454341    0.480300285345    4.965135958836   28.418500103740
    -0.089731454341    0.497169014911    4.986529513940   28.660166563392
    -0.088691454341    0.514634187702    5.008487439408   28.908001066260
    -0.087891454341    0.528528082237    5.026161111508   29.105857669010
    -0.086851454341    0.546968531266    5.048153247801   29.354843252943
    -0.085971454341    0.563179993470    5.067084876873   29.568650091635
    -0.084931454341    0.583364416267    5.089408886809   29.823681154389
    -0.083891454341    0.604627587487    5.112496393939   30.089323852503
    -0.082851454341    0.626787725412    5.136036804318   30.361259670024
    -0.081811454341    0.649854208186    5.160832398732   30.645332291802
    -0.080771454341    0.673813341040    5.186482915968   30.938785663802
    -0.079731454341    0.698620016483    5.211701537868   31.229886605931
    -0.078691454341    0.724638369101    5.237151733677   31.524263711129
    -0.077651454341    0.751930317118    5.261891584125   31.815359309133
    -0.076611454341    0.780462134912    5.286401272897   32.107002664734
    -0.075571454341    0.810311548166    5.311924702536   32.410030533148
    -0.074531454341    0.841373577250    5.338847822429   32.727523542043
    -0.073491454341    0.873587778776    5.365718003919   33.047849173304
    -0.072451454341    0.907215692285    5.392153767289   33.365999580485
    -0.072131454341    0.917912314347    5.400385169273   33.465086017264
    -0.071091454341    0.953798709565    5.426328514431   33.781244312214
    -0.070051454341    0.991327480581    5.454073029904   34.116027942754
    -0.069011468623    1.030471777606    5.484081501864   34.475688108078
    -0.067971468623    1.071298154968    5.511907704049   34.818760684323
    -0.067811468623    1.077723556656    5.515638799494   34.866293198094
    -0.066771468623    1.120930851278    5.542439472449   35.200184604237
    -0.065731468623    1.166555132250    5.571925478157   35.563049520552
    -0.064691468623    1.214302775754    5.601341832757   35.929725358084
    -0.063651468623    1.264291093730    5.632907212656   36.318974306764
    -0.062611468623    1.317120593455    5.661490681295   36.686654634061
    -0.061571468623    1.373711678939    5.690946501661   37.062316746376
    -0.060531468623    1.433083940875    5.725045944272   37.485275227898
    -0.059491468623    1.495315328379    5.756449406728   37.886624853467
    -0.058931468623    1.530091919315    5.772374463329   38.094013498804
    -0.057891468623    1.598013486917    5.803243085755   38.495388751441
    -0.056851468623    1.671259236678    5.836331441511   38.923913944996
    -0.055811468623    1.749684992755    5.873132221655   39.392076658807
    -0.054771468623    1.833636193644    5.907550595154   39.836845283299
    -0.053731468623    1.922547143536    5.944883878417   40.313275690065
    -0.052691468623    2.016592797126    5.980233232325   40.777022991882
    -0.051651468623    2.115775442977    6.017212953035   41.262125978316
    -0.050611468623    2.221823589016    6.054360851165   41.750423883197
    -0.050051468623    2.281447547229    6.074620497472   42.015895609034
    -0.049011468623    2.396791522273    6.111867424128   42.508107748620
    -0.047971468623    2.518535254805    6.149227060028   43.007159737306
    -0.047811468623    2.537868132533    6.155144094655   43.086244837953
    -0.046771468623    2.668217455972    6.194413376680   43.611008031249
    -0.045731468623    2.807480641921    6.233383363978   44.133686937341
    -0.044691468623    2.955177034827    6.272735387790   44.666165100215
    -0.043651468623    3.111021232734    6.312124084415   45.205192622386
    -0.042611468623    3.276226146767    6.352482089028   45.759581051875
    -0.041571468623    3.452931255309    6.392556813649   46.314280236159
    -0.040531468623    3.639779431107    6.432011784345   46.868006179533
    -0.039491468623    3.836975372687    6.472896632012   47.442051215308
    -0.038451468623    4.047648263271    6.514219220422   48.023636266951
    -0.037411468623    4.273636886513    6.557551226738   48.633471669456
    -0.036371468623    4.514486902037    6.602080741549   49.263046385977
    -0.035651468623    4.690875975671    6.631764931782   49.687932133247
    -0.034611468623    4.962280022545    6.675015775899   50.310951191825
    -0.033571468623    5.258947547562    6.720173058231   50.966515660783
    -0.032531468623    5.587432863099    6.768532545793   51.672208927768
    -0.031491468623    5.948883510106    6.819192056142   52.414821800426
    -0.030451468623    6.341410706702    6.871855380530   53.188902189756
    -0.030051468623    6.502204822283    6.892164569462   53.488853149735
    -0.029011468623    6.945950268089    6.944839792107   54.270860928989
    -0.027971468623    7.424425094793    6.998183869166   55.065801105124
    -0.027811468623    7.501633480677    7.006381615804   55.188544543854
    -0.026771468623    8.027384525090    7.060115971689   55.994798675194
    -0.025731468623    8.596293085828    7.114204690968   56.810347107981
    -0.024691468623    9.211771605346    7.167236969676   57.618000939766
    -0.023651468623    9.883100358516    7.221358204054   58.446246414940
    -0.022611468623   10.620905064085    7.275383374310   59.280278692892
    -0.021971468623   11.109474156530    7.308823058659   59.798249505293
    -0.020931468623   11.964153788319    7.362554351593   60.637128024569
    -0.019891468623   12.905539762900    7.416343254182   61.485557937940
    -0.018851468623   13.948390290472    7.470876125427   62.352841065613
    -0.018451468623   14.380239452794    7.491835316891   62.688262676321
    -0.017411468623   15.594028939970    7.546114268828   63.565165698807
    -0.016371468623   16.999598854526    7.603985853648   64.508509352495
    -0.015891468623   17.728482830818    7.632819715475   64.981644911764
    -0.014851468623   19.482235322033    7.697043230216   66.044567650356
    -0.013859468623   21.379487817235    7.758305137977   67.069753297221
    -0.012851468623   23.569164128461    7.819245624273   68.105367373420
    -0.011843468623   26.081007829287    7.877997330212   69.122023886613
    -0.010799468623   29.103956337431    7.933806263891   70.108159393435
    -0.010367468623   30.508800758808    7.955157506591   70.492479882565
  -9.3414686232e-03   34.287709173079    8.000584260633   71.334062188087
  -9.0174686232e-03   35.626295597424    8.013038850278   71.572500785726
  -8.0049686232e-03   40.362767610650    8.044250135652   72.206321469796
  -7.9239686232e-03   40.784418489480    8.046170644378   72.248871577212
  -7.7923436232e-03   41.484276371162    8.049125686342   72.315689400314
  -7.0329686232e-03   45.933093046624    8.062788507362   72.655284393299
  -6.2128436232e-03   51.710557688968    8.072089658133   72.955595582257
  -5.4838610632e-03   57.830191694372    8.075863285464   73.170173890051
  -4.8915485632e-03   63.521040473589    8.077041450983   73.324984019283
  -4.3732751257e-03   69.003089390681    8.078288504532   73.469427343079
  -3.8777829382e-03   74.640784902447    8.083013638436   73.670637603284
  -3.4335485632e-03   79.926642747667    8.094065645735   73.968982092783
  -3.0491149694e-03   84.589769287218    8.110727543806   74.351424759964
  -2.7159391882e-03   88.627456016078    8.131619976248   74.797868203020
  -2.4147995397e-03   92.214888697359    8.156263011138   75.304610937463
  -2.1456960241e-03   95.335556794499    8.183202317157   75.847594116455
  -1.9150358679e-03   97.917234934463    8.209964162896   76.381643692303
  -1.7003537329e-03  100.220749713168    8.237721660326   76.932982585765
  -1.5122215429e-03  102.138526745414    8.264309636304   77.459547564980
  -1.3451731329e-03  103.745806031685    8.289755519464   77.962273027151
  -1.1943430151e-03  105.111406557284    8.314093182247   78.442495693169
  -1.0629748480e-03  106.227496775787    8.336282969583   78.880205567318
  -9.4377040003e-04  107.176477805262    8.357178741460   79.292509640851
  -8.4123024737e-04  107.938946421510    8.375718045708   79.658459481916
  -7.4927253039e-04  108.575643181893    8.392794142027   79.995563804559
  -6.6798847699e-04  109.097980727039    8.408249705182   80.300635985031
  -5.9655703612e-04  109.524917601438    8.422155756310   80.575042616410
  -5.3436241950e-04  109.875269711223    8.434663936044   80.821733656104
  -4.8567882660e-04  110.131597736354    8.444578986146   81.017303586804
  -4.5328703297e-04  110.293197940342    8.451232834177   81.148571252090
  -4.5276956278e-04  110.295680214211    8.451337903552   81.150645135728
  -4.4815571408e-04  110.317767219185    8.452277125050   81.169182909220
  -4.1354347149e-04  110.478897448652    8.459350205730   81.308805382537
  -4.0208485818e-04  110.530535331836    8.461701663631   81.355229006553
  -3.9442581166e-04  110.564528871017    8.463276353872   81.386317907062
  -3.8608990705e-04  110.601035424280    8.464993103002   81.420211611161
  -3.7814340676e-04  110.635348662907    8.466632603026   81.452580155067
  -3.7080426348e-04  110.666608712130    8.468149428266   81.482526650897
  -3.6312761039e-04  110.698857674578    8.469738745882   81.513904300131
  -3.5514427381e-04  110.731903808455    8.471394531163   81.546594259642
  -3.4712234773e-04  110.764602464871    8.473061369798   81.579502661103
  -3.4540200541e-04  110.771548344750    8.473419223276   81.586567814442
  -3.3710645750e-04  110.804712219806    8.475146727426   81.620674541751
  -3.2814908597e-04  110.839908544711    8.477015585609   81.657572985140
  -3.1960281219e-04  110.872896670193    8.478801989452   81.692844680487
  -3.1118410237e-04  110.904827149619    8.480564801110   81.727652036994
  -3.0261943495e-04  110.936736703693    8.482361221707   81.763124811781
  -3.0065202291e-04  110.943985100056    8.482774309502   81.771282077002
  -2.9474406562e-04  110.965568012255    8.484015691689   81.795796411673
  -2.8753443843e-04  110.991533285303    8.485532453681   81.825750336996
  -2.8120793565e-04  111.013980780818    8.486865096631   81.852069608757
  -2.7483847364e-04  111.036261595689    8.488208298357   81.878598865572
  -2.7126164350e-04  111.048633417889    8.488963271125   81.893510800090
  -2.6599116253e-04  111.066678433700    8.490076555191   81.915500863450
  -2.6009288667e-04  111.086612039348    8.491323689327   81.940136049764
  -2.5527198224e-04  111.102699271669    8.492343939291   81.960290515509
  -2.4819531129e-04  111.125977734344    8.493843096482   81.989907197475
  -2.4122800672e-04  111.148504636881    8.495320839757   82.019102782028
  -2.3334870980e-04  111.173508864858    8.496994090333   82.052163304575
  -2.2497486497e-04  111.199530596788    8.498774767345   82.087349058907
  -2.1890568730e-04  111.218033205840    8.500066915358   82.112883277517
  -2.1126241168e-04  111.240903384826    8.501696035204   82.145078387085
  -2.0515871549e-04  111.258819988037    8.502998491715   82.170819407598
  -2.0511929847e-04  111.258934692463    8.503006907045   82.170985727740
  -1.9923666063e-04  111.275906490280    8.504263428051   82.195820159977
  -1.9164214529e-04  111.297387937613    8.505887452410   82.227919805332
  -1.8350051687e-04  111.319875452313    8.507630766307   82.262379321709
  -1.7493526865e-04  111.342923212682    8.509467362221   82.298684867073
  -1.6634645444e-04  111.365401663137    8.511311700509   82.335145511020
  -1.5603431967e-04  111.391544659769    8.513529659754   82.378994740679
  -1.4585592562e-04  111.416436857913    8.515722729896   82.422354281293
  -1.3439176486e-04  111.443377232929    8.518197465541   82.471285153955
  -1.2437640243e-04  111.465955272293    8.520363522159   82.514114609220
  -1.1353028208e-04  111.489388483160    8.522713548235   82.560583323263
  -1.0328882422e-04  111.510536850012    8.524936708056   82.604544695906
  -9.4519878376e-05  111.527883877763    8.526843440495   82.642249739438
  -8.6168226824e-05  111.543748116233    8.528662205832   82.678215804420
  -7.8944699054e-05  111.556949588065    8.530237491304   82.709367391388
  -7.1682130636e-05  111.569733041897    8.531823333904   82.740727993854
  -6.5152270976e-05  111.580806131873    8.533250943031   82.768959627525
  -5.8505465284e-05  111.591666415163    8.534705845233   82.797731095459
  -5.2733587264e-05  111.600759312725    8.535970636111   82.822743066312
  -4.6774152960e-05  111.609816540533    8.537277896208   82.848594917391
  -4.1231442061e-05  111.617937432137    8.538494992279   82.872663724884
  -3.5842352954e-05  111.625552133727    8.539679509932   82.896088261546
  -3.0811442071e-05  111.632409785669    8.540786330889   82.917976275072
  -2.5908216507e-05  111.638859326951    8.541866012368   82.939327559294
  -2.1462117139e-05  111.644507262042    8.542845848978   82.958704323964
  -1.6956228910e-05  111.650036001019    8.543839645142   82.978357110639
  -1.2486364841e-05  111.655325990442    8.544826282107   82.997868278911
  -7.7458927845e-06  111.660723692710    8.545873496827   83.018577352297
  -3.4768785734e-06  111.665397046723    8.546817314518   83.037241664007
   3.3440756667e-07  111.669418688510    8.547660532062   83.053916538007
   4.1575990371e-06  111.673309644760    8.548506946036   83.070654588790
   8.0746635115e-06  111.677147003797    8.549374730111   83.087815202464
   1.1836427901e-05  111.680689777263    8.550208664471   83.104306397839
   1.5735191851e-05  111.684213898927    8.551073545558   83.121409536089
   1.8559394822e-05  111.686672616047    8.551700415403   83.133805950083
   1.8598579550e-05  111.854736395361    8.551382567005   83.127807100041
   2.5022070056e-05  111.858002963686    8.552822620478   83.156271812502
   3.8452357939e-05  111.863327398173    8.555833882959   83.215793142282
   5.6092700674e-05  111.867349529015    8.559792569359   83.294043930024
   7.5060450980e-05  111.868003389468    8.564052191830   83.378253336306
   9.2199645184e-05  111.865387180697    8.567903639660   83.454407201791
   1.0812393170e-04  111.860251243043    8.571484264378   83.525220294109
   1.2387344646e-04  111.852609703617    8.575027995658   83.595318095469
   1.4112084293e-04  111.841301323649    8.578912156467   83.672166070754
   1.5700944067e-04  111.828136721695    8.582494101026   83.743048707366
   1.7374598715e-04  111.811376588880    8.586271880963   83.817819537560
   1.8893975139e-04  111.793551286538    8.589706188087   83.885801871017
   2.0660230659e-04  111.769646723864    8.593704845594   83.964964688453
   2.2280638569e-04  111.744657425090    8.597379844928   84.037726305187
   2.4017529151e-04  111.714564877124    8.601326481672   84.115870505835
   2.5875618534e-04  111.678528455634    8.605557533743   84.199648760208
   2.7648484339e-04  111.640397061254    8.609603657993   84.279765636307
   2.9581776872e-04  111.594601510884    8.614026519121   84.367340599433
   3.1640660946e-04  111.540964301015    8.618749330009   84.460850977920
   3.3631188877e-04  111.484316443202    8.623328233830   84.551506975549
   3.5699083737e-04  111.420462136562    8.628099045250   84.645956263119
   3.7881546059e-04  111.347526075040    8.633150152513   84.745947249029
   4.0208180794e-04  111.263471470333    8.638553143399   84.852895691549
   4.2681698607e-04  111.166941778217    8.644318261603   84.967003167378
   4.5323525161e-04  111.055625782048    8.650500336909   85.089354130581
   4.8143694721e-04  110.927323586942    8.657128517298   85.220525327834
   5.1172231057e-04  110.778479609065    8.664279932138   85.362043898037
   5.3905053930e-04  110.634156730385    8.670762898268   85.490330635950
   5.7026354265e-04  110.457427412066    8.678201734874   85.637530866329
   6.0413435858e-04  110.250990526915    8.686316081192   85.798099698529
   6.4101205130e-04  110.008369264034    8.695198212425   85.973867279870
   6.8067101815e-04  109.726015785480    8.704801422519   86.163913802493
   7.2306176560e-04  109.398886224799    8.715120485451   86.368139370402
   7.6802271820e-04  109.022492951300    8.726122352863   86.585891642897
   8.1627905573e-04  108.583884097974    8.737990287529   86.820797796474
   8.6585613783e-04  108.095100165726    8.750242166971   87.063314282668
   9.1880334731e-04  107.529615848852    8.763387414271   87.323527642697
   9.7701377731e-04  106.855474573624    8.777903467326   87.610902500550
   1.0378928883e-03  106.091318169256    8.793145817908   87.912703946714
   1.1147409646e-03  105.040175438217    8.812455244443   88.295127185257
   1.1985765533e-03  103.783429106829    8.833582889652   88.713665371760
   1.2890705195e-03  102.297189450832    8.856422201509   89.166179182137
   1.3915380163e-03  100.448356694998    8.882265223666   89.678336575374
   1.4956482007e-03   98.385006067568    8.908478389394   90.198212033554
   1.6079983089e-03   95.949639617637    8.936871582108   90.761563898284
   1.7419250349e-03   92.781355325884    8.971487182604   91.446292871552
   1.8719544109e-03   89.469153317976    9.006581645214   92.134830373688
   2.0315367525e-03   85.189765795109    9.050727210562   92.995821269308
   2.1740803366e-03   81.339853097535    9.086554637454   93.703697014754
   2.3400917842e-03   77.173358483718    9.114480024966   94.289147182749
   2.5113959390e-03   73.789072039840    9.120528753319   94.480682592720
   2.6827000938e-03   72.026345775217    9.108791446017   94.326046081044
   2.8540042486e-03   72.560172646012    9.101567914514   94.235704569579
   3.0253084034e-03   75.977118648205    9.130820335268   94.862782159952
   3.1966125583e-03   82.781426942488    9.224451404812   96.856350786472
   3.2736994279e-03   87.057251501300    9.291588957845   98.311731168897
   3.2754124695e-03   87.161166975664    9.293255354099   98.348042624902
   3.4718152934e-03  101.709551022849    9.531916072368  103.641922678561
   3.7028145243e-03  125.471016303515    9.906715641666  112.253182359919
   3.9338137552e-03  155.669195409578   10.335969138507  122.532413475397
   4.1648129861e-03  190.605206486067   10.774840000581  133.464726543131
   4.3958122170e-03  228.204791537052   11.194847399745  144.305910651671
   4.6268114479e-03  266.174359283677   11.579857285616  154.562833892832
   4.8578106788e-03  302.429641639673   11.922292099377  163.937011712488
   5.0888099097e-03  335.014846486030   12.217336363238  172.202068727952
   5.3198091406e-03  362.398099504405   12.463827162577  179.242617582672
   5.5484983791e-03  383.332549094567   12.661408894488  184.990324492896
   5.7920370495e-03  397.387203210838   12.821067305947  189.754416745666
   6.0433385599e-03  402.338772846227   12.932283442684  193.216600757642
   6.2963091051e-03  399.211848263668   12.994483949300  195.317374151213
   6.5467456574e-03  391.191356770544   13.017165215872  196.280465113782
   6.7971822097e-03  380.685575082157   13.012710682891  196.438615951696
   7.0476187620e-03  368.971458805031   12.988273077594  195.993880069131
   7.2983055639e-03  357.055309574866   12.948757509157  195.074447057041
   7.5522700284e-03  344.943456620109   12.897593557281  193.788621539246
   7.8062344929e-03  333.263942262608   12.838795319984  192.248776968518
   8.0601989573e-03  321.816753544867   12.772781514997  190.476559856740
   8.3141634218e-03  310.839394370089   12.702771453393  188.568553986966
   8.5681278862e-03  300.113960862220   12.626738419929  186.482058556388
   8.8220923507e-03  289.513818640824   12.547469720535  184.307466489153
   9.0760568151e-03  279.249774837129   12.462832389405  181.980859888705
   9.2641786407e-03  272.429665712881   12.402331029893  180.286923670166
   9.5181431051e-03  263.532894538691   12.324042433012  178.088221155639
   9.7721075696e-03  255.096995820710   12.243462259862  175.832272100536
     0.010026072034  247.574168018854   12.171056724130  173.796217989736
     0.010277775504  240.219002043388   12.100513011417  171.830631699328
     0.010532102080  233.326308162105   12.026874769965  169.792912919842
     0.010786428657  227.282711061127   11.962603198166  168.016560609561
     0.011040755234  221.170621146260   11.901509801527  166.358128722888
     0.011295081810  215.137376194331   11.834578286653  164.571519937257
     0.011549408387  209.734368041929   11.770491757929  162.874286561592
     0.011803734964  204.348304461414   11.709565283432  161.279789354636
     0.012058061540  198.711543094941   11.642692678783  159.549796642371
     0.012312388117  193.788118636197   11.577594711805  157.858520638834
     0.012566714694  189.834725254023   11.527235264936  156.540438508612
     0.012821041270  185.575253056972   11.477887247596  155.271161947690
     0.013075367847  180.612925546529   11.414243372498  153.657481542512
     0.013329694424  176.203701875936   11.352774985996  152.093437833419
     0.013584021000  172.447304994176   11.302578395335  150.801592262516
     0.013838347577  168.226978732166   11.244007543834  149.303483671742
     0.014092674153  164.137969545860   11.179648479206  147.655673653565
     0.014350638689  160.839470403096   11.127118381156  146.294560768557
     0.014605160304  157.397479742632   11.079433315879  145.075665218809
     0.014859681919  153.446632036235   11.021367413916  143.614421669616
     0.015114203534  150.062548672093   10.964535801667  142.171917770111
     0.015368725149  147.448262830147   10.918949341400  141.001201742353
     0.015623246763  144.879342721190   10.878582162993  139.977439758172
     0.015877768378  141.780720165454   10.832463916212  138.855147303979
     0.016132289993  138.713488045868   10.783302816641  137.665800409302
     0.016386811608  136.227882694381   10.741757811226  136.639688448003
     0.016641333223  134.176631572389   10.709143247213  135.828655526216
     0.016673148425  133.927675415859   10.705379387613  135.734974459256
     0.016927670039  131.764021993995   10.673059053221  134.928951424826
     0.017182191654  129.174599839195   10.631537113267  133.899588649843
     0.017436713269  126.516647157973   10.586864568060  132.806166343699
     0.017691234884  124.132375600646   10.548777900556  131.887262032599
     0.017945756499  122.147187362593   10.519279554807  131.181920728444
     0.018200278113  120.424473512198   10.494997892002  130.599724515107
     0.018453896170  118.441622903956   10.464511932522  129.878686855116
     0.018709523770  116.169820321863   10.425434137294  128.965599666745
     0.018962388127  114.012152851658   10.386384379850  128.042360339372
     0.019219877261  112.140105460632   10.352114071777  127.219050843505
     0.019474962763  110.633814509117   10.326313370078  126.597590967811
     0.019727279663  109.119953946466   10.300739607233  125.998055955536
     0.019983841500  107.396821730507   10.267168930917  125.218362192666
     0.020238957323  105.695266048915   10.231060882560  124.376396520489
     0.020496909220  104.141913101437   10.197810553826  123.603363960529
     0.020753003564  102.899880243605   10.172204059283  123.000799161468
     0.021004972506  101.806569674519   10.152086912693  122.516632427309
     0.021256782024  100.413980887886   10.124649479206  121.867653500341
     0.021508096757   98.810551126938   10.090965674171  121.096682627397
     0.021762202076   97.340106118463   10.058719561804  120.365648228677
     0.022016307396   96.176960292782   10.030687637258  119.728943929488
     0.022274394805   95.319637653346   10.009797999821  119.272087084134
     0.022526699667   94.551254124458    9.995693431685  118.962379406837
     0.022785147378   93.416461375619    9.972081475755  118.386812377849
     0.023039284205   92.190589934196    9.945401333945  117.768512798419
     0.023290121650   91.159976136883    9.923439420245  117.285921578092
     0.023545830146   90.195555930862    9.902453626910  116.819559210700
     0.023797111663   89.245033764227    9.880072837145  116.304520605761
     0.024048393180   88.406581204887    9.859486276031  115.830559900158
     0.024301541077   87.765728393144    9.846426448960  115.548753778910
     0.024558328646   87.158119269616    9.836291221531  115.322139365321
     0.024813247832   86.360406330429    9.817773611514  114.869534130147
     0.025011062676   85.690867760738    9.802192057898  114.520222036287
     0.025019687125   85.661783565112    9.801544480574  114.506511929407
     0.026034394640   82.649463340061    9.733300502799  113.075964737822
     0.027053910164   79.320330805240    9.641013597027  111.115557160933
     0.028064054477   77.330983459449    9.595848065442  110.141807392365
     0.029074198790   74.242016834846    9.518223991652  108.464951708632
     0.030084343102   72.248529465508    9.477254893550  107.626346976453
     0.031092440278   70.386944901362    9.434536857772  106.692878448305
     0.032093531084   68.823377930827    9.402911753657  106.065924440153
     0.033096013286   67.736848051172    9.378313064272  105.638598012436
     0.034100893860   66.631812874000    9.356855624971  105.198329991528
     0.035109027774   65.430732633071    9.333311378425  104.759220076186
     0.036120683253   64.949544069866    9.320912950398  104.445235296655
     0.037134655948   64.214827100819    9.295804101699  104.034013003107
     0.038138801387   63.743241396940    9.290716299538  103.910535894917
     0.039142946825   63.447875366225    9.285520190794  103.801903079917
     0.040147092264   63.240137346128    9.281346539782  103.724346209213
     0.041151237703   62.606997332618    9.279082241490  103.772088253509
     0.042179727590   61.343604504532    9.267170583826  103.615238237921
     0.043212477590   60.510626098930    9.239945424419  103.108794223200
     0.044224969003   59.680176690936    9.226396097153  102.880961819435
     0.045034957555   58.860442940068    9.212838433120  102.584690527075
     0.046064258018   58.266478698746    9.205996852694  102.421286428873
     0.047084258018   57.646127004300    9.187358691396  102.162231429853
     0.048104258018   57.424360553569    9.202838960699  102.684214874937
     0.049131531898   58.014893197115    9.243480745199  103.572742351421
     0.050180057842   58.252485716680    9.275326246311  104.284694033683
     0.051207407842   57.912134633873    9.295858398104  104.781773050003
     0.052207639658   57.386014031148    9.297477973324  104.689077114002
     0.053227639658   56.812826940954    9.281186599341  104.476207180849
     0.054247639658   56.426634605991    9.301507303429  104.903546658453
     0.055267639658   56.208270753004    9.326910700192  105.480046612325
     0.056287639658   56.004764047039    9.347106825594  105.882732751193
     0.057307639195   55.895002369472    9.375669579583  106.566602785121
     0.058327635261   56.055755665816    9.426451470354  107.800364109685
     0.059353202986   56.191297125579    9.476682010785  109.040842227106
     0.060365433471   55.968120725211    9.523928215501  110.090888761188
     0.061407381471   55.580953655935    9.528483465791  110.233160186276
     0.062414204893   55.248507048086    9.529114875344  110.302598122316
     0.063481854397   55.215278357874    9.559292838742  110.970664761039
     0.064555584361   55.775889649583    9.544712589668  110.916764970631
     0.065035584361   56.210436917718    9.521407928987  110.649435144731
     0.066075566351   57.413766881730    9.448723413890  109.779915210078
     0.067115458369   58.216467745613    9.510138376466  111.105647130283
     0.068115458369   58.958627725405    9.545939793747  111.978072715338
     0.069174619670   59.674152110093    9.589262837447  112.914303665200
     0.070235136373   59.818455265995    9.678126979098  114.639850915620
     0.071251973199   60.139458966027    9.596215842506  113.496911965405
     0.072260659018   60.313409062391    9.573278978877  113.128828877007
     0.073333679085   59.820134172208    9.723196088117  115.628418452561
     0.074373679085   59.761668509199    9.726848164043  115.818538346586
     0.075413679085   59.740381749306    9.732765522454  116.085234301722
     0.076453679085   59.618356902908    9.739946721982  116.267282976854
     0.077493679085   59.482298780499    9.743973887321  116.387313651785
     0.078533679085   59.433185870798    9.758001331557  116.762184523063
     0.079573513876   59.353514258923    9.779047883744  117.295366877357
     0.080575451463   59.305348882516    9.813446959435  118.083807623132
     0.081618818911   59.837515290095    9.783104995677  118.011528724756
     0.082663699102   60.408156325561    9.747751311594  117.750794779779
     0.083696124533   60.526961080791    9.830731858102  119.282576231372
     0.084752948328   60.355149543305    9.919133507990  121.209635512753
     0.085072948328   60.328022279955    9.945839613784  121.774779707472
     0.086110547836   60.278236066532    9.992392340350  122.935927405864
     0.087154547836   60.201517164425   10.041424864864  123.998349862767
     0.088162468923   60.139668272228   10.066536622514  124.681957432624
     0.089194453685   60.000465999759   10.100749241964  125.473591511522
     0.089986453685   59.919119430830   10.135888165573  126.272745031260
     0.090058453685   59.875482259519   10.135532129104  126.270861663883
     0.091084453685   59.885422418817   10.142176642942  126.611840384484
     0.092090521189   59.937015759741   10.177353515229  127.393767340613
     0.093099274633   59.892457912972   10.236238496678  128.778297745305
     0.094117274337   60.044447876813   10.281189855654  129.992630209130
     0.095145793271   60.082869634356   10.321404578926  131.008362372009
     0.096194004280   59.926741253762   10.344504756147  131.653671797549
     0.097242215289   59.948306945137   10.369296624756  132.514944731527
     0.098290426297   59.792487435192   10.414257187359  133.660735136836
     0.099338637306   59.676561004175   10.447267066080  134.512128352383
     0.100386848315   59.630710164439   10.485147322028  135.549616949850
     0.101416952396   59.511242362213   10.520372467529  136.495994886315
     0.102453537295   59.396289047835   10.566520813235  137.594365242330
     0.103473584349   59.449391448917   10.612359200066  138.849379314944
     0.104526404746   59.471923715625   10.643245635077  139.686037976665
     0.105535186596   59.572456110552   10.659217881539  140.291752436176
     0.106537792246   59.703958366127   10.694428161758  141.277011461730
     0.107540397895   59.705008809825   10.727951890209  142.119049300345
     0.108541756188   59.674650406541   10.760987410746  142.992167501563
     0.109587713647   59.709772629808   10.812276175583  144.438346642325
     0.110035981111   59.702030826412   10.828328610493  144.916632449387
     0.111081938505   59.586893197105   10.852873428307  145.605702358974
     0.112127895899   59.506794249873   10.879078741693  146.359856241521
     0.113173853292   59.361690271889   10.902548059119  147.004141025760
     0.114219810686   59.252968432046   10.926746470230  147.675639445633
     0.115265768080   59.212789160302   10.958107140478  148.545858118691
     0.116311725473   59.054544729757   10.987757839167  149.324109744527
     0.117357682867   59.024593743920   11.018656919457  150.440428129039
     0.118403640261   58.918120299645   11.047688594105  151.375497750987
     0.119449597654   58.657226975010   11.068003830039  151.961518164017
     0.120495554727   58.420498161522   11.088518674609  152.600276177666
     0.121541511276   58.077628006427   11.104545526040  153.059323506343
     0.122587467825   57.870210699692   11.126670132003  153.733147168620
     0.123633424375   57.745511710353   11.152506760275  154.481496131785
     0.124679380924   57.547336772265   11.173493975213  155.041950061480
     0.125708388379   57.468528788327   11.204983582987  155.901641394725
     0.126728987769   57.421887234540   11.266570384891  157.454751141009
     0.127749570679   57.513035569001   11.297457759241  158.512279454873
     0.128770153589   57.532169296455   11.329299133763  159.467874033409
     0.129790736500   57.462269467556   11.356029384711  160.206590424266
     0.130044197779   57.425230567031   11.361778122990  160.358708821217
     0.131046572779   57.205408409010   11.385250873403  160.962264743154
     0.132048947779   57.203882824837   11.427413134924  162.394993319968
     0.133059999330   57.177748209920   11.462714791144  163.492609657232
     0.134061394095   56.944734558558   11.447702044387  163.380229473512
     0.135080126579   56.750633114140   11.464379169258  163.854329977665
     0.136102751579   56.619158973500   11.502649806975  164.865333971908
     0.137105126579   56.712574367266   11.565282670574  166.670856786863
     0.138107501579   56.661545075459   11.587603316350  167.385118306223
     0.139125064079   56.525450818404   11.609190719695  167.949572930741
     0.140132403150   56.487190519992   11.646530372071  169.000288490166
     0.141138365521   56.526157255241   11.661098218188  169.931961139533
     0.142138981569   56.535798484742   11.684167831187  170.693776901041
     0.143141356569   56.473759423779   11.717283545999  171.518107877388
     0.144152844069   56.384358458876   11.762178986068  172.999444724124
     0.145164331569   56.266082673136   11.786420526233  173.827790877311
     0.146175819069   55.985556175733   11.795821134242  174.006164020288
     0.147187306569   55.798173276128   11.812993441060  174.434497586918
     0.148198794069   55.795002021274   11.851895890271  175.818064988309
     0.149210281569   55.718888660814   11.874792636284  176.823387295932
     0.150057744069   55.457538036749   11.880393378371  176.947005109208
     0.151069484694   55.238676580617   11.895293162455  177.323285661926
     0.152071859694   55.209781479974   11.936175214264  178.497833672502
     0.153095478156   55.107110887808   11.968339804547  179.723880302424
     0.154107857270   55.054078690584   11.969106096395  179.912357075865
     0.155114029145   54.922120939321   11.994260373470  180.644425314763
     0.156121151186   54.973625583196   12.063666874131  182.736525317144
     0.157121235380   54.789574577473   12.060624519989  182.898197861946
     0.158132055093   54.641454569706   12.067583376260  183.160778491940
     0.159136708218   54.533547974418   12.117194235112  184.673388839737
     0.160148138447   54.613605573850   12.149247623914  185.828648316139
     0.161167253532   54.425185057898   12.149743023072  185.842123583357
     0.162167507953   54.379948980279   12.195013005112  187.494897376985
     0.163167762374   54.390394151406   12.228191841293  188.737717359988
     0.164168016795   54.062318213929   12.232024702093  188.762950413925
     0.165174275780   53.719892176114   12.238215677422  188.886473762509
     0.166180447655   53.461505150637   12.256080850794  189.285929422540
     0.167186619530   53.519628498045   12.294079467977  190.910381028199
     0.168192791405   53.582760946356   12.325897650142  191.716669283000
     0.169198963280   53.456501336025   12.350523647057  192.735846827655
     0.170072244530   53.359790472063   12.366267154343  193.551839034828
     0.171077466145   53.244161821718   12.386616239271  193.960535172234
     0.172096228487   53.126820721616   12.417572434213  195.069138727540
     0.173104502142   53.238659393342   12.447257127357  196.045623010735
     0.174115420110   53.335785963252   12.491083995210  197.405274214133
     0.175126338079   53.342456495469   12.524625523736  198.699225784968
     0.176141145615   53.003800089681   12.530255032994  198.841104199844
     0.177148612034   52.442727763695   12.506496975436  198.162192350601
     0.178158650701   52.218052264880   12.506212972390  198.195911031264
     0.179170732061   52.400246115837   12.568721037320  200.287039143600
     0.180183073857   52.448196864953   12.577244280921  200.748236011482
     0.181195415654   52.530426169496   12.648834192034  203.161151987154
     0.182202436388   52.249005999096   12.652728628329  203.344690578140
     0.183216075677   51.955332736207   12.649821064488  203.095475246523
     0.184226993645   51.738211996257   12.640749925369  202.969443350855
     0.185138243645   51.775202633445   12.684815537979  204.756354217921
     0.186148133083   51.834728568289   12.709941629568  205.437524974198
     0.187151787353   51.579604634103   12.717338615583  205.614390300286
     0.188155441624   51.580639516127   12.758517291763  207.594870340502
     0.189159095894   51.453693042976   12.766018233424  207.759098485513
     0.190177951047   51.138411494124   12.766196564710  207.481685418632
     0.191187747108   50.943181397593   12.770207189628  207.565616392640
     0.192197807387   50.756768443388   12.807491651390  209.087690712492
     0.193207742743   50.661649383272   12.823439044333  210.053547857652
     0.194217678100   50.446294477675   12.832673412467  210.341644959370
     0.195227613456   50.023689826164   12.824113554790  209.915431124484
     0.196240459750   49.823167789421   12.835283705296  210.283343696721
     0.197245780001   49.591988157355   12.837752306597  210.687941219837
     0.198250503285   49.801069364472   12.897344765637  212.881174157071
     0.199037076911   49.625013097371   12.892772777768  212.251838590876
     0.200042602897   49.421069842773   12.902385008551  212.580581629315
     0.201017231451   49.098953016904   12.891215447573  212.634917289727
     0.202029834382   48.918346805850   12.953793068132  214.638898453604
     0.203032859263   48.948887686492   12.941992505965  214.484338632278
     0.204041588912   48.885525775443   12.991539392687  216.240067123079
     0.205046539274   48.834852062887   13.019819048197  217.285161840394
     0.206053370856   48.653120446700   12.993782291837  216.343976657044
     0.207060202438   48.712851579041   13.066921994345  219.206481654682
     0.208067034020   48.612307353281   13.075979462908  219.571292415407
     0.209073865602   48.287082581785   13.073410890646  219.532434628219
     0.210030292230   47.936515367788   13.065902903373  219.188697751481
     0.211000548541   47.726094955361   13.056974875702  218.625837256042
     0.211966285360   47.857354694487   13.119267827891  221.118907272501
     0.212950173475   47.784426618276   13.126806954202  221.281068797853
     0.213957795293   47.606203657871   13.133168335454  221.349672704840
     0.214960313302   47.195989618912   13.092458469434  220.444537226011
     0.215912407836   47.060250917366   13.137867122985  221.794659312124
     0.216866504250   46.890681621718   13.152304426913  222.614281538360
     0.217800677883   47.092557514125   13.195979166981  224.026379336457
     0.218734851516   47.334220475199   13.233675108744  225.691515463315
     0.219631911128   46.943390198094   13.219399066822  225.189710369180
     0.219639022485   46.940299657843   13.219299238702  225.187930427718
     0.220466558067   46.669735092048   13.217322461646  225.116850456084
     0.221310837130   46.702569133676   13.244520373573  225.849497362771
     0.222089315157   46.941549816467   13.271032145567  226.802025811070
     0.222867793184   47.229390286226   13.347335928919  229.866123622453
     0.223646271212   47.094442312027   13.351587417479  230.141436464818
     0.224496392775   46.762912229381   13.345998640632  230.071597722501
     0.225447985669   46.552884755754   13.332670424950  229.266963355046
     0.226288741939   46.564259942800   13.304936227776  228.514653308069
     0.227129498208   46.603257964993   13.375973826090  231.350681397486
     0.228111339103   46.490061580328   13.382119528089  231.570931901123
     0.228912242423   46.317931192737   13.353640861020  230.239602163647
     0.229713145743   46.549189639857   13.424826338752  232.996543579300
     0.230570203069   46.544057663120   13.449852726943  234.341455848993
     0.231435178655   46.162314652554   13.428941209785  233.326516563563
     0.232416858655   45.485893562482   13.384999463999  232.100470305382
     0.233422569604   44.734932593195   13.321215766032  229.643286685400
     0.234393785669   44.190822727912   13.289716760750  229.044196320533
     0.235298656318   43.709245127814   13.270731894838  228.347267513597
     0.235304345487   43.681827739270   13.272379917281  228.406186861289
     0.236043718126   43.747307175481   13.322400633846  230.389965827785
     0.237051242580   42.897063150057   13.328520094257  229.023603842760
     0.238058767034   41.894411326717   13.233829860862  225.127922656909
     0.239063364695   41.357902061584   13.221890409273  224.895798096243
     0.240063978064   40.688072258738   13.193074799345  224.092162949234
     0.241072885587   39.956019033815   13.136914357858  221.691110271261
     0.242081793111   39.123509307443   13.075600115692  219.484718548442
     0.243090700634   39.031677943263   13.100040482425  220.444120407801
     0.244099608157   38.788285158971   13.112344321660  221.264232404073
     0.245110259514   37.775784495924   13.054952303441  219.903688993636
     0.246117390100   36.740857876819   12.972453170300  216.629164194664
     0.246581853157   36.394202729181   12.950745037294  216.136378198711
     0.247590760681   35.492381697413   12.905428452219  214.664010223320
     0.248599668204   34.312275579627   12.792579422350  210.932891208001
     0.249608575728   33.472531478480   12.735335117123  209.338792089216
     0.250617483251   32.997990658163   12.714476717057  207.995098370803
     0.251626390775   32.186897112735   12.640360884396  205.654641075258
     0.252635298298   31.784452625300   12.632856928864  206.071875189680
     0.253644205822   31.365840514288   12.624932032179  205.737483508161
     0.254653113345   30.904341937573   12.591314572554  204.601059374629
     0.255662020868   30.807117171225   12.609795889517  205.185354831630
     0.256670928392   30.633381069836   12.613226545208  205.122834116429
     0.257679835915   30.581638021986   12.637517687859  206.018962139083
     0.258688743439   30.332069681523   12.632053003792  205.982240693514
     0.259037501595   30.195985565142   12.622591786658  205.713782108096
     0.260046409118   29.792337962710   12.593639186079  204.742111066786
     0.261055316642   29.712562166004   12.612192636456  205.583889481081
     0.262064224165   29.807751617152   12.660190753595  207.706727671688
     0.263073131689   29.521995729305   12.646066102896  207.301305512878
     0.264082039212   29.145133455637   12.621032956383  206.618765288173
     0.265090946736   28.894342369191   12.607517012181  206.115475903111
     0.266099854259   28.815703207215   12.619462853685  206.524848893030
     0.267108761782   28.646621141636   12.616451463780  206.380312115749
     0.268117669306   28.511899274797   12.617214201352  206.302007485455
     0.269126576829   28.472368654425   12.633740845161  206.769724680268
     0.270135484353   28.385232209643   12.644546282959  207.205964941896
     0.271144391876   28.378903608459   12.676974339869  209.100580482891
     0.271493150032   28.381074223194   12.684944523786  209.458894144435
     0.272502057556   28.262719449104   12.686666087432  209.454731646138
     0.273510965079   28.218445512625   12.690839668022  209.661144925267
     0.274519872603   28.254382808361   12.709322773045  210.269083667415
     0.275528780126   28.162412740095   12.718437769553  210.160503392837
     0.276537687650   28.030810458031   12.714720128736  209.986323053922
     0.277546595173   27.967799076196   12.724699175228  210.267281292543
     0.278555502697   28.021677126919   12.759538299399  212.303357869830
     0.279564410220   27.996930736347   12.773818665659  212.809298456149
     0.280573317743   27.973488165391   12.776429046196  213.333260087505
     0.281582225267   28.002000429376   12.796155311647  213.446227206566
     0.282591132790   28.012541365272   12.811627972537  213.699388576986
     0.283600040314   27.939284872959   12.815315837936  213.782450248836
     0.283948798470   27.900497120102   12.814216153859  213.721335406510
     0.284957705993   27.869067645831   12.824952130614  214.113332275981
     0.285966613517   28.020968216683   12.871794083936  216.633934830943
     0.286975521040   27.957736471143   12.872413081677  216.629246268748
     0.287984291306   27.893271627656   12.879393154364  216.930399646132
     0.288992576339   27.743290713225   12.868823106266  216.562836010426
     0.290000372152   27.675629118493   12.868730608403  216.497129398649
     0.291007679268   27.668165133684   12.875239372282  216.573898795188
     0.292014493162   27.697534816803   12.884494333594  216.819409652368
     0.293020834624   27.737556399320   12.904674669291  217.142420494600
     0.294026680028   27.923300335666   12.947079023717  219.536658237998
     0.295032040167   27.996457325457   12.974885887640  220.644515060754
     0.296036918270   27.973553638518   12.981875454728  220.887752597880
     0.296384174179   27.944493597406   12.980690784556  220.814840342114
     0.297388409338   27.909880706491   12.984361021217  220.898102260116
     0.298392167516   27.822232883865   12.977514112413  220.578807773734
     0.299395455276   27.794452825051   12.984798285704  220.869219863313
     0.300398271165   27.674297490064   12.977377251975  220.628623291217
     0.301400615737   27.583934075436   12.974482933319  220.487503012886
     0.302402489729   27.566067261689   12.978190224171  220.380028460826
     0.303403895933   27.685172165762   13.001959083478  221.342360254384
     0.304404841804   27.670039912998   13.015770692179  221.670007230219
     0.305405331812   27.600918986927   13.015306623040  221.727666247597
     0.306405364631   27.520780510011   13.020587036969  221.730159005538
     0.307417274044   27.686189480053   13.064523016904  224.328533562399
     0.308428716753   27.670101718177   13.074243365722  224.610514493330
     0.308749318802   27.633664039777   13.072996060075  224.602281098496
     0.309760151248   27.530981679309   13.070999743594  224.623147752599
     0.310745879508   27.472007273898   13.073887673932  224.701156009678
     0.310758198287   27.471355532985   13.073922229249  224.700375350336
     0.311768105701   27.461841631321   13.080682622627  224.810827819869
     0.312777551436   27.448909675718   13.090304636308  225.101182023510
     0.313786541996   27.387502156563   13.091477002821  225.086274479312
     0.314795071214   27.394040089675   13.102718655447  225.233449972697
     0.315803143685   27.474461172655   13.129613721524  225.938538405645
     0.316810785689   27.531986201596   13.153707000941  226.643381700218
     0.317817960349   27.649702741292   13.183346519819  228.980161089830
     0.318823088446   27.713709333906   13.214105745796  230.329647563806
     0.319623991766   27.612108794633   13.210668164827  230.372532642730
     0.320424895086   27.469252371943   13.219375079308  229.577589073625
     0.321225798407   27.222094289815   13.171812104518  227.096998185563
     0.321570186834   27.141640905317   13.160585795276  226.754330470813
     0.322371090155   27.076395302778   13.161848311922  226.671293819745
     0.323171993475   27.077900300051   13.172729653610  227.224404439081
     0.323972896795   27.289785680530   13.229540570126  230.176895398282
     0.324773800116   27.349620309080   13.247822624671  230.700183133754
     0.325574703436   27.325716060435   13.254102583320  230.977434616509
     0.326375606756   27.317624202588   13.262166446428  231.313208424860
     0.327176510076   27.319787505311   13.268983173847  231.454122296406
     0.327977413397   27.324684112708   13.273978704206  231.529444570222
     0.328778316717   27.319697609985   13.276544971065  231.477270028116
     0.329579220037   27.340325467790   13.284714301571  231.655702213384
     0.330380123358   27.341348624575   13.293077933411  231.831573674272
     0.331181026678   27.336925954950   13.299004097013  231.959854555066
     0.331981929998   27.382909445191   13.315174948483  232.378891147769
     0.332782833319   27.425576338447   13.333304818828  232.953400896092
     0.333583736639   27.467176814349   13.348970003907  234.017797944244
     0.334384639959   27.515114638499   13.380438796569  236.136279077020
     0.335185543280   27.495848528746   13.388805000815  236.514666371731
     0.335986446600   27.387454944008   13.381884703608  236.243024892064
     0.336787349920   27.299445674224   13.376703063882  235.801532019782
     0.337588253240   27.278991892237   13.378471788490  236.022583549060
     0.338389156561   27.289542738574   13.387484489450  236.432004443176
     0.339190059881   27.300249070373   13.396934980359  236.829417477907
     0.339990963201   27.324378653550   13.407762173455  237.211973863088
     0.340791866522   27.316055569583   13.410861796141  237.290380202762
     0.341592769842   27.358325863871   13.425197631572  237.977765009741
     0.342393673162   27.330281608198   13.426330167848  238.046069605866
     0.343194576483   27.356332178691   13.434840441420  238.357573722089
     0.343995479803   27.370201894503   13.440204917619  238.528758508607
     0.344796383123   27.370789111913   13.447158694595  238.814884014298
     0.345597286444   27.342263074832   13.447126290643  238.719939740456
     0.346398189764   27.387310474485   13.457910182349  238.967014372809
     0.347199093084   27.381941720753   13.461901245527  238.634525505976
     0.347999996404   27.409177136838   13.470119955431  238.698088805727
     0.348800899725   27.404611945066   13.474356805013  238.716410465545
     0.349601803045   27.400793209990   13.481343422756  238.922993667233
     0.350402706365   27.359217658588   13.484138719715  238.875991747672
     0.351203609686   27.328816451804   13.488068569400  239.101363379478
     0.352004513006   27.417615101906   13.519801067222  241.478034216544
     0.352805416326   27.439398215722   13.532743720240  242.179281216864
     0.353606319647   27.400152561331   13.533895864325  242.327680038944
     0.354407222967   27.362405000545   13.536130526831  242.417043839408
     0.355208126287   27.353262896721   13.541404935135  242.634119142483
     0.356009029608   27.371283609844   13.548158796796  242.896543478124
     0.356809932928   27.377599490539   13.553426388215  243.076840066953
     0.357610836248   27.402968844494   13.559291285656  243.284844039681
     0.358411739568   27.459510955741   13.573375667352  243.763248851358
     0.359212642889   27.444400460413   13.574390815011  243.739366879013
     0.360013546209   27.466918401281   13.582171479469  243.782941080735
     0.360814449529   27.474425128929   13.586204670506  243.491698398953
     0.361615352850   27.512239836115   13.598241787828  243.676891806604
     0.362416256170   27.502188098346   13.603124272554  243.741744345938
     0.363217159490   27.456550434505   13.603348103285  243.663493081057
     0.364018062811   27.415475494773   13.606154031269  243.662654667038
     0.364818966131   27.446015221932   13.624104898018  245.095673062442
     0.365043219061   27.476447402527   13.633597224957  245.849356337467
     0.365051228094   27.477377728697   13.633903232886  245.871826797528
     0.365852131414   27.520869875553   13.653382192455  246.989574754834
     0.366653034734   27.470866278011   13.652663267610  246.995783225192
     0.367453938055   27.428951677345   13.653446254910  247.083958632780
     0.368254841375   27.418682765286   13.657645429221  247.258344117491
     0.369055744695   27.418436423987   13.664166627252  247.481581384783
     0.369856648016   27.408201188908   13.668620181918  247.639488102642
     0.370657551336   27.396707342985   13.671128229971  247.652787600812
     0.371458454656   27.458405096942   13.680798960513  248.143648266972
     0.372259357977   27.495388051238   13.691663355510  248.611645945143
     0.373052252264   27.485188876123   13.697752318972  248.873312698356
     0.373853155584   27.441414505427   13.696915449349  248.853096623054
     0.374654058904   27.411595128742   13.698214566939  248.882573553773
     0.375454962225   27.384635099160   13.699074196409  248.899609754324
     0.376255865545   27.361361780877   13.698867569481  248.877468864375
     0.377056768865   27.352361965486   13.701075156562  248.925933989541
     0.377857672186   27.346015996356   13.705050181739  248.813497298513
     0.378658575506   27.358172088532   13.710762569309  248.592990473584
     0.379459478826   27.380395557161   13.721173848230  248.623695727849
     0.380260382146   27.392914634502   13.731245687327  248.778385156789
     0.381061285467   27.373435776114   13.737623829802  248.901343765469
     0.381862188787   27.374002034386   13.749681646814  250.070066258374
     0.382663092107   27.444012745056   13.773509032796  251.895561774886
     0.383463995428   27.411284766804   13.777193176529  252.157599617075
     0.384264898748   27.342009128620   13.775179103825  252.164059093370
     0.385065802068   27.271805120290   13.772768369933  252.040030286066
     0.385866705389   27.232394589514   13.772450786011  251.961876136083
     0.386667608709   27.241625801903   13.778250436313  252.289855144767
     0.387468512029   27.256170831768   13.783039273784  252.459917101193
     0.388269415350   27.301814726981   13.795701874115  252.904365334689
     0.389070318670   27.295326518987   13.799909000146  253.067762867649
     0.389871221990   27.290708236720   13.803264091465  253.170651014987
     0.390672125310   27.288163495630   13.803925475239  253.243776405564
     0.391473028631   27.314166002098   13.809346911551  253.522170431958
     0.392273931951   27.319328599309   13.810512590386  253.513538385868
     0.393074835271   27.335175575844   13.817668225608  253.484990303953
     0.393875738592   27.350807772535   13.825209006810  253.389652940765
     0.394676641912   27.340367900696   13.828543886855  253.319151585421
     0.395477545232   27.325066200472   13.831957181794  253.204124769954
     0.396278448553   27.315038717619   13.841184164610  253.230450164121
     0.397079351873   27.381095929747   13.864470365598  254.963248633808
     0.397880255193   27.463986676507   13.888678145537  256.783050286642
     0.398681158514   27.442400525343   13.894211987265  257.130223199139
     0.399482061834   27.365079473922   13.892610669627  257.013645499917
     0.400282965154   27.300133761380   13.889699107201  256.752265800358
     0.401083868474   27.299257194842   13.894735075768  256.915455927692
     0.401884771795   27.289162728652   13.892341611366  257.021507058744
     0.402685675115   27.342870001807   13.907358413860  257.661370702282
     0.403486578435   27.355179851314   13.913013083985  257.873832457478
     0.404287481756   27.381705075927   13.920492173696  258.042712050318
     0.405088385076   27.400281693175   13.920263203012  258.156389801835
     0.405889288396   27.441059063043   13.928016203124  258.403774576882
     0.406690191717   27.458341697340   13.931627743168  258.450872364823
     0.407491095037   27.456430425610   13.934170100061  258.263252224223
     0.408291998357   27.455645860901   13.938172621040  258.090609665497
     0.409092901678   27.440988054982   13.944560617557  257.900902795819
     0.409893804998   27.446430159446   13.957146294826  257.968436216356
     0.410694708318   27.546539526209   13.983721796041  259.983691325758
     0.411495611638   27.656032277828   14.009896248222  261.860626705852
     0.412296514959   27.615359534567   14.012377693488  262.044470594044
     0.413097418279   27.535608227978   14.013568738674  261.905335214389
     0.413883795028   27.419426532969   14.002522912991  261.118422141732
     0.414049598605   27.399653284651   14.000030220605  260.979963474954
     0.414056807274   27.398966820876   13.999951436991  260.975244084075
     0.414777586344   27.381699101755   13.998798960780  260.896063287488
     0.415498190701   27.408746193738   14.009299076597  261.469704576335
     0.416218614097   27.448256155384   14.021232872954  262.081041274802
     0.416938859604   27.466592373807   14.027681591656  262.466943576735
     0.417658932602   27.476338021693   14.036202191012  262.783622663278
     0.418378831865   27.435503747631   14.037440024912  262.766914851162
     0.419098552428   27.412655817845   14.036126558362  262.688702943613
     0.419818094099   27.422322529515   14.038978941750  262.873886712697
     0.420537464383   27.421423069288   14.040248937842  262.839422884157
     0.421249469663   27.433982519677   14.041877387368  262.997579923338
     0.421968491312   27.443598546478   14.047086495460  263.264196810238
     0.422687338351   27.443259602520   14.049810556205  263.383306131370
     0.423406012464   27.431387246615   14.050203549896  263.323514144836
     0.424124512278   27.439659088402   14.050853662604  263.205435442770
     0.424819853029   27.438753634746   14.053066209158  262.818256382986
     0.425538008027   27.447428504595   14.060374130843  262.669549661047
     0.426256001763   27.446012653886   14.069198934964  262.619925342813
     0.426973825902   27.448883653095   14.078794625131  262.787369168414
     0.427691479132   27.567603139833   14.107517322302  265.174827171357
     0.428408962142   27.654408375570   14.126152375226  266.578805392810
     0.429126271736   27.640989957651   14.130522357242  266.794140365145
     0.429843411556   27.582785095507   14.130275965563  266.786315884058
     0.430560379883   27.524550608371   14.131379552300  266.664467585245
     0.431277180910   27.468162614539   14.127152584097  266.368452057230
     0.431988079782   27.468174400094   14.131037607188  266.515522888721
     0.432584185265   27.478548379795   14.132787544658  266.737713110817
     0.432965289087   27.493988907239   14.135424341848  266.949751760648
     0.432969586944   27.522111907747   14.136822721945  267.004134850405
     0.433549527747   27.577112988587   14.154054370384  267.635355406236
     0.434175687209   27.601519486694   14.165351365454  267.839619036906
     0.434789301445   27.609687813628   14.202293201019  267.710392159140
     0.435402818070   27.387389766011   14.140142631527  264.516755555478
     0.436016221523   27.438771389771   14.152359194289  264.659964718035
     0.436597590318   27.640233016267   14.199367346058  267.176957524923
     0.437134727374   27.789042174818   14.232515952408  269.054342916161
     0.437698731537   27.827936393399   14.243757707089  269.634215745187
     0.438301847506   27.806028447142   14.251557653913  269.958271901012
     0.438906086873   27.731906253436   14.242926447875  269.636531270620
     0.439506514961   27.668625446016   14.233256490575  269.310424509466
     0.440084772614   27.609058580457   14.226253600349  269.063833393029
     0.440682536716   27.589146918315   14.228940785073  269.155179539246
     0.441294857680   27.542322944225   14.229044229508  269.184269896613
     0.441907065404   27.434766789103   14.217062194979  268.634570399209
     0.442519159394   27.434086971107   14.219119031752  268.679326489402
     0.443106639809   27.469428251117   14.224158788606  268.948356185962
     0.443669546581   27.488487201706   14.230131239951  269.294362913045
     0.444232351993   27.515041615031   14.241298160738  269.756843896413
     0.444814615133   27.470217997650   14.241067313330  269.724996067695
     0.445421238443   27.417795860102   14.235476408863  269.502009367169
     0.446027736657   27.423578994994   14.239852923759  269.614273574633
     0.446639000073   27.410639071465   14.235566424692  269.480440582096
     0.447250149770   27.453961671556   14.245338902997  269.800496416268
     0.447861174228   27.445574973373   14.246819863771  269.809237061755
     0.448472073948   27.458015417848   14.251747005472  270.012970757464
     0.449082858321   27.463852629530   14.253842465177  270.012301246764
     0.449683748625   27.459179570758   14.255534799367  270.022348371302
     0.450294285377   27.436864257481   14.252533250902  269.708299900473
     0.450904705523   27.452247984032   14.258334329691  269.725567955381
     0.451515001212   27.422822186460   14.254042480432  269.394860162131
     0.452125173144   27.422923502972   14.257053900135  269.330340115782
     0.452735229632   27.450462478614   14.266978459479  269.552035935539
     0.453345165508   27.440150864700   14.269892769201  269.641158327669
     0.453954979086   27.403912982648   14.267412106612  269.544191483842
     0.454559798290   27.371510566204   14.266803253733  269.482762400882
     0.455159637655   27.339988917463   14.268126263315  269.488178346977
     0.455754477899   27.314577206704   14.269572149379  269.573484380826
     0.456293152579   27.301096613308   14.277151004463  270.300408550670
     0.456899962251   27.426819160700   14.311630566869  272.282322951308
     0.457494471097   27.545824681024   14.339150339093  273.543126610534
     0.458047457937   27.574001423717   14.353506921580  274.244931825965
     0.458634436237   27.447928689235   14.336100125263  273.422823498986
     0.459243228187   27.378097179361   14.330535235158  272.888367577080
     0.459851907626   27.273417957248   14.297106859032  270.803779697162
     0.460460466655   27.205426849683   14.282537228928  270.267110988220
     0.461059171125   27.362815580739   14.323339540677  272.629374536827
     0.461662632258   27.501745493378   14.355790087792  274.238887527732
     0.462246515439   27.482749503069   14.360831513042  274.514452751550
     0.462825425051   27.439117450373   14.357633307461  274.282701716403
     0.463413960325   27.431696031710   14.359025826630  274.253011731830
     0.464012109250   27.408347480738   14.358580481330  274.179778161406
     0.464619866555   27.404287053060   14.359177694631  274.280215707546
     0.465227511076   27.412446807942   14.363886134984  274.529617651001
     0.465835039396   27.420105209250   14.369775801658  274.820914906912
     0.466432732313   27.416520149942   14.374086143941  274.980786982907
     0.467040031827   27.405850049921   14.374167750018  274.974688345465
     0.467647216304   27.422871432597   14.378814165363  275.172096780054
     0.468254282771   27.461642902423   14.386822827541  275.605680238547
     0.468861234789   27.499930768433   14.395322302032  276.078938222552
     0.469468073406   27.513092105673   14.401415136428  276.385100766678
     0.470074795184   27.496048675105   14.402727422449  276.444726898185
     0.470681402821   27.477330114550   14.401929157994  276.378978819286
     0.471287897251   27.491425145245   14.404994870110  276.505284619460
     0.471894276304   27.512921303384   14.409992605313  276.689357673119
     0.472500539727   27.528161393922   14.414725435592  276.884121890680
     0.473106690236   27.526721153443   14.417187072628  276.978346762993
     0.473712725860   27.527056641874   14.419280815037  277.031088127017
     0.474033877926   27.533070266726   14.420940245126  277.067767710966
     0.474039937107   27.533220690362   14.420977111981  277.068652104739
     0.474645797220   27.550112320470   14.424547631627  277.151845777685
     0.475241851452   27.568463268196   14.428804391888  277.281565293826
     0.475847484540   27.571812593907   14.431951732841  277.388123968006
     0.476453002969   27.560855114443   14.433445022660  277.403091328576
     0.477058405736   27.551402367239   14.433233901805  277.339234027023
     0.477663694675   27.541641209909   14.433380858042  277.177281382468
     0.478254347059   27.535598571946   14.433173803779  277.001801608268
     0.478835210029   27.532099077780   14.434410443025  276.906504345097
     0.479403870465   27.528102478724   14.435424991786  276.813904775230
     0.479913159783   27.524629449448   14.436723105909  276.731253964729
     0.480409064984   27.520674613715   14.438243524424  276.679698524261
     0.480919404956   27.505479738866   14.439470643507  276.602970885525
     0.481456262840   27.495289254054   14.442469180470  276.558266293771
     0.482060727309   27.483057166534   14.443413150411  276.508375444061
     0.482665078463   27.481266413100   14.446482469578  276.636544095600
     0.483269323108   27.452672248572   14.445379873022  276.654248790427
     0.483873458363   27.436471082071   14.447148323573  276.751764711485
     0.484472650703   27.412318485160   14.452310019397  277.187440804913
     0.485057240620   27.464693126703   14.476799762373  278.693682847097
     0.485661047562   27.467139287401   14.485271264889  279.205664324811
     0.486264741547   27.442765499733   14.485524703302  279.266884540580
     0.486863497767   27.440409834270   14.489390794786  279.381837253868
     0.487428356658   27.401182376285   14.484896000648  279.162098155352
     0.488031728035   27.403737520222   14.486988632329  279.180191049047
     0.488634987149   27.435328256514   14.497322832470  279.619149977078
     0.489238133386   27.455591144659   14.503781513472  280.014864547127
     0.489841174701   27.481822897488   14.511699603595  280.382600244718
     0.490444099971   27.486849080064   14.517498791670  280.610960334979
     0.491046920920   27.490812750220   14.518739065514  280.673933501323
     0.491649632973   27.522244319713   14.525845453646  280.979021931815
     0.492252232788   27.548529077760   14.531957152585  281.276609326964
     0.492854722808   27.572890810076   14.538020900276  281.570112579700
     0.493457101205   27.602275249811   14.548199110095  281.977274495563
     0.494059368567   27.557786830335   14.546072060486  281.843339146309
     0.494642260209   27.496881848925   14.540702073480  281.541285689646
     0.495234687142   27.405068736000   14.527746555623  280.882679614777
     0.495831817781   27.340791164894   14.518768447107  280.413700455263
     0.496428844711   27.333576261254   14.519241483126  280.515243989778
     0.497030582160   27.393643462109   14.533360041174  281.313827678248
     0.497569643236   27.412014575924   14.538667330050  281.655464733331
     0.498094181806   27.429168243449   14.541748008644  281.895163324554
     0.498618640436   27.497608012675   14.555213738840  282.497177265975
     0.499157443369   27.557042078738   14.570999213212  283.186576244711
     0.499758684119   27.558780927544   14.573717310747  283.369140304025
     0.500011173099   27.551809546088   14.574806646341  283.381915879862
