# {0} signal over time, extracted at r = 500 km
# All quantities are measured in a resting observer's frame at infinity
# cols=4 rows=1077
#              time        luminosity               <e>             <e^2>
#               "s"           "foe/s"           "MeV^1"           "MeV^2"
    -0.254063129712  3.1383900717e-12    3.841212879111   16.672912939413
    -0.253048561477  3.1796566043e-03    3.395885494022   13.461921741544
    -0.252014895798  9.0126822372e-03    3.415092025055   13.687177529982
    -0.251006120749    0.012330560266    3.379434365800   13.442552289238
    -0.250001635357    0.014555080509    3.347943175939   13.230180020408
    -0.248998334791    0.015847813591    3.358797734774   13.321148325853
    -0.247965116181    0.016383994714    3.379815906931   13.470392905034
    -0.246925093892    0.016589022873    3.396756125080   13.589338086826
    -0.245885071603    0.016330039175    3.418152193619   13.751461451228
    -0.244845049314    0.016056834421    3.447763633461   13.971396897034
    -0.243781515969    0.016178932147    3.462123103382   14.074636224400
    -0.242741515969    0.016441678799    3.464048558353   14.091662327549
    -0.241701515969    0.016692414129    3.467379034778   14.121210185765
    -0.240661515969    0.016910262773    3.474481584533   14.176369017827
    -0.239621515969    0.017111682500    3.483790894322   14.245645230844
    -0.238581515969    0.017298357669    3.493287433015   14.315478534873
    -0.237541515969    0.017489538593    3.501850613636   14.378659434274
    -0.236501515969    0.017702335304    3.508859655596   14.431104576172
    -0.235461515969    0.017935071023    3.514603475170   14.475060679629
    -0.234421515969    0.018182033931    3.519860586374   14.515931356493
    -0.234021515969    0.018279789355    3.521857011312   14.531511358668
    -0.232981515969    0.018539067359    3.527092339885   14.572401397865
    -0.231941515969    0.018805740434    3.532395223483   14.613811817501
    -0.230901515969    0.019080589603    3.537677838406   14.655021102573
    -0.229861515969    0.019363775325    3.542899660567   14.695879339945
    -0.228821515969    0.019655415898    3.548098266495   14.736789727483
    -0.227781515969    0.019956414926    3.553335050027   14.778228862924
    -0.226741515969    0.020266953331    3.558695635354   14.820751663149
    -0.225701515969    0.020585968282    3.564259657971   14.864806341920
    -0.224661515969    0.020914060017    3.569915902042   14.909644033197
    -0.223621515969    0.021252097086    3.575614888655   14.954826069972
    -0.222581515969    0.021598789808    3.581210534492   14.999362586457
    -0.221541515969    0.021952354281    3.586565624062   15.042246509874
    -0.220501515969    0.022313482967    3.591741602442   15.083681973771
    -0.219461515969    0.022693016935    3.596967284184   15.125639654249
    -0.218421515969    0.023090509601    3.602406500704   15.169411565067
    -0.217381515969    0.023501288246    3.607961330816   15.214118967253
    -0.216341515969    0.023930589195    3.613559602758   15.259377506045
    -0.215301515969    0.024443633457    3.620458365363   15.315293613557
    -0.214261515969    0.024923336434    3.627392383996   15.371520915192
    -0.214021515969    0.025030800712    3.628990164963   15.384584483016
    -0.212981515969    0.025505797647    3.636285539223   15.444349108582
    -0.211941515969    0.026021410461    3.644462447577   15.511000433561
    -0.210901515969    0.026563303575    3.653147600588   15.581619519824
    -0.209861515969    0.027118035349    3.662120827386   15.654412716125
    -0.208821515969    0.027681277274    3.670999068789   15.726700797957
    -0.207781515969    0.028262493027    3.679541981638   15.796642133090
    -0.206741515969    0.028861821537    3.687748649925   15.864453749264
    -0.205701515969    0.029480004773    3.695651414233   15.930391762802
    -0.204661515969    0.030122373860    3.703134238861   15.993536803618
    -0.203781515969    0.030686934954    3.709274245742   16.045808496739
    -0.202741515969    0.031377459852    3.716399604614   16.106988011014
    -0.201701515969    0.032092242707    3.723442097899   16.167927132293
    -0.200661515969    0.032831051611    3.730477935696   16.229051888400
    -0.199621515969    0.033593056211    3.737576889767   16.290838976662
    -0.198581515969    0.034380470498    3.744773542556   16.353584537793
    -0.197541515969    0.035196842356    3.752114772876   16.417693397519
    -0.196501515969    0.036047687579    3.759784685765   16.484544009056
    -0.195461515969    0.036927547885    3.767812288737   16.554253052346
    -0.194421515969    0.037839656953    3.776077390022   16.625935157873
    -0.194021515969    0.038200182454    3.779318822697   16.654039986020
    -0.192981515969    0.039160446626    3.787959747580   16.728887610784
    -0.191941515969    0.040145544082    3.796889069536   16.806235431359
    -0.190901515969    0.041153431177    3.806030318515   16.885698182841
    -0.189861515969    0.042188573880    3.815318111993   16.966725075245
    -0.188821515969    0.043257996898    3.824904575751   17.050158141740
    -0.187781515969    0.044375393404    3.835255518841   17.139566480970
    -0.186741515969    0.045520204796    3.846156727963   17.233546117166
    -0.185701515969    0.046679257053    3.857110319622   17.328249668379
    -0.184661515969    0.047858899175    3.867777559115   17.420931735502
    -0.183621515969    0.049072221986    3.878095388144   17.511158780422
    -0.182581515969    0.050319755422    3.888103588712   17.599349462350
    -0.181541515969    0.051600513716    3.897917471190   17.686274621638
    -0.180501515969    0.052916351545    3.907624748945   17.772471133723
    -0.179461515969    0.054269037463    3.917360334598   17.858868963048
    -0.178421515969    0.055660231337    3.927429532599   17.947482704663
    -0.177381515969    0.057080530709    3.937360878200   18.035271823651
    -0.176341515969    0.058535174102    3.947030195842   18.121174988836
    -0.175301515969    0.060037008953    3.956538794678   18.205998227033
    -0.174261515969    0.061585324717    3.965976350898   18.290643764120
    -0.174021515969    0.061947946889    3.968157141852   18.310266272858
    -0.172981515969    0.063541515415    3.977640087685   18.395866343726
    -0.171941515969    0.065173312604    3.987155936277   18.482165641344
    -0.170901515969    0.066843770585    3.996761399764   18.569393159688
    -0.169941515969    0.068422652549    4.005794505801   18.651368756264
    -0.168901515969    0.070176150240    4.015831086934   18.742300311658
    -0.167861515969    0.071964258868    4.025894737698   18.833614050912
    -0.166821515969    0.073789234871    4.035774441246   18.923736223343
    -0.165781515969    0.075665084340    4.045542588357   19.013280948905
    -0.164741515969    0.077598772283    4.055346077761   19.103335111001
    -0.163701515969    0.079583477188    4.065144322157   19.193682240601
    -0.162661515969    0.081615490060    4.074850307271   19.283661669897
    -0.161621515969    0.083685351193    4.084507698600   19.373233363034
    -0.160581515969    0.085808793779    4.094223552851   19.463077296309
    -0.159541515969    0.087997710473    4.104018453793   19.553703078264
    -0.158501515969    0.090247901423    4.113824212043   19.644861212485
    -0.157461515969    0.092551360865    4.123647323967   19.736563486001
    -0.156421515969    0.094912607591    4.133487025245   19.828659058138
    -0.155381515969    0.097335123026    4.143403983969   19.921643661937
    -0.154341515969    0.099826488234    4.153499120301   20.016405291879
    -0.154021515969    0.100607499565    4.156649160689   20.045995626829
    -0.152981515969    0.103190308442    4.166977040597   20.143135963407
    -0.151941515969    0.105882279120    4.177859120611   20.245247126201
    -0.150901515969    0.108598649888    4.188726060884   20.347703121020
    -0.149861515969    0.111368135591    4.199564134459   20.450387907811
    -0.148821515969    0.114225940637    4.210219931491   20.552104634929
    -0.147781515969    0.117175926343    4.220567713658   20.651363418797
    -0.146741515969    0.120234937263    4.230846771835   20.750240225032
    -0.145701515969    0.123429381772    4.241333850560   20.851333840111
    -0.144661515969    0.126755504931    4.252168782539   20.956105907637
    -0.143621515969    0.130192833676    4.263479843465   21.065763062780
    -0.142581515969    0.133736851726    4.275188214497   21.179688440985
    -0.141541515969    0.137393974114    4.287088896919   21.296094359024
    -0.140901515969    0.139705695593    4.294478643284   21.368648298206
    -0.139861515969    0.143563409713    4.306536403566   21.487460799647
    -0.138821515969    0.147553883720    4.318753764994   21.607795275056
    -0.137781515969    0.151701056576    4.331407162375   21.731798573176
    -0.136741515969    0.155990213194    4.344019699012   21.856393751532
    -0.135701515969    0.160404581017    4.356439968270   21.980081249463
    -0.134661515969    0.164989962783    4.369159770551   22.106662554516
    -0.134021515969    0.167902722626    4.376957549306   22.184920381262
    -0.132981515969    0.172776057291    4.390127165055   22.316338770653
    -0.131941515969    0.177808290870    4.403539113659   22.450216666076
    -0.130901515969    0.183001211163    4.417046666001   22.585737776753
    -0.129861515969    0.188372047148    4.430832079918   22.724680984601
    -0.128821515969    0.193931179437    4.444958747721   22.867523802580
    -0.127781515969    0.199661658882    4.459362534733   23.013318536551
    -0.126741515969    0.205555077328    4.473821503342   23.160073768799
    -0.125701515969    0.211618165292    4.487972858535   23.305159555868
    -0.124661515969    0.217906161406    4.502319525737   23.451895943490
    -0.123621515969    0.224421750929    4.516862870144   23.600623228673
    -0.122581515969    0.231168547030    4.531528377673   23.751034923350
    -0.121541515969    0.238151788146    4.546797707097   23.907139057581
    -0.120501515969    0.245348165040    4.562072147582   24.065142197574
    -0.120181515969    0.247608184837    4.566693742881   24.113520162912
    -0.119141515969    0.255149496289    4.582453519045   24.276874232564
    -0.118101515969    0.262935193329    4.598867657428   24.445455956335
    -0.117061515969    0.270907615002    4.614756161291   24.609564488501
    -0.116021515969    0.279194095527    4.630502956636   24.773108839983
    -0.114981515969    0.287816376876    4.645735314388   24.933682709317
    -0.114021515969    0.296058947482    4.660303270285   25.086270113408
    -0.112981515969    0.305272574913    4.676142094553   25.253004035355
    -0.111941515969    0.314808755698    4.692479631946   25.425240591182
    -0.110901515969    0.324645596138    4.708970510950   25.600107798349
    -0.109861515969    0.334798223883    4.725125002972   25.773169774468
    -0.108821515969    0.345285314014    4.741944145168   25.951638279731
    -0.107781515969    0.356024805921    4.758438128825   26.128161146718
    -0.106741515969    0.367157540217    4.775146560002   26.307318918979
    -0.105701515969    0.378772104552    4.792057343671   26.489878411552
    -0.104661515969    0.390829637740    4.809792730787   26.680293319227
    -0.103621515969    0.403309466807    4.827639586023   26.872778586884
    -0.102581515969    0.416245042919    4.845510375496   27.066662973268
    -0.101541515969    0.429655317684    4.863111077898   27.259957901522
    -0.100501515969    0.443661006121    4.881706502126   27.463551488083
    -0.100341515969    0.445869558635    4.884726168367   27.496405587422
    -0.099301515969    0.460419544130    4.904173470727   27.709182265962
    -0.098261515969    0.475458867908    4.924037028942   27.925852005837
    -0.097221515969    0.491031994898    4.943720795268   28.142632808149
    -0.096181515969    0.507170973825    4.963505938465   28.361309859566
    -0.095141515969    0.523927854019    4.983657345217   28.584280598717
    -0.094101515969    0.541320699506    5.004023755204   28.811097443114
    -0.094021515969    0.542683342466    5.005578080044   28.828535592861
    -0.092981515969    0.560712467959    5.025602092060   29.054870421690
    -0.091941515969    0.579388782421    5.046590762150   29.290753613599
    -0.090901515969    0.598510477479    5.066993469723   29.522193697895
    -0.089861515969    0.618323743439    5.087282476333   29.752302450131
    -0.088821515969    0.639097226045    5.107450321715   29.983953189250
    -0.087781515969    0.660760069122    5.128516113486   30.225844929730
    -0.086741515969    0.683147624668    5.150656853431   30.479353786708
    -0.085701515969    0.706140034623    5.172220729376   30.730015548227
    -0.084821515969    0.726143093888    5.189934643513   30.938218807211
    -0.083781515969    0.750512624019    5.211234503368   31.188796188617
    -0.082741515969    0.775585007397    5.232059871725   31.435551769598
    -0.081701515969    0.801615702716    5.253202316229   31.687347810639
    -0.080661515969    0.828768663282    5.275247530937   31.949183307766
    -0.079621515969    0.856961511997    5.297794573747   32.217150114674
    -0.078581515969    0.886250174105    5.319589902376   32.481293222574
    -0.077541515969    0.916906431976    5.343816295500   32.770165890347
    -0.076501515969    0.948363858080    5.367315463968   33.053923348136
    -0.075461515969    0.981004826002    5.390761596235   33.336148867565
    -0.074421515969    1.015203320449    5.413946491906   33.618899577050
    -0.074021515969    1.028809812950    5.423455729468   33.733867456386
    -0.072981515969    1.065250858498    5.449094392515   34.044124319590
    -0.071941515969    1.103213097980    5.474672903787   34.358508261544
    -0.070901515969    1.142493548747    5.501468579811   34.685611325580
    -0.069861515969    1.182939411592    5.524173658256   34.967008719804
    -0.068821515969    1.225731575999    5.548456531923   35.266854995195
    -0.068421515969    1.242775271705    5.558317917641   35.388690481892
    -0.067381515969    1.288674339855    5.586948041565   35.737827152334
    -0.066341515969    1.336784341687    5.613596206670   36.078026440040
    -0.065301515969    1.387118287587    5.644415432848   36.460276025057
    -0.064261515969    1.439606533620    5.673976255596   36.823317691127
    -0.063221515969    1.495120450288    5.701953436394   37.173639065528
    -0.062181515969    1.553680955283    5.729131561718   37.521739131565
    -0.061141515969    1.615614475577    5.757944588175   37.893011397818
    -0.060101515969    1.680626601659    5.788909581845   38.291395785545
    -0.059061515969    1.749868482448    5.819151177910   38.677781450851
    -0.058021515969    1.823235812556    5.848702022960   39.063709378907
    -0.056981515969    1.901368382104    5.880519183796   39.476883691481
    -0.056741515969    1.920081929578    5.888054100716   39.574764135905
    -0.055701515969    2.004390563837    5.920525543900   40.000619205039
    -0.054661515969    2.093884938108    5.955114902783   40.452184167725
    -0.054021515969    2.152732049266    5.976263535406   40.728634337843
    -0.052981515969    2.253097797343    6.011054774531   41.186296191494
    -0.051941515969    2.359830115259    6.047141587714   41.662468286011
    -0.050901515969    2.474094969906    6.083259635884   42.143947212338
    -0.049861515969    2.595091307040    6.120299085700   42.638364188094
    -0.049461515969    2.643918035424    6.134199150513   42.824556036728
    -0.048421515969    2.775088940772    6.170550773630   43.312939222220
    -0.047381515969    2.912994430317    6.209249331603   43.832960311590
    -0.046341515969    3.058302990352    6.249019250378   44.371223335387
    -0.045301515969    3.212632643908    6.288655737760   44.912596889125
    -0.044261515969    3.376345918835    6.326976578031   45.440145751175
    -0.043221515969    3.546113406589    6.365086951088   45.968918754519
    -0.042181515969    3.723992458805    6.404085735702   46.514839396412
    -0.041141515969    3.914097412362    6.443454895950   47.070560586875
    -0.040901515969    3.959932632357    6.452581143793   47.199356863354
    -0.039861515969    4.166660295567    6.492447173153   47.765116016354
    -0.038821515969    4.388170480739    6.533940596590   48.358125544080
    -0.037781515969    4.627724367174    6.576838785266   48.974964288572
    -0.036741515969    4.887890567376    6.621185044285   49.609304818670
    -0.035701515969    5.165712453512    6.666765752543   50.263410270536
    -0.035381515969    5.254549426638    6.680739072894   50.466106194978
    -0.034341515969    5.555460282743    6.726208515641   51.126456953793
    -0.034021515969    5.653157994068    6.740232932159   51.330269857161
    -0.032981515969    5.990284251840    6.786995872073   52.011923054672
    -0.031941515969    6.355428776640    6.835144080460   52.718591369808
    -0.030901515969    6.746293927521    6.883904950024   53.436620452886
    -0.029941515969    7.134225816405    6.929169262060   54.106797149444
    -0.028901515969    7.586259883510    6.978605058986   54.846801078622
    -0.027861515969    8.076446600255    7.028406949058   55.597383547880
    -0.026821515969    8.605075801703    7.078401995993   56.355383760320
    -0.025781515969    9.179672439022    7.129799242714   57.135327453387
    -0.025541515969    9.319677064636    7.141665153149   57.316301927842
    -0.024501515969    9.954299910986    7.193377992688   58.108461294025
    -0.023461515969   10.640159438639    7.244915681900   58.904664572065
    -0.022421515969   11.390273677717    7.296178501504   59.701892904843
    -0.021781515969   11.884620282103    7.328364470388   60.206884404245
    -0.020741515969   12.756749567662    7.380890601435   61.037979612607
    -0.019701515969   13.748457687466    7.436649317112   61.926125292715
    -0.018661515969   14.891161843333    7.496266402822   62.881828688383
    -0.018501515969   15.080774455383    7.505746144193   63.034124071481
    -0.017461515969   16.405390289794    7.569545137129   64.064606728917
    -0.016421515969   17.914508108172    7.634340255890   65.117063763938
    -0.015941515969   18.677826474410    7.664147223478   65.604096191432
    -0.014941515969   20.416425378398    7.725432825256   66.612396156534
    -0.014041515969   22.163812791371    7.779349117432   67.510021807230
    -0.013981515969   22.287183581238    7.782879050211   67.569153850797
    -0.012937515969   24.595804397742    7.842939402981   68.586572229682
    -0.011929515969   27.142957246894    7.898275104706   69.539317913881
    -0.010917015969   30.083003338944    7.948742254063   70.424297943666
    -0.010512015969   31.392673227055    7.967664493430   70.761582162169
  -9.4995159688e-03   35.073517844044    8.010537073027   71.548641113938
  -9.1350159688e-03   36.567186363834    8.024284218509   71.810910613821
  -8.1124353833e-03   41.407058224111    8.059062947795   72.502423156808
  -8.0820603833e-03   41.567157910905    8.059990305884   72.521677154220
  -7.1708103833e-03   46.873310578954    8.083312770518   73.037244973385
  -6.3203103833e-03   52.830112527758    8.096937157057   73.406511981540
  -5.5837280210e-03   58.884654435853    8.101427569193   73.622348792002
  -4.9686342710e-03   64.662470936420    8.100974705567   73.744914429715
  -4.4389702085e-03   70.184462372696    8.099928583372   73.847600815879
  -3.9434780210e-03   75.789279126816    8.101233783139   73.987631918333
  -3.4992436460e-03   81.079110146343    8.108079711307   74.212647388131
  -3.1190815366e-03   85.737322866209    8.120813716512   74.526713923449
  -2.7730913022e-03   90.019756915467    8.139769102303   74.943760247418
  -2.4687480405e-03   93.749482374410    8.162918446779   75.425191426024
  -2.1996445249e-03   96.972179993626    8.188440259685   75.941697742426
  -1.9593735288e-03   99.754049858196    8.215091149549   76.473709228964
  -1.7383242124e-03  102.212316054758    8.242716344065   77.021098629737
  -1.5483899900e-03  104.224517008926    8.268793270600   77.535422358293
  -1.3732324338e-03  105.977428206212    8.294756645460   78.045953854523
  -1.2224023160e-03  107.392538043947    8.318343919779   78.509165476784
  -1.0861686613e-03  108.589887098579    8.340608802836   78.946284305752
  -9.6818058524e-04  109.560868742698    8.360630382740   79.339496258460
  -8.6235622839e-04  110.374128541411    8.379148604726   79.703360198179
  -7.6565466094e-04  111.064674377934    8.396543673053   80.045227081283
  -6.8354955649e-04  111.608254134233    8.411673210977   80.342559901218
  -6.0965496249e-04  112.061466299451    8.425570936389   80.615670794284
  -5.4397087893e-04  112.434370710719    8.438136887028   80.862626919216
  -4.7879995227e-04  112.775310888708    8.450788962163   81.111334559691
  -4.6414735671e-04  112.847930500426    8.453656682866   81.167719112671
  -4.6331793407e-04  112.851996463914    8.453819286721   81.170916346174
  -4.6318795928e-04  112.852634666392    8.453844791123   81.171417833127
  -4.6142387636e-04  112.861295283257    8.454191806784   81.178240797083
  -4.3593880231e-04  112.983779441905    8.459218159679   81.277078473538
  -4.2135065627e-04  113.051752544772    8.462106462489   81.333882328063
  -4.1082572257e-04  113.099835156242    8.464195363159   81.374968390544
  -4.0061125102e-04  113.145732290507    8.466226703882   81.414925509432
  -3.9068712223e-04  113.189600158796    8.468204147567   81.453825462916
  -3.8925616958e-04  113.195866360559    8.468489595536   81.459440990248
  -3.8044556015e-04  113.234119346703    8.470248825304   81.494051128522
  -3.7051209601e-04  113.276564384982    8.472235810590   81.533144795706
  -3.5982541804e-04  113.321413495751    8.474377690309   81.575289247210
  -3.5029518182e-04  113.360690791980    8.476291462759   81.612948186746
  -3.4001450796e-04  113.402294315934    8.478359804801   81.653651641593
  -3.3007290408e-04  113.441761347957    8.480363743310   81.693090498125
  -3.2129600556e-04  113.475974500326    8.482136034216   81.727972605779
  -3.1389232116e-04  113.504371491825    8.483633305613   81.757443380055
  -3.0573258359e-04  113.535172943310    8.485285848464   81.789971999494
  -2.9811977625e-04  113.563432904348    8.486829458622   81.820358055825
  -2.9032721238e-04  113.591897946838    8.488412220934   81.851516081298
  -2.8497167119e-04  113.611186189812    8.489501272716   81.872955819136
  -2.7820295920e-04  113.635242808829    8.490879193913   81.900083319318
  -2.6999394581e-04  113.663935042898    8.492552534789   81.933028079219
  -2.6914312611e-04  113.666878732434    8.492726120445   81.936445702419
  -2.6184390037e-04  113.691894887576    8.494216262602   81.965784770157
  -2.5479132543e-04  113.715663315910    8.495657901467   81.994169623110
  -2.4609316880e-04  113.744427491885    8.497438426480   82.029227737237
  -2.3827383506e-04  113.769762477212    8.499041440281   82.060791282568
  -2.3008788594e-04  113.795748710478    8.500722081191   82.093883695895
  -2.2214347253e-04  113.820437757466    8.502355584183   82.126048128195
  -2.1380044795e-04  113.845796394299    8.504073681867   82.159878273404
  -2.0609933568e-04  113.868680957736    8.505662014336   82.191153132114
  -1.9797457277e-04  113.892274212341    8.507340290064   82.224198709235
  -1.8964465645e-04  113.915870747282    8.509063697446   82.258132497906
  -1.8129512137e-04  113.938915110454    8.510793982946   82.292201165076
  -1.7228909520e-04  113.963082897261    8.512663494892   82.329010437249
  -1.6310254779e-04  113.986993047283    8.514573893888   82.366623911590
  -1.5271518670e-04  114.013118411104    8.516738177344   82.409234995654
  -1.4458200963e-04  114.032895596171    8.518435840134   82.442658305519
  -1.3347749259e-04  114.058929143282    8.520758059252   82.488376641093
  -1.2240370636e-04  114.083770493570    8.523078775514   82.534064128078
  -1.1187382576e-04  114.106348792218    8.525290048165   82.577595903789
  -1.0192866098e-04  114.126734919192    8.527382529092   82.618788232592
  -9.5186904086e-05  114.140034341490    8.528803172687   82.646754422025
  -9.3596041220e-05  114.143111025184    8.529138657541   82.653358587257
  -8.4929776384e-05  114.159457379424    8.530967949716   82.689368682609
  -7.7121326226e-05  114.173585034938    8.532618613899   82.721862019291
  -6.9657409349e-05  114.186554638215    8.534198594367   82.752963602655
  -6.2656482705e-05  114.198242779983    8.535682462776   82.782172958042
  -5.6214270510e-05  114.208588526938    8.537049516181   82.809082634462
  -5.0293774918e-05  114.217748906011    8.538307213552   82.833839523646
  -4.4616017269e-05  114.226219602225    8.539514542836   82.857604810070
  -3.9054304233e-05  114.234218092651    8.540698344841   82.880906851210
  -3.4096248321e-05  114.241097936624    8.541754605983   82.901698270431
  -2.8851841008e-05  114.248116957969    8.542872829980   82.923709274064
  -2.3801124022e-05  114.254625183092    8.543950694427   82.944925760255
  -1.9241379838e-05  114.260287956281    8.544924562600   82.964095139853
  -1.4697733751e-05  114.265729092385    8.545895727947   82.983211263842
  -1.0233399828e-05  114.270878591726    8.546850656135   83.002007732773
  -5.7157116720e-06  114.275890440847    8.547817711700   83.021042871199
  -1.4980920879e-06  114.280388037386    8.548721182517   83.038826399565
   2.3635858069e-06  114.284352004216    8.549548953648   83.055119864016
   6.7271894322e-06  114.288653242514    8.550484944064   83.073543444112
   1.0692930175e-05  114.292398135548    8.551336164690   83.090298441583
   1.4754814633e-05  114.296071207280    8.552208588824   83.107470786752
   1.8320849507e-05  114.299159836392    8.552974980781   83.122556044468
   1.8360212934e-05  114.479841581501    8.553216502569   83.127098785282
   2.5243375193e-05  114.481651358907    8.554619432717   83.154785129284
   4.0503578499e-05  114.484393687526    8.557737465621   83.216313254831
   5.7526539173e-05  114.485335919376    8.561239733689   83.285404238568
   7.5394306236e-05  114.483746085379    8.564950780235   83.358583627079
   9.1792202694e-05  114.479789030523    8.568391267726   83.426398147806
   1.0790083423e-04  114.473417585020    8.571803528065   83.493630417896
   1.2369716568e-04  114.464645228422    8.575178859816   83.560114242931
   1.4107871421e-04  114.451967620364    8.578922556149   83.633836224812
   1.5710570067e-04  114.437366811774    8.582397635971   83.702258727381
   1.7400703897e-04  114.418851711741    8.586081435884   83.774787291294
   1.8921300020e-04  114.399402191355    8.589408481889   83.840293779182
   2.0694477872e-04  114.373321527994    8.593298912950   83.916900094997
   2.2312082680e-04  114.346301827055    8.596854576287   83.986924763476
   2.4050656194e-04  114.313795832565    8.600680008730   84.062275516556
   2.5903348823e-04  114.275183690277    8.604758412420   84.142625409068
   2.7638539129e-04  114.235295320350    8.608578393748   84.217899005630
   2.9493284581e-04  114.188669316448    8.612661109333   84.298364353045
   3.1449261000e-04  114.135036920711    8.616966243988   84.383226823079
   3.3524273942e-04  114.073142421639    8.621533861162   84.473274517188
   3.5736982077e-04  114.001481517572    8.626406968174   84.569352347978
   3.7896556102e-04  113.925916346083    8.631167739100   84.663217909368
   4.0128276058e-04  113.841979337444    8.636094944302   84.760362960751
   4.2500329457e-04  113.746220883033    8.641342987410   84.863827247398
   4.5010800748e-04  113.637471877325    8.646912461493   84.973617822169
   4.7697353450e-04  113.512556695876    8.652892593362   85.091489099858
   5.0571024103e-04  113.368998141252    8.659314507789   85.218050452278
   5.3629542257e-04  113.204661163057    8.666179871493   85.353331680623
   5.6922762408e-04  113.014045653054    8.673607826681   85.499678310689
   6.0471356812e-04  112.792305620309    8.681652901225   85.658163148726
   6.4279103692e-04  112.534913421293    8.690331248490   85.829103654888
   6.7788836542e-04  112.279296580269    8.698370097075   85.987432687910
   7.1806761738e-04  111.964401962165    8.707616679873   86.169533178240
   7.6144593544e-04  111.597572637541    8.717685388102   86.367811754600
   8.0723877621e-04  111.178342776981    8.728325568336   86.577321361893
   8.5640999371e-04  110.691562581909    8.739804272735   86.803321799661
   9.0852032460e-04  110.133768716930    8.752024189468   87.043898240962
   9.6624462194e-04  109.465130806075    8.765618206009   87.311520746001
   1.0311887449e-03  108.648927201020    8.780969766835   87.613767188884
   1.1005349782e-03  107.702830605858    8.797406464998   87.937444772021
   1.1733007018e-03  106.627580763546    8.814677199392   88.277635408631
   1.2576404916e-03  105.275221187946    8.834688387355   88.671886431410
   1.3484342471e-03  103.690455905947    8.856189086281   89.095504052094
   1.4546505529e-03  101.663538717897    8.881273854449   89.589846884750
   1.5697237984e-03   99.254495221309    8.908462963125   90.125781566926
   1.6826725561e-03   96.681892256392    8.935512069187   90.657989489331
   1.8231170764e-03   93.226769552145    8.970367592963   91.338981335294
   1.9540191328e-03   89.806988386694    9.004197706674   91.993734103625
   2.1025613902e-03   85.815808578355    9.041664371751   92.719139644867
   2.2663680598e-03   81.547001953195    9.074268559816   93.369751701785
   2.4214402148e-03   78.034329004627    9.088645143572   93.694572925068
   2.5532895925e-03   75.824446103060    9.086641712443   93.706926503580
   2.5556204305e-03   75.793929525441    9.086510522375   93.705284034700
   2.7353948575e-03   74.563444420017    9.072669334285   93.496407316441
   2.9035434399e-03   75.838848881139    9.071740142287   93.515604386843
   3.1008283103e-03   81.023970111705    9.124705047004   94.629009062662
   3.3042942339e-03   91.244458770403    9.274507389804   97.853882288492
   3.5077601575e-03  106.932738212604    9.524707165105  103.416876650412
   3.7112260811e-03  128.180391530872    9.851180427912  110.919776097154
   3.9146920047e-03  154.477881272488   10.220231907420  119.700855264120
   4.1181579283e-03  184.721820478935   10.601228488572  129.079184664880
   4.3216238518e-03  217.615405302784   10.973055425325  138.520979725582
   4.5230551162e-03  251.552365264453   11.320504739829  147.592124835154
   4.7698507383e-03  293.087401233355   11.709118831410  158.008796118949
   5.0204993782e-03  332.204086330756   12.050727710521  167.404629879152
   5.2711480182e-03  362.753887087871   12.325172673678  175.177363651476
   5.5217966582e-03  381.361788637573   12.522611059809  180.984799726525
   5.7724452982e-03  389.702200701399   12.652069991459  184.964802887874
   6.0230939382e-03  391.176376428276   12.734002332637  187.607306586041
   6.2753662152e-03  388.332618365642   12.783568969991  189.310713880448
   6.5260857962e-03  382.717870923585   12.808715174460  190.290537223960
   6.7768053771e-03  375.437041622429   12.812926916578  190.635036648915
   7.0275249581e-03  367.076628510493   12.800711259969  190.475239435514
   7.2782445391e-03  358.111251217094   12.774470157732  189.882654989267
   7.5289641200e-03  348.695894747950   12.737171696521  188.954665002157
   7.6248274892e-03  344.991896872477   12.719948238599  188.511914531936
   7.8755470702e-03  335.050606988421   12.670636426158  187.229217066773
   8.1303115192e-03  324.610039948758   12.610180925487  185.617505832019
   8.3855411283e-03  314.306986930764   12.546701472028  183.897119662311
   8.6407707373e-03  304.312251735462   12.479851225419  182.058111234213
   8.8960003463e-03  295.465888595482   12.415539959055  180.253474723570
   9.1512299554e-03  286.633080003818   12.353061435608  178.519735452877
   9.4064595644e-03  278.470630315328   12.288692648868  176.738609455582
   9.6616891735e-03  271.188763293193   12.229822742718  175.111745860370
   9.9169187825e-03  263.706108170356   12.170912278939  173.524290178059
     0.010172148392  256.656612504644   12.109379266806  171.875499991992
     0.010427378001  250.463442365775   12.055229227751  170.417078504571
     0.010682607610  243.946853915684   11.999177524348  168.932180116734
     0.010937837219  237.575171522512   11.937461112220  167.306208193047
     0.011193066828  232.122162323531   11.883692112034  165.878730940800
     0.011448296437  226.339263291730   11.829386988636  164.453531265317
     0.011698645027  220.759830857761   11.770429549128  162.914404231064
     0.011949160481  216.123770938590   11.717922784452  161.538009136698
     0.012199675934  211.275445089890   11.666759984298  160.207735585366
     0.012450191387  205.944561980765   11.608283364009  158.699454463919
     0.012700706841  201.289307297443   11.551462355555  157.233868361054
     0.012951222294  197.038557341610   11.498832304722  155.882468397712
     0.013201737747  192.345423232320   11.444198435006  154.498531906806
     0.013452253200  187.501234867257   11.384614829856  152.998950271230
     0.013702768654  183.319237580268   11.329321411718  151.600066599248
     0.013719469684  183.069212170090   11.325969685893  151.514621113928
     0.013969985137  179.488532527837   11.278691778883  150.296582165059
     0.014220500591  175.734099219884   11.229061349314  149.008666354410
     0.014471016044  171.868165601164   11.174890049666  147.620702293384
     0.014721531497  168.253698969787   11.122854527889  146.300991870249
     0.014972046951  165.080348650815   11.078240524939  145.156904145634
     0.015222562404  161.934973432856   11.035614608811  144.054650013161
     0.015473077857  158.598702806062   10.987064846212  142.815897601858
     0.015723593311  155.631550087271   10.941734869498  141.669548526071
     0.015974108764  153.256058182980   10.906201386774  140.774083583320
     0.016224624217  150.925319642045   10.873376229557  139.942578762423
     0.016475225613  148.045727421501   10.833281905404  138.935860227580
     0.016726027542  145.034954458600   10.788740828893  137.835400338344
     0.016976829472  142.519289279214   10.750857024967  136.911356151029
     0.017227631401  140.459100106460   10.719710752959  136.152783270445
     0.017478433330  138.547424125507   10.690078472382  135.413849214887
     0.017729235259  136.194927451240   10.653124319199  134.497699056264
     0.017980037188  133.376399964083   10.609038087814  133.453803156666
     0.018230248262  130.861180775170   10.571076965291  132.583164330845
     0.018489148775  128.883047404272   10.542042019362  131.913170288626
     0.018748049287  127.180961257706   10.516747498294  131.315197192969
     0.019006949800  125.091318656103   10.483573868816  130.519729021824
     0.019264128633  122.616618858995   10.440417319085  129.483463411164
     0.019523264383  120.431370006368   10.400954478332  128.528034922718
     0.019775479370  118.732906570387   10.371384274692  127.810845947607
     0.020028993737  117.174632167047   10.346285155613  127.214127806506
     0.020288347861  115.445727429239   10.318419373026  126.559783567731
     0.020544275396  113.591301094630   10.283829149790  125.739260778060
     0.020797108122  111.883595050448   10.248374983221  124.890977280255
     0.021047861443  110.382781010858   10.216944903970  124.146691690954
     0.021304180072  109.016132177182   10.189722984464  123.510179364669
     0.021555141487  107.773774711676   10.167931398612  122.996580834584
     0.021815195959  106.262224853432   10.140151957940  122.331290366978
     0.022071504778  104.570656690838   10.106340681293  121.542923927856
     0.022327069432  103.003431864204   10.073989405241  120.807484661769
     0.022580348528  101.722825272262   10.045709965666  120.160961466180
     0.022833627625  100.743121413513   10.021867470795  119.611859117896
     0.023085223396   99.985580392894   10.006493297178  119.266660431534
     0.023337674179   99.070900892913    9.989517870091  118.851477483462
     0.023598442179   97.840670279842    9.964299707485  118.249029836533
     0.023818868281   96.882854353392    9.945368157064  117.836167104385
     0.024073461568   95.929275162137    9.926574972760  117.433460785299
     0.024324548244   95.008926221233    9.906525683544  116.977748911110
     0.024575168175   94.080055216967    9.883948430427  116.451079706664
     0.024831565790   93.249364591410    9.863282780575  115.982899432287
     0.025016172073   92.765018689019    9.854052876187  115.791354867837
     0.025026427977   92.739419571105    9.853626412243  115.782475530073
     0.026039527397   89.725916716467    9.786966309538  114.253720084935
     0.027044432762   87.164774254864    9.727390461219  113.012534446579
     0.028060938406   84.068128919204    9.657438377679  111.466110391599
     0.029072482792   82.118875615302    9.613217963202  110.540403139097
     0.030078424185   79.728936802068    9.560116986996  109.419636082359
     0.031084776487   77.763094435626    9.521915176503  108.605101350246
     0.032102679819   76.046074279094    9.483542647778  107.786479413434
     0.033114715324   74.366707989518    9.445592038889  107.037296007018
     0.034126799081   73.403810321382    9.427924043905  106.690721773121
     0.035138882837   72.342263066035    9.403826071858  106.148287318894
     0.036163054912   70.859528509582    9.372913217182  105.548924531987
     0.037193810888   70.203231649211    9.355346090196  105.198160261224
     0.038224566863   69.613299623007    9.338518563179  104.875746549587
     0.039255322839   68.962192742255    9.329108748769  104.711541492498
     0.040286078814   68.970800140863    9.337749008422  104.924579884913
     0.041316834789   68.788644018482    9.347820182928  105.192829239481
     0.042347590765   68.351663256501    9.358251102599  105.467238331408
     0.043378346740   67.249393150357    9.347792815317  105.322021039052
     0.044409102715   66.591666813845    9.337089274598  105.115047745385
     0.045034005357   66.454114660765    9.337135539146  105.150444941453
     0.046065316971   66.171622774542    9.328527946121  105.056824991629
     0.047096628585   65.132232507277    9.300193242711  104.552055997943
     0.048127940198   64.340943910891    9.291696678049  104.383344992987
     0.049159251812   64.184877988212    9.306472938172  104.754514391143
     0.050190563426   64.762446727452    9.338257495554  105.438385125076
     0.051221873593   64.804272629815    9.357797533846  105.898106772790
     0.052253177250   64.077454878576    9.357339415583  105.933361970952
     0.053284480907   63.250188879762    9.366259447401  106.199229591264
     0.054293782445   62.999175019447    9.387000817641  106.629911554981
     0.055301985944   62.647488319662    9.378863550785  106.557459941689
     0.056323065182   62.310406968274    9.407196001124  107.242458668218
     0.057343051049   61.782024924902    9.434941987622  107.886047352277
     0.058363035031   61.626105984493    9.474645153796  108.828947697030
     0.059383019014   61.448305828206    9.502524718092  109.453503305342
     0.060403002996   61.343792278546    9.531106406404  110.177528191672
     0.061450845841   61.150416871552    9.545586715899  110.635414637229
     0.062484132601   61.102152281626    9.563886970186  111.128035373507
     0.063487461281   61.076355907753    9.599776876381  111.856403851191
     0.064488827449   61.196030187334    9.631707322907  112.686737841082
     0.065061297526   61.323214781860    9.647515590239  113.151651562329
     0.066068091199   61.711451495321    9.630440798205  113.235870014484
     0.067098684261   61.550779944650    9.706171925881  114.546174160695
     0.068126986085   61.560168192569    9.693220941612  114.443997959106
     0.069128189433   61.697247744893    9.693558008282  114.569150446991
     0.070168189433   61.854893511125    9.696154317791  114.714043501598
     0.071195770662   62.177845582866    9.706495552377  115.049395812187
     0.072202233162   62.719501446427    9.742034649078  115.865190187432
     0.073209411462   63.554529659642    9.797379150636  117.110491418935
     0.074233810662   64.491093426127    9.834804435256  118.073886179925
     0.075279904278   65.270357646249    9.875721907241  119.011600263275
     0.076300270998   65.866812703980    9.897042046044  119.747279305797
     0.077324539926   66.437148516158    9.920532741089  120.517225669434
     0.078339698269   66.919016965279    9.951135426896  121.331374472715
     0.079379698269   67.254553466596    9.955610885407  121.731396957465
     0.080401916852   67.253221584951    9.971438448782  122.236589596716
     0.081419882342   66.971306525392   10.043349727607  123.494776161638
     0.082454499939   66.587238320692   10.032260076500  123.383224556601
     0.083519478236   66.230377734472   10.004530815675  123.011343177257
     0.084523657763   66.131745244038   10.035892924027  123.652467234587
     0.085123685662   66.249005984040   10.057700938753  124.196640676467
     0.086131455262   66.668489972128   10.134520966472  125.915204602785
     0.087139224862   67.076208765050   10.183660833039  127.331502447751
     0.088146994462   67.298310911698   10.228077292103  128.563817901658
     0.089154764062   67.144068124867   10.253515137467  129.217515576929
     0.090024215527   66.896089643839   10.268129946407  129.616845515446
     0.090070132029   66.889180660830   10.271252847845  129.695958741254
     0.091094575146   66.512079359925   10.319574228890  130.504745121802
     0.092109947851   66.495004859693   10.305551996798  130.234305569629
     0.093112585177   66.669962942231   10.345416285457  131.403546820826
     0.094132435765   67.074157331167   10.394573213465  132.802939719905
     0.095154744183   67.535175896843   10.464900573047  134.660581072594
     0.096174358421   68.021599750843   10.440055927079  134.560214909034
     0.097212918879   68.341861049814   10.406272595690  134.343637727770
     0.098247415398   67.959125456337   10.489477917935  135.940573337911
     0.099267782118   67.527979083872   10.566578861995  137.375409753788
     0.100273275506   67.679515735193   10.591224817544  138.281581069133
     0.101282574022   67.868588235870   10.665811412052  140.081424436894
     0.102328679301   68.257469366109   10.672874117391  140.702719519645
     0.103328687074   68.307733252878   10.713286198082  141.914422652241
     0.104338794205   68.135376856652   10.773219077451  143.192558427286
     0.105348957257   67.762187997586   10.788414168468  143.576518284050
     0.106367317453   67.696114762291   10.804646629247  144.191194867960
     0.107371884760   67.922418130747   10.873211261367  145.979292774603
     0.108380268517   68.070073400451   10.907020516600  147.018143612989
     0.109414637695   68.372041613113   10.883241333361  146.843368041525
     0.110024262129   68.302284655719   10.933194334941  147.884163412058
     0.111051775989   68.192456029203   10.985865567924  149.052560028404
     0.112052024247   68.371035506725   11.022645481105  150.351441307718
     0.113060343084   68.438681729016   11.062316599953  151.431622667505
     0.114062733212   68.590810642594   11.077556075012  152.035329148183
     0.115073235857   68.674133060944   11.140201428514  153.382777281448
     0.116091193271   69.115153082347   11.068747734968  152.590533286066
     0.117104189153   68.893745437943   11.150643185650  154.402660805323
     0.118114981461   68.753336927871   11.157139225125  154.666480435590
     0.119126580216   68.574094377795   11.217023241671  156.047651762102
     0.120158662695   68.467194377533   11.278413830669  157.637813429553
     0.121158834036   68.573201997322   11.282072485969  158.125564479621
     0.122171423209   68.732448130716   11.320359042116  159.077825308205
     0.123178065862   68.850228665659   11.395450724876  161.061014387368
     0.124189416421   68.964318877097   11.362966665921  160.848053595112
     0.125204709211   68.655475974309   11.414166789138  161.979635706783
     0.126204770551   68.505862589763   11.444546913506  162.840977703037
     0.127230017116   68.486514448694   11.498098817168  164.365549141919
     0.128234676141   68.463872754116   11.524239410237  165.084107673997
     0.129235066562   68.492958650209   11.567351666845  166.158619861263
     0.130045635173   68.680584857842   11.594957321381  167.303312901836
     0.131063635406   68.630818745918   11.606815631231  167.709538671969
     0.132088285740   68.562892135373   11.653126234081  168.989316788639
     0.133096878273   68.504518302096   11.677278082363  170.010559461749
     0.134123223082   68.195416656946   11.679002106709  170.081854616809
     0.135142047316   67.939592407220   11.709821089503  170.767952436043
     0.136152406660   67.913185249323   11.759414671827  172.186622416802
     0.137155547896   67.762751440485   11.771843361858  172.923550966958
     0.138157387081   67.619009875987   11.780516624180  173.123402112349
     0.139159762081   67.684171346616   11.830265947483  174.631541189602
     0.140172346442   67.767549430447   11.857165287271  175.632006532918
     0.141180664863   67.747532777555   11.876411573550  176.187929981506
     0.142206116913   67.690541678045   11.924143009698  177.672044198636
     0.143216451653   67.608666740640   11.938582268594  178.214079542863
     0.144227088826   67.410528648695   11.939098128944  178.366337837281
     0.145237937473   67.490992862432   12.013322113547  180.502553909324
     0.146256374277   67.192456330082   12.011314101323  180.505230980722
     0.147267521141   67.124627811927   12.029910148035  181.101138993066
     0.148271458992   67.136003014891   12.074719657983  182.469760711732
     0.149274830853   67.009647127035   12.075821428894  182.826714079909
     0.150045782978   66.975209916664   12.097087038611  183.361665259536
     0.151053853291   66.941008963958   12.148670379660  184.771648004032
     0.152066174357   66.822748023866   12.165919831244  185.617564789114
     0.153084908507   66.572318712496   12.171271504080  185.804950312965
     0.154089134484   66.414223240412   12.183029516818  186.158695683625
     0.155098415671   66.375211356193   12.234499784209  187.838363489894
     0.156099832987   66.315572714816   12.222973427198  187.784110381836
     0.157110750955   66.518003317461   12.272206985036  189.136696802609
     0.158121668924   66.413432574665   12.324201840778  190.899916952924
     0.159137585476   66.137220260500   12.336383075912  191.342644217081
     0.160151201670   65.718786580107   12.309185607187  190.744163696525
     0.161154152183   65.425373054306   12.315294231199  190.812422699019
     0.162160861902   65.622582305431   12.387280616422  193.063364851187
     0.163169351873   65.760411150510   12.378495153622  193.093019759831
     0.164171976727   66.014918025832   12.459558347041  195.556612291247
     0.165174601582   65.906209275882   12.474181778936  196.111026432955
     0.166182896508   65.622442030811   12.482857633718  196.350701012891
     0.166385877446   65.563377782394   12.484189234515  196.403961015722
     0.167387682914   65.144350756713   12.461145496137  195.966181017489
     0.168398600883   64.926251259600   12.491425766405  196.842154144409
     0.169409518852   64.882448434445   12.532163878979  198.509132212863
     0.170417736790   64.788856580596   12.541473413981  198.679129817839
     0.171418008065   64.627405275731   12.556355900652  199.009169945929
     0.172418344721   64.931102524403   12.617233636883  201.269633351649
     0.173424766138   64.730245504597   12.617625577778  201.157247978702
     0.174429134497   64.497168553754   12.590968411592  200.816294159689
     0.175440052466   64.152044178417   12.620335518017  201.267951492064
     0.176450970434   64.289357850079   12.659342309593  203.268571791286
     0.177462861810   64.083466244202   12.663695227866  203.274145330154
     0.178465016268   64.011686075548   12.670922616057  203.323394551589
     0.179471025167   64.067281117612   12.735681531886  205.602833726534
     0.180282250148   64.072945489281   12.748592001271  206.152602505893
     0.181288332227   63.870355610378   12.745123547182  205.825021770849
     0.182292131055   63.768046883187   12.753799183493  206.145897037869
     0.183295929884   63.790236988713   12.812637486590  208.399148616961
     0.184299728712   63.593368272149   12.819253345307  208.680638200304
     0.185304073848   63.340754032686   12.821461302535  208.594034952182
     0.186311668108   63.016232403673   12.813996546159  208.370498234861
     0.187272752093   62.859139597369   12.826419523096  208.896263831177
     0.188233836077   63.099988491125   12.892833459801  211.305556013530
     0.189234060498   62.964777188066   12.902304018951  211.463964471721
     0.190249435242   62.547254299958   12.873517875088  210.818360371744
     0.191235941272   62.304407280814   12.887334128964  211.125729369878
     0.191329358635   62.268899756687   12.885846067691  211.064854074639
     0.192263532268   62.088202571590   12.925615377055  212.406938606090
     0.193264398467   62.348988163515   12.961352932932  213.899054912073
     0.194275256608   62.064585595384   12.920839697676  212.726910263293
     0.195275887509   61.868780774813   12.927469862110  212.958267332364
     0.196282437490   61.865604066978   12.961815359703  214.630526611963
     0.197288987470   61.778187811912   12.968292217982  214.975661699256
     0.198290827626   61.833946778034   12.994966923186  215.420009917381
     0.199293189819   61.632487666667   13.013530946883  215.926563649986
     0.200294899465   61.467146076777   13.029788855142  217.376211814029
     0.201301540738   61.509960454136   13.047496471661  217.807254122188
     0.202102444058   61.371647211682   13.059375892876  217.585574175299
     0.202635967096   61.457794535699   13.106977249118  219.180550922742
     0.203428565915   61.680588310993   13.144135125764  220.799605064454
     0.204434603589   61.509168888080   13.146366940822  220.667264550758
     0.204838583209   61.379386692850   13.133304487963  220.262263900684
     0.204850464963   61.374222708782   13.132395015976  220.237900132185
     0.205798791121   61.179557321181   13.115964543392  219.802224679280
     0.206667665643   61.473126612343   13.177575357110  222.190080105210
     0.207513981802   61.207102337014   13.185266488092  222.765500521337
     0.208359670210   60.995350254957   13.195984102823  223.112618817857
     0.209217450051   60.759949935224   13.193710717627  223.069789026203
     0.210143202771   60.512226906192   13.188725375347  222.710037431751
     0.210925608289   60.439806926659   13.168039535305  221.914071612008
     0.211932863595   61.005146597059   13.259493835031  225.138607060000
     0.212941807360   60.977304144800   13.231721136852  224.344069007001
     0.213948638942   60.763288871695   13.242743061364  224.647746523677
     0.214188675602   60.678924878613   13.252306354587  224.904437438189
     0.214909488591   60.377464781266   13.245068072618  224.601583599066
     0.215630301579   60.197791110863   13.257790819545  225.027528264558
     0.216575793379   60.273996660038   13.300194622672  226.851230160682
     0.217583167676   60.273159928075   13.282944792933  226.213701246505
     0.218590541973   59.952832691977   13.270153701694  226.155148614610
     0.219506788209   59.508932630018   13.258405356275  226.032890830024
     0.220221687973   59.242236508377   13.260819720567  225.882828111502
     0.220936587737   59.347582403006   13.330515562886  228.006810307604
     0.221752633692   59.675357155338   13.379955803598  230.158842976016
     0.222619878504   59.169452282975   13.362509930376  229.663022294802
     0.222720792322   59.143984311190   13.361970966084  229.688358568029
     0.223441605310   58.742679757727   13.309109327133  227.513060717704
     0.224299736134   58.535263913259   13.352925182907  229.355881387085
     0.225020549122   58.689050716279   13.363402378425  229.575264579731
     0.225741362110   58.762961994439   13.359089863565  229.399279364605
     0.226462175099   59.191240575963   13.433086846708  232.384099936484
     0.227182988087   58.987658683397   13.424180285378  232.037530788508
     0.227903801075   58.828148897689   13.423995285623  232.111037166986
     0.228624604710   58.679165657293   13.432131537824  232.472105140258
     0.229345080353   58.304239379831   13.419024331961  232.046934603015
     0.230170456985   58.129793615143   13.417532318529  231.912344981208
     0.230771134475   58.057887926955   13.419131737736  231.564489711494
     0.231371811965   58.134758258508   13.412506984920  231.410714207708
     0.231972489456   58.298159853404   13.481709787421  233.969817257175
     0.232573166946   58.358389244664   13.501397322130  234.836672954124
     0.233173844436   58.371437310038   13.516894018921  235.423065897080
     0.233774521926   58.027794358175   13.498652606257  234.801813280978
     0.234375199417   57.811748065819   13.499506482595  234.950649063798
     0.235274019554   57.724672221572   13.505160684828  235.086055602505
     0.236175851233   57.463835510214   13.451779672405  233.538061502947
     0.237077682912   57.433796639873   13.462665704906  233.962624726096
     0.237979514591   57.051388857315   13.450886608515  233.501944659801
     0.238627367468   56.902038491001   13.453523356024  233.651610201768
     0.239228044958   56.711882062704   13.459780806800  233.412130077130
     0.239828722448   56.869207310645   13.519973649675  235.917964790507
     0.240429399939   56.858610027112   13.542165978218  236.833070037296
     0.241030077429   56.786535704749   13.543681697914  236.896898084903
     0.241630754919   56.671827751130   13.547245435491  237.074847259267
     0.242231432409   56.448962789695   13.541312766795  236.888113270999
     0.242832109899   56.349452477547   13.547893770515  237.174468458376
     0.243636053024   56.087410478404   13.534578339988  236.532161004969
     0.244236730514   56.047895225710   13.536931171003  236.488118383768
     0.244837408005   55.994335356806   13.516449462398  235.862622439787
     0.245438085495   56.230272383677   13.589345791012  238.794247940459
     0.246038762985   56.328485961072   13.611521569513  239.708357718497
     0.246639440475   56.174962700789   13.612615578510  239.813016395098
     0.247240117966   55.885136704199   13.603784390116  239.726605486877
     0.247858883436   55.669763699952   13.605070727162  240.056237603213
     0.248618812500   55.537798231318   13.600788552174  239.419056930680
     0.249219474687   55.498361155498   13.582002588258  238.272301211477
     0.249819858400   55.645367461781   13.591706582197  238.634650257971
     0.250480557552   55.858754644743   13.645448999351  241.107537336551
     0.251131574871   55.742846749083   13.639528576558  240.693199398996
     0.251732252361   55.775633766591   13.638850295064  240.386659941384
     0.252332929851   55.901069858452   13.660474696391  241.706969739345
     0.252933607342   56.102897712548   13.699739834243  243.380661425981
     0.253608684472   56.161128398811   13.707955234486  243.612744449384
     0.254430003500   55.815010156351   13.696242056083  243.322868264290
     0.255030680990   55.642415395162   13.683797925096  242.980662278297
     0.255631358480   55.090043759594   13.628057908430  240.462326301066
     0.256232035970   55.062157313556   13.682605790630  243.234465370657
     0.256832713461   55.279159315825   13.711262133333  244.190508757521
     0.257433390951   55.200163841067   13.696000134802  243.243833739851
     0.258034068441   55.045354890431   13.699745968137  243.579972524922
     0.258454542684   54.885806280312   13.700176606368  243.663118711582
     0.258460549459   54.883411642914   13.700144991858  243.662793666397
     0.259061226949   54.677095770154   13.695420281222  243.520907001649
     0.259661904440   54.582596797431   13.690859786978  243.327561319139
     0.260262581930   54.624184671680   13.696180354480  243.269617104088
     0.260986813054   54.525793706301   13.696054280402  242.824688321785
     0.261634497366   54.381633557355   13.696654179931  242.614432078839
     0.262202007848   54.255044460795   13.675191593283  242.099384372132
     0.262769518330   54.319590988116   13.702404582189  243.437841656183
     0.263337028812   54.447423688810   13.755466813363  245.925344848202
     0.263904539294   54.395316198692   13.753966826934  245.826006973567
     0.264466374671   54.294264579433   13.750547916567  245.628580965112
     0.265153254259   54.273551300602   13.760044423185  246.040943311415
     0.265788569877   53.953347018944   13.734118651526  244.611544226535
     0.266389247368   54.015549370255   13.721441093918  244.098244522319
     0.266989924858   54.273364198604   13.767480000846  246.366285759523
     0.267590602348   54.420104867068   13.793254736409  247.389695270187
     0.268191279838   54.417046045705   13.794465631000  247.154515515118
     0.268862916336   54.341270366894   13.797187657170  247.205463586976
     0.269452265559   54.134055624071   13.789203683650  246.632003743902
     0.270044253352   54.066723614529   13.781604787977  246.467425516254
     0.270636008111   54.416131760111   13.840830121304  249.439973569311
     0.271227544562   54.503390747734   13.846216603584  248.903660755089
     0.271910050490   54.486575746830   13.856987592274  248.829428584318
     0.272483070124   54.353222448045   13.853611255105  248.718782550616
     0.272559888515   54.319282925843   13.852209468278  248.653980002223
     0.272565797336   54.299883792084   13.851851345498  248.640303341565
     0.273180868184   54.196080084525   13.839667416436  249.048940287891
     0.273847286992   54.534858142943   13.909306734010  252.261359796405
     0.274513705801   53.930699762809   13.882290418795  249.717031970627
     0.275180124609   53.603898912254   13.845877408764  248.083514062093
     0.275846543417   53.560222447236   13.849863129751  248.287252189821
     0.276512962226   53.663919652691   13.871130973545  249.116745007913
     0.277119777379   53.630504704135   13.874610692002  249.261276346763
     0.277749313370   53.584860237795   13.882912632601  249.623011401294
     0.278376031523   53.690501764363   13.897480415363  249.976395529247
     0.279011476296   53.728920141578   13.897395009404  249.797725821118
     0.279653052536   54.061409381984   13.932773110389  251.090336602000
     0.280294393061   53.911306256475   13.927282265995  250.989585305432
     0.280935422989   53.658846551425   13.926733408908  251.276269944385
     0.281576208694   53.364219375571   13.915319770047  250.833554565660
     0.282216715988   53.277183219167   13.913897188903  250.765193886412
     0.282857020184   53.458009543896   13.930918907058  251.178032434542
     0.283486759093   53.532473682417   13.939326849425  251.351610123550
     0.284098394781   53.595247019402   13.952286547686  251.922087244388
     0.284714863645   53.261740123444   13.936804762065  251.388363524884
     0.285348996818   53.218749427423   13.947257927090  251.976093857269
     0.285987960677   52.911715121549   13.926792601744  251.152367711428
     0.286626655649   52.931696785217   13.930700842283  251.227361688837
     0.287265094059   53.071096800748   13.941452572833  251.402264648316
     0.287903241058   53.090568014851   13.944688410738  251.386820927256
     0.288541178087   53.062666255707   13.946812339352  251.387358021605
     0.289178834716   53.021904107647   13.952724197391  251.605469479492
     0.289816227264   52.875606426177   13.946678522706  251.282242534137
     0.290448291601   52.793405797822   13.947529801372  251.338871368510
     0.291074955322   52.635109806776   13.943627576056  251.145588474991
     0.291711617632   52.518264168682   13.940583002381  251.044229123123
     0.292347934194   52.390981260071   13.941141730180  251.054967608215
     0.293116707965   52.220773403014   13.930860599513  250.424570868531
     0.293836833586   52.396896599295   13.954210816072  251.262260918699
     0.294556959206   52.674859463780   13.992152729232  254.016076160155
     0.295277084826   53.057048592008   14.034412415502  255.462242227598
     0.295997210446   53.154610692552   14.044345400532  255.569905446373
     0.296717336067   52.991911790909   14.043862444434  255.818311318284
     0.297437461687   52.799873428596   14.036124112519  255.574174880534
     0.298157587307   52.689508379177   14.038198373492  255.722508139291
     0.298877712928   52.588019050185   14.034238156943  255.317073936429
     0.299597838548   52.630401876727   14.044104087568  255.556930408785
     0.300317964168   52.623931927987   14.049783762352  255.457885396332
     0.301038089788   52.578567305926   14.057593484123  255.930934487699
     0.301758215409   52.288694286957   14.045729333830  255.685776560564
     0.302478341029   51.998188844185   14.036612169905  255.641400259302
     0.303198466649   51.811883669258   14.033907937551  255.532770332503
     0.303918592269   51.677668289953   14.033879249800  255.499045106567
     0.304638717890   51.595085782532   14.040841570051  255.876184911077
     0.305358843510   51.343823410713   14.037055344039  256.054547253551
     0.306078969130   51.069193559582   14.033829074353  256.110655056284
     0.306799094751   50.884464573512   14.023076797713  255.532287161991
     0.307456534096   51.070569001472   14.049722916817  256.552555112372
     0.308087086548   50.842024843458   14.046473586540  256.749049270986
     0.308717415917   50.394781774865   14.030401953840  256.328439466376
     0.309347519958   50.201133315375   14.028261121229  256.271075502828
     0.309977404260   50.296452651356   14.043118558341  256.710442074230
     0.310607068344   50.155200604753   14.033900269997  256.327369254830
     0.311236507014   50.131707484828   14.050471935824  257.206407381766
     0.311865721200   49.788562226158   14.035237289463  256.670237347199
     0.312474581683   49.615869969993   14.029676724641  256.337537432340
     0.313085738071   49.606515720356   14.033779167957  256.494713615991
     0.313712176834   49.612661541304   14.041065278814  256.718709718470
     0.313989555649   49.603045003020   14.045749039478  256.933997423191
     0.313998223737   49.602698562475   14.045931835511  256.942828162356
     0.314865032533   49.308251413067   14.047415248671  257.179509931329
     0.315565414041   48.669837261802   13.969540564248  253.672682612422
     0.316278048070   47.951971084964   13.908860257281  251.681205643662
     0.317058334362   47.584573809168   13.909437145457  251.217149902175
     0.317838620655   47.592986190568   13.907468498208  251.041099530752
     0.318618906948   47.555361336682   13.921057407392  251.520224625874
     0.319399193241   47.233370028604   13.903281901535  250.941253227186
     0.320179479533   47.044975233815   13.900576144973  250.803789164165
     0.320918536525   46.974103802145   13.907679333291  250.987527828916
     0.321623943155   46.835039168278   13.908754011969  251.528618429939
     0.322348072081   46.130628110854   13.865917338701  250.471578964974
     0.323095518504   45.772553491508   13.864872301468  250.986129177829
     0.323824907149   45.303671412359   13.842901503845  250.022237845404
     0.324554029281   44.721713485956   13.785857325792  247.142469455858
     0.325282858043   44.007495263133   13.732667066829  245.439165670113
     0.326011441601   43.782504184014   13.737205024106  245.918681413285
     0.326739793998   43.572364688112   13.741152624581  246.548693745321
     0.327467848879   43.140665828774   13.724990257049  246.050289776205
     0.328160726561   42.743285648138   13.702995869534  245.243425835019
     0.328864969153   42.574664425619   13.694891078671  244.871902105217
     0.329721024502   42.687707939868   13.718942599576  245.731386375844
     0.330517940988   42.539772102547   13.726782721570  246.093870490394
     0.331296517868   41.573547711869   13.624879055610  241.991275325466
     0.332074825022   40.945129954243   13.587558805286  240.958010922165
     0.332852817748   40.812201963881   13.591345399465  240.947292252354
     0.333735233474   40.489942357548   13.571835933338  240.227439202660
     0.334674185830   40.267006729440   13.574237008702  240.721569590284
     0.335539161416   39.905093237587   13.552849932305  240.275028251791
     0.336460840957   39.193292333463   13.491426317062  237.783689556096
     0.337421924942   38.135099092444   13.404195648599  234.182619439135
     0.338383008926   37.564689722499   13.350730760518  232.582995401684
     0.339344092910   36.729571886750   13.276507038921  229.880686910604
     0.340305176895   36.488462148736   13.272651681781  229.851497677126
     0.341266260879   36.199840991156   13.255389092947  229.260644136362
     0.342227344864   35.999467374618   13.260502113476  229.707396168594
     0.343188428848   35.608426704034   13.234570912008  228.874339646116
     0.344149512832   35.478676947655   13.237424528197  228.985156732920
     0.345110596817   35.356490921372   13.233988119067  228.674350873359
     0.346071680801   35.288971934525   13.242947933890  229.074530194141
     0.347032764785   34.966867873010   13.221007273876  228.442206663456
     0.347993848770   34.663061131473   13.200679010851  227.788177040105
     0.348888938321   34.553675611699   13.203610222234  227.883211345633
     0.349753913907   34.371229526136   13.202620332797  228.586403829171
     0.350618889492   33.990728265758   13.184050487371  227.803096422309
     0.351483865078   33.548691756822   13.131525874014  225.477905411028
     0.352348840664   33.010358911987   13.086205097832  224.312804571252
     0.353213816250   32.432930806336   13.017889214549  221.303111464948
     0.354078791836   31.966450044871   12.959759406147  219.430007200051
     0.354943767422   31.657295902417   12.930632879482  218.306650014143
     0.355808743008   31.545967578867   12.927408311987  217.888733621583
     0.356673718594   31.646730852579   12.964543980763  219.632496203668
     0.357538694180   31.671624235493   12.979913490685  220.548118691980
     0.358403669766   31.786473906085   13.002770930159  221.484246450435
     0.359268645352   31.951136008458   13.031715796586  222.200166450420
     0.360133620938   32.012910336470   13.047930504807  222.757980526893
     0.360998596524   31.872834102429   13.036719492131  222.398902380594
     0.361863572110   31.817898210010   13.038486227971  222.346991450992
     0.362728547696   31.804383361553   13.048369719084  222.445459590620
     0.363593523281   31.783111150010   13.061378376711  223.479071792148
     0.364458498867   31.717378633001   13.068600506563  223.972186085166
     0.365323474453   31.663752027819   13.069130751418  224.314311216992
     0.365790561270   31.704239813179   13.081643527610  224.876026911402
     0.365799211026   31.704629444651   13.081813011244  224.882644352082
     0.366664186612   31.710251859123   13.091480533034  225.255296770247
     0.367529162197   31.625899693872   13.093476952743  225.398770037161
     0.368394137783   31.470154553388   13.082098952968  224.961626138728
     0.369259113369   31.485289573786   13.096126236443  225.469597533584
     0.370124088955   31.356720893267   13.083925830876  225.033813394812
     0.370989064541   31.402063283229   13.098461495057  225.558275873132
     0.371854040127   31.390599125229   13.098340746097  225.514552347328
     0.372719015713   31.461345994539   13.115740179665  226.001196897298
     0.373583991299   31.433869997431   13.116202678165  225.731430314619
     0.374440317129   31.475795938599   13.128044278575  226.009677593317
     0.375305292715   31.500784093937   13.137825548394  226.158448326958
     0.376170268301   31.541086218036   13.151989866083  226.535888084424
     0.377035243887   31.575547437594   13.165401839306  227.297816428180
     0.377900219473   31.625814152897   13.187833745193  228.656071136343
     0.378765195059   31.627572794417   13.194991715283  229.206581459207
     0.379630170645   31.643144387608   13.206488360655  229.777439122965
     0.380495071461   31.561765345881   13.201907341718  229.623509873992
     0.381359690230   31.525553149771   13.206197557346  229.790001733629
     0.382224058989   31.476148484695   13.205544878736  229.770705115328
     0.383088145144   31.476217977118   13.209570547846  229.887508137219
     0.383951963850   31.555031332238   13.223775275933  230.407588058596
     0.384815500302   31.604932756800   13.235209707394  230.869498794409
     0.385678755236   31.589056041270   13.234550608179  230.791842774999
     0.386541715629   31.627816621098   13.240691301563  230.787186126043
     0.387404389349   31.673301197314   13.247906963311  230.719880051297
     0.388266779866   31.711412895880   13.261545128284  230.998665475382
     0.389128899372   31.709839782114   13.270370963677  231.133604509291
     0.389990745811   31.694771111969   13.279858590402  231.390741220181
     0.390852301850   31.790209389643   13.312246951742  233.362327794937
     0.391713596446   31.890576721912   13.335646908223  234.729267957337
     0.392574613519   31.875800879791   13.343082798065  235.087326439639
     0.393435346600   31.780252793339   13.342621961911  235.065866707445
     0.394295805179   31.678220571020   13.338507318039  234.870931967511
     0.395155986672   31.659143376277   13.344759927358  235.099956838919
     0.396015901957   31.654228774059   13.352528005538  235.423276916084
     0.396875528019   31.595415959603   13.351837533330  235.401329198997
     0.397734861754   31.583178216597   13.354418260397  235.469456561024
     0.398593929653   31.680710514852   13.372428722789  236.117202451976
     0.399452751379   31.659770290500   13.375220177366  236.288712414342
     0.400311330449   31.643345635243   13.382205421203  236.510181390408
     0.401169610558   31.642761646953   13.381190617271  236.427210930911
     0.402027634869   31.683294012741   13.385320240844  236.309230496488
     0.402885411842   31.735422898582   13.391859254972  236.270999368114
     0.403742924864   31.763627609691   13.398603196376  236.358028272028
     0.404600162042   31.726989876788   13.396180839138  236.076261747736
     0.405457153271   31.752631991519   13.408459430039  236.349609470839
     0.406313887211   32.000757802483   13.454341869340  239.041548558826
     0.407170340670   32.067109439339   13.464474201931  239.733523136590
     0.408026522970   32.141247884719   13.478705133946  240.379131488009
     0.408882426581   32.078565966992   13.479925720505  240.402361546888
     0.409738079000   31.968384185567   13.474541129401  240.259904464030
     0.410593477052   31.949462895478   13.478591906070  240.284669180664
     0.411448608384   31.949205451383   13.484085480444  240.538473123722
     0.412303480019   31.928550465280   13.484936047991  240.579248030883
     0.413158080966   31.935512031234   13.487232244091  240.664470695285
     0.414012420229   31.984262280834   13.493911659100  240.873373049141
     0.414866487291   32.023570975759   13.503389027989  241.120419494320
     0.415720284567   32.015026809579   13.504758424430  240.906977570391
     0.416573830141   32.076180425075   13.518448323334  241.028516569444
     0.417427143357   32.110756532378   13.530314801997  241.161015210521
     0.417887917328   32.099345799102   13.533170187606  241.178039037637
     0.417896447476   32.098949303693   13.533209073076  241.177477590914
     0.418749314722   32.107462543614   13.547984453588  241.570129612675
     0.419601931985   32.205441852778   13.578234023160  243.558769745667
     0.420454275857   32.197078938218   13.590573857782  244.223488901685
     0.421306356772   32.103131310842   13.586995637147  244.130229954455
     0.422158162039   32.024956007225   13.584381069936  244.003518583752
     0.423009732926   31.958976076419   13.577995479489  243.726796008232
     0.423861080001   31.941772619803   13.577601591360  243.746152142792
     0.424712175324   32.000120316981   13.586165759373  244.200934667463
     0.425563009179   32.095230857739   13.598749527915  244.970519300216
     0.426405039519   32.192977921798   13.612626665525  245.615994935378
     0.427255331804   32.228951598274   13.623471250442  246.032779532790
     0.428105366079   32.202496564841   13.627586321071  246.155471289949
     0.428955189388   32.175105552600   13.630569430380  246.230105768621
     0.429804751103   32.154229142396   13.632095848748  246.267838867917
     0.430654050362   32.152807515861   13.638026157825  246.483292047720
     0.431503085968   32.141072216592   13.641975539822  246.649891795335
     0.432351867486   32.136081323175   13.649938051873  246.924817013386
     0.433200398369   32.118724387804   13.653114540567  247.024586892188
     0.434048679261   32.125875585504   13.659544188768  247.223930217166
     0.434896714640   32.144462513933   13.663997923456  247.335285011437
     0.435744489342   32.169202651547   13.667291609381  247.153529722814
     0.436591998235   32.208264931219   13.671795775174  247.131124707630
     0.437439267798   32.206119420769   13.675345897771  246.966519676261
     0.438286292903   32.224596248221   13.686115234516  247.049740055098
     0.439133055072   32.234899064346   13.705377349952  247.826365502468
     0.439979571665   32.353975059639   13.736172522105  249.891394547496
     0.440825834617   32.429864429441   13.748719842093  250.879405400169
     0.441671821209   32.384551399737   13.751061169853  250.998820745128
     0.442517572246   32.332841264372   13.753695224047  251.024292250361
     0.443363098108   32.260304574477   13.749569961861  250.574107446458
     0.444208372992   32.243929492592   13.749050748426  250.627863628389
     0.445053392421   32.273132045251   13.755549280030  251.125641153574
     0.445898153735   32.298703977017   13.763217494375  251.471295201587
     0.446742671449   32.290583758099   13.767271368147  251.629735414289
     0.447586940941   32.282386689438   13.770173799382  251.724473411693
     0.448430957187   32.305836030147   13.777557772743  252.014699149765
     0.449274715760   32.283013032739   13.779228366536  252.052490954866
     0.450118214016   32.272502672536   13.784106638906  252.223762456207
     0.450961462884   32.247298450727   13.787813411667  252.389183106293
     0.451804470751   32.225300426913   13.791262621160  252.509052748915
     0.452647240749   32.223221399898   13.795057291444  252.635413873231
     0.453489770039   32.220633699779   13.796779339383  252.680645729900
     0.454332052630   32.219155194576   13.795669717071  252.457915871281
     0.455174180655   32.232989468806   13.797100321499  252.212652426831
     0.456016308576   32.237065424720   13.798963698570  251.920601991550
     0.456858436497   32.255250477658   13.807679025071  251.896209391340
     0.457700564417   32.295417385888   13.825359420256  252.486720149174
     0.458542692338   32.435353317244   13.854796184955  254.762593643301
     0.459384820258   32.497130033989   13.866574023817  255.719033848612
     0.460226948179   32.438665344439   13.866886440671  255.736649953812
     0.461069076100   32.311132032241   13.861529254492  255.106684886257
     0.461895950918   32.225340283205   13.855569083734  254.781448472991
     0.462696854238   32.184885625288   13.852533705260  254.665617009126
     0.463497757559   32.225301905228   13.861258908349  255.006417470988
     0.464298660879   32.241746588427   13.856862206235  255.146374063934
     0.465099564199   32.320802367512   13.866430191477  255.688012714031
     0.465900467520   32.372075532365   13.872552151973  255.989493429969
     0.466581235342   32.400461936515   13.879542359884  256.263903850218
     0.466589244375   32.399683817543   13.879469835013  256.261226888286
     0.467390147695   32.393063696888   13.881414882053  256.349287471363
     0.468191051016   32.370794124566   13.879096620657  256.234852237764
     0.468991954336   32.364739629857   13.881534835675  256.300701205665
     0.469792857656   32.365570823006   13.885103071585  256.476765147359
     0.470593760977   32.374572035637   13.889079859264  256.682385204910
     0.471394664297   32.379181910867   13.892488084216  256.790166569668
     0.472195567617   32.370926381037   13.893043670624  256.748881805166
     0.472996470938   32.358023725059   13.894204556634  256.716934975643
     0.473797374258   32.341902118766   13.893803012079  256.609429673330
     0.474590268545   32.340738202507   13.894600697551  256.399094764354
     0.475335674043   32.350471877563   13.900011977694  256.257897032417
     0.476002775440   32.346251210293   13.905901528353  256.113365258166
     0.476685751673   32.336238038063   13.918353147073  256.160158488121
     0.477374090271   32.424829645790   13.950076369896  257.804882760363
     0.478062279463   32.533383918055   13.970116252832  259.363024924211
     0.478750301955   32.549468626089   13.977813943936  259.973035058753
     0.479438159198   32.508768764462   13.980969379301  260.117215776578
     0.480125872128   32.441953685730   13.977967172414  259.909601051643
     0.480813426788   32.370635922420   13.976085647323  259.534305477978
     0.481500813406   32.308672853753   13.970995339334  259.263956128154
     0.482188059673   32.309664649824   13.973975481180  259.413357261742
     0.482875154981   32.322109526449   13.975583185669  259.674651217695
     0.483562083349   32.367987116808   13.986761877671  260.329706558128
     0.484248854079   32.385488034754   13.993847530677  260.650667140030
     0.484935473263   32.374283417060   13.997296618144  260.768574552212
     0.485621935993   32.356612539347   13.998825335518  260.810148129532
     0.486308233618   32.381702775264   14.005700931794  261.101657404582
     0.486994372008   32.383340444847   14.008545377617  261.258997350882
     0.487680355797   32.372671764377   14.012382281571  261.396131482651
     0.488366183545   32.343251051552   14.015017108772  261.489498914204
     0.489051852798   32.324891692341   14.019771863471  261.666131417204
     0.489737369617   32.300439852721   14.021552633395  261.726886068356
     0.490422726042   32.277433816576   14.024000962018  261.796443510316
     0.491107939827   32.266939375166   14.026526552357  261.901032003502
     0.491793012819   32.263441729366   14.029811844144  262.011355149645
     0.492477925132   32.231328890858   14.027488979218  261.904993290520
     0.493162675358   32.232132505978   14.028074376038  261.957279440153
     0.493847272253   32.243216452899   14.029269131548  261.953605218693
     0.494531718364   32.232771669923   14.028835011871  261.796292957685
     0.495215996079   32.213733056497   14.029704604727  261.609492568514
     0.495900119119   32.199702106547   14.032204916318  261.419259035591
     0.496584092406   32.183097045778   14.037286824168  261.257341093246
     0.497256982737   32.163640141790   14.045414711540  261.206525742745
     0.497940649107   32.201468117046   14.062315726329  262.041104147530
     0.498624152789   32.320101336805   14.087309137316  264.087150671679
     0.499307494747   32.366689527394   14.099840981790  264.996975992725
     0.499990707457   32.311721983239   14.102073900489  265.115281103578
     0.500011201383   32.309622737797   14.102132352638  265.115962350655
