# {0} signal over time, extracted at r = 500 km
# All quantities are measured in a resting observer's frame at infinity
# cols=4 rows=880
#              time        luminosity               <e>             <e^2>
#               "s"           "foe/s"           "MeV^1"           "MeV^2"
  -4.7642427052e-04  9.8791568055e-07    6.752536607798   60.335719550519
  -4.6617219019e-04  9.8671098157e-07    5.725045281250   47.801037668436
  -4.4935313726e-04  9.8810554203e-07    4.797051986986   36.480182102138
  -4.2734316985e-04  9.9589427321e-07    4.156285189284   28.662563216415
  -3.9144256501e-04  1.0220778906e-06    3.624010206584   22.165253357847
  -3.6929716636e-04  1.0460764558e-06    3.431858033066   19.816756315133
  -3.5399146378e-04  1.0660358011e-06    3.331174709029   18.584550974435
  -3.4895151971e-04  1.0732018129e-06    3.302250634158   18.230234095662
  -3.3362771822e-04  1.0967679506e-06    3.224578064863   17.277728313658
  -3.1789437770e-04  1.1237070161e-06    3.157897154765   16.458390835414
  -3.0228064183e-04  1.1531319325e-06    3.101883477933   15.768445951400
  -2.8745831063e-04  1.1834901303e-06    3.056143717901   15.203455530228
  -2.7535167430e-04  1.2099984826e-06    3.023191960921   14.795241105854
  -2.7384218565e-04  1.2134100206e-06    3.019328280850   14.747298516845
  -2.6338252192e-04  1.2376866138e-06    2.993903422719   14.431338425060
  -2.5318233442e-04  1.2624201758e-06    2.971185260789   14.148217088197
  -2.4314971018e-04  1.2877470220e-06    2.950614139911   13.891075375677
  -2.3321792718e-04  1.3137749607e-06    2.931797607148   13.655098494334
  -2.2390662516e-04  1.3390212323e-06    2.915415606466   13.448951150482
  -2.1351564024e-04  1.3681376563e-06    2.898432707704   13.234433074148
  -2.0313146484e-04  1.3982030994e-06    2.882699346846   13.034837936237
  -1.9300139313e-04  1.4284399387e-06    2.868431643949   12.852997564862
  -1.8358106304e-04  1.4573399271e-06    2.856036901387   12.694274919823
  -1.7319913734e-04  1.4900383396e-06    2.843269059098   12.529924523943
  -1.6233418631e-04  1.5251814283e-06    2.830824864502   12.368776795090
  -1.4929022973e-04  1.5685781068e-06    2.817013462949   12.188610195520
  -1.3678222591e-04  1.6113802970e-06    2.804820177157   12.028187661677
  -1.2414343051e-04  1.6557673366e-06    2.793448145661   11.877191123287
  -1.1239128266e-04  1.6980294363e-06    2.783656537323   11.745914411077
  -1.0174883850e-04  1.7370971551e-06    2.775389495901   11.634007003384
  -9.2083532885e-05  1.7732164345e-06    2.768341540627   11.537704980752
  -8.3474209567e-05  1.8058907175e-06    2.762410104679   11.455928593647
  -7.5508718899e-05  1.8365356253e-06    2.757197550338   11.383441616546
  -6.7848325651e-05  1.8663779229e-06    2.752422310876   11.316465258172
  -6.1119773855e-05  1.8928878006e-06    2.748411884906   11.259748604290
  -5.5133058459e-05  1.9167079429e-06    2.744982676777   11.210879650123
  -5.0525415645e-05  1.9351902738e-06    2.742429734855   11.174256453490
  -4.4137858449e-05  1.9610269326e-06    2.739010969356   11.124862730344
  -3.8440505068e-05  1.9842825562e-06    2.736076092874   11.082114501334
  -3.3436498796e-05  2.0048725431e-06    2.733584745530   11.045554668080
  -2.8124369247e-05  2.0268997472e-06    2.731025962767   11.007724226411
  -2.2976233063e-05  2.0484144197e-06    2.728628434583   10.971999360186
  -1.7604248291e-05  2.0710418967e-06    2.726210721808   10.935678668240
  -1.2615086551e-05  2.0922205627e-06    2.724040235930   10.902799469829
  -7.6010902029e-06  2.1136652957e-06    2.721929856888   10.870563548387
  -2.9673469311e-06  2.1336285474e-06    2.720041259458   10.841474642428
   1.3157342494e-06  2.1522063567e-06    2.718347181546   10.815174060109
   5.6790121953e-06  2.1712574354e-06    2.716671304547   10.788948389078
   1.0309433267e-05  2.1916153199e-06    2.714946833646   10.761730981873
   1.4624211487e-05  2.2107174167e-06    2.713388970016   10.736926512927
   1.5106609052e-05  2.2128610492e-06    2.713217698429   10.734186302839
   2.2879378342e-05  2.2406653612e-06    2.711068527644   10.699210739594
   3.6626113616e-05  2.3010398744e-06    2.706625515742   10.625909737163
   5.4600835248e-05  2.3825272287e-06    2.701440347500   10.537279071502
   7.1412632673e-05  2.4615349596e-06    2.697196383088   10.461399784074
   8.7784557849e-05  2.5412740042e-06    2.693595856170   10.393680396456
   1.0404244528e-04  2.6234032220e-06    2.690514573577   10.332165219261
   1.2034937188e-04  2.7089567627e-06    2.687895721258   10.275934071161
   1.3766487897e-04  2.8035581592e-06    2.685609136126   10.221947576086
   1.5453159767e-04  2.8997167278e-06    2.683850619291   10.174777713078
   1.7160302937e-04  3.0013835425e-06    2.682523456679   10.132251695572
   1.8837594055e-04  3.1058399797e-06    2.681647367383   10.095382595333
   2.0571212010e-04  3.2189039439e-06    2.681173346829   10.062209965648
   2.2341160121e-04  3.3400540113e-06    2.681128964885   10.033346161581
   2.4118097809e-04  3.4678768054e-06    2.681519788462   10.009299269971
   2.5982492849e-04  3.6090875070e-06    2.682388491220    9.989233117514
   2.7814924541e-04  3.7553778757e-06    2.683691107951    9.974534279560
   2.9849904431e-04  3.9270554561e-06    2.685650752841    9.963914399350
   3.1949810963e-04  4.1149254973e-06    2.688230546094    9.959113797262
   3.3988764455e-04  4.3082734278e-06    2.691270231398    9.960319193754
   3.6149088829e-04  4.5254105586e-06    2.695059137868    9.967790509284
   3.8447558359e-04  4.7708520264e-06    2.699724393330    9.982612148198
   4.0915859731e-04  5.0515561814e-06    2.705451669632   10.006267564943
   4.3215942057e-04  5.3295215065e-06    2.711444378561   10.035365377750
   4.5774955565e-04  5.6577447996e-06    2.718838118956   10.075542936360
   4.8533382084e-04  6.0341620138e-06    2.727636471727   10.127766069827
   5.1504839105e-04  6.4659212634e-06    2.738030477824   10.193931936471
   5.4318054097e-04  6.8994887317e-06    2.748689985226   10.265520291062
   5.7486406166e-04  7.4159218647e-06    2.761567587774   10.355824032903
   6.0869711365e-04  7.9988399254e-06    2.776220182467   10.462500172404
   6.4491183918e-04  8.6563819746e-06    2.792769117429   10.586908224748
   6.8360258084e-04  9.3936843194e-06    2.811217021416   10.729496933527
   7.2460016671e-04  1.0209353588e-05    2.831357024318   10.888980243689
   7.6619209629e-04  1.1067506285e-05    2.852120020384   11.056862770458
   8.0857656500e-04  1.1968179594e-05    2.873340114782   11.231533628127
   8.5439317353e-04  1.2965842705e-05    2.896071315448   11.421635305365
   9.0833408890e-04  1.4166355853e-05    2.922255238500   11.643902023768
   9.5922007136e-04  1.5320671500e-05    2.946175675374   11.849536310791
   1.0209776621e-03  1.6747650754e-05    2.974043687051   12.091559184557
   1.0403770324e-03  1.7202872042e-05    2.982551386851   12.165810207898
   1.1095736276e-03  1.9063825476e-05    3.019228715701   12.475999884896
   1.1831914260e-03  2.5014508634e-05    3.243748736216   14.125839323601
   1.2710030278e-03  4.9273002231e-05    3.854013925061   18.534760339667
   1.3682520472e-03  1.1263250732e-04    4.283128192617   21.666886596602
   1.4790078121e-03  2.7175621007e-04    4.454683733800   22.977170269855
   1.5912205982e-03  6.1352674961e-04    4.519190972779   23.584448804169
   1.7062173661e-03  1.3094475598e-03    4.557077804330   24.006664456109
   1.8318606155e-03  2.8161343408e-03    4.592576565059   24.422185464221
   1.9725145518e-03  5.7845547215e-03    4.676381718269   25.348140292817
   2.1243382515e-03    0.010006531640    4.854918191579   27.372479584953
   2.2750239729e-03    0.014055531711    5.092946964578   30.262460303013
   2.4359954007e-03    0.017661388013    5.374308829813   33.954347976683
   2.5986802971e-03    0.020699488337    5.659361753588   38.002429310142
   2.7519134518e-03    0.023233270669    5.906103897233   41.767024973034
   2.9173182005e-03    0.025744130306    6.138525079312   45.552224818771
   3.0994150019e-03    0.028344179212    6.353206493983   49.249536772980
   3.3042872925e-03    0.031253836103    6.555215469143   52.878507634698
   3.5091595832e-03    0.034457072297    6.733399464852   56.149433176513
   3.7140318738e-03    0.038332338323    6.906622300379   59.333953701497
   3.9189041644e-03    0.043295239337    7.089795348692   62.672612481526
   4.1237764550e-03    0.049828537769    7.292749036959   66.346203097121
   4.3286487456e-03    0.058540948342    7.520520079296   70.473336642728
   4.5335210362e-03    0.070137695291    7.771654958934   75.072223842742
   4.7383933268e-03    0.085385910433    8.038618680901   80.048331858497
   4.9689520518e-03    0.108100962366    8.346534339813   85.918006281621
   5.2192057945e-03    0.141121283757    8.674495575894   92.335736339953
   5.4718981389e-03    0.185122456997    8.982601418880   98.530678602280
   5.7248245963e-03    0.241232502017    9.255927934355  104.179013313032
   5.9777510536e-03    0.310183457795    9.489614152081  109.142240800573
   6.2306775109e-03    0.391643167959    9.678854648969  113.263465782772
   6.4836039682e-03    0.485563393256    9.828295465690  116.589794103389
   6.7365304256e-03    0.592022448755    9.946976375257  119.276609218293
   6.9894568829e-03    0.710835682142   10.041259591905  121.433105297367
   7.2430295429e-03    0.844103223666   10.121304283849  123.278098293640
   7.4959064192e-03    0.988078730464   10.184470419839  124.706177574110
   7.7485283841e-03    1.142666725088   10.234002502663  125.804923957902
   8.0011503490e-03    1.306643197356   10.265863905000  126.455300993076
   8.2537723139e-03    1.481527982047   10.292062877528  126.975816115492
   8.5063942789e-03    1.668939868289   10.321097761810  127.610770737799
   8.7597256285e-03    1.864728804768   10.341570307597  128.034052056134
   9.0133880245e-03    2.069846160339   10.356618421603  128.316019536347
   9.2670504204e-03    2.284232696181   10.372129838514  128.628282214824
   9.5207128163e-03    2.501569151469   10.382878394684  128.797233510888
   9.7743752123e-03    2.726086555936   10.390874685890  128.916582819680
     0.010028037608    2.959562283663   10.403348421286  129.169073121523
     0.010281700004    3.198707258719   10.413467600226  129.364934595690
     0.010536819338    3.446914006563   10.425001710486  129.605929800669
     0.010791922613    3.703242202577   10.443790396955  130.033884046722
     0.011047018074    3.962578319168   10.458661766511  130.370805476503
     0.011302113535    4.229831286115   10.474172896861  130.709090664867
     0.011557208996    4.507491159806   10.494736856369  131.175404731896
     0.011812304456    4.790643086638   10.511450028969  131.582513461214
     0.012067399917    5.086079978947   10.531236551079  132.053389541087
     0.012322495378    5.385190178764   10.552721482738  132.539294255400
     0.012574532286    5.672916255828   10.565894363414  132.830848084258
     0.012826584155    5.971725105809   10.582282006232  133.208379374115
     0.013081684865    6.288759741515   10.605741155905  133.759623602369
     0.013332409855    6.594786113914   10.622580721308  134.145632711385
     0.013583131977    6.901804172694   10.636032683632  134.453583381103
     0.013833854099    7.225843159943   10.654104368342  134.888879545721
     0.014084576221    7.557122524546   10.676909561871  135.463521347438
     0.014335298344    7.877366870312   10.697394632542  135.978231013844
     0.014586020466    8.194925120891   10.715754568128  136.433427845887
     0.014836742588    8.522822681749   10.734573165692  136.891605704186
     0.015087464710    8.859101265854   10.753656845630  137.358565432929
     0.015338186832    9.192556670880   10.774315601888  137.883484180358
     0.015588908954    9.526865386876   10.795437150550  138.411091662538
     0.015839631076    9.865469951080   10.814604404434  138.872162849995
     0.016090353198   10.200518821194   10.830430081064  139.269765577143
     0.016341075320   10.534572422171   10.849787840376  139.788759884627
     0.016591797442   10.872186360019   10.873784068939  140.421256778988
     0.016849349448   11.220253125154   10.896227225206  140.975866767826
     0.017101457894   11.548934927918   10.909422375973  141.274771292788
     0.017356042978   11.867431350886   10.918944436350  141.498632184594
     0.017606849212   12.188663909296   10.933374334599  141.872678191527
     0.017860672146   12.534471809039   10.955809767047  142.455087729148
     0.018111209715   12.876231775435   10.977512041785  143.030987465962
     0.018364970318   13.212285931955   10.997976008399  143.637255466495
     0.018621050454   13.538411932842   11.016724571826  144.208343047093
     0.018883279465   13.861067495371   11.030107359576  144.553538028989
     0.019137564938   14.172345166069   11.039655920104  144.718527957134
     0.019393903026   14.497415834902   11.052738658218  145.015644268769
     0.019644381368   14.823485644675   11.071729046731  145.563376049186
     0.019894859710   15.155586718735   11.094241908179  146.244307846833
     0.020145338052   15.492866267103   11.114844789034  146.833310649857
     0.020401741816   15.817008893150   11.127548062629  147.130311490167
     0.020652542808   16.108201173227   11.133872058810  147.211934357514
     0.020914974952   16.404366909727   11.139007630540  147.269969436637
     0.021172140965   16.715083212710   11.151276015699  147.609796163874
     0.021427477707   17.055154905864   11.172857574598  148.261412330489
     0.021682814448   17.409597300377   11.198321406188  149.014543292037
     0.021938151190   17.741915128813   11.216924940186  149.527511931148
     0.022193325559   18.042051218960   11.225140368306  149.698375874866
     0.022445216843   18.325131646005   11.227288592317  149.659310996537
     0.022700728863   18.630563031877   11.234592881802  149.802349198604
     0.022953744218   18.959708082488   11.253267546914  150.351833731009
     0.023206759572   19.297033899914   11.277238561958  151.096072445869
     0.023459774927   19.614385678437   11.297389970766  151.719395852244
     0.023718643597   19.906916535854   11.310719886878  152.075742095709
     0.023981920883   20.174034217556   11.315742740619  152.110650455694
     0.024239625735   20.430931618957   11.319578653935  152.128982236454
     0.024492344770   20.707594542555   11.334158958234  152.556383372988
     0.024745063805   20.993177986722   11.356046083174  153.261100048790
     0.024997782840   21.243372267752   11.371636183128  153.791185154045
     0.025007502803   21.252284055167   11.372097169593  153.806196249497
     0.026012952102   21.917672662334   11.347251155047  152.881433036607
     0.027014241725   22.719695864351   11.375299813663  153.802902289699
     0.028037053416   23.672088705554   11.406211270670  154.631597439003
     0.029045159724   24.574670078764   11.435981825523  155.453110747461
     0.030063932640   25.571939843077   11.477574199705  156.736673559174
     0.031082705556   26.525926786670   11.528928318853  158.146101059715
     0.032101478471   27.222107783861   11.548633108027  158.756268476591
     0.033140104625   27.953282566648   11.584514864485  159.815366554158
     0.034163620625   28.547483081042   11.598426324555  160.355728512397
     0.035169370625   29.253562246623   11.640540437782  161.520225252395
     0.036189935987   29.838941392789   11.654884165485  161.912245559687
     0.037192342468   30.502346571929   11.703834303659  163.311885536085
     0.038211052230   31.144869782697   11.740321550701  164.351630817318
     0.039221226670   31.588672579000   11.747663263938  164.647834082193
     0.040239491132   32.051296379550   11.789689854185  165.819321351872
     0.041255970858   32.288008470855   11.795004975149  165.862958938417
     0.042256440307   32.623135985060   11.817375064128  166.511091247064
     0.043266518941   32.827644262199   11.814222790871  166.421111417136
     0.044283427150   33.049263789084   11.827730131242  166.704413967364
     0.045295351263   33.492842457721   11.852542280971  167.535835395628
     0.046312416607   33.716251697516   11.865772909883  167.842011997564
     0.047315121329   33.451672310504   11.849123097735  167.270538809316
     0.048316430144   33.410511246561   11.844126363012  167.099579260695
     0.049321741752   33.758808614558   11.872837304039  167.906899869936
     0.050333388140   34.464773686484   11.926535534059  169.559445460041
     0.051337592437   34.941773006485   11.943361927721  170.036066639060
     0.052342449916   34.919701397697   11.953512829377  170.309406277853
     0.053352969576   34.476549636587   11.944215327480  170.155997726809
     0.054361054191   33.849385334203   11.892882133211  168.623220423883
     0.055370080171   34.423079773604   11.927140136768  169.473193126850
     0.056378989899   35.211401289780   11.987562073225  171.377981721295
     0.057345960397   35.168919773512   11.973647805300  170.824246968325
     0.058362809120   35.673310950807   12.011674632289  171.868448450382
     0.059378018562   35.611597913658   12.003331551110  171.566516750909
     0.059472553468   35.556469112313   11.998388844722  171.419629435376
     0.060481762263   35.414829651467   11.986096943607  171.168426554292
     0.061496102720   36.589923940103   12.070990398987  173.589345381289
     0.062506844871   37.384212927524   12.132234733207  175.478334914287
     0.063512957585   37.686491298370   12.139376437348  175.720450357897
     0.064513566478   37.615995563080   12.152184111477  176.299906334800
     0.065530579621   37.258323078412   12.145119795123  175.908256971948
     0.066550025339   37.431359682281   12.173154392988  176.880941977377
     0.067556895899   37.712666693022   12.189149374691  177.367485042069
     0.068561163054   38.313227002068   12.229353481960  178.472272292653
     0.069567570825   38.470683331684   12.266791753177  179.684288387528
     0.070586753819   38.366064516194   12.254294386300  179.228533495417
     0.071590072265   38.590073351248   12.262286769728  179.604854903655
     0.072602847048   39.621231807747   12.334055734077  181.609608694504
     0.073626393453   40.247878599098   12.392958784376  183.455385166220
     0.074627144151   40.178166485968   12.398553659160  183.789888317230
     0.075639825953   40.204120668234   12.417912386765  184.201044492289
     0.076652575344   40.149143661073   12.423525861340  184.354494083172
     0.077662651463   40.731995516876   12.466157575873  185.749092219999
     0.078672276538   41.367979794141   12.522492112810  187.666498769240
     0.079695496743   41.814139477951   12.559508462738  188.726567621060
     0.080714716016   42.065560796915   12.592796816059  189.785717325931
     0.081718948321   41.985089045686   12.597187346604  189.841316643586
     0.082731381522   41.964250649802   12.611628149558  190.398360504094
     0.083748645428   41.847498243856   12.627113666697  190.963280681525
     0.084774694707   41.917422897813   12.649516925773  191.778734191641
     0.085813353586   42.081815591377   12.671414686301  192.484979483701
     0.086863094243   42.328975769105   12.705341983131  193.484498377042
     0.087872977815   42.333031496850   12.719632658306  193.993710398939
     0.088892776998   42.191721672606   12.730927820964  194.228620017167
     0.089929719491   42.276154762535   12.752690505513  194.997795856691
     0.089978617934   42.279372980198   12.753958692051  195.041649069926
     0.091002077569   42.315156451125   12.778135577134  195.948067487160
     0.092014841760   42.494175085882   12.798762251236  196.468963220634
     0.093026106885   42.554740404510   12.819164968285  197.180862658327
     0.094047156629   42.629267082405   12.844978487537  198.092724023590
     0.095052743389   42.398326031315   12.856421736771  198.551483751080
     0.096053357059   42.125400000953   12.861147141151  198.718307814555
     0.097064922061   42.132407688697   12.873862078644  199.198041559554
     0.098101650555   42.252303120177   12.910987094561  200.385628377309
     0.099117647895   42.112964539801   12.918155492858  200.709733666210
     0.100119344592   42.012322188975   12.931040994123  201.131059750463
     0.101169763783   41.848509230842   12.946655124148  201.551006528579
     0.102209735831   41.654651534024   12.946724871234  201.694203777525
     0.103219194243   41.637838683096   12.969387584521  202.427388136067
     0.104243251560   41.696792244659   12.998831498322  203.324616513619
     0.105258286708   41.850151201631   13.022935746168  204.259618020044
     0.106290760762   41.812696086865   13.052457742043  205.254486941956
     0.107311210946   41.626680618715   13.065160605591  205.729238281183
     0.108320742089   41.521970048399   13.075659863611  206.158811100907
     0.109325563931   41.462331406544   13.094077891566  206.806100273437
     0.110350990191   41.291473419425   13.119341668790  207.413428413886
     0.111353718813   41.174431373604   13.123929710358  207.604655091985
     0.112366108148   41.246516937144   13.155084178830  208.552312504747
     0.113382173597   41.351652926424   13.184496458676  209.597950336068
     0.114395219128   41.426175449724   13.214992525518  210.780893954897
     0.115406774305   41.473651870791   13.237288042171  211.585198701467
     0.116416997334   41.454802833178   13.263005833707  212.345832173897
     0.117431740042   41.263951628286   13.274664760049  212.823131999424
     0.118457668606   41.001442882977   13.282363621209  213.049747325397
     0.119469957605   41.002932716692   13.304462118965  213.886984874713
     0.120498086572   40.945738575451   13.327421262034  214.738315320938
     0.121521589839   40.932436210414   13.351892060391  215.566998683666
     0.122543953100   40.823631751423   13.369184928607  216.181983768802
     0.123581022414   40.730667688594   13.390302811693  216.870043161467
     0.124602515707   40.639593510533   13.398386930403  217.274340486158
     0.125624596298   40.643859610300   13.434103800199  218.362720052024
     0.126638389898   40.497140629549   13.450528401212  218.934697743760
     0.127653031637   40.371251957262   13.464695301011  219.621460341746
     0.128662745444   40.333832970676   13.482336093522  220.357187637059
     0.129665898440   40.362262794768   13.506097620099  221.145434948848
     0.130666587591   40.324559055145   13.532544105031  221.855844325580
     0.131670721722   40.185941096789   13.551336350469  222.442608749717
     0.132686969746   40.036007506824   13.568531513908  223.231913961156
     0.133698058978   40.167108914930   13.595954201173  224.253541175267
     0.134731607063   40.332827458361   13.637229728079  225.554653895671
     0.135744761618   40.147316370055   13.649278781578  226.048385388232
     0.136758364415   40.238443793631   13.682893725746  227.532895943138
     0.137780861682   40.100527368545   13.699274665513  228.201231624576
     0.138792421119   39.832249041829   13.709465143495  228.633961018929
     0.139812293870   39.520105584483   13.712810956882  228.784783257930
     0.140838547729   39.385644426870   13.729140193027  229.428048722040
     0.141846876597   38.998885223868   13.733276010159  229.414345834605
     0.142854188876   38.925707150530   13.740060678901  229.728257986187
     0.143871790265   38.875741636185   13.762836572813  230.449530132270
     0.144878150790   38.752929996781   13.778020699696  230.801211588791
     0.145890218317   38.624432102573   13.794406481632  231.566551890456
     0.146900639228   38.621551462190   13.809796729524  232.412698108606
     0.147925195636   38.564774349643   13.832227658194  233.193178348963
     0.148940198388   38.419811629330   13.851590821284  233.666810072052
     0.149967770825   38.151137043297   13.848556409869  233.698726086497
     0.150975142870   38.183736099742   13.889543629777  235.382715170321
     0.151827183817   38.254790973260   13.910042882862  236.330501564630
     0.152854899752   38.117344609863   13.923016007244  236.777741471284
     0.153856095222   37.923728498495   13.939673318321  237.209038017974
     0.154866662117   37.966809144562   13.967689893974  238.181526920537
     0.155873530750   37.752544567278   13.979946257724  238.685118162820
     0.156885392189   37.719723275802   14.000447793309  239.828456647344
     0.157888802264   37.560952947041   14.015373809542  240.372151633574
     0.158910379489   37.435565690732   14.027755519492  240.724085782863
     0.159919738294   37.242651761535   14.036857961700  240.948267709084
     0.160940246169   37.162087039781   14.062858386645  241.802892009165
     0.161965126470   37.095379635807   14.073971654671  242.785661671134
     0.162974458255   37.016149118729   14.094992817875  243.446288513721
     0.163999808526   37.018065360846   14.124570642408  244.247913347963
     0.165018908871   36.830916992131   14.137722093632  244.973121955303
     0.166035149181   36.854199925435   14.165757731567  246.241372529778
     0.167035671250   36.782413342423   14.183893611193  246.763210162912
     0.168056601723   36.600016192911   14.203637630949  247.147128451492
     0.169060795630   36.671835009001   14.221343217465  248.559232983374
     0.170078903997   36.683808370396   14.247858691537  249.352937678235
     0.171101694088   36.518352023458   14.273588175098  249.977995221598
     0.172124484179   36.513418524412   14.287777655059  251.287650882794
     0.173134326145   36.414615301212   14.305377923885  251.903979077547
     0.174134335911   36.195788456856   14.307232908951  251.920150176514
     0.175138389035   35.975624336093   14.301782407499  251.741683009218
     0.176151074179   35.864542720401   14.318947716030  252.330568339870
     0.177158000355   35.795742833446   14.353093313751  253.302824050373
     0.178178068297   35.472927450893   14.334643337574  253.446200146129
     0.179189948292   35.544693362590   14.362420129603  254.156158285529
     0.180200215325   35.486663768871   14.418913775037  255.495385325226
     0.181218361032   35.488600188285   14.399389888689  256.070968319982
     0.182231092067   35.277849566677   14.412590525827  256.382196708486
     0.183233349643   35.339386989954   14.465761465879  257.819648729252
     0.184246973701   35.303622323226   14.468373187184  258.657488349345
     0.185263720033   35.425866786474   14.528022351582  260.138142889806
     0.186280466364   35.352664983828   14.503020614305  260.446409530384
     0.187298114734   35.556560554143   14.549808879400  261.967093608433
     0.188314861066   35.126607432230   14.565793265166  262.207076595366
     0.189331607397   35.245630986926   14.572609432042  263.257680246262
     0.190346283554   35.319522919331   14.606394392855  264.323909232491
     0.191352509345   34.958975259522   14.604800861554  263.994263729113
     0.192363338631   34.899477696693   14.631752176714  265.234029264708
     0.193377156897   34.757793429636   14.610541936700  265.293603630469
     0.194395854652   34.524080621406   14.639486879523  266.057547796045
     0.195413562254   34.338089074030   14.636247868000  265.913434758538
     0.196431628189   34.312745863097   14.634793299855  265.836040270974
     0.197447127325   34.141038801342   14.681281683334  267.022421669866
     0.198457627939   34.149757815581   14.675405479418  267.911007031971
     0.199459194456   34.073263986585   14.711690422218  268.353748952361
     0.200474490010   34.117978046697   14.708936199913  269.344072721909
     0.201486926401   34.173926922419   14.747865220857  270.328991461904
     0.202495876435   34.002548984854   14.790215682066  271.527575551745
     0.203300542229   34.035723332358   14.775997875161  271.990331386677
     0.204303145697   34.046512812052   14.806947872141  272.665316284040
     0.205309317360   33.859721273381   14.798316544084  272.826062226020
     0.206313774910   33.982790074853   14.828463533508  273.808763875012
     0.207319228213   33.968635288309   14.882086670302  275.476341547189
     0.208324707833   33.754593491146   14.831588855788  275.087869280947
     0.209325440760   33.733582884843   14.875047677820  276.305969235109
     0.210329225604   33.583864637170   14.855835087146  275.241407360124
     0.211344786213   33.716616378684   14.917812212191  277.474403439190
     0.212272987941   33.315606239067   14.866054915220  276.595933108524
     0.212488603551   33.295759735878   14.866106657523  276.600203846493
     0.213074890121   33.490618879376   14.918994658729  278.320163384295
     0.214083924408   33.519217975253   15.038200974120  281.615613687604
     0.215087080961   32.884481111005   14.900601043624  277.216720907145
     0.216104143289   32.487904330243   14.865036364716  275.962497960164
     0.217123138591   32.633687517076   14.927958947400  277.643270289551
     0.218133226618   32.571615759242   14.955562488936  278.590451360413
     0.218248972766   32.566457015367   14.966036629389  278.863263717215
     0.219227411378   32.680537002879   14.953862617402  280.019958897399
     0.220237697732   32.694830031588   15.053063600192  282.204966652424
     0.221247984085   32.572274794414   15.027882111308  281.392286368918
     0.222258270439   32.694946716577   15.056283210753  282.484897928258
     0.223268556793   32.318185896925   15.030809956527  281.347658442057
     0.224278843147   32.518734644299   15.058848696664  282.177481211301
     0.225289129501   32.533704884814   15.074129478787  282.422699122918
     0.226299415855   32.594354002774   15.108478630647  283.972957974473
     0.227304805031   32.266703312378   15.089754673531  283.311731983940
     0.228307429885   32.360831707135   15.118062743416  284.236271597601
     0.229310054740   32.321244222308   15.137905190354  285.900254600595
     0.230312679594   32.774527979537   15.201986211904  288.169452727175
     0.231325246686   32.673386305352   15.212325834775  288.772176272797
     0.232334158321   32.301024240818   15.218608777558  289.821721095343
     0.233343065845   31.680587675960   15.158351476370  286.693194928234
     0.234351973368   31.711949304115   15.149002508181  285.707534331492
     0.235360880892   31.276667342557   15.120590819539  284.742160675689
     0.236372874419   30.972208878285   15.106815876667  284.355404449325
     0.237373405264   30.856884520904   15.107924916223  284.246063941311
     0.238373936110   31.306048500152   15.173903673621  287.855391286521
     0.239374466955   31.409525714893   15.204188038513  288.911726167060
     0.240374997800   31.325469847011   15.210015393014  289.087953905729
     0.241386183890   31.247920838685   15.216514929466  289.167137279890
     0.242391055784   31.280293396720   15.256928581991  290.578108606573
     0.243395927677   31.380921745908   15.305408108271  293.280015715663
     0.244400799570   31.240437170626   15.307510245347  293.403831050059
     0.245405671464   31.097660890248   15.310434446816  293.615426011055
     0.246410543357   30.888648957538   15.301480862878  293.241789834740
     0.247415415250   30.970191182078   15.323865801299  294.034854383047
     0.248420287144   30.827140814081   15.313465333509  293.376283184633
     0.249425159037   30.841178590412   15.328440431114  293.854612401027
     0.250430030930   30.810974165675   15.336949197901  293.924597716728
     0.251434902824   30.956963871742   15.376037235371  295.428672593415
     0.252439774717   30.747524135774   15.365063038746  295.246077758180
     0.253445291002   30.383974163779   15.332831282314  293.790467419349
     0.254450162896   30.671538603549   15.394462546559  297.064274713931
     0.255453606610   30.849902859508   15.433524490157  298.675365071110
     0.255763289227   30.873735881866   15.442755474401  299.040575041459
     0.256314151814   30.726709055033   15.434841057377  298.782785482628
     0.257322735839   30.687947913766   15.473738612676  300.443651082384
     0.258331319864   30.388585828835   15.422275536126  298.587053175657
     0.259285351808   30.456152658613   15.441936181510  298.781756118085
     0.260287802323   30.681999343384   15.493293980107  301.256864619112
     0.261202817482   31.050197135866   15.576910345321  305.273338698230
     0.262205267997   30.436111358142   15.519063223337  302.185329163238
     0.263129944078   30.261355894088   15.483282531113  300.643873576364
     0.264132394593   30.125034160860   15.475172321249  299.799755713483
     0.265134845109   30.529535219861   15.543084235288  303.242767359384
     0.266137295624   30.650676607821   15.572200362680  304.382527612210
     0.267139746139   30.422055559470   15.559295944879  304.039068657781
     0.268144065988   30.666363861092   15.598149676973  305.591381047253
     0.269144736363   30.349497246616   15.589912831089  305.655780428032
     0.270148473224   29.928140814306   15.557551299072  304.773172959933
     0.271152210084   29.796096761017   15.540569141026  303.543028385139
     0.272026546481   29.968521482201   15.565211406103  304.064382669842
     0.272941349070   30.135502682651   15.611840545822  306.289008893303
     0.273862429443   30.277418080272   15.663706458554  309.278500490252
     0.274868584667   30.080283437407   15.647714956945  307.749079347774
     0.275740486271   29.623606875490   15.590035635520  305.596167268675
     0.276742936787   29.523881112303   15.579512655224  304.514423876745
     0.277546089174   29.626976040761   15.595027214542  305.807343906302
     0.278200337111   30.019659352052   15.659219651260  307.937449340872
     0.279051663960   30.464998859469   15.750356326330  313.186333379469
     0.279715390152   30.547581080518   15.801937170316  314.681480220188
     0.280641900246   29.642499615754   15.702654513550  310.609923607820
     0.281457080115   29.217641887822   15.617442951196  306.648478327279
     0.282466883096   29.054573899504   15.592555791936  305.066915024611
     0.283476686077   29.409212854164   15.643815632749  308.441761384833
     0.284486489058   29.265743649088   15.644031116517  308.535711362228
     0.285496292039   29.477970258038   15.691181782724  310.614726357064
     0.286504838729   29.546786646680   15.706820807032  310.559214668635
     0.287022408288   29.580933389464   15.722664880055  311.150669676692
     0.287930425059   29.532537321608   15.755998549317  313.121082589143
     0.288838441830   29.542841734302   15.782853702310  314.982681093649
     0.289746458601   29.365830174610   15.771778665617  314.294135015183
     0.290563025661   29.533759293848   15.798656953037  315.385934417235
     0.290964303268   29.494345878998   15.793014923405  314.973858519458
     0.291350707593   29.479810290220   15.790135654265  314.780819491372
     0.292107567770   29.549674997551   15.823207910847  315.879828481796
     0.292641859080   29.508293519898   15.829962261432  315.981224949888
     0.293626139875   29.414917558771   15.823710671376  316.042220628933
     0.294610420670   29.385041722308   15.803136955889  315.176470312379
     0.295591363887   29.619375132677   15.844560988874  316.489967193795
     0.296234084700   29.532992907885   15.844225964017  316.746880183070
     0.297015493945   29.255715955786   15.829126883557  316.600139029210
     0.297788032629   29.107006577492   15.816733739801  315.718944288923
     0.298696049400   29.305786679735   15.844442795521  316.551361783173
     0.299231047081   29.726218253666   15.912708944215  320.148080071464
     0.299746789028   29.891330039213   15.945793688646  321.290256043207
     0.300661526861   29.776355329532   15.978874004765  322.869103785372
     0.301576264694   29.571030742231   15.935013571458  321.774069195311
     0.302491002528   29.578387480417   15.937622544585  321.262535096757
     0.303437800440   29.613800721371   15.947392119801  321.536912672763
     0.304160071361   29.500379683579   15.942104411669  321.588835094950
     0.305042663662   29.414038717836   15.981152834778  324.015108770300
     0.305735615722   28.775344825649   15.874071912088  318.513708529672
     0.306643632493   28.396507131539   15.819117471945  315.659650785980
     0.307397338052   28.788991457041   15.883370700406  318.609352921235
     0.308198734316   29.085738044375   15.939311113509  320.595776092690
     0.308721518317   29.346894673238   15.991406944696  322.836371559666
     0.309450978245   29.322609978668   16.005148798670  324.831668874373
     0.310208933951   29.882105684749   16.101408610153  328.331987565107
     0.310757220636   29.964448573400   16.109031031720  328.669519487920
     0.311608062695   29.643103816208   16.102075076069  329.511829701929
     0.312378066303   29.016102661765   16.004109154908  324.679771816083
     0.313218822573   28.289999505110   15.927109696313  321.176411751602
     0.313395381389   28.111200721158   15.889094218313  319.046840117244
     0.313955296315   28.025204583168   15.866710941806  318.326696912625
     0.314743113036   28.289493870673   15.914410628340  320.133995741130
     0.315530929758   28.582380028332   15.972572426108  322.994036843889
     0.316318746480   29.047175871048   16.049699114563  326.157214373825
     0.316849585372   29.256235648957   16.085133903378  327.356092450528
     0.317331794926   29.320052390628   16.099665838120  328.089960804972
     0.318052786402   29.225930820522   16.103227609535  328.687071254979
     0.318934831779   28.998633285049   16.086602325910  328.840864213898
     0.319430742173   28.817411029993   16.058144177939  327.142633886553
     0.319861028830   28.734812353414   16.033952894428  325.968890304794
     0.320251958787   28.814884110957   16.051449165760  326.692512442839
     0.320548057617   28.848255513451   16.073682143164  327.517819761166
     0.321348886428   28.577563396279   16.066375694150  327.121445816211
     0.321898613723   28.481995035879   16.066283009015  327.376264848096
     0.322613513487   28.539685980606   16.043621078452  325.834473348283
     0.323140798299   28.839969195387   16.104158746219  328.621029060780
     0.323772364670   29.227568262639   16.170153008003  331.795192140442
     0.324516681304   29.337778765892   16.196683457053  332.722296566107
     0.325260997937   29.296704527990   16.220519752049  335.091800380368
     0.326005314571   28.787318190788   16.163423497710  332.933150098564
     0.326749631204   28.896205688766   16.166992089416  332.217806992895
     0.327493947838   29.071052572619   16.177828537516  331.852033894553
     0.328238264472   28.937959169187   16.169541374046  331.291961439611
     0.328908459492   29.016370181004   16.190147370380  332.255637440172
     0.329718970523   29.075859857341   16.214313879335  333.919541669090
     0.330529481553   28.669956707365   16.172187781706  333.188650239201
     0.331339992584   28.621851227725   16.167767044548  332.511788398592
     0.331932839418   28.563528290361   16.157442811280  331.592764703641
     0.332668333003   28.505108991164   16.157352490585  331.095244399844
     0.333316231216   28.698667786809   16.203214277430  333.831194688112
     0.333809148482   29.062162615071   16.267709628002  337.085306025779
     0.334496613589   29.087681533670   16.270754243541  336.820101193613
     0.335074127453   29.217361877525   16.320603148003  340.039395221424
     0.335665981883   28.754096650723   16.265892808139  337.341334104503
     0.336221685305   28.039165609576   16.176520626648  332.970943052208
     0.336729175878   27.691702387488   16.099945347845  329.038315784332
     0.337291310474   27.453297799564   16.047435761375  326.131207342813
     0.337939886713   27.693910677585   16.091720365500  328.738866266763
     0.338307349379   27.901615258458   16.130826379957  330.108785310398
     0.338624820449   28.049357496696   16.166973795941  331.352412558248
     0.338932652617   28.141344595698   16.195450973282  333.612821715901
     0.339431868568   28.365289310521   16.265808408442  337.460781629948
     0.339947458426   28.271992241945   16.254864151021  336.111545109193
     0.340366942794   27.912661036916   16.210166529233  334.082877505377
     0.341097560310   27.983414576995   16.203362972136  333.817436063013
     0.341690297775   28.012687645795   16.195086992241  332.591288713905
     0.342202031968   28.278687269869   16.230709954624  334.677377389449
     0.342993470064   28.725374166824   16.336228005001  340.713825626539
     0.343898454323   28.330075121167   16.301162186121  339.118179676841
     0.344349927590   28.010428788236   16.238680409318  337.572006297228
     0.344975321903   28.163650555238   16.262032517122  337.969550691384
     0.345516835156   28.179922645316   16.275286267963  336.518214036748
     0.346208177878   28.577185036334   16.360233540416  342.188753671218
     0.346923077642   28.408630501109   16.364678324607  342.294946696646
     0.347349004676   28.253688819603   16.322364644431  339.485300761812
     0.347961915997   28.023216776360   16.271251660873  336.770799871305
     0.348574827317   28.208637203959   16.308373002605  337.791524252911
     0.349187738638   28.419596784964   16.358317441278  341.175136658506
     0.349833284265   28.612181141530   16.396062917360  343.144244426705
     0.350324419731   28.386130325911   16.385975020504  343.273208693997
     0.350986363957   28.218575636925   16.373732591414  342.388607736036
     0.351436142819   28.005565238286   16.314392087220  338.403909378309
     0.352098087046   28.019507315592   16.323304026007  339.786789962692
     0.352442794871   28.140050251564   16.342961308852  340.348962484003
     0.352775299867   28.401889882420   16.383769178005  341.464544936179
     0.353193012765   28.649220433585   16.430214797817  345.072176172167
     0.353645283638   28.932893380640   16.496925307028  348.727016757603
     0.354077391808   28.738989915760   16.511559144949  348.485321468101
     0.354836867730   28.252778606512   16.427776396348  344.678686137239
     0.355307371662   27.726604177533   16.323684471183  339.449528873023
     0.355988384241   27.579979761168   16.277670989841  337.254122702777
     0.356551438706   27.561591699765   16.289223418576  337.319201355110
     0.357213382932   27.757027626270   16.326005121256  339.651701761951
     0.357458302296   27.853704814093   16.344874428393  340.098716042805
     0.358120246522   28.212737460638   16.425725644622  345.307180042665
     0.358782190748   28.472225253370   16.472316971222  347.225174029451
     0.359389465839   28.627792787567   16.492702762237  347.358482776842
     0.359968816406   28.802552185555   16.518292115691  348.495615117648
     0.360416772392   28.503716490815   16.478687589133  346.716703423559
     0.360746985384   28.491421103270   16.479574530120  347.088255608767
     0.361601467299   28.381054615083   16.502080208316  348.765160817677
     0.362455949214   27.811775130516   16.408323319377  345.292707259260
     0.362762114260   27.471350066178   16.356255025380  343.410921868046
     0.363405524048   27.319106143641   16.338979483189  342.190700149054
     0.364048933836   27.465368538234   16.360033144012  341.201999221186
     0.364692343624   27.817772564896   16.416423306699  344.634139342298
     0.365151668706   28.127333526271   16.480731682737  347.254172303303
     0.365676153774   28.043207729342   16.465422044854  345.688864271964
     0.366216763515   28.265816731287   16.501510529166  347.100028110286
     0.366688851224   28.483767804824   16.558910236897  350.378810855269
     0.367042776402   28.573718610803   16.575948849716  351.515132545217
     0.367483301575   28.657294532148   16.581520050604  350.964995879062
     0.367790420287   28.783603679824   16.606697549472  352.403669558451
     0.368448011985   28.621540555598   16.632908567095  354.710977670066
     0.368973953788   27.874664247385   16.518561964872  349.523774646180
     0.369668836358   27.388700106713   16.426027086009  345.965722311247
     0.370363718929   26.679566408740   16.320482743388  339.966603868759
     0.370839310984   26.514130189672   16.279745322572  338.477043844105
     0.371574804569   26.158797229894   16.219654503110  334.881006507742
     0.372090859487   26.362541588457   16.258007193678  336.224001393720
     0.372752803713   26.607612248597   16.296975560781  338.794443004064
     0.373414747939   27.092625089372   16.410426462724  343.730748449470
     0.374076692165   27.354831643825   16.459026133869  346.972200801231
     0.374738636392   27.472874657455   16.485059273098  347.504818488534
     0.375241714003   27.457847805745   16.483147757859  346.679346650690
     0.375722814463   27.553313716927   16.505361871586  347.673922069875
     0.376208603052   27.399858050875   16.486898013639  346.950383795217
     0.376801374107   27.175018139762   16.481719764823  346.526310172276
     0.377316528361   27.097256508170   16.474193995124  345.526656941012
     0.377851651019   27.116219094512   16.485243407068  346.581997832442
     0.378403271208   27.429857421052   16.538922209588  348.883121527856
     0.378757567539   27.623806224825   16.574332777586  349.986708879078
     0.379323969498   28.000216360826   16.665144400976  355.710566600689
     0.380067905499   28.218863448410   16.744203191695  359.671142938944
     0.380634283157   27.519574681261   16.615046046869  353.761290482717
     0.381194331927   26.990237520427   16.517089666030  349.828851150869
     0.381728271211   26.993275518628   16.494252703000  347.526443944045
     0.382253743879   27.178657937565   16.540452862674  348.878449560008
     0.382779216548   27.464756870552   16.607184229701  352.726478848847
     0.383304689216   27.780734126758   16.667022596043  355.202682964008
     0.383830161885   27.783030942561   16.671280723330  355.224724485937
     0.384355634553   27.948211234540   16.698813749506  356.388007725559
     0.384881107222   27.971692410889   16.702338451659  356.100952306064
     0.385400849427   28.004805966213   16.708715073237  356.316622693188
     0.385975066031   27.921929811647   16.707646209409  356.870446142096
     0.386507806035   27.464082375545   16.645239455246  354.474926032178
     0.386927379320   27.382070983104   16.629551263910  353.665489374402
     0.387289812175   27.510409499998   16.636224650479  353.406076191321
     0.387530417165   27.592960758923   16.655809887863  354.310071095606
     0.388214689406   28.168478791498   16.807744847281  362.177491832391
     0.389029488586   27.152572546513   16.671101588825  356.521047778267
     0.389563694771   26.490551728782   16.519245211490  350.653157845219
     0.390107018592   26.226117955578   16.472700560756  348.018812877920
     0.390643193415   26.302732837135   16.467441775488  346.371002006820
     0.391179368238   26.445053671149   16.510365922089  348.476686092888
     0.391715543061   26.873459339669   16.604388928378  352.909821450536
     0.392273664925   27.099879811831   16.643676281801  354.285039751715
     0.392813425819   27.276619577552   16.680562261557  355.966412126902
     0.393266174141   27.422190991915   16.712382904115  357.491397834672
     0.393694809322   27.268328160469   16.683322013111  355.825095494178
     0.394111727867   27.222284484224   16.672233496532  354.958885609730
     0.394368192446   27.315181163578   16.689402982177  355.691787558835
     0.394811925135   27.469614595000   16.729587284446  358.478855016667
     0.394959285701   27.542978967907   16.747010536231  359.322997152232
     0.395484388926   27.965493999165   16.841018228681  364.171817757472
     0.395490251530   27.969300848639   16.842192038566  364.239132001335
     0.396076493986   27.523422814487   16.806729105263  362.874526358685
     0.396535750820   26.657183530206   16.665320289617  356.591440783027
     0.397135641554   25.963071419260   16.509563923547  349.229026636567
     0.397672845595   25.796398854923   16.462940354313  345.796179672653
     0.398240356077   26.144592220618   16.523042600095  348.829872061858
     0.398807866559   26.500417951940   16.600523674814  352.044842846216
     0.399375377041   27.088158174476   16.743207564177  360.117540481918
     0.399942887523   27.303819405991   16.797686535789  363.153995133541
     0.400510398005   27.250576653543   16.793849191449  362.780776817107
     0.401066396364   27.369073191008   16.805091004413  363.126361827304
     0.401633906846   27.297937242324   16.795353020498  362.950122017284
     0.402199779618   27.095760038789   16.779310315129  362.194391997998
     0.402652346362   26.950806058443   16.750493227063  360.129330764428
     0.403163105796   26.660167525943   16.675278831564  355.761306484484
     0.403673865229   26.557553255588   16.653299830741  354.406810810820
     0.404184624663   26.760753445399   16.697415281539  356.561639598882
     0.404694781584   27.037623347941   16.764513567778  360.690214899167
     0.405129810242   27.223344681685   16.790061335776  361.353170862243
     0.405421806184   27.232539909938   16.789333562306  361.006975320538
     0.405849435083   27.425763379300   16.820717177159  362.216412021610
     0.406555800890   27.596428609218   16.888669180497  366.499426695588
     0.407215946460   26.806109219258   16.788159831808  362.405382988766
     0.407780958724   26.140498200424   16.653117382148  357.158382999979
     0.408320288432   25.765470232552   16.579166518794  353.184105627106
     0.408897965579   25.917253973222   16.591754319512  352.201745274614
     0.409466247108   26.195579261570   16.649833644821  354.796557363517
     0.410048234859   26.468288270706   16.732736723903  360.196221759375
     0.410616086168   26.854343412102   16.795877700511  362.575693717572
     0.411188486647   27.049025118328   16.812455856728  362.416483808546
     0.411765320857   27.309240784011   16.857284317263  363.914754842806
     0.412341999663   27.319750085666   16.865924403815  364.598107467020
     0.412852447561   27.070658902846   16.833836077300  363.968038140697
     0.413377920230   26.717924942153   16.780499992582  361.618764416612
     0.413903392898   26.832222867484   16.785942102662  361.122661417893
     0.414428865567   26.941797422720   16.821280560807  362.666513769132
     0.414946271437   27.378083242796   16.921969430805  368.797834686918
     0.415180286466   27.414340299473   16.935218459245  369.506277499044
     0.415320327791   27.408418051230   16.934974083248  369.470398883351
     0.415799044822   27.574385047457   16.963663517670  370.962332473357
     0.415969807075   27.634234002907   16.975471859040  371.440796189768
     0.416531327440   27.819693965573   17.029028636209  373.957808358952
     0.417095096372   27.308230228883   16.952371709924  370.201392656625
     0.417622187038   26.319864219881   16.782314207491  362.240419349158
     0.418183319793   25.905128889650   16.672740969817  356.752869034683
     0.418658408517   25.640537448509   16.616699689923  353.076953167316
     0.419137007176   26.075736391285   16.702073011477  357.690323544989
     0.419446856324   26.255384647570   16.736883798430  359.113036158211
     0.420091197781   26.804501311031   16.858081931843  364.813426384897
     0.420683675920   26.494850150752   16.843612842899  365.418032850798
     0.421209148589   26.235010005896   16.789524413082  362.412406417606
     0.421734621257   25.844024666280   16.685903718802  356.916535451506
     0.422253716533   25.732373603750   16.677033017030  356.100208262938
     0.422754686065   26.033996864839   16.743794000902  359.850059918595
     0.423280158733   26.130009857078   16.757263515394  359.802649466057
     0.423677921269   26.138637058587   16.763106527741  359.815799440407
     0.424125973647   26.540153466249   16.851702441421  364.884770213465
     0.424824367039   26.972525518649   16.965368570054  371.330818189766
     0.425264352133   26.885916495940   16.965119934005  370.536444040497
     0.425733073484   26.392796040589   16.829741867867  363.462947115354
     0.426182830678   26.226318121532   16.782610203100  361.371514518366
     0.426608152432   26.359519167730   16.823943608507  362.876221592631
     0.426939215540   26.523426272039   16.868461703102  365.602891527090
     0.427339675353   26.809375910550   16.918434813615  367.700631452407
     0.427969003174   27.070495959273   16.979166848355  370.523447027522
     0.428598143115   26.948139853445   17.010366917700  373.047931068876
     0.429047481736   26.212166954056   16.853619491251  366.303937961035
     0.429451573992   25.842030355255   16.792056770757  363.786989980487
     0.429852076303   25.823710384318   16.767908114035  361.569083018893
     0.430254386355   25.881427297718   16.765732159659  360.173275249900
     0.430651415408   26.143426899088   16.829748600904  363.646066937989
     0.431038257792   26.470859717884   16.912620687815  368.073709168644
     0.431450440023   26.653236616808   16.963897482942  370.961642641837
     0.431845726923   26.568928286378   16.967722421133  371.546298178887
     0.432229780543   26.499084147672   16.955039036150  370.721013567588
     0.432623885044   26.754115749625   16.980687750701  371.311353241273
     0.433138362615   26.947809137275   16.991560065360  370.499499948975
     0.433292136339   26.987426665617   16.998003956344  370.685116979640
     0.433883573740   27.007641872811   17.025758327166  372.955308303382
     0.434437991165   26.543628966720   16.966125248106  371.646855205894
     0.435012954650   26.448614204385   16.950845638336  370.796726917242
     0.435582436461   26.334157730351   16.923522960184  369.411197170027
     0.436157063606   26.525805077124   16.936499880861  368.839902797188
     0.436731515223   26.850783882620   16.995669575125  371.295132941471
     0.437166085146   27.094824369753   17.065914532217  375.811695882967
     0.437470862668   27.167596466857   17.081454730091  376.870632618216
     0.437626369036   27.212211688478   17.091253860263  377.440476129829
     0.437989296822   27.463736207090   17.142933432533  379.924844763561
     0.438545485670   27.370807172737   17.148266235608  379.840859042807
     0.439241328750   26.607614291560   17.032228926931  373.840199940717
     0.439902912217   25.575868178556   16.815984391635  364.765308770372
     0.440446090606   25.413926968669   16.784621592679  363.121714032089
     0.440971563274   25.327880006630   16.755581545567  361.050198510994
     0.441497035943   25.405522909582   16.771291224046  360.728501563708
     0.442022508611   25.740809963628   16.856257128293  365.068129217523
     0.442547981279   26.066782271571   16.934063406665  369.831843415415
     0.442986404830   26.342941457743   16.980307727724  371.404621584289
     0.443433217183   26.548986843790   17.013724751722  372.887743334237
     0.443877448638   26.420179620726   16.998375442190  372.409653506083
     0.444315829907   26.163895467709   16.950335115928  369.683971505489
     0.444754132357   26.367122148525   16.977971914975  370.207866225356
     0.445211076517   26.482510835556   17.012947493417  371.960309956296
     0.445650990241   26.159353004341   16.979912953613  371.655063093273
     0.446010744287   25.952760431841   16.963999550999  371.669388591034
     0.446312129607   25.832791232160   16.938988874091  370.270546585492
     0.446779938246   25.919800264770   16.932528529495  369.017763509496
     0.447247654334   26.127622323751   16.959716783348  369.219182521408
     0.447657494048   26.268347187895   16.998851430157  370.859608226028
     0.448056456039   26.229989536466   16.987605895861  370.630316496402
     0.448458679277   26.117420993128   16.970137973020  369.956571831181
     0.448852508791   26.156684240705   16.972801235766  369.853913262344
     0.449164098662   26.307227264723   17.009730387858  372.082672522058
     0.449590706176   26.826428206361   17.106176586443  376.803663991554
     0.450056109673   27.107495601501   17.175022584217  380.654627782495
     0.450483820068   26.666235881355   17.130836174640  379.560292878786
     0.450935833158   26.329396991310   17.054699149336  374.728129812676
     0.451372753624   26.045906087546   16.973221093874  370.052834315109
     0.451760554622   26.056572046373   16.968188090541  369.735822381017
     0.452058906408   26.204866231287   17.007856860644  372.089625016640
     0.452305182634   26.346528558213   17.045948262643  374.604445228739
     0.452677403193   26.627487030596   17.112190523565  378.139584499082
     0.453132636360   26.655630024610   17.149673212689  380.648060052134
     0.453665703071   26.368915364387   17.125407895979  379.237901739100
     0.454065761938   25.821883695680   17.019008284582  373.581915464926
     0.454531922024   25.041916347046   16.838932312271  365.047980223387
     0.455023976741   24.821088543382   16.774403759082  361.537737762656
     0.455510525508   25.069200893221   16.830007307506  363.696417341159
     0.455997074275   25.370301101867   16.887749069871  366.194206244238
     0.456470558306   25.809090397627   16.997573066751  372.321015479605
     0.456957107074   26.107273749318   17.082401555207  377.199915561199
     0.457326968633   26.147687018855   17.101566519658  378.195304853140
     0.457773834092   26.160365498460   17.094283770058  376.913729330771
     0.458228064858   26.017852263155   17.044602069681  374.003969481049
     0.458640083845   26.065605085126   17.078136621966  376.217101180541
     0.459101682677   25.791107048268   17.013734614757  372.226725830348
     0.459566796226   25.420002836579   16.937828119017  368.506214421251
     0.459985108342   25.623607089200   16.968309892618  369.919776265012
     0.460306270327   25.785783594168   17.010278774185  372.668883849171
     0.460717950968   26.089721671880   17.076597010916  376.182447444118
     0.461178561313   26.262014180053   17.117043708273  378.124833335000
     0.461570763336   26.094576733161   17.091008116169  376.657626521331
     0.461883267884   26.152901780133   17.095674190597  376.509778315524
     0.462059738489   26.234505150402   17.100259090786  376.355369143391
     0.462398994123   26.478364644497   17.133058575472  378.142565958800
     0.462562226763   26.675403191877   17.172507602281  380.723018046000
     0.462842680834   26.989425573030   17.245123728146  384.789967447471
     0.463006764259   27.085875963440   17.271414482874  385.803749544128
     0.463482745965   27.246689678598   17.341206656853  389.192313462414
     0.463975483113   26.778843324893   17.278175052336  386.559016149110
     0.464077746488   26.545626253194   17.241036222502  384.857939631119
     0.464410178141   25.812087049263   17.117715755633  378.971075295191
     0.464851800329   25.131998199532   16.942279799740  370.040297867842
     0.465315866843   24.457787341105   16.787317622173  362.100763555129
     0.465788792245   24.540546886038   16.800019877923  361.986901061681
     0.466252090108   24.709207928128   16.841044946174  364.364721460723
     0.466738638875   25.079825018147   16.922218466721  368.044814047566
     0.467225187642   25.259349738758   16.968025368010  370.035646005498
     0.467711736409   25.475068813806   17.019705395337  372.956249443093
     0.468198285176   25.913038599433   17.128927756233  379.443162995322
     0.468684833943   25.889444672441   17.138154403204  380.184546788539
     0.469171382710   25.582145018453   17.082601353727  377.548046351898
     0.469657931477   25.545624129010   17.067566403518  376.677335780515
     0.470144480245   25.602754350617   17.080660885500  377.668695293241
     0.470631029012   25.631975222551   17.090596471673  377.859511095025
     0.471117577779   25.699520173104   17.094665476395  377.621969335999
     0.471604126546   25.788184386794   17.105727954474  377.749661948307
     0.472075169135   25.990421360477   17.150772353776  380.160500663029
     0.472530262168   25.807915852286   17.130497589869  379.761842480268
     0.472988966679   25.712243275595   17.117690583439  379.253000332173
     0.473387369267   25.701471040709   17.095194837313  377.013360473910
     0.473762543890   25.840898883897   17.110853626426  376.903490300906
     0.474253039682   26.280580612629   17.217442061528  383.235860974334
     0.474677466020   26.311709334594   17.257221127382  385.574450570582
     0.475065299426   26.190410972351   17.227322016263  383.483971933666
     0.475433936553   25.841297226397   17.136878495456  379.146270806679
     0.475712391454   25.759265629842   17.112979192395  377.598305842530
     0.475980505838   25.876717283635   17.129024194360  377.676534510610
     0.476222841264   26.042489981137   17.162490660317  379.341487126026
     0.476382040884   26.168208812538   17.189311355332  380.986042634570
     0.476569400166   26.301194957643   17.217677935879  382.588909153943
     0.477096496317   26.641395556279   17.294708802720  386.332390028720
     0.477678014849   26.666630461763   17.363144661356  390.828365753104
     0.478145727971   25.770719096871   17.207025810651  383.508913482154
     0.478631911971   24.817655374553   16.991680643342  373.888153345440
     0.479128370141   24.652350677475   16.941637544275  370.850064114358
     0.479624828310   24.641497044966   16.926531872481  368.477680111069
     0.480121286480   25.010528054782   17.022550575662  374.491113496228
     0.480617744650   25.230479699053   17.074095864410  376.802155671140
     0.480756870193   25.250447327152   17.074861325535  376.624989519890
     0.481132505304   25.425239080109   17.099664688569  377.326921719048
     0.481510845625   25.838830105638   17.172261726354  380.439432323342
     0.481999683583   25.838447771442   17.175648768409  380.379512868051
     0.482454095510   25.742432893454   17.167008045918  379.791043561163
     0.482964854944   25.764789551526   17.170932492479  379.572397536238
     0.483475614377   25.500041137344   17.118348788788  377.555576870846
     0.483981942898   25.477238489071   17.121867331555  377.850443941660
     0.484391450269   25.802132766099   17.195332544309  382.726555855143
     0.484899580762   26.120702331386   17.267383522141  386.319247253827
     0.485370723938   26.047713551958   17.282017753185  387.938098949543
     0.485796180024   25.927452008507   17.281627140506  387.114309734934
     0.486233894643   25.670837027219   17.194262490629  381.834814820056
     0.486675402931   25.335467979762   17.109555848795  377.142214677356
     0.487055154252   25.545623937462   17.153596614294  379.533385861972
     0.487278386098   25.734983702063   17.189553884959  381.555597686688
     0.487463848794   25.833587697215   17.205321852743  382.138222933537
     0.487754062134   26.049310249251   17.239084149839  383.151908581737
     0.488121541078   26.310271373759   17.292671933315  385.603894328607
     0.488669221278   26.482234255017   17.365181312004  390.040002960266
     0.489043674963   26.396686054560   17.402864003364  392.872125475275
     0.489449404462   25.477901507332   17.230805772520  385.023451096302
     0.489908446585   24.565396554316   17.012767069804  374.165189209481
     0.490367390298   24.344720165647   16.940647702944  369.543549047529
     0.490826239335   24.453699812769   16.966234463236  370.552198055157
     0.491285036323   24.769758013555   17.040809030254  374.423963061423
     0.491743705322   24.894293177705   17.070881592633  375.301675284178
     0.492073149617   25.048805699069   17.112490999396  377.775098182683
     0.492369054905   25.457178254981   17.199018670104  382.712872191204
     0.492642839500   25.709083462776   17.248846559143  385.142473642288
     0.493033059494   25.964945302206   17.280704697644  385.848011072125
     0.493421965985   26.253562705199   17.336693621977  388.235512452442
     0.493807347770   26.274281532841   17.375678577650  391.042620682857
     0.494182906027   25.939390570992   17.349408677490  390.459842634507
     0.494583626540   25.172687548556   17.171566289207  381.098822699603
     0.494877614108   24.951478542735   17.109367773713  377.829456594115
     0.495246944259   24.972070220252   17.096608963138  376.510084977512
     0.495704911217   25.373506794752   17.189667357804  381.836512254460
     0.496072308680   25.555154577110   17.232587994905  384.024593427334
     0.496582939239   25.582576687660   17.244682541836  384.510143263756
     0.497065855776   25.936788801231   17.306680066421  387.932077502171
     0.497398456703   25.909606865770   17.323747505750  389.079663177533
     0.497543448537   25.911845105357   17.335849295570  389.982149135761
     0.497888211155   25.838419475147   17.335798326723  390.505565613887
     0.498277804108   25.440589838609   17.261058125057  386.552814892146
     0.498653577885   25.407387062016   17.247956303120  384.813519254336
     0.499047682386   25.228577665175   17.192604775347  381.567170725077
     0.499412857711   25.369361205209   17.210134606962  382.432431957484
     0.499728422084   25.669999160954   17.251537399326  383.821178868995
     0.500000491169   25.950709957709   17.308059863894  387.083470689719
