# {0} signal over time, extracted at r = 500 km
# All quantities are measured in a resting observer's frame at infinity
# cols=4 rows=1087
#              time        luminosity               <e>             <e^2>
#               "s"           "foe/s"           "MeV^1"           "MeV^2"
    -0.187296800690  1.8321200869e-11    5.644051933169   34.729419525247
    -0.186296321787    0.025751740797    3.645382807377   15.138239664816
    -0.185285468427    0.094685481157    3.899409659769   17.315864824154
    -0.184277816079    0.125048978832    3.933661992796   17.630318595724
    -0.183253303683    0.132156471879    3.936241007115   17.663844314782
    -0.182224890708    0.134837333038    3.941439125383   17.724398304530
    -0.181200940117    0.135705996141    3.946606141494   17.789234095076
    -0.180199517684    0.137001273244    3.947640390983   17.819451339897
    -0.179173622567    0.137952135357    3.949505558923   17.858305286691
    -0.178147727449    0.138763998338    3.955094599967   17.923548749263
    -0.177075145566    0.139925032019    3.961713291148   17.994721334534
    -0.176048850230    0.141123815432    3.968529449300   18.066952073935
    -0.175041526569    0.142294291713    3.975257118000   18.141186910898
    -0.174038772633    0.143467050719    3.981757323920   18.216698799629
    -0.173033538533    0.144650431065    3.984679671430   18.272873792977
    -0.171954934803    0.146017254617    3.991437608543   18.351253317147
    -0.170954283483    0.147130133776    3.998454612624   18.435837512809
    -0.169952461823    0.146787837775    3.732455325738   17.117617961948
    -0.168952172730    0.149045348343    3.682332612422   16.903615200464
    -0.167940906115    0.151743473807    3.783604399521   17.470076571322
    -0.166921969363    0.153837242969    3.768260845892   17.433546357020
    -0.165913350973    0.155299308213    3.900197182372   18.159211382022
    -0.164886128601    0.157235853427    4.053585361446   19.000264324920
    -0.163858906228    0.159758905721    4.073821936303   19.150520931460
    -0.162807654782    0.162491618274    4.076883609735   19.212972307389
    -0.161756154933    0.165267037954    4.094396464629   19.351660305439
    -0.160704655084    0.168078644278    4.136332311508   19.616849278537
    -0.159653155235    0.171151245996    4.148959491224   19.729988181925
    -0.158651955356    0.174196160850    4.157620631922   19.821817636231
    -0.157611955356    0.177468763337    4.167062229246   19.921711425972
    -0.156571955356    0.180859395364    4.177064462114   20.026940658870
    -0.155531955356    0.184356400662    4.188715137437   20.143361302474
    -0.154491955356    0.187949589829    4.201545274299   20.268383722936
    -0.153451955356    0.191699477433    4.214936817481   20.398329419067
    -0.152411955356    0.195600394406    4.228769732727   20.531508701180
    -0.151371955356    0.199580365490    4.242491997817   20.663856593310
    -0.150331955356    0.203754653547    4.255203296141   20.789017241246
    -0.149291955356    0.207976571415    4.267938980472   20.916282843184
    -0.148971955356    0.209271265812    4.271851501718   20.955740402248
    -0.147952636250    0.213416836333    4.284653425346   21.084916495813
    -0.146950888277    0.217460264688    4.290780715317   21.178560019443
    -0.145946149168    0.221529488388    4.282125342546   21.193772130738
    -0.144900091062    0.226045810956    4.283103637403   21.264172840482
    -0.143835626285    0.230836411822    4.289300594656   21.364224121285
    -0.142795626285    0.235751019053    4.320236683562   21.599101624923
    -0.141755626285    0.240688881050    4.350128949442   21.828799999656
    -0.140715626285    0.245838265175    4.377365909917   22.042916534770
    -0.139675626285    0.251195058034    4.399144648585   22.227684724355
    -0.138635626285    0.256722015944    4.413218756144   22.371232458146
    -0.137595626285    0.262360272561    4.424854171967   22.502846087088
    -0.136555626285    0.268062589670    4.439242743646   22.651360948758
    -0.135515626285    0.273825825138    4.455601707314   22.811956094968
    -0.134475626285    0.279681283719    4.470828798983   22.967697552287
    -0.133435626285    0.285838404399    4.485891160613   23.124257808142
    -0.132395626285    0.292481175135    4.501526715682   23.287469328313
    -0.131355626285    0.299410226596    4.517891451342   23.457868120266
    -0.130315626285    0.306501931518    4.534735822852   23.632815089713
    -0.129275626285    0.313729597151    4.552121766885   23.812935004239
    -0.128235626285    0.321100621180    4.570012981379   23.997923106669
    -0.127195626285    0.328608030820    4.588027247532   24.184453052277
    -0.126155626285    0.336266296289    4.605983015337   24.370734500271
    -0.125115626285    0.344193404968    4.623427645498   24.552688647361
    -0.124075626285    0.352333120987    4.640203817809   24.729210050514
    -0.123035626285    0.360597810032    4.656918473969   24.906049189150
    -0.121995626285    0.368996056729    4.673885570803   25.086057190567
    -0.120955626285    0.377536789799    4.691234755422   25.270622627917
    -0.119915626285    0.386246826641    4.708893549597   25.458965039243
    -0.118875626285    0.395177061302    4.726401840013   25.646692116256
    -0.118315626285    0.400093504984    4.735619357361   25.745988366820
    -0.117275626285    0.409339062879    4.752811115485   25.931323694082
    -0.116235626285    0.418733704602    4.770306592268   26.119923774466
    -0.115195630239    0.428250238143    4.788252337300   26.313231718885
    -0.114155630239    0.437899384425    4.806507242266   26.509569060778
    -0.113115630239    0.447725463679    4.824861592724   26.707099630753
    -0.112075630239    0.457810932101    4.843328062734   26.906710379452
    -0.111035630239    0.468354238100    4.861690019512   27.106597806423
    -0.109995630239    0.479355468343    4.880136316591   27.308655374540
    -0.108955630239    0.490782930163    4.898783040467   27.514022365428
    -0.107915630239    0.502587134635    4.917800274716   27.724074840300
    -0.106875630239    0.514720527747    4.937465600868   27.941535713224
    -0.105835630239    0.527186793122    4.957572245123   28.164462970213
    -0.104795630239    0.540206813035    4.977131295598   28.382847246647
    -0.103755630239    0.553652272709    4.996712418613   28.602323051207
    -0.102715630239    0.567484961013    5.016320054866   28.824052390256
    -0.101675630239    0.581648551814    5.035554631655   29.045733788869
    -0.100635630239    0.596116984154    5.056216117609   29.278379934268
    -0.099595630239    0.611183625494    5.076835532072   29.510994243999
    -0.098555630239    0.626705484525    5.098729540964   29.750811764379
    -0.097515630239    0.642608036098    5.119876556503   29.987065943343
    -0.096475630239    0.658786328138    5.139729556348   30.216145249271
    -0.095435630239    0.675372562315    5.159975251570   30.449124339326
    -0.094395630239    0.692397888527    5.181083927205   30.689521077462
    -0.093355630239    0.710063007800    5.201819586479   30.927719989168
    -0.092315630239    0.728389862939    5.222095365198   31.162342763409
    -0.091355630239    0.745722543455    5.241049679017   31.382072928386
    -0.090315630239    0.764978133938    5.262037251940   31.625310409205
    -0.089275630239    0.784772654758    5.283494228818   31.874068722567
    -0.088235630239    0.805285137088    5.304633999844   32.120076266758
    -0.087195630239    0.826519243732    5.325176432667   32.360357006479
    -0.086155630239    0.848218023350    5.345752248809   32.601675478902
    -0.085115630239    0.870361652312    5.366556369649   32.845777050835
    -0.084075630239    0.893042292798    5.387690994119   33.093781188177
    -0.083035630239    0.916465520602    5.409144652514   33.346054268947
    -0.081995630239    0.940873126608    5.430103158034   33.593870865450
    -0.080955630239    0.966075365889    5.450643794788   33.838644303662
    -0.079876625314    0.992997180299    5.465182766882   34.048447392352
    -0.078837083720    1.020125581551    5.475549893712   34.230323463995
    -0.077797083720    1.049090752627    5.501984749614   34.524568447880
    -0.076757083720    1.079964555199    5.527631034795   34.816651860013
    -0.075717083720    1.112450927434    5.558758445751   35.153657331770
    -0.074677083720    1.146307537510    5.588913855116   35.491408276594
    -0.073637083720    1.181420298609    5.615204800194   35.807476164265
    -0.072597083720    1.218078353867    5.639361579251   36.107611030093
    -0.071557083720    1.256232703562    5.664309197283   36.412839800587
    -0.071237083720    1.268307673151    5.672130386230   36.508124829917
    -0.070197083720    1.308700031212    5.697681289999   36.821628823752
    -0.069157083720    1.350762835475    5.723404685355   37.139131539356
    -0.068117083720    1.394727902922    5.748556130107   37.451577330331
    -0.067077083720    1.440225369604    5.774017296485   37.768598985075
    -0.066037083720    1.487363842544    5.800117912358   38.093866411531
    -0.064997083720    1.536370773883    5.826546890362   38.424189614872
    -0.063957083720    1.587491830190    5.852453191253   38.749955301225
    -0.062917083720    1.640682303031    5.878570645144   39.079152658645
    -0.061877083720    1.695833456787    5.904842558828   39.412709051652
    -0.060842298514    1.752895118197    5.924162302155   39.696762420038
    -0.059840665707    1.810001420363    5.939708874481   39.945406467774
    -0.058826134977    1.869594993892    5.957467636633   40.213058038735
    -0.057786134977    1.932675221889    5.982639946648   40.541516454826
    -0.057146134977    1.972663140157    6.001053089048   40.764064284362
    -0.056106134977    2.039568094360    6.036648793645   41.169574892357
    -0.055066134977    2.109138537284    6.069593065948   41.561964593429
    -0.054026134977    2.182288288018    6.103020763000   41.961425219137
    -0.052986134977    2.260245557422    6.132387051362   42.331571099531
    -0.051946134977    2.342824414523    6.159710583848   42.692866029754
    -0.050906134977    2.429551862766    6.187304349951   43.062255463481
    -0.049866134977    2.521278817409    6.216366907631   43.446948637662
    -0.048826134977    2.617974202263    6.246883281505   43.853000436862
    -0.047786134977    2.719115087877    6.277839827281   44.269199856980
    -0.046746134977    2.825547844791    6.308884790060   44.689837185754
    -0.045706134977    2.938091445720    6.340401750593   45.119548927854
    -0.044666134977    3.057340433671    6.371828171582   45.551703496987
    -0.043626134977    3.183121647531    6.404325246407   46.000993817850
    -0.042586134977    3.317218781668    6.437686753458   46.465529161938
    -0.041546134977    3.460128367336    6.470499505185   46.934640941298
    -0.040518209652    3.609747035393    6.497747356788   47.367197247668
    -0.039475913397    3.771772946746    6.521860200475   47.786066200116
    -0.038435913397    3.944710497621    6.565190353267   48.366393947404
    -0.037428733801    4.122552588581    6.567567649814   48.622854474883
    -0.037027393383    4.185351335091    6.332597512505   46.858576651922
    -0.035979919383    4.396582370292    6.340702730702   47.173297307862
    -0.034939919383    4.618353995120    6.418473429333   48.046522825427
    -0.033899919383    4.852864344959    6.454314869039   48.589321766756
    -0.032859919383    5.098901239950    6.664015248042   50.550216214220
    -0.031819919383    5.363323793294    6.799191342157   51.931554171048
    -0.030779919383    5.651580692760    6.851947603803   52.655589466966
    -0.030299919383    5.793382063957    6.872694941576   52.961537048793
    -0.029259919383    6.119383106700    6.926277405100   53.701993677989
    -0.028219919383    6.473902108493    6.984948694847   54.494788792894
    -0.027179919383    6.862442405985    7.034206587642   55.221405125600
    -0.026139936297    7.288799027709    7.080811798989   55.936528693751
    -0.025099936297    7.759031999357    7.127817971865   56.666257208456
    -0.025019936297    7.797093699990    7.131520725430   56.723889647605
    -0.023979936297    8.320109729868    7.180633815009   57.489802391670
    -0.022939936297    8.902142359778    7.231511009687   58.284964845690
    -0.021899936297    9.553057350554    7.284268526056   59.114381960458
    -0.020859936297   10.282716603603    7.337665847282   59.962897210011
    -0.020699936297   10.402935005380    7.345964169045   60.095831004673
    -0.019659936297   11.241429188608    7.400906028587   60.981397057382
    -0.018620981448   12.189239465007    7.455728150054   61.886164535685
    -0.017580981448   13.265741923057    7.513793853963   62.837393850798
    -0.017340981448   13.533716691215    7.527108305201   63.058186012653
    -0.016300981448   14.789528229177    7.586421266394   64.035814896354
    -0.015260981448   16.229310233572    7.645891925958   65.026057204331
    -0.014700981448   17.094096168467    7.677371033402   65.556408862809
    -0.013634765768   18.919442326300    7.484972167324   64.274439914221
    -0.012634108032   20.983824604186    7.608852322684   65.831139876780
    -0.011634108032   23.354187730527    7.665115706264   66.779514732404
    -0.010854108032   25.473655149195    7.723185133750   67.647362723685
  -9.8191080317e-03   28.736234496074    7.854217269285   69.293838014800
  -9.4141080317e-03   30.177918911465    7.900726151457   69.892051496432
  -8.3791080317e-03   34.389007003826    7.961791403723   70.860134777054
  -8.1991080317e-03   35.208562474400    7.967819237076   70.981697009092
  -7.2091080317e-03   40.256719316579    7.992539722182   71.541231467843
  -6.3653656214e-03   45.505901943922    8.006726693700   71.908252796945
  -5.6313031214e-03   50.981376399233    8.012995716502   72.146388979996
  -4.9731781214e-03   56.627686057371    8.015865549758   72.335911239069
  -4.4100144040e-03   61.975518101330    8.019950975650   72.536123120440
  -3.8974362790e-03   67.192692315404    8.030024876814   72.832644329861
  -3.4702878415e-03   71.706045929845    8.045728140417   73.208226986623
  -3.0716159665e-03   75.975065485892    8.067847716296   73.691406697347
  -2.7298972165e-03   79.610818331736    8.093308637702   74.223857849714
  -2.4166550290e-03   82.886619691879    8.122812603933   74.822434873044
  -2.1496872556e-03   85.607961606551    8.152264040665   75.411282942001
  -1.9067465818e-03   88.012052411775    8.182398421535   76.009292075028
  -1.6965094602e-03   90.013010665741    8.211145800671   76.576524822256
  -1.5051336118e-03   91.749594042082    8.239437770978   77.133147964834
  -1.3413288602e-03   93.162466789267    8.265155230446   77.638510304000
  -1.1953642301e-03   94.361038059764    8.289188834061   78.110504549549
  -1.0644826117e-03   95.380694984788    8.311582776804   78.550213185375
  -9.4734599606e-04   96.242308255277    8.332296896661   78.956838421036
  -8.4755476936e-04   96.932466008606    8.350453729932   79.313163369135
  -7.5497962200e-04   97.532717624567    8.367706070044   79.651707636592
  -6.7531021535e-04   98.016061524329    8.382840214678   79.948744258750
  -6.0456134242e-04   98.418849935486    8.396510502261   80.217105289342
  -5.4427095121e-04   98.741630529031    8.408322786556   80.449040140532
  -4.8920469976e-04   99.019221420489    8.419234787408   80.663333063787
  -4.8561342249e-04   99.036735880608    8.419950499748   80.677389301068
  -4.7642427052e-04   99.080975334292    8.421773217873   80.713191963312
  -4.6617219019e-04   99.129756840743    8.423810838399   80.753216032133
  -4.4935313726e-04   99.208457509403    8.427163001513   80.819061442862
  -4.2734316985e-04   99.308960834000    8.431567095952   80.905570017592
  -3.9144256501e-04   99.466767526251    8.438791802477   81.047484012756
  -3.6929716636e-04   99.560223052733    8.443272775728   81.135503977279
  -3.5399146378e-04   99.623018386310    8.446380256884   81.196544894818
  -3.4895151971e-04   99.643367943583    8.447405360750   81.216681330590
  -3.3362771822e-04   99.704228843735    8.450527750362   81.278015715501
  -3.1789437770e-04   99.765112287137    8.453742363041   81.341162121433
  -3.0228064183e-04   99.823902499535    8.456941308127   81.404001165121
  -2.8745831063e-04   99.878190788771    8.459986217039   81.463814693280
  -2.7535167430e-04   99.921421147018    8.462479138256   81.512785291346
  -2.7384218565e-04   99.926740644383    8.462790345525   81.518898611434
  -2.6338252192e-04   99.963168017530    8.464948991107   81.561302888586
  -2.5318233442e-04   99.997959376612    8.467057952300   81.602731264550
  -2.4314971018e-04  100.031468265957    8.469136009752   81.643552654567
  -2.3321792718e-04  100.063940119364    8.471196815653   81.684035249025
  -2.2390662516e-04  100.093746260913    8.473132197559   81.722054082062
  -2.1351564024e-04  100.126274449379    8.475295801325   81.764556218883
  -2.0313146484e-04  100.158001717057    8.477461998414   81.807109403131
  -1.9300139313e-04  100.188195526500    8.479579062003   81.848697505403
  -1.8358106304e-04  100.215597522847    8.481551225695   81.887439263058
  -1.7319913734e-04  100.245034876499    8.483728542555   81.930211231165
  -1.6233418631e-04  100.274979596658    8.486011444628   81.975057506171
  -1.4929022973e-04  100.309753600664    8.488758000305   82.029012201087
  -1.3678222591e-04  100.341883124869    8.491397637799   82.080866775725
  -1.2414343051e-04  100.373127175472    8.494070744325   82.133379083222
  -1.1239128266e-04  100.401067740318    8.496561584024   82.182311049573
  -1.0174883850e-04  100.425437773064    8.498821573800   82.226708224512
  -9.2083532885e-05  100.446796547651    8.500877629368   82.267099308096
  -8.3474209567e-05  100.465197342056    8.502711892322   82.303133422155
  -7.5508718899e-05  100.481694976712    8.504411380010   82.336519977102
  -6.7848325651e-05  100.497079803124    8.506047911186   82.368669844229
  -6.1119773855e-05  100.510202677020    8.507487113121   82.396943222268
  -5.5133058459e-05  100.521570115731    8.508768994015   82.422126057058
  -5.0525415645e-05  100.530120119459    8.509756449103   82.441524868063
  -4.4137858449e-05  100.541686098724    8.511126606595   82.468442013654
  -3.8440505068e-05  100.551720164794    8.512349929513   82.492474597236
  -3.3436498796e-05  100.560312845270    8.513425317658   82.513600989515
  -2.8124369247e-05  100.569208266411    8.514567885128   82.536047180088
  -2.2976233063e-05  100.577606046713    8.515676123961   82.557819005314
  -1.7604248291e-05  100.586133975750    8.516833530866   82.580556796194
  -1.2615086551e-05  100.593838789985    8.517909361749   82.601692020388
  -7.6010902029e-06  100.601372152677    8.518991414050   82.622949500688
  -2.9673469311e-06  100.608146725774    8.519992177120   82.642610041199
   1.3157342494e-06  100.614247988576    8.520917861159   82.660795639219
   5.6790121953e-06  100.620304299996    8.521861521166   82.679334412633
   1.0309433267e-05  100.626555252607    8.522863671503   82.699022293398
   1.4624211487e-05  100.632216603070    8.523798176462   82.717381263664
   1.5106609052e-05  100.632839724993    8.523902694699   82.719434595561
   2.2879378342e-05  100.805302044033    8.525490886287   82.750774853066
   3.6626113616e-05  100.816784889245    8.528422457135   82.808423315100
   5.4600835248e-05  100.830549514069    8.532285254501   82.884360323654
   7.1412632673e-05  100.841854961659    8.535928329705   82.955955489860
   8.7784557849e-05  100.851090830608    8.539502587269   83.026180624305
   1.0404244528e-04  100.858235536546    8.543075342394   83.096362931231
   1.2034937188e-04  100.863109966639    8.546679203104   83.167147110149
   1.3766487897e-04  100.865526815834    8.550524463270   83.242667135336
   1.5453159767e-04  100.864958086087    8.554284634905   83.316514589970
   1.7160302937e-04  100.861302702396    8.558101517369   83.391477717522
   1.8837594055e-04  100.854603820538    8.561859537291   83.465289051194
   2.0571212010e-04  100.844387749284    8.565749382237   83.541695622630
   2.2341160121e-04  100.830481843514    8.569724647020   83.619787241637
   2.4118097809e-04  100.812990044564    8.573718111187   83.698243744796
   2.5982492849e-04  100.790856470746    8.577909960584   83.780605076372
   2.7814924541e-04  100.765366869869    8.582031414830   83.861589455928
   2.9849904431e-04  100.732772573442    8.586610365057   83.951568848176
   3.1949810963e-04  100.694475242481    8.591338241627   84.044478698610
   3.3988764455e-04  100.652820366514    8.595932645120   84.134767530346
   3.6149088829e-04  100.603936339591    8.600805863081   84.230535978541
   3.8447558359e-04  100.546605672740    8.605998207594   84.332575027192
   4.0915859731e-04  100.478952534402    8.611584446341   84.442353196912
   4.3215942057e-04  100.410227693435    8.616800751749   84.544860441576
   4.5774955565e-04  100.327262921141    8.622617578263   84.659168803131
   4.8533382084e-04  100.230041344621    8.628903691336   84.782702114986
   5.1504839105e-04  100.116066818112    8.635693650778   84.916144390741
   5.4318054097e-04   99.999101971920    8.642139030469   85.042826031460
   5.7486406166e-04   99.856508562438    8.649416626460   85.185882265719
   6.0869711365e-04   99.691160104972    8.657208194413   85.339066071839
   6.4491183918e-04   99.498744228163    8.665570139729   85.503493268203
   6.8360258084e-04   99.275015434841    8.674528132191   85.679673023428
   7.2460016671e-04   99.016880306473    8.684048009794   85.866932832775
   7.6619209629e-04   98.732243907404    8.693736686468   86.057532195978
   8.0857656500e-04   98.417994440131    8.703644090343   86.252439750499
   8.5439317353e-04   98.050186611541    8.714395021811   86.463931625147
   9.0833408890e-04   97.578934167054    8.727109997205   86.714030128654
   9.5922007136e-04   97.095905150117    8.739163226263   86.951079584755
   1.0209776621e-03   96.458870915685    8.753862757736   87.240148375716
   1.0403770324e-03   96.247184400664    8.758494266295   87.331227081087
   1.1095736276e-03   95.447055777924    8.775061333630   87.657034298259
   1.1831914260e-03   94.518255339506    8.792752875566   88.004986130182
   1.2710030278e-03   93.304809750136    8.813916553601   88.421220031942
   1.3682520472e-03   91.823548054012    8.837385944103   88.882765182437
   1.4790078121e-03   89.953811593507    8.864114003056   89.408537738746
   1.5912205982e-03   87.857690798065    8.891312187195   89.943691472878
   1.7062173661e-03   85.507382881511    8.919691280740   90.500921424688
   1.8318606155e-03   82.732610233511    8.951827440834   91.127850910149
   1.9725145518e-03   79.427983959483    8.988855432833   91.844145738103
   2.1243382515e-03   75.761140392828    9.027684963972   92.597722917511
   2.2750239729e-03   72.243891292645    9.057615874238   93.198513168963
   2.4359954007e-03   69.002874521086    9.071525592494   93.521145075786
   2.5986802971e-03   66.788929961450    9.065115080977   93.466234915583
   2.7519134518e-03   66.188390062167    9.051290233661   93.250959178626
   2.9173182005e-03   67.655654080163    9.052120672837   93.303063206588
   3.0994150019e-03   72.294326259650    9.104472978889   94.387977867186
   3.3042872925e-03   81.790031826959    9.255262703952   97.585730073045
   3.5091595832e-03   96.117312167155    9.501575399193  102.985620334390
   3.7140318738e-03  115.236920872410    9.816428329728  110.121245466470
   3.9189041644e-03  138.642673462116   10.165994042304  118.313401660799
   4.1237764550e-03  165.376407701647   10.522148597803  126.931077111651
   4.3286487456e-03  194.280269590538   10.866024525281  135.497120547025
   4.5335210362e-03  224.087476122445   11.186551820720  143.694092174992
   4.7383933268e-03  253.252358456404   11.477198194946  151.305502707540
   4.9689520518e-03  283.265045256859   11.763021650804  158.968276172390
   5.2192057945e-03  310.324598588963   12.020132739057  166.032801146075
   5.4718981389e-03  330.706909878373   12.225516642932  171.812400756241
   5.7248245963e-03  344.475143699112   12.384068248360  176.374128747001
   5.9777510536e-03  352.448552296985   12.502451898433  179.860471345859
   6.2306775109e-03  355.494304977761   12.584507653697  182.363324271374
   6.4836039682e-03  354.482409580740   12.634915965795  183.994495936547
   6.7365304256e-03  350.405943255957   12.659748891463  184.900399313530
   6.9894568829e-03  344.209920968658   12.666089940196  185.262120150397
   7.2430295429e-03  336.433747187027   12.654872545720  185.121521485602
   7.4959064192e-03  327.674443139116   12.632305081108  184.642154438230
   7.7485283841e-03  318.320671324646   12.598833932990  183.834779451810
   8.0011503490e-03  308.515319857511   12.556753614640  182.772947794058
   8.2537723139e-03  298.834099949541   12.507931417474  181.506874680496
   8.5063942789e-03  289.036025652285   12.452634588575  180.062255289670
   8.7597256285e-03  279.532267272231   12.392202907075  178.461059823986
   9.0133880245e-03  270.139528665555   12.331009140358  176.843371056658
   9.2670504204e-03  261.140301098276   12.263407987094  175.048911041819
   9.5207128163e-03  252.829470801883   12.199689989646  173.351461339469
   9.7743752123e-03  244.672341795025   12.129844785855  171.508889944548
     0.010028037608  236.918749780783   12.059551837097  169.656343428108
     0.010281700004  229.065209371136   11.987384453258  167.782472257637
     0.010536819338  221.660268123785   11.911906881090  165.829520254193
     0.010791922613  214.709755528579   11.842009555049  164.007377451353
     0.011047018074  207.784149761838   11.764870654305  161.995958592841
     0.011302113535  201.688554466277   11.691155126909  160.055471974150
     0.011557208996  195.731059439367   11.623884815396  158.283745773464
     0.011812304456  189.577287199905   11.547896985187  156.317528173700
     0.012067399917  184.054238728873   11.476315181704  154.469786688136
     0.012322495378  178.719912643673   11.410338791750  152.754393034294
     0.012574532286  173.385231210059   11.336424811676  150.848720258237
     0.012826584155  168.835866631628   11.269523573217  149.126757770020
     0.013081684865  164.513115230600   11.210911409522  147.610001681951
     0.013332409855  160.065449326454   11.147263511046  145.981409591042
     0.013583131977  155.901563145597   11.082528700836  144.349507244489
     0.013833854099  152.010236451213   11.022467545348  142.838931556208
     0.014084576221  148.134374317471   10.964535414223  141.393887618994
     0.014335298344  144.408082138359   10.905923379769  139.953180789606
     0.014586020466  141.038938138721   10.850302846636  138.591345269312
     0.014836742588  137.934574688945   10.801010823194  137.363512950431
     0.015087464710  134.641906615287   10.749497271929  136.080779678579
     0.015338186832  131.287026745729   10.694997366162  134.743354725501
     0.015588908954  128.334178245868   10.645520083537  133.528932700925
     0.015839631076  125.589628550443   10.599272469155  132.386912682538
     0.016090353198  122.697202707210   10.547883572668  131.132008493499
     0.016341075320  119.922114581989   10.497899860180  129.923697474084
     0.016591797442  117.430512233743   10.455029290004  128.891522220470
     0.016849349448  115.062261164908   10.415917954136  127.950204185415
     0.017101457894  112.700452004870   10.374360754123  126.956972166178
     0.017356042978  110.293174644746   10.328921672295  125.882416984414
     0.017606849212  107.978218912582   10.286054823770  124.879659886048
     0.017860672146  105.799276149855   10.247443562547  123.985102134111
     0.018111209715  103.735556737322   10.163546170555  122.542945916118
     0.018364970318  101.617645253976   10.137400970408  121.802436149831
     0.018621050454   99.529525756865   10.102903903915  120.940572283255
     0.018883279465   97.719787263901   10.072916561278  120.191992275306
     0.019137564938   96.290950586955   10.052371905790  119.656698065161
     0.019393903026   94.717506028220   10.027739318004  119.037739795958
     0.019644381368   92.890162193450    9.993171877195  118.210358630575
     0.019894859710   91.140845688167    9.957645571485  117.386538305075
     0.020145338052   89.771388849960    9.929371146979  116.751776549453
     0.020401741816   88.704219507392    9.908219210811  116.289048014686
     0.020652542808   87.713699608748    9.889984007675  115.884678027751
     0.020914974952   86.461549439102    9.862739187169  115.240117903597
     0.021172140965   85.187485041309    9.833641387333  114.574916225137
     0.021427477707   83.977176189020    9.807521673641  114.005594239962
     0.021682814448   82.851036437157    9.784813903303  113.509306094318
     0.021938151190   81.904937579216    9.765778430997  113.080156587817
     0.022193325559   81.135425179828    9.751290344205  112.756804938077
     0.022445216843   80.225980118478    9.732830282706  112.346548758093
     0.022700728863   78.997075595116    9.704770341324  111.725632578234
     0.022953744218   77.760354015094    9.676725706190  111.124096410850
     0.023206759572   76.722090420881    9.653571092461  110.634339819860
     0.023459774927   75.864347124185    9.633905932992  110.210407328478
     0.023718643597   75.069532397959    9.616799146535  109.831845203137
     0.023981920883   74.176051736327    9.597984687926  109.406508392022
     0.024239625735   73.090806705328    9.571855628925  108.818462826267
     0.024492344770   71.962694165356    9.544050686653  108.224526248959
     0.024745063805   70.855303203597    9.516944760421  107.669601791610
     0.024997782840   69.761788685445    9.487039834932  107.051383713757
     0.025007502803   69.722762363464    9.485957635448  107.028656704662
     0.026012952102   66.201157115034    9.374788908994  104.572966936323
     0.027014241725   63.717935550702    9.300328316381  103.141118505056
     0.028037053416   60.954900276260    9.223967195471  101.573239257932
     0.029045159724   58.834212595486    9.168928715978  100.461652171650
     0.030063932640   56.548598327514    9.111610781067   99.319753514073
     0.031082705556   55.126404049897    9.086380355552   98.848070744784
     0.032101478471   53.654318723347    9.046644025092   98.058995040259
     0.033140104625   52.021489744783    9.008721559980   97.351941176926
     0.034163620625   50.483875420162    8.961310461564   96.468157341078
     0.035169370625   49.225998917993    8.931546403022   95.882876073901
     0.036189935987   48.198498278675    8.901212374887   95.268839527938
     0.037192342468   47.323931375794    8.887156631727   95.000353906380
     0.038211052230   46.556619713266    8.876383032130   94.809582445211
     0.039221226670   45.719831514366    8.851894800551   94.363518973549
     0.040239491132   44.854776273323    8.843698888105   94.212162483588
     0.041255970858   43.986850952752    8.825954840092   93.816818398456
     0.042256440307   43.167843130792    8.818172604063   93.722506327416
     0.043266518941   42.284233181936    8.796955459360   93.330323183157
     0.044283427150   41.463681837148    8.789988216540   93.208214544792
     0.045295351263   40.535032471195    8.784103085970   93.235472925829
     0.046312416607   39.520433930905    8.761924442978   92.756870149586
     0.047315121329   38.929876163979    8.748663937072   92.429569534194
     0.048316430144   38.742070286622    8.747788875024   92.382094817739
     0.049321741752   38.480753778959    8.774227937693   92.984723311266
     0.050333388140   37.839755677100    8.796110781078   93.511301237919
     0.051337592437   36.943067583021    8.791123117373   93.386570875531
     0.052342449916   36.593122865885    8.806443147570   93.688577375463
     0.053352969576   36.502135167072    8.827013694247   94.143323100158
     0.054361054191   36.086712807165    8.838214205388   94.373800501620
     0.055370080171   35.401830164659    8.853609369755   94.660483268567
     0.056378989899   35.093771297349    8.890874246860   95.490200654695
     0.057345960397   35.223635358648    8.950813207900   96.797329018782
     0.058362809120   35.523230180072    9.005823213426   98.000641176865
     0.059378018562   35.863497438539    9.042696526951   98.763231583691
     0.059472553468   35.894755138782    9.046739477107   98.853020365872
     0.060481762263   36.232773934046    9.098849308300  100.062443096359
     0.061496102720   36.899820995902    9.167536491353  101.589002376111
     0.062506844871   37.792103696511    9.264572119959  103.941148676894
     0.063512957585   37.847589479900    9.282883643328  104.325159466884
     0.064513566478   38.347601186028    9.306558183327  104.921244650924
     0.065530579621   38.946656063971    9.335617472400  105.588519162525
     0.066550025339   39.304033697942    9.362360921743  106.332094855284
     0.067556895899   39.075093072472    9.344832395321  105.918849418454
     0.068561163054   39.283320172199    9.345274807247  105.915715571805
     0.069567570825   40.241409656271    9.385292851860  107.006007209456
     0.070586753819   40.603355568925    9.371834658319  106.695321318612
     0.071590072265   40.902681457233    9.371347554799  106.809436217798
     0.072602847048   41.250283298865    9.383832420453  107.087373343483
     0.073626393453   41.973087654487    9.425960420900  108.186038182437
     0.074627144151   42.263412006775    9.434018262551  108.508245824699
     0.075639825953   42.374538634741    9.418156235846  107.991880536685
     0.076652575344   42.659224330574    9.429868728690  108.308214349625
     0.077662651463   42.801285727712    9.451295401844  108.879075079798
     0.078672276538   43.217860096520    9.499781513660  110.132537111768
     0.079695496743   43.463136624825    9.542399974359  111.131459385151
     0.080714716016   43.728943452981    9.581676825129  112.082305399088
     0.081718948321   43.603589328958    9.595533203243  112.378021118447
     0.082731381522   43.399785420729    9.600688566325  112.528834865946
     0.083748645428   43.247534547100    9.614844023201  112.922678266395
     0.084774694707   43.139714938363    9.635493080834  113.493430300378
     0.085813353586   43.018548121592    9.656429346193  114.014510865963
     0.086863094243   42.990167848889    9.682918921951  114.619016902200
     0.087872977815   43.055154906084    9.704859817518  115.173408127058
     0.088892776998   42.999664733810    9.724960047689  115.572885806413
     0.089929719491   42.956839202096    9.744505074664  116.064192678843
     0.089978617934   42.956525724917    9.745710627806  116.094532685337
     0.091002077569   42.971502311562    9.775092883956  116.866609016620
     0.092014841760   43.109961148248    9.804709155068  117.498618490958
     0.093026106885   43.014782785285    9.830442337917  118.134547323819
     0.094047156629   42.972400539549    9.859531026078  118.859050291722
     0.095052743389   42.861054822266    9.886127985146  119.550389409326
     0.096053357059   42.606685091634    9.905181873934  119.964168798281
     0.097064922061   42.363058200068    9.925436408196  120.478259800729
     0.098101650555   42.312277353477    9.968154979466  121.531535120557
     0.099117647895   42.166278521859    9.995714151222  122.240022289966
     0.100119344592   41.996053942904   10.024203572261  122.953697088836
     0.101169763783   41.753297355659   10.057378231705  123.736701246998
     0.102209735831   41.534195389461   10.081637150083  124.428206807179
     0.103219194243   41.503305267595   10.120173470697  125.435159372780
     0.104243251560   41.544212830942   10.168180802088  126.643917033579
     0.105258286708   41.641648578712   10.208379689880  127.769944033465
     0.106290760762   41.730553327153   10.252585296820  128.941119828642
     0.107311210946   41.655086506449   10.280618289075  129.686796277456
     0.108320742089   41.555144644647   10.302099525651  130.295090149241
     0.109325563931   41.462429036875   10.326966778214  130.978877965787
     0.110350990191   41.327726615901   10.357732216600  131.634618471372
     0.111353718813   41.298316565376   10.378905340832  132.202882223270
     0.112366108148   41.371980131099   10.417866292043  133.181367368228
     0.113382173597   41.483199649178   10.456107971498  134.217875825102
     0.114395219128   41.716908158673   10.501718464371  135.551857792786
     0.115406774305   41.775960314384   10.534164911080  136.443448557887
     0.116416997334   41.749554977525   10.564906543944  137.200518118283
     0.117431740042   41.669876247295   10.584415669575  137.768096860222
     0.118457668606   41.431857556903   10.599632618599  138.152329249907
     0.119469957605   41.337031346641   10.621358266344  138.786509656792
     0.120498086572   41.335886608508   10.654829738001  139.763641634478
     0.121521589839   41.267162920165   10.682542552254  140.503456570656
     0.122543953100   41.236788922788   10.710661514903  141.280489941807
     0.123581022414   41.178233425605   10.737653225506  141.981326350993
     0.124602515707   41.090817402474   10.756508206529  142.586896143554
     0.125624596298   41.070623736126   10.791818012620  143.495292910609
     0.126638389898   40.968244310097   10.816135480225  144.159410004316
     0.127653031637   40.877881756429   10.837141726939  144.857594068284
     0.128662745444   40.838055828209   10.861156049031  145.625875935563
     0.129665898440   40.855280180877   10.892017627130  146.479884509836
     0.130666587591   40.849011161557   10.925537387756  147.306245591667
     0.131670721722   40.747923037329   10.948833691040  147.881879280205
     0.132686969746   40.709184772022   10.974496268664  148.732725922935
     0.133698058978   40.777588044585   11.006677314894  149.697865095578
     0.134731607063   40.924283586405   11.051066093914  150.894442958310
     0.135744761618   40.913087724998   11.076036689661  151.637541585106
     0.136758364415   40.920456411858   11.109166321524  152.799425155670
     0.137780861682   40.746249054438   11.127999729074  153.391979556158
     0.138792421119   40.486175683337   11.139521318836  153.759204516504
     0.139812293870   40.093333971438   11.145606185833  153.956039757912
     0.140838547729   39.831065689079   11.158063646080  154.350000369251
     0.141846876597   39.480789652546   11.169735896575  154.579486318602
     0.142854188876   39.313530894050   11.182467432880  154.986843876705
     0.143871790265   39.266551384000   11.213431876860  155.852326650538
     0.144878150790   39.165383569641   11.237535569009  156.428110168101
     0.145890218317   39.091102575386   11.262615048794  157.268398034288
     0.146900639228   39.064244060015   11.284151896824  158.128905151832
     0.147925195636   39.008482089164   11.312965644004  158.992890748633
     0.148940198388   38.864640815467   11.335549459359  159.522650111481
     0.149967770825   38.601009835311   11.339160933817  159.695862813230
     0.150975142870   38.629302806097   11.381216734230  161.113431475589
     0.151827183817   38.621956740547   11.405150617037  161.973024457880
     0.152854899752   38.534116437971   11.423340954010  162.505742218015
     0.153856095222   38.371472581459   11.444979377993  163.039582026305
     0.154866662117   38.319553062080   11.474318262373  163.869349324191
     0.155873530750   38.183590118627   11.496306739346  164.548470334386
     0.156885392189   38.094057630997   11.516474409170  165.427559547450
     0.157888802264   37.962140749193   11.536456180062  166.048157485461
     0.158910379489   37.792512982857   11.551677242793  166.438021955919
     0.159919738294   37.611781577345   11.567311583969  166.837057203133
     0.160940246169   37.514267578021   11.596444732917  167.659356129636
     0.161965126470   37.457972320334   11.615356869777  168.600970327108
     0.162974458255   37.385851609192   11.640199230962  169.330837867845
     0.163999808526   37.351683967125   11.671073641746  170.090824972629
     0.165018908871   37.231454847791   11.693210518169  170.901318945009
     0.166035149181   37.222556316335   11.720668771575  171.938782045953
     0.167035671250   37.155832548830   11.743981854196  172.558316065734
     0.168056601723   36.992559210158   11.766393420990  172.996714498085
     0.169060795630   37.064534820869   11.790440940592  174.267024192741
     0.170078903997   37.076811984506   11.820654834892  175.101722122346
     0.171101694088   36.964841748306   11.850713212422  175.776294834810
     0.172124484179   36.922347115966   11.867966016348  176.841791458567
     0.173134326145   36.788925563405   11.884184548503  177.339807296742
     0.174134335911   36.558479063947   11.888519682014  177.452844070780
     0.175138389035   36.305921544869   11.887115115741  177.417258677757
     0.176151074179   36.189936652616   11.907136871169  178.039793346310
     0.177158000355   36.033267916095   11.940897145449  178.849425146933
     0.178178068297   35.803065605023   11.927595110190  179.056841260595
     0.179189948292   35.757973838094   11.954832701972  179.718395187177
     0.180200215325   35.799988960474   12.019185883055  181.185836677321
     0.181218361032   35.754125350724   12.007280847373  181.721550791633
     0.182231092067   35.601770273806   12.019737290719  182.058364306682
     0.183233349643   35.549518601153   12.070072541651  183.218902297229
     0.184246973701   35.634649306220   12.083478963852  184.198456653122
     0.185263720033   35.685424562635   12.143300570370  185.501371043637
     0.186280466364   35.744157296641   12.133401905440  186.108005229252
     0.187298114734   35.838198847723   12.175549640103  187.320933535400
     0.188314861066   35.504789349683   12.190486622481  187.489162366167
     0.189331607397   35.536606990738   12.200767980685  188.385879215384
     0.190346283554   35.585606641518   12.236487575642  189.428489859070
     0.191352509345   35.261836671784   12.234090432398  189.125848225009
     0.192363338631   35.121287316688   12.260771439505  190.129456604436
     0.193377156897   34.986636993062   12.265359634413  190.759597189749
     0.194395854652   34.703665104801   12.266762588164  190.753214432267
     0.195413562254   34.501330700523   12.270768819309  190.862110925830
     0.196431628189   34.416788405382   12.279009863946  191.133531352937
     0.197447127325   34.310279635145   12.320301412183  192.093185560842
     0.198457627939   34.264202972904   12.324543620440  192.965004226124
     0.199459194456   34.168385554342   12.354685409078  193.360654187153
     0.200474490010   34.278548143486   12.374757124212  194.704688298327
     0.201486926401   34.290672550966   12.405314244546  195.439315624714
     0.202495876435   34.170603145288   12.444810214293  196.385007098212
     0.203300542229   34.164520235903   12.440383333896  196.930007756554
     0.204303145697   34.200264572538   12.472039285290  197.666673713780
     0.205309317360   34.050515981436   12.475510497049  198.013251896938
     0.206313774910   34.130282604220   12.502686219059  198.882017683312
     0.207319228213   34.178014506795   12.561144949610  200.451226887293
     0.208324707833   33.939308335389   12.527212160210  200.319569250437
     0.209325440760   33.872698464048   12.559621670030  201.156853142894
     0.210329225604   33.753844823546   12.543482975793  200.484441196503
     0.211344786213   33.853416760477   12.562991790598  201.488653849974
     0.212272987941   33.572410436364   12.558384529451  201.649942257167
     0.212488603551   33.521322591141   12.565126132872  201.791964212424
     0.213074890121   33.593014307830   12.609590380339  203.063114538022
     0.214083924408   33.601145397170   12.710472945349  205.451586416632
     0.215087080961   32.892386207676   12.587420076811  202.029618884798
     0.216104143289   32.379021125295   12.548342592882  200.934009217598
     0.217123138591   32.520370817594   12.609260094440  202.504176199903
     0.218133226618   32.539023058883   12.639681899692  203.458694663142
     0.218248972766   32.540361194635   12.649087875349  203.670811566958
     0.219227411378   32.657639860661   12.661965956456  205.136039537633
     0.220237697732   32.682031385672   12.741999714484  206.684693884924
     0.221247984085   32.583118893660   12.733650414704  206.418289128229
     0.222258270439   32.636932782047   12.766583396379  207.506592244077
     0.223268556793   32.404420099266   12.749338498439  206.814904324503
     0.224278843147   32.557276021705   12.785659819709  207.839789394968
     0.225289129501   32.652866002791   12.813085523251  208.521294662941
     0.226299415855   32.754871757711   12.849472566474  209.908409581301
     0.227304805031   32.376523537008   12.825056137713  209.103967687510
     0.228307429885   32.402015549537   12.854574078964  209.995982194709
     0.229310054740   32.458233248138   12.877628357474  211.384617113806
     0.230312679594   32.895319186176   12.949164133506  213.663795651788
     0.231325246686   32.820994736615   12.961936897148  214.207565128744
     0.232334158321   32.349038831045   12.949416223549  214.344094847579
     0.233343065845   31.640882856736   12.881186619161  211.484750265711
     0.234351973368   31.594425186983   12.886778197432  211.280299857818
     0.235360880892   31.217800096220   12.860544282633  210.527290367928
     0.236372874419   30.830395672207   12.839852775059  209.974578240114
     0.237373405264   30.674735599460   12.845611659096  210.096502207549
     0.238373936110   31.184370858232   12.921817552961  213.517676820691
     0.239374466955   31.329045469815   12.957712874687  214.650787366887
     0.240374997800   31.217145916519   12.963350976080  214.770957135274
     0.241386183890   31.136211899230   12.971828569432  214.924201671174
     0.242391055784   31.212801504169   13.016774511949  216.284173621259
     0.243395927677   31.312134685268   13.063137551835  218.378136700002
     0.244400799570   31.170695802284   13.064698215981  218.461674196624
     0.245405671464   30.980218613533   13.063590395484  218.506121194922
     0.246410543357   30.761200037818   13.054743710455  218.195058534470
     0.247415415250   30.823473483678   13.083450626497  219.138631638507
     0.248420287144   30.705945985100   13.078466638900  218.797254910713
     0.249425159037   30.723611504255   13.097446356872  219.378449154152
     0.250430030930   30.724568985340   13.111569721305  219.663650926190
     0.251434902824   30.878678637919   13.156286504629  221.168088707416
     0.252439774717   30.636449698744   13.141439321857  220.821968205811
     0.253445291002   30.266609704514   13.107102640668  219.504018355159
     0.254450162896   30.567499920180   13.174126253094  222.420595727920
     0.255453606610   30.738231695865   13.214407534939  223.897408550353
     0.255763289227   30.770381617386   13.223780361363  224.223645060982
     0.256314151814   30.654619824894   13.216828841539  224.016010927981
     0.257322735839   30.534205775122   13.245662341954  225.066459302321
     0.258331319864   30.201015314463   13.198182389433  223.533096063749
     0.259285351808   30.298333664475   13.224768983353  224.095710848665
     0.260287802323   30.621388095610   13.287593943835  226.568547401102
     0.261202817482   30.961000757702   13.366384609774  229.809343913084
     0.262205267997   30.288822011247   13.295904148309  226.736606091374
     0.263129944078   30.080615569809   13.266437863745  225.654416932987
     0.264132394593   29.951712510466   13.264949191812  225.214815169594
     0.265134845109   30.429575007868   13.343106300789  228.511577873198
     0.266137295624   30.601854220413   13.379795997699  229.783709188422
     0.267139746139   30.317060926305   13.358109322970  229.101139904021
     0.268144065988   30.552163480721   13.402314531953  230.661651777090
     0.269144736363   30.253480279160   13.388306713144  230.398646208932
     0.270148473224   29.713894769398   13.340826259144  229.060116739219
     0.271152210084   29.606831337071   13.334429304644  228.511314586451
     0.272026546481   29.802495426129   13.369824564836  229.456232923819
     0.272941349070   30.004338064708   13.421677785746  231.511494177638
     0.273862429443   30.116463858135   13.464147562495  233.646783465853
     0.274868584667   29.885292924345   13.446529527378  232.355282481402
     0.275740486271   29.418941592187   13.386741559465  230.355165431603
     0.276742936787   29.309799746118   13.384128264660  229.811924216438
     0.277546089174   29.489158575665   13.411505692068  231.275126853587
     0.278200337111   29.900898144915   13.482722144554  233.485980617553
     0.279051663960   30.392747954382   13.574679362569  237.840369636637
     0.279715390152   30.419219180752   13.611838147542  238.718388511950
     0.280641900246   29.407773367046   13.489899052672  234.279076120740
     0.281457080115   28.890044896539   13.410633333602  231.123507030378
     0.282466883096   28.804089237426   13.405744811868  230.572408021208
     0.283476686077   29.214913577271   13.465543862332  233.820442462156
     0.284486489058   29.049960716660   13.458935818046  233.667408998416
     0.285496292039   29.158181182836   13.499234440054  235.238572663809
     0.286504838729   29.268383702574   13.524791910111  235.569912140038
     0.287022408288   29.381495854955   13.548337219180  236.350262810781
     0.287930425059   29.350148408622   13.580854043593  237.862165008966
     0.288838441830   29.329483175358   13.598570190981  239.060159894444
     0.289746458601   29.166158593711   13.585952855440  238.432331827004
     0.290563025661   29.282682817568   13.613675077153  239.454962326333
     0.290964303268   29.268760485568   13.612231147394  239.259054504803
     0.291350707593   29.265316354016   13.612740194599  239.208747313226
     0.292107567770   29.342970258201   13.644801498715  240.163381601876
     0.292641859080   29.316687439318   13.654159368345  240.311314429643
     0.293626139875   29.214598187041   13.645960356474  240.272640140940
     0.294610420670   29.174795635854   13.632086485371  239.771214919676
     0.295591363887   29.444843198822   13.681398556128  241.311071900685
     0.296234084700   29.388438474366   13.682015361601  241.514140328040
     0.297015493945   29.051674341774   13.655316551036  240.878088845719
     0.297788032629   28.862724057443   13.642353277089  240.111914981469
     0.298696049400   29.131237151841   13.684242513234  241.405451177128
     0.299231047081   29.583457289301   13.755304139588  244.573395968482
     0.299746789028   29.788337470755   13.791822401272  245.737505937239
     0.300661526861   29.643747438776   13.811420646177  246.539756911318
     0.301576264694   29.396858915002   13.766933523010  245.402853624590
     0.302491002528   29.416442738974   13.775245993014  245.286159410801
     0.303437800440   29.457209633387   13.790709454167  245.750430191438
     0.304160071361   29.363970552335   13.784692859611  245.756252700132
     0.305042663662   29.197762207754   13.805465681005  247.142533435508
     0.305735615722   28.470577751229   13.695956211664  242.350714152330
     0.306643632493   28.104293655840   13.645886180163  240.148398421606
     0.307397338052   28.541096228382   13.726148222752  243.311289330655
     0.308198734316   28.898011493415   13.788977448984  245.409031029327
     0.308721518317   29.158865265663   13.844363195303  247.473085989308
     0.309450978245   29.153246037437   13.848936870672  248.594713962087
     0.310208933951   29.685219800588   13.945040103018  251.729247146248
     0.310757220636   29.814724046957   13.960231477232  252.222702834443
     0.311608062695   29.488390721282   13.937528060894  252.193188105824
     0.312378066303   28.820916285853   13.841875803533  248.121014585967
     0.313218822573   28.012555723690   13.747500440619  244.508742898427
     0.313395381389   27.811474545722   13.710641182993  242.774547936520
     0.313955296315   27.700328846464   13.694851772089  242.451033002414
     0.314743113036   27.975192249393   13.750695510245  244.451391211217
     0.315530929758   28.324611749161   13.818840968830  247.272199339020
     0.316318746480   28.797692207999   13.898875445436  250.179665583206
     0.316849585372   29.031040051721   13.939092081059  251.404267910961
     0.317331794926   29.102649085673   13.953343663889  251.974792970052
     0.318052786402   29.019725553389   13.952260358618  252.193307038512
     0.318934831779   28.793657386500   13.932427252574  252.009226414912
     0.319430742173   28.607655325763   13.902986222943  250.574277640616
     0.319861028830   28.540467725446   13.884113897463  249.806477104582
     0.320251958787   28.615917819010   13.903204404677  250.553419593079
     0.320548057617   28.650460868079   13.923840516604  251.253411140290
     0.321348886428   28.348721784414   13.910794231089  250.642764392965
     0.321898613723   28.223003883762   13.906959901624  250.681526454867
     0.322613513487   28.257930814621   13.893553631674  249.821933822346
     0.323140798299   28.605091311735   13.958862989269  252.435754306624
     0.323772364670   29.023642877545   14.027947873537  255.268526580008
     0.324516681304   29.191595754568   14.059381298827  256.248563355067
     0.325260997937   29.114900389087   14.071215297143  257.661250639285
     0.326005314571   28.557543673391   13.999375389559  255.159349272796
     0.326749631204   28.669989380383   14.013790479977  255.069987854424
     0.327493947838   28.898625300854   14.042147219651  255.533312848370
     0.328238264472   28.803834972032   14.034451644114  255.088670714340
     0.328908459492   28.849104270345   14.050868168987  255.801787075075
     0.329718970523   28.877669170019   14.071977106498  257.052213969975
     0.330529481553   28.446054959442   14.018188710793  255.794071424544
     0.331339992584   28.367850147052   14.017188853498  255.436317480970
     0.331932839418   28.338384917521   14.012804722357  254.944742951815
     0.332668333003   28.298995962903   14.015844421456  254.715102332576
     0.333316231216   28.505225607699   14.065140002019  257.107676267060
     0.333809148482   28.864162817584   14.127472603729  259.856432524168
     0.334496613589   28.911275728308   14.132995346877  259.727424781041
     0.335074127453   29.011441448873   14.175158388353  262.106171059850
     0.335665981883   28.525856283692   14.114130079946  259.501098030312
     0.336221685305   27.734326570975   14.007409723660  255.071517492329
     0.336729175878   27.351760310335   13.937949301702  252.024007314677
     0.337291310474   27.125930593627   13.896072402373  250.000999694281
     0.337939886713   27.389929298023   13.950054355789  252.624186143289
     0.338307349379   27.608865019713   13.992987512044  254.067505426301
     0.338624820449   27.765005290953   14.031056582518  255.284777124025
     0.338932652617   27.871919416828   14.059253020622  257.097212898838
     0.339431868568   28.059204682994   14.115706557509  259.882986666090
     0.339947458426   27.912259047440   14.102769409306  258.720475728299
     0.340366942794   27.553686296979   14.050783840440  256.584047266347
     0.341097560310   27.573752091162   14.048365153228  256.536229812963
     0.341690297775   27.720474157636   14.060908894147  256.333145595097
     0.342202031968   28.034628950453   14.105576496599  258.429797509835
     0.342993470064   28.548000711505   14.210951108765  263.577846177252
     0.343898454323   28.067188963109   14.158240667284  261.425449770662
     0.344349927590   27.719350647291   14.086832772579  259.619649663823
     0.344975321903   27.820472235405   14.107084933166  260.047721521161
     0.345516835156   27.908706445629   14.133824230619  259.497540833925
     0.346208177878   28.375106916375   14.229902852132  264.550700143776
     0.346923077642   28.186820958751   14.221119705833  264.167854703151
     0.347349004676   27.982188745859   14.178880260592  261.860887576826
     0.347961915997   27.731113468011   14.129330927048  259.604744310850
     0.348574827317   27.924761851420   14.174215542866  260.859182109849
     0.349187738638   28.228238098700   14.229097248674  263.811743688552
     0.349833284265   28.392816252183   14.266698230576  265.512989339432
     0.350324419731   28.194055051871   14.250028534513  265.276244849216
     0.350986363957   27.928947420203   14.224642433062  264.071737624784
     0.351436142819   27.730845813627   14.177089510365  261.223185939593
     0.352098087046   27.786674383443   14.189857827804  262.418954598136
     0.352442794871   27.917502557314   14.210137418130  263.009818000851
     0.352775299867   28.161955818737   14.256520170986  264.298582182643
     0.353193012765   28.500436492244   14.310274815286  267.528124993744
     0.353645283638   28.730484348169   14.367263646350  270.297750229334
     0.354077391808   28.539757836301   14.369629716101  269.670339116630
     0.354836867730   27.946020497385   14.278337076452  266.011763749494
     0.355307371662   27.455776878673   14.179126929501  261.696992867390
     0.355988384241   27.264570132330   14.139806617779  260.126848321120
     0.356551438706   27.298901516296   14.161271204857  260.652063099867
     0.357213382932   27.533955640483   14.200499195302  262.743304050166
     0.357458302296   27.620952845381   14.221150455462  263.279985524963
     0.358120246522   27.990636324131   14.300059178158  267.541046993654
     0.358782190748   28.178155701606   14.337284000789  268.883969035365
     0.359389465839   28.398940515628   14.365929113299  269.370459656497
     0.359968816406   28.581776593484   14.397608471127  270.538281040848
     0.360416772392   28.344307312169   14.357863085779  268.915569464290
     0.360746985384   28.305386684281   14.356570805091  269.102950084564
     0.361601467299   28.192270431663   14.370676725372  270.152409945155
     0.362455949214   27.539503917467   14.270118906094  266.808474856584
     0.362762114260   27.163097370769   14.205802978200  264.705014457421
     0.363405524048   26.953675206422   14.183283014458  263.634651276952
     0.364048933836   27.142451130974   14.219349791806  263.630623769579
     0.364692343624   27.520477357258   14.290392962381  267.012214423392
     0.365151668706   27.845871907279   14.355229135304  269.407052350962
     0.365676153774   27.786012246162   14.343134916488  268.205701077289
     0.366216763515   27.999081142203   14.382140868634  269.530029993875
     0.366688851224   28.268857763863   14.440827743845  272.275579510581
     0.367042776402   28.385708950815   14.456153274983  273.100458237643
     0.367483301575   28.483583198999   14.465021677605  272.831151094778
     0.367790420287   28.662584988309   14.495849286229  274.279713703077
     0.368448011985   28.458401802618   14.505058160271  275.469380395835
     0.368973953788   27.652947420905   14.378834479020  270.452862671478
     0.369668836358   27.067545274101   14.284961293089  267.271776517829
     0.370363718929   26.291176514941   14.167861370614  261.857353960975
     0.370839310984   26.082009654308   14.131068140374  260.758720324750
     0.371574804569   25.718346037380   14.073377903100  257.927248099058
     0.372090859487   25.905127773395   14.122964976780  259.638729133523
     0.372752803713   26.170858293990   14.166634226494  262.007032382376
     0.373414747939   26.650625327153   14.282057235886  266.437578297120
     0.374076692165   26.925509239453   14.327468905409  268.956172021745
     0.374738636392   27.091841656789   14.355878570158  269.564154782329
     0.375241714003   27.115547962917   14.360157152789  269.098599176089
     0.375722814463   27.243584328693   14.392267851750  270.305926794231
     0.376208603052   27.138530316124   14.376592735377  269.714417462905
     0.376801374107   26.908486254748   14.358013967042  268.878370674651
     0.377316528361   26.816668088206   14.358195160096  268.348200993235
     0.377851651019   26.868012936414   14.375741700384  269.389461964079
     0.378403271208   27.194876733284   14.431682474633  271.532733209850
     0.378757567539   27.413718146613   14.472234855363  272.762315384695
     0.379323969498   27.834679508618   14.560041345759  277.421273913846
     0.380067905499   28.030453366568   14.625814891162  280.313537521996
     0.380634283157   27.284587885900   14.492009711428  274.883459198236
     0.381194331927   26.727156241611   14.386765341582  271.102191085951
     0.381728271211   26.734589717942   14.374169096976  269.760648025258
     0.382253743879   26.986521041924   14.435364959089  271.631873683430
     0.382779216548   27.312611631164   14.503598742087  274.944124228212
     0.383304689216   27.599313662788   14.562421760425  277.148170118069
     0.383830161885   27.603508860633   14.565643309834  277.083213789929
     0.384355634553   27.752059208437   14.591272918888  278.004314258918
     0.384881107222   27.826376936169   14.600124042611  277.955480748879
     0.385400849427   27.895633797425   14.612736602958  278.355872798091
     0.385975066031   27.844061562476   14.611925796682  278.777263133503
     0.386507806035   27.354301350901   14.536826879126  276.105349472001
     0.386927379320   27.227565870961   14.516907999261  275.287096378596
     0.387289812175   27.335635177067   14.529675968226  275.393526436663
     0.387530417165   27.454869113408   14.553282313473  276.354223991042
     0.388214689406   28.015027544649   14.697273838870  282.874513851541
     0.389029488586   26.904372335641   14.536078106847  276.816856371699
     0.389563694771   26.150056005409   14.378929084779  271.402878909392
     0.390107018592   25.847295354513   14.327374284350  269.127489489301
     0.390643193415   25.943464247535   14.341646912687  268.682223662788
     0.391179368238   26.140257015791   14.395567778439  270.917662644831
     0.391715543061   26.577212837712   14.490192290941  274.855668505765
     0.392273664925   26.800383737568   14.531556155959  276.193077690349
     0.392813425819   26.961901539596   14.565412196924  277.513334102946
     0.393266174141   27.123628986576   14.599106957650  278.854660488815
     0.393694809322   27.009793469256   14.573693231837  277.487896330324
     0.394111727867   27.014887635337   14.570357607165  277.036123924240
     0.394368192446   27.127462496126   14.592568078260  277.862468199719
     0.394811925135   27.335260877646   14.635717379390  280.250894311127
     0.394959285701   27.418678478240   14.652356216845  280.950330479540
     0.395484388926   27.818933562408   14.743130779695  285.054396792775
     0.395490251530   27.822445503795   14.744190660341  285.107767973631
     0.396076493986   27.324459202457   14.689748132163  283.102951127689
     0.396535750820   26.356218065768   14.526733074987  276.724055833837
     0.397135641554   25.567800344107   14.367379857878  270.250814465533
     0.397672845595   25.436626536462   14.334684297774  268.057833298092
     0.398240356077   25.817727194232   14.413324522845  271.454371858686
     0.398807866559   26.212139548156   14.496235380151  274.606309321367
     0.399375377041   26.821721382739   14.633451504838  281.297748567682
     0.399942887523   26.970053987012   14.675144265718  283.329237667691
     0.400510398005   26.928554468975   14.668314663908  282.804085882618
     0.401066396364   27.087854906279   14.689370213825  283.431833790713
     0.401633906846   27.071389373853   14.686839718297  283.492794987209
     0.402199779618   26.891359996685   14.667399717189  282.711411958867
     0.402652346362   26.704718766186   14.634749563375  280.901200736984
     0.403163105796   26.408594827522   14.565724214382  277.458243815470
     0.403673865229   26.295268195114   14.545212244165  276.381521188000
     0.404184624663   26.508781400984   14.595160532709  278.484190628994
     0.404694781584   26.831340708568   14.662053304750  281.958695832332
     0.405129810242   27.000703861779   14.689547491977  282.670828373470
     0.405421806184   27.044969912370   14.692311891703  282.514886713887
     0.405849435083   27.245489408021   14.726917593496  283.713034623349
     0.406555800890   27.450913165697   14.790231124113  287.102585049698
     0.407215946460   26.585411005478   14.667114962510  282.458958979015
     0.407780958724   25.803286661309   14.520024461885  277.357579612077
     0.408320288432   25.415353037701   14.445324990820  274.074010186780
     0.408897965579   25.568379098878   14.475690196734  274.168100491406
     0.409466247108   25.869708185884   14.545811517267  276.969636477407
     0.410048234859   26.162768847341   14.618839465153  281.151344540061
     0.410616086168   26.495416455512   14.681219429674  283.266565418251
     0.411188486647   26.716857489393   14.706839534570  283.508014421787
     0.411765320857   27.088640413814   14.765460061700  285.342665079166
     0.412341999663   27.162677226772   14.780108065335  286.060384458251
     0.412852447561   26.917626009209   14.741901677058  285.135147718469
     0.413377920230   26.550025949020   14.679658462968  282.688766361358
     0.413903392898   26.608198891066   14.689337603885  282.568238096442
     0.414428865567   26.797831928127   14.732083043732  284.234943459418
     0.414946271437   27.208279471486   14.826192423225  289.192409182403
     0.415180286466   27.262176076541   14.836802518607  289.701634727614
     0.415320327791   27.254685162216   14.835103485413  289.611596851687
     0.415799044822   27.374119258763   14.859271626499  290.702329412967
     0.415969807075   27.438082384173   14.870072244872  291.075299686682
     0.416531327440   27.625791601273   14.921195224831  293.166899105689
     0.417095096372   27.114022105872   14.843959838071  289.782174307451
     0.417622187038   26.066486524167   14.658192296798  282.155206485607
     0.418183319793   25.581110848026   14.553063235209  277.704885581343
     0.418658408517   25.347522250531   14.504232481640  274.975069854736
     0.419137007176   25.769476308532   14.598463127166  279.381465953314
     0.419446856324   25.978241914453   14.636496586048  280.812492944686
     0.420091197781   26.501761097912   14.760092737987  285.979546830083
     0.420683675920   26.156367035889   14.725169120971  285.430837903178
     0.421209148589   25.828911663371   14.663318768875  282.546893208669
     0.421734621257   25.459804907774   14.569055987873  278.200883123519
     0.422253716533   25.388754064086   14.568109365274  277.839745521667
     0.422754686065   25.751032355578   14.645728937939  281.485818413734
     0.423280158733   25.848521742782   14.664076113665  281.749844869913
     0.423677921269   25.866638735471   14.669128808753  281.769837385463
     0.424125973647   26.248191533285   14.755365252504  286.001270292489
     0.424824367039   26.689713017356   14.858517280529  291.045838228459
     0.425264352133   26.597406800167   14.854701741706  290.262790517533
     0.425733073484   26.112138120600   14.732520252026  284.587910939063
     0.426182830678   25.980255191546   14.690062434354  282.980174375152
     0.426608152432   26.123242861186   14.733874705574  284.458326471998
     0.426939215540   26.328842592520   14.779337497206  286.788625597681
     0.427339675353   26.596920866551   14.830301183134  288.709802972757
     0.427969003174   26.889553521629   14.892233667845  291.242013858665
     0.428598143115   26.703607809637   14.901713742010  292.430710330168
     0.429047481736   25.897340234075   14.737226825697  286.104378418317
     0.429451573992   25.511785851747   14.665880166322  283.517089385831
     0.429852076303   25.472508189859   14.651413545536  282.150014006242
     0.430254386355   25.593033365981   14.666850488035  281.801777438862
     0.430651415408   25.894191396496   14.737644803401  285.071888209600
     0.431038257792   26.235071880848   14.818259224350  288.813567185564
     0.431450440023   26.398119826487   14.864858447751  291.118197283219
     0.431845726923   26.272727327235   14.856332393563  291.031693535331
     0.432229780543   26.184416446240   14.838221092852  290.086898355299
     0.432623885044   26.429895315459   14.872445202370  290.992844055170
     0.433138362615   26.712613339055   14.903569338838  291.204381463398
     0.433292136339   26.775285258846   14.914531369669  291.550870142585
     0.433883573740   26.855313333098   14.943526177649  293.453111719381
     0.434437991165   26.346376839143   14.864827972870  291.314050998715
     0.435012954650   26.169148688565   14.840893176689  290.337436306358
     0.435582436461   26.076540401461   14.817707498741  289.318737358163
     0.436157063606   26.298731474362   14.844680652289  289.555457238585
     0.436731515223   26.662871330567   14.915589603010  292.226572947537
     0.437166085146   26.916775820520   14.978004217944  295.710434500147
     0.437470862668   26.959657828291   14.987312292404  296.301403950127
     0.437626369036   27.004805136662   14.995053882341  296.694974255817
     0.437989296822   27.255310465658   15.045424851165  298.827406165932
     0.438545485670   27.188355118762   15.049417145153  298.650368050256
     0.439241328750   26.360910365063   14.924529641954  292.996408843647
     0.439902912217   25.254460239668   14.698473795076  284.619669946964
     0.440446090606   25.079494370957   14.666711037920  283.401891858273
     0.440971563274   24.962356756440   14.643626741016  281.995424719881
     0.441497035943   25.037866040836   14.666756577012  282.211773864292
     0.442022508611   25.402992994073   14.757328646776  286.216393257108
     0.442547981279   25.697284737428   14.826058033440  289.863080426419
     0.442986404830   25.977591089224   14.875998205348  291.431349512567
     0.443433217183   26.214263320472   14.919644063649  293.084619972509
     0.443877448638   26.116022062205   14.905180745414  292.584824801731
     0.444315829907   25.889853446058   14.856857834203  290.168418958902
     0.444754132357   26.107835306095   14.895375403123  291.168343498176
     0.445211076517   26.281385137413   14.935074657800  292.902745205388
     0.445650990241   25.930590313033   14.888006702492  291.897203205610
     0.446010744287   25.685108288778   14.857945107879  291.253107940128
     0.446312129607   25.531635954707   14.830621161919  289.968068226861
     0.446779938246   25.612606105255   14.832585057200  289.369806380065
     0.447247654334   25.845819303946   14.872409077004  290.206220425233
     0.447657494048   26.038918922291   14.918812393251  291.949028643257
     0.448056456039   26.000001461327   14.908690781808  291.720375497808
     0.448458679277   25.891716627615   14.886764168379  290.946639394534
     0.448852508791   25.898630113188   14.887315780615  290.796258234000
     0.449164098662   26.075163111193   14.923263782942  292.635543381517
     0.449590706176   26.612027536218   15.025169228903  296.959268490664
     0.450056109673   26.941901749620   15.098276736799  300.415681962569
     0.450483820068   26.492509988365   15.038337187217  298.614659444610
     0.450935833158   26.104499301224   14.957607911964  294.358974482697
     0.451372753624   25.815541317401   14.882704463756  290.644777125384
     0.451760554622   25.841099110435   14.882611709736  290.627922326858
     0.452058906408   25.996251965287   14.922853890927  292.664941278104
     0.452305182634   26.168600450354   14.960369698071  294.762642133551
     0.452677403193   26.447230515214   15.024020546084  297.771903109214
     0.453132636360   26.444279971106   15.049557881592  299.410024541470
     0.453665703071   26.066707254311   15.012066489534  297.658334886390
     0.454065761938   25.491434000508   14.901348770276  292.530362530969
     0.454531922024   24.673708926251   14.719937457978  285.017614424635
     0.455023976741   24.471598058896   14.664716427905  282.475234251494
     0.455510525508   24.748424208491   14.734802345490  285.079159044674
     0.455997074275   25.075840240153   14.800942452438  287.679731474669
     0.456470558306   25.512166933086   14.907145659921  292.871981489973
     0.456957107074   25.767811551912   14.982727628191  296.613037035361
     0.457326968633   25.800639606935   14.996442194547  297.192065050432
     0.457773834092   25.803698112311   14.990722973647  296.192789793699
     0.458228064858   25.719463863775   14.954777473692  294.188801360195
     0.458640083845   25.817544480973   14.990208598210  296.122689780897
     0.459101682677   25.555867301096   14.931449967706  292.935448348116
     0.459566796226   25.190746286192   14.852258891527  289.582548105330
     0.459985108342   25.355733651617   14.886694118011  291.050240268350
     0.460306270327   25.536697607421   14.928105719998  293.353931010399
     0.460717950968   25.820986046132   14.991230385830  296.291394688855
     0.461178561313   26.013548537864   15.033023033891  298.027995709422
     0.461570763336   25.849272289474   15.003769813540  296.570912276901
     0.461883267884   25.908732266817   15.011252857080  296.565646324488
     0.462059738489   25.999548142230   15.020470724569  296.645772158209
     0.462398994123   26.275183837187   15.061123044187  298.498492865232
     0.462562226763   26.490720867609   15.100885111097  300.704499628606
     0.462842680834   26.826160628755   15.169494800423  304.047834776011
     0.463006764259   26.927756587156   15.193730711528  304.864927927249
     0.463482745965   27.112732353752   15.258017369183  307.547816796513
     0.463975483113   26.588731203976   15.184121668533  304.662017911876
     0.464077746488   26.347073669635   15.142664207460  302.962359263193
     0.464410178141   25.573541073369   15.005107882150  297.209075179022
     0.464851800329   24.791982053557   14.829239685110  289.492749441555
     0.465315866843   24.121925790624   14.676439505886  282.827046940402
     0.465788792245   24.183222603168   14.700662437710  283.420903841613
     0.466252090108   24.380523852782   14.749308445605  285.828676655696
     0.466738638875   24.734874634764   14.831278869421  289.259783071425
     0.467225187642   24.875443339576   14.874800677600  290.946504953456
     0.467711736409   25.071047447019   14.922338094309  293.227443736280
     0.468198285176   25.522159655945   15.028354880678  298.572311820806
     0.468684833943   25.538912603110   15.038372690970  299.121103314047
     0.469171382710   25.260005517369   14.983953401141  296.794018566206
     0.469657931477   25.247896149284   14.975548465446  296.323775065965
     0.470144480245   25.315962081783   14.988061819982  297.181514224071
     0.470631029012   25.341883224150   14.995175918549  297.289955974997
     0.471117577779   25.393277392376   15.001860090132  297.236716602508
     0.471604126546   25.505288570717   15.018634711485  297.620449747897
     0.472075169135   25.700274265360   15.064941245895  299.769027222484
     0.472530262168   25.517881339553   15.037593236539  299.021236106197
     0.472988966679   25.418633379556   15.019884136356  298.353136217359
     0.473387369267   25.418216571371   15.006537563929  296.871104957818
     0.473762543890   25.597544844467   15.033738913396  297.331468653699
     0.474253039682   26.072891099823   15.142903192487  302.851508313048
     0.474677466020   26.121300597996   15.173332023393  304.447483526049
     0.475065299426   25.957582956703   15.141309163417  302.585010826175
     0.475433936553   25.612788069026   15.052837010585  298.796025218266
     0.475712391454   25.527569347317   15.029004143340  297.496029049392
     0.475980505838   25.646292501026   15.050030574572  297.861226813282
     0.476222841264   25.852336978263   15.090407686242  299.595824597795
     0.476382040884   25.998907377910   15.119993164416  301.098664480624
     0.476569400166   26.142484659623   15.149113856678  302.489268454614
     0.477096496317   26.502997984911   15.225818083795  305.760546001512
     0.477678014849   26.476134839105   15.273213190168  308.693906775659
     0.478145727971   25.497169564867   15.098919783878  301.436978363686
     0.478631911971   24.481910656482   14.872755162481  292.526260822738
     0.479128370141   24.289040111209   14.829754760995  290.403087962768
     0.479624828310   24.327122053057   14.834727379877  289.398009915981
     0.480121286480   24.701557304809   14.933634214468  294.709875262085
     0.480617744650   24.891446177743   14.979539535125  296.580527369992
     0.480756870193   24.900758137487   14.979246387280  296.407649714729
     0.481132505304   25.060842557334   15.005020589617  297.122463190004
     0.481510845625   25.461053648797   15.084187420395  300.156069766370
     0.481999683583   25.506065281042   15.093111095561  300.225322676437
     0.482454095510   25.461169217422   15.087263185696  299.754618816620
     0.482964854944   25.538858543297   15.103139607703  300.027864126672
     0.483475614377   25.292588882050   15.048723561796  298.130333449179
     0.483981942898   25.264114401008   15.046642377573  298.193145515334
     0.484391450269   25.603501285917   15.117525541568  302.252082781411
     0.484899580762   25.901015955836   15.186830046769  305.302712670341
     0.485370723938   25.802120222577   15.188934582758  306.083392032333
     0.485796180024   25.671930239603   15.182653602662  305.180711790465
     0.486233894643   25.416151700745   15.107760383233  301.136061153985
     0.486675402931   25.112844417669   15.030246656255  297.360591264686
     0.487055154252   25.327015323921   15.080122730829  299.684317892713
     0.487278386098   25.532356254717   15.120227444612  301.586103801134
     0.487463848794   25.649520350428   15.139143529107  302.242683903405
     0.487754062134   25.862312888883   15.176157741908  303.358589784495
     0.488121541078   26.136217058901   15.230482947166  305.573769932815
     0.488669221278   26.291544205112   15.288216605651  308.724877252555
     0.489043674963   26.175833931110   15.308726345298  310.357737744445
     0.489449404462   25.202218082893   15.122631109332  302.726388230760
     0.489908446585   24.249511718939   14.901762522694  293.203892474579
     0.490367390298   24.037137992890   14.842029929721  289.935274683853
     0.490826239335   24.153738672399   14.880002314224  291.414049685966
     0.491285036323   24.494912709060   14.959412693390  295.088236453851
     0.491743705322   24.579638255627   14.987577306138  295.900236872735
     0.492073149617   24.728374462460   15.025906979469  297.895914718048
     0.492369054905   25.093202899536   15.108596779787  301.978451987825
     0.492642839500   25.359880310225   15.157483769829  304.019004934774
     0.493033059494   25.634165787705   15.196767740879  304.953467537979
     0.493421965985   25.995250591822   15.264123870705  307.474987627245
     0.493807347770   26.071574940741   15.303823809407  309.785249782288
     0.494182906027   25.739823799173   15.264939653229  308.575890177016
     0.494583626540   24.931749541278   15.082737841857  300.235716721493
     0.494877614108   24.696960521797   15.021509423637  297.480237112847
     0.495246944259   24.726124816893   15.018867350116  296.875355766102
     0.495704911217   25.169826060615   15.119201174868  301.814142019881
     0.496072308680   25.340619593269   15.160412540012  303.686502905763
     0.496582939239   25.364361259373   15.168245876469  303.939305950883
     0.497065855776   25.665632687886   15.226193671107  306.778474540396
     0.497398456703   25.657672077066   15.237291740209  307.481283017717
     0.497543448537   25.648291893471   15.245858406724  308.075207485191
     0.497888211155   25.553055753666   15.240251107739  308.184054818829
     0.498277804108   25.186921692670   15.165046603212  304.717023571593
     0.498653577885   25.150039353073   15.158833747746  303.637862893108
     0.499047682386   25.001529865929   15.115203786914  301.294814447627
     0.499412857711   25.147838020979   15.135241404473  302.176195441527
     0.499728422084   25.457573198907   15.185379063936  303.860390167292
     0.500000491169   25.758732862593   15.244624969604  306.797979294839
