# {0} signal over time, extracted at r = 500 km
# All quantities are measured in a resting observer's frame at infinity
# cols=4 rows=1044
#              time        luminosity               <e>             <e^2>
#               "s"           "foe/s"           "MeV^1"           "MeV^2"
  -2.7222962478e-04  1.4635252173e-06    3.622501859802   18.603580316445
  -1.5389490378e-04  2.2040955187e-06    3.447540375259   16.223664773755
  -4.8785066368e-05  3.2148532600e-06    3.385888275913   15.280932981608
   8.3270964366e-06  3.9261727934e-06    3.370727328062   14.990205313676
   1.5507814505e-05  4.0245467744e-06    3.369514385815   14.961755387643
   1.7759701168e-04  6.9409672925e-06    3.374764508570   14.690680879352
   3.6932540954e-04  1.2084762150e-05    3.431603806576   14.968751515231
   6.8554980019e-04  6.7160121513e-05    3.272878035359   12.916590132005
   1.2777223247e-03  6.5213712676e-03    3.733989307749   16.570704560545
   2.2790027300e-03    0.445572511817    5.075580351507   30.453158965937
   3.2799485632e-03    2.369735475022    7.667029103712   70.639738047867
   4.2818783517e-03    5.103756129308    9.458742456895  107.609340571103
   4.3438897589e-03    5.246993409603    9.537709439628  109.474779759805
   5.3466504198e-03    6.930387397890   10.455080076259  133.369615866684
   6.3489265370e-03    7.916326582228   10.924118723843  147.581979360035
   7.3504447287e-03    8.993007635420   11.221700510506  156.823875393737
   8.3514611021e-03   10.554674275557   11.548279386902  166.317036974333
   9.3517129738e-03   12.326389080498   11.867884201850  175.618896750327
     0.010352599803   13.951585471631   12.104997822430  182.521138200329
     0.011354088961   15.409999017839   12.283734474431  187.672663519770
     0.012355578119   16.876911353997   12.432811927865  192.011507797909
     0.013357067277   18.435707264978   12.596268242206  196.870464692348
     0.014366758922   20.007623457788   12.733360423168  200.924708180079
     0.015375415733   21.411051778887   12.845594246455  204.272649763563
     0.016381045123   22.656929384883   12.953400830733  207.722801349152
     0.017386237836   23.723823085377   13.035109330857  210.226245620271
     0.018395235818   24.733889322146   13.085364605049  211.676454901072
     0.019397344440   25.641064640838   13.151110634066  213.789826509574
     0.020398013699   26.521817971136   13.206959226988  215.654866483500
     0.021402535495   27.287824239335   13.246763276414  216.885937740093
     0.022408337688   28.039749253269   13.295851306021  218.458714385952
     0.023412157903   28.543034207979   13.317121189370  219.268333161359
     0.024418103680   29.093546236233   13.339266804498  219.940429542727
     0.025425887736   29.632402119355   13.365478180386  221.086267794658
     0.026444801838   30.158847003236   13.359908965994  220.853849891853
     0.027447251320   30.769352334157   13.394626398132  222.294463099670
     0.028450378975   31.254744466078   13.417888359560  223.254117520733
     0.029454341077   31.626584312869   13.424329129441  223.584065152377
     0.030454922924   31.937660100806   13.434700958084  223.878002961907
     0.031460295801   32.384626356390   13.470516566667  225.218666487816
     0.032479639322   32.707982715061   13.493056084464  226.171653803623
     0.033485506920   33.061048452252   13.509573646082  226.745317165540
     0.034487357647   33.281852185633   13.509767932870  226.685418026365
     0.035492390773   33.673754678753   13.543103014096  228.167243358243
     0.036498210491   34.079371116408   13.582703359330  229.713591303722
     0.037501429140   34.337057527282   13.584709518810  229.468139461127
     0.038505458965   34.650811658422   13.617033041616  230.905026367920
     0.039510987144   34.942649473145   13.654944104525  232.490087402493
     0.040517358977   35.015771668974   13.631052057931  231.236423745313
     0.041524389921   35.189009175023   13.656393185700  232.564413158593
     0.042529720243   35.312500831101   13.678089929564  233.333531552619
     0.043540576918   35.246872874680   13.641778572199  231.540063514978
     0.044548115022   35.517857110618   13.673312772481  233.056302401550
     0.045554406860   35.800542529883   13.712837647459  234.858253102734
     0.046561757151   36.055028118050   13.721595736556  234.814017757204
     0.047571250406   36.004184046569   13.704205439587  234.027778979509
     0.048574597061   36.152996814902   13.750749021042  236.369586313006
     0.049581400414   36.297448035895   13.767359741075  236.706549149803
     0.050589962025   36.240620999526   13.748067830596  235.888650337794
     0.051594541172   36.459466230973   13.799171437805  238.218169588572
     0.052606607297   36.291156344860   13.760934126736  236.136615871633
     0.053622543309   36.395572046558   13.781120976450  237.143992682710
     0.054635923666   36.578346515745   13.843234151753  239.909257382217
     0.055637971113   36.154541321317   13.778743934167  236.706470942610
     0.056643979500   36.258268913524   13.835200238347  239.204367931172
     0.057651970782   36.125851394138   13.843778692014  239.270409331503
     0.058659879955   35.991049003453   13.843669631651  239.034679857907
     0.059661681985   36.237340954383   13.909909378848  241.944414422196
     0.060663339753   35.894101010538   13.864243958805  239.491899102575
     0.061675311024   35.981034135083   13.905959830246  241.569937326537
     0.062687994436   35.923163276316   13.892419003385  240.572139385051
     0.063688466980   35.986193895694   13.918604825117  241.610632385761
     0.064692210684   36.086926911745   13.957482952495  243.321868915619
     0.065692535820   35.769666594840   13.922557429564  241.550097382428
     0.066706631361   35.801725316662   13.970644429299  244.018284611896
     0.067720841479   35.789733221723   13.977671350311  244.000729442363
     0.068740261140   35.821955512293   13.994781709123  244.579594540533
     0.069747401140   35.872499819121   14.036710474452  246.609439482221
     0.070007401140   35.825638135976   14.037081796483  246.590922887239
     0.071025541140   35.414538904979   13.988011251764  244.243880940057
     0.072037541140   35.274760600322   13.988233637422  244.202214759712
     0.073049541140   35.281250720583   14.012011807617  245.263852170939
     0.074053541140   35.198502217074   14.029330212122  246.020538070180
     0.075059541140   35.229316732547   14.049385695022  246.699314409347
     0.076064541140   35.249376757227   14.065452335771  247.266199943770
     0.077083541140   35.100268092577   14.070926924975  247.494655684471
     0.078085931140   35.090948507075   14.091814665521  248.337637894104
     0.079102931140   35.169947013046   14.122748483758  249.561661834144
     0.080110321140   35.196245100809   14.150050942288  250.769885281274
     0.081122321140   35.191944835299   14.176036961816  251.881378937330
     0.082127321140   35.076588449950   14.183718843086  252.181135526065
     0.083134461140   35.001037790964   14.196165068432  252.711008291707
     0.084152461140   34.962333736950   14.215067725541  253.443488011792
     0.085153601140   34.937410228028   14.235663689685  254.323182838420
     0.086159241140   34.890678906838   14.258870183654  255.337137846466
     0.087164241140   34.840344354704   14.276901554738  256.028026658971
     0.088172381112   34.813780021330   14.294989299160  256.730601782394
     0.089176762112   34.799711145539   14.316587106087  257.732611585378
     0.089996978112   34.775619271193   14.334825386148  258.498728413878
     0.091003978112   34.716734736674   14.351204245201  259.155360049124
     0.092010368112   34.714530827737   14.359917008145  259.747061890378
     0.093029758112   34.653486750582   14.383735829156  260.802124774238
     0.094037148112   34.702296011346   14.412005881888  261.976197779644
     0.095043148112   34.563262045420   14.422703778422  262.420642361458
     0.096054148112   34.421439695799   14.428543684265  262.715950820825
     0.097061538112   34.319560455362   14.441628058526  263.252430865986
     0.098068538112   34.184695394464   14.450276419161  263.672447771586
     0.099080928112   34.085407852893   14.460562753150  264.107476175527
     0.100093598112   33.973066376141   14.478296041934  265.067408537044
     0.101098598112   33.854159387279   14.493534263380  265.762655076734
     0.102116738112   33.754030850609   14.502283748733  266.141624598139
     0.103129738112   33.681849757273   14.519430429291  266.778539590149
     0.104145738112   33.579489639823   14.530713147393  267.284650243912
     0.105146128112   33.434430327534   14.536850089929  267.644655598652
     0.106164874112   33.340288125997   14.557581513251  268.692527484213
     0.107169874112   33.210329431973   14.568248953624  269.181027267995
     0.108181874112   33.126843548281   14.581640439342  269.718901448023
     0.109186874112   32.997173369700   14.586497187843  269.929972782778
     0.110206264112   32.837429483089   14.592278725621  270.192102831916
     0.111212264112   32.665636212023   14.596467839114  270.405385025057
     0.112224480112   32.588825028928   14.611679029535  271.269245814064
     0.113233870112   32.446996944047   14.628234313378  272.045280131675
     0.114237150112   32.305597200779   14.631983850682  272.188044396880
     0.115255150112   32.173400219291   14.636542818112  272.341029837692
     0.116255290112   32.066533886314   14.648631227129  272.931989429728
     0.117269290112   31.986858108345   14.668841620339  273.957810107352
     0.118276680112   31.850126730373   14.676262354100  274.265197522385
     0.119286856112   31.754598835577   14.691206417807  274.876038874068
     0.120298856112   31.637658698702   14.707666878709  275.791428949676
     0.121302136112   31.543574813625   14.722902585742  276.613578158647
     0.122313136112   31.390308849071   14.726024367823  276.716253882021
     0.123331136112   31.266957700123   14.732475719788  276.955364813149
     0.124343062112   31.123524519989   14.740193016902  277.322446014243
     0.125351128112   30.982530935113   14.750571061826  278.050513746692
     0.126363128112   30.919262853562   14.778773568380  279.378033994007
     0.127377128112   30.714008006251   14.775087003601  279.276884550293
     0.128382518112   30.565775509032   14.772639128468  279.103771900988
     0.129383964182   30.434458551779   14.774747919656  279.177745497188
     0.130400739878   30.252607531609   14.778966553943  279.559784690189
     0.131405739878   30.193584864057   14.802212789496  280.815734568250
     0.132407170878   30.026192519977   14.800751590217  280.765324916419
     0.133411349378   29.857208761737   14.800110381072  280.603877116707
     0.134413879378   29.765613290283   14.814462465248  281.634075256361
     0.135422732300   29.659067991850   14.837404287461  282.775941864772
     0.136432732300   29.534437265590   14.839866654074  282.771586649488
     0.137446122300   29.401366224761   14.842694291055  283.024047586857
     0.138460262300   29.331801345484   14.872681717262  284.740199302093
     0.139463431483   29.200146043949   14.881476488061  285.266419102519
     0.140464072461   29.059715419943   14.888654427333  285.471457057291
     0.141475375732   28.876362362825   14.875661803026  285.025303341224
     0.142491155732   28.703905756814   14.877501925025  284.808205544717
     0.143507155732   28.563265586821   14.877511890694  285.033428318064
     0.144514080473   28.489667018280   14.905322580859  286.815094734929
     0.145522720473   28.347748808470   14.911814118882  286.958495454269
     0.146538720473   28.194645923866   14.906648254012  286.771396526958
     0.147553486476   28.039810247811   14.907747191128  286.794905921936
     0.148555452476   27.879379881799   14.908120483221  286.531307550244
     0.149570673548   27.723820358352   14.904192398617  287.098802656658
     0.150581673548   27.626116114344   14.929008880138  288.336181492794
     0.151583967540   27.491806475268   14.922376389990  287.895171938757
     0.152585096489   27.313713871489   14.922983381197  287.554192553005
     0.153598995286   27.244257592297   14.932262919399  288.963659156786
     0.154601873796   27.105855356051   14.938204680107  288.773826900232
     0.155611403796   26.960251584804   14.933417209055  288.785940574906
     0.156625670828   26.903718810389   14.957286011035  290.385548370470
     0.157628081938   26.769089568232   14.958299098410  290.072229871900
     0.158638361938   26.611664932530   14.955812750681  290.090527547338
     0.159648877938   26.540969966259   14.968497578204  291.401935716829
     0.160654285965   26.406111462506   14.971501815733  290.991629616455
     0.161666111965   26.295597895980   14.963947071945  291.554129062198
     0.162679831965   26.221431475161   14.991078632983  292.773277537856
     0.163691313426   26.067953247670   14.986850277546  292.142635190992
     0.164709143426   25.920227336032   14.994970342651  292.208775319676
     0.165716583426   25.886352487591   15.008208360638  293.982697121827
     0.166724736207   25.731491660234   15.009809664469  293.422478059718
     0.167735808447   25.636334595925   15.018448296504  294.318774341732
     0.168754787358   25.548043719118   15.032270531224  295.131466593620
     0.169770142223   25.380629111569   15.021722969905  293.894262325711
     0.170774185223   25.301426818987   15.009860266408  294.642930551228
     0.171780907223   25.180302706344   15.021586586251  294.678400666718
     0.172787465328   25.000114691215   14.994231768711  293.264652216331
     0.173795105328   24.929908462780   15.016387842885  295.029834844860
     0.174805323050   24.845317193330   15.028663678365  295.652731314822
     0.175819622835   24.726065745134   15.048084238034  295.956106967941
     0.176822423760   24.674406713877   15.050421178933  297.115382834504
     0.177828471323   24.554111246815   15.046530265218  296.248533881241
     0.178833471323   24.478948617065   15.061575925338  298.002590538463
     0.179845627823   24.405931447026   15.081859020612  298.932400900412
     0.180860131470   24.241884342420   15.045697609480  297.096509335942
     0.181869993334   24.129618894679   15.076008509604  297.413499643168
     0.182879693334   24.104649501842   15.080476074973  299.170701700074
     0.183894459707   23.952203219415   15.054896862714  297.939996978586
     0.184898621607   23.858601018838   15.092523368546  298.500198900478
     0.185905118067   23.833067647528   15.105681174081  300.769237248708
     0.186911044188   23.726719507643   15.100408091243  300.333935774090
     0.187915238095   23.571151874226   15.093467586918  299.100402602997
     0.188918284547   23.561114499159   15.122463790956  301.829603128331
     0.189919219547   23.465488067726   15.125147210848  301.770561433241
     0.190919512054   23.310401431505   15.095734550859  300.371901504242
     0.191403619861   23.249331824095   15.089253413345  299.770671333940
     0.192407128140   23.186580736691   15.105325064903  300.970840876869
     0.193408938800   23.082192368395   15.099362940049  300.236554944118
     0.194417747204   23.027955589222   15.110155100520  301.930315649234
     0.195426162914   22.991472460349   15.151131258374  303.595872534558
     0.196436412914   22.841838007109   15.112954113589  301.910299617627
     0.197439447921   22.714827073125   15.103089572876  300.759821523550
     0.198444027261   22.659648727903   15.131836136661  302.497082580295
     0.198471027261   22.661701502631   15.132196602021  302.597300166105
     0.199471858633   22.597747592229   15.145302209541  303.735445200748
     0.200472421855   22.507193802517   15.144538083952  302.796134156398
     0.201480641455   22.501467632226   15.141565348791  304.097211645809
     0.202488965878   22.368740440206   15.148951049973  303.810412277375
     0.203492528043   22.355350674650   15.168947872420  305.823499211198
     0.204500736459   22.219408295419   15.127382943075  303.002728218574
     0.205501869210   22.175839992362   15.147210690307  304.905011234671
     0.206506677940   22.060864749991   15.149843969379  304.363556852144
     0.207509400278   21.986312680511   15.166163531025  304.240255635301
     0.208510420525   21.982562471422   15.192145774434  307.221714037407
     0.209516053752   21.859301481364   15.145381125809  304.835595704023
     0.210520247660   21.831624364822   15.172087209087  306.629740430129
     0.211524441567   21.768354897296   15.184393065664  306.923416416586
     0.212526996885   21.661459655290   15.173041298089  306.141381854794
     0.213528451351   21.558333357617   15.188531266680  305.920232263448
     0.214539620591   21.587298142190   15.215697437045  308.749749382225
     0.215546792053   21.437154554355   15.160301738480  306.052803710872
     0.216555976963   21.450529231321   15.220843876576  308.875388791589
     0.217561787945   21.371197934618   15.214571781304  308.713507871593
     0.218562217679   21.275881810383   15.205684065218  307.294757477171
     0.219567871526   21.238825062301   15.213151233405  308.672179625894
     0.220567980432   21.250829097966   15.249303521203  310.585056156139
     0.221573304422   21.201456654975   15.264652380997  310.519707834152
     0.222579690664   21.194838374881   15.287986603473  312.922223279944
     0.223586983936   21.088848020965   15.249686882013  310.076391424773
     0.224593192434   21.104349288358   15.289688195014  313.153559277479
     0.225595727541   21.020981903589   15.305261115331  312.631631545130
     0.226600499022   21.049423519394   15.324543652711  315.225469971088
     0.227603719064   21.024477416706   15.333031839201  315.414853071661
     0.228607912971   20.938325955744   15.335880604389  314.336533886261
     0.229612106879   20.978882906296   15.375331352368  317.721375505059
     0.230612431035   20.929327793695   15.381735194013  318.186637277815
     0.231616252350   20.895525125421   15.415251371753  319.115522210794
     0.232341116768   20.745349820655   15.344084450480  315.534767841762
     0.233341513935   20.765739083679   15.382169251162  317.993039676837
     0.234345354273   20.791514304544   15.405840438821  319.513328481985
     0.235350803423   20.739525129336   15.414701220221  319.035914812628
     0.236355651020   20.729299649078   15.432154228192  320.623860274038
     0.237357370608   20.674207041825   15.438329838982  321.136909258805
     0.238357551493   20.545394274063   15.368786017686  317.498549376481
     0.239360757478   20.452097840633   15.375374707856  317.602317220942
     0.240364951385   20.446903272466   15.391348469780  318.718554129371
     0.241367383323   20.365750480523   15.384634188048  317.412972611712
     0.242371577230   20.259391465325   15.345044922232  315.484334226577
     0.243375771138   20.360811255116   15.431772624311  321.337237404148
     0.244376687256   20.267338926748   15.413586422722  319.278343894249
     0.245379582724   20.158358165395   15.384095067042  317.585541526369
     0.246379992787   20.227872117132   15.455323730434  322.295508866798
     0.247384186695   20.202686085194   15.464037931169  322.285024403738
     0.248388985204   20.152575761004   15.466473306436  322.570396402748
     0.249393805144   20.062558056333   15.435758292698  320.564140563802
     0.250397165467   20.128396564567   15.490021383518  324.169040467240
     0.251398316612   20.256621221126   15.595928354385  331.009767994735
     0.252398343512   20.075942469843   15.505315063712  325.980562181722
     0.253401205140   20.006627128468   15.519929719271  326.853883994322
     0.254403681385   19.936783290193   15.507495033391  324.535888816461
     0.255404651628   19.933919414593   15.508646938829  325.360160463192
     0.256408187627   19.965753863538   15.544739369685  327.170128452617
     0.257410526798   19.974297913241   15.598450678992  329.789076820756
     0.258110201654   19.868813297437   15.580597312262  329.303254526365
     0.259111952530   19.703866009488   15.512457984270  325.882107906713
     0.260113326498   19.680386642328   15.503318518650  326.231408180686
     0.261117573414   19.574505652447   15.509423604798  324.226130838457
     0.262120934876   19.556985078853   15.505827293679  324.612876805907
     0.263125128783   19.535368460273   15.499164426369  323.687194941227
     0.264126481333   19.661599728945   15.610077427093  331.827858517219
     0.265127113547   19.526203944769   15.567910700383  327.464237265172
     0.266128716563   19.515644637176   15.573637905642  328.228301627002
     0.267133255104   19.553057496665   15.600958003634  330.064355196042
     0.268134653397   19.547076330065   15.642284669592  332.636705588420
     0.269139228782   19.418740498613   15.583764493859  329.790300525919
     0.270142589282   19.418719426180   15.627151265855  332.615693480045
     0.271142833015   19.279902074910   15.583065280783  329.088421721930
     0.272146767918   19.254639659521   15.593252831559  328.912563751623
     0.273149468371   19.319325495753   15.628221302105  330.948224303368
     0.274152440104   19.437126045936   15.724110742874  338.764875567112
     0.275153713089   19.418770327651   15.730380766416  338.915481623147
     0.276155529505   19.254234643365   15.660874500040  335.062442027276
     0.277158141759   19.054767071516   15.588859046081  329.446094074456
     0.278160632384   19.101233441808   15.630869543826  331.482563665671
     0.278343070123   19.103751790076   15.623525635506  331.183276892648
     0.279343616687   19.112971192282   15.606129337490  330.580550948679
     0.280344480070   19.201042658795   15.700931103560  337.212479233569
     0.281345758867   19.072000029821   15.677089431284  335.578870664978
     0.282347176343   18.949506896274   15.637712834243  332.288956823230
     0.283348610477   18.967934113684   15.635731161513  333.785139399974
     0.284349491773   18.895376283371   15.640770179118  332.383743923464
     0.285352930240   18.834470986073   15.640400704712  330.761680357988
     0.286354040514   18.889047016527   15.685714095124  336.022397330629
     0.287354458423   18.804121011695   15.686542283593  336.907118433509
     0.288356853155   18.659229915764   15.651881007043  333.553504718121
     0.289361016628   18.502594947661   15.594733630948  331.860514867949
     0.290365849496   18.381407200214   15.538728852808  328.455623083553
     0.291369139301   18.304521230838   15.523224759704  326.882983011366
     0.292373133509   18.248257838163   15.545505213960  328.178553170412
     0.293379698399   18.167692406943   15.563137042173  328.273501466135
     0.294381875438   17.917765805384   15.476136486906  324.646088472443
     0.295382920751   17.665403743672   15.326426592207  316.497041963006
     0.296388867741   17.632943562133   15.349335631159  317.091709670567
     0.297390923913   17.639563180086   15.348750591404  317.882051898738
     0.298395286417   17.615619078427   15.360009118682  319.031280057805
     0.298552176797   17.640891662050   15.395418942905  321.002694167992
     0.299556692592   17.502538602684   15.359980193254  319.521204210350
     0.300559423211   17.428731756794   15.360432496448  319.765254634939
     0.301560029457   17.342135040043   15.334008547676  317.439948991354
     0.302562632870   17.292613671680   15.326780229817  317.219326254738
     0.303568424989   17.273899355443   15.320972868698  317.330423454704
     0.304573483249   17.273859967083   15.335583764443  318.636280773798
     0.305573731228   17.192880099532   15.313518902440  316.711211940072
     0.306577979337   17.178832227874   15.350768753111  319.785010152132
     0.307581196385   17.150781557305   15.356815497034  320.250326445485
     0.308582361952   17.071298078107   15.340484366151  319.115118836311
     0.309586027344   17.215916730120   15.487337241551  325.687529641697
     0.310587830609   16.954395222806   15.344423380417  319.746806516766
     0.311039632059   16.912753057723   15.320463813567  318.923827006842
     0.312041215149   16.812359123959   15.314455497370  316.285913652855
     0.313045077973   16.772336833428   15.337539905181  318.666240848383
     0.314050742518   16.646694567686   15.295716741653  315.974209819215
     0.315058391109   16.388760186041   15.176598895349  308.660558825655
     0.316065614450   16.351289464836   15.154401654609  308.647454069494
     0.317072837791   16.268504479988   15.124246099948  307.169398738331
     0.318080061132   16.235286461331   15.132057705123  307.703243431998
     0.319081308106   16.191200378132   15.121562406287  307.041437492051
     0.320086173313   16.108645270719   15.104257126959  304.731418753371
     0.321089638835   16.125518769298   15.112158931930  305.955293729001
     0.322090930767   16.092067429675   15.111671277449  305.260621300958
     0.323095354257   16.098587427471   15.163195434336  309.019741673636
     0.324099777747   16.046480162056   15.161273980951  309.546019588857
     0.325105779062   15.989230177235   15.153080683455  309.137487141071
     0.326110492156   15.921824859763   15.132154013797  307.909184942617
     0.327113681870   15.922325627366   15.161766788289  310.126437641280
     0.328115452474   15.862800622456   15.155933795573  309.633493650113
     0.329118768242   15.782180693413   15.114134181346  306.836647224397
     0.330121550045   15.740551711770   15.085670898926  304.799034339436
     0.331125322252   15.814880363903   15.146008841420  309.236682639076
     0.332131899311   15.748152901392   15.153743460177  308.910399128418
     0.333135748231   15.618566772704   15.089574218929  305.694187299152
     0.334139833063   15.593960775405   15.057964002847  304.420660826323
     0.335143546988   15.653082763857   15.145359390862  309.100012407267
     0.336144320439   15.592311923964   15.120134125586  307.791538022567
     0.337149630840   15.592459485416   15.110500447291  307.240248827255
     0.338150727436   15.647856018465   15.173861298464  310.939472746686
     0.339152895546   15.597524071371   15.195713649560  311.393104045069
     0.340154477403   15.433241981237   15.084343874592  304.602124676906
     0.340531810157   15.465452944975   15.097288128963  306.478186885045
     0.341533271057   15.492523445490   15.140738711928  308.489369956358
     0.342534175261   15.486312363543   15.148881314161  309.851612711978
     0.343536316944   15.500152609449   15.177632782719  312.440312392747
     0.344538154753   15.460653046542   15.204549740103  312.515019050115
     0.345539849650   15.277484132023   15.064716791568  304.747506478318
     0.346540749347   15.289614097952   15.084030585267  306.216803944994
     0.347546065505   15.300397775950   15.107960428451  307.123113630598
     0.348549881801   15.369134662156   15.164636302590  310.697501269541
     0.349550332677   15.331653549805   15.145204487481  309.513715105122
     0.350557008578   15.378423377744   15.220361111611  314.117984694003
     0.351558430994   15.285325579378   15.189741953105  313.045058678946
     0.352560933974   15.118644726542   15.085783802849  306.425850065977
     0.353565127882   15.127984106757   15.092150293581  306.597782047429
     0.354569321789   15.197319659640   15.139099895393  309.857624271574
     0.355571522956   15.220270473106   15.185024573337  313.067143530012
     0.356576476946   15.161261440425   15.169421329594  311.277772640647
     0.357580670854   15.096937021275   15.129296069770  308.549893558241
     0.358582946045   15.163082772651   15.183988810304  312.545111174450
     0.359587231158   15.191405901807   15.246058460170  315.515429088497
     0.360588233774   15.038812647909   15.144185286542  309.979915548431
     0.361590840088   14.993086813023   15.122983758559  308.622473328262
     0.362591819582   15.084641041351   15.173079681698  312.736410782841
     0.363593991290   15.162072316992   15.272279436723  317.745544745607
     0.364596175345   15.043738094949   15.194603711863  313.650665859291
     0.365600859630   14.957106029808   15.156517249517  310.128677595575
     0.365987051431   14.928033127349   15.137357924560  308.908848500402
     0.366990746035   14.955377312801   15.211085574954  314.168360183251
     0.367993404581   14.878173958611   15.185629764951  313.183795357817
     0.368996200614   14.783868638964   15.130539936101  308.451414696355
     0.370001344350   14.870316061123   15.171544002277  312.565417821136
     0.371006700519   14.801672084457   15.139560985657  308.932627293176
     0.372010034869   14.925855948875   15.226521324185  315.541053980439
     0.373012977752   14.866576210009   15.196890675716  313.238881301544
     0.374013625323   14.827684478784   15.170457086387  311.258134442656
     0.375019282800   14.886346134334   15.264890589270  317.331949265859
     0.376020182575   14.798449930874   15.220758857015  316.274500061105
     0.377023667620   14.657779361042   15.133482858682  309.646670632865
     0.378024095792   14.725271287429   15.170999592981  312.472745797610
     0.379024614513   14.781917600615   15.259327411071  316.854319722994
     0.380027519391   14.693076938770   15.193694729403  314.070383101469
     0.381030236315   14.607202144047   15.144442142655  309.612896476875
     0.382033069192   14.660446802087   15.195593699031  313.534415916283
     0.383036300729   14.590994844615   15.167136627342  310.564435140142
     0.384040042087   14.680859210344   15.228661145262  314.824594301177
     0.385044460056   14.729839187303   15.281924998347  318.538802153822
     0.386044832594   14.585175706033   15.233508060474  315.650094843955
     0.387044882400   14.514688519722   15.193449662201  313.522544744008
     0.388044922360   14.482385623239   15.148259360682  311.201166833257
     0.389046202216   14.479698515552   15.173636464760  311.368856764042
     0.390049380597   14.563690514613   15.213358417364  315.010980145870
     0.391050004552   14.526429486032   15.216661107930  313.384144170391
     0.391222600380   14.516510479205   15.210374199245  313.062378674278
     0.392226275514   14.513627963926   15.224039631271  314.274130187763
     0.393229844126   14.462045027229   15.203117866066  312.828789322489
     0.394232252508   14.617924891791   15.353602689373  322.597169264635
     0.395235650119   14.456030126844   15.272057858951  318.515078228758
     0.396239234779   14.340592846937   15.204967019330  314.032063179498
     0.397244683929   14.324272757127   15.172873846067  312.386252508907
     0.398247323682   14.443315471484   15.250023951686  318.109926242627
     0.399250572429   14.420530682590   15.278943991467  318.018637623264
     0.400254445507   14.290114864325   15.185307143924  311.933890054938
     0.401258670566   14.340474273405   15.223403889331  314.460858818020
     0.402263091092   14.396786671448   15.301863105081  319.792947581889
     0.403264576266   14.278431600613   15.212224818148  315.419664074964
     0.404265224114   14.249252873291   15.192472132190  312.890297535067
     0.405266872943   14.356706654000   15.272427182010  319.172330609223
     0.406268329899   14.332731910863   15.287319901581  318.765974440277
     0.407273387414   14.310410380423   15.272385283814  316.938749286394
     0.408277810904   14.318577653126   15.321528026738  321.591744836107
     0.409281436083   14.189699218755   15.238438449094  317.505849588193
     0.410283626409   14.111273034538   15.203181866882  313.124250096441
     0.411288275021   14.215658364664   15.266749702054  318.924400815132
     0.411890163040   14.178751427871   15.235136338183  317.186824367076
     0.412890366850   14.182646737710   15.235453838209  315.897085071501
     0.413895719642   14.235797717349   15.280531622908  318.888325106829
     0.414896555905   14.183240844977   15.275909364723  317.825847545917
     0.415899142677   14.256837511630   15.314088159149  321.716521405415
     0.416901309654   14.236402007829   15.331441530111  322.564766689821
     0.417902777351   14.166017554443   15.304062014396  321.588297831394
     0.418905679018   14.126246778193   15.291019377594  319.870961206618
     0.419909454663   14.144566716477   15.281660202377  319.227676719909
     0.420913594241   14.133079640030   15.253684876666  317.449420296667
     0.421915071645   14.153768368286   15.349631943539  322.629525549944
     0.422918083727   14.079843052581   15.306848342014  321.054878994516
     0.423920067399   14.051130502166   15.271958305193  318.189791752969
     0.424925042257   14.191824978980   15.388610066650  326.100345020203
     0.425929695382   14.089914843901   15.324186443965  322.929114283513
     0.426934348507   14.108161451313   15.359612975375  324.497014953958
     0.427938511241   14.083009079948   15.358342756389  324.623526545720
     0.428941529701   14.008309721314   15.306442288772  320.018385518518
     0.429941574372   14.083648864778   15.357612763158  322.777031700540
     0.430945359114   14.108142076051   15.396058405577  324.502888343998
     0.431947629158   14.011305932196   15.374453753025  324.313169710624
     0.432950111564   13.913969206431   15.300585890157  318.980028093546
     0.433952562079   13.957415819459   15.333958788251  320.950685633676
     0.434636829286   13.968846753546   15.329331207535  321.044581337581
     0.435640055012   14.028440156097   15.418127026961  326.111417173276
     0.436641817049   13.958756353068   15.399682163874  326.147285628625
     0.437641828053   13.806852089634   15.274861193235  320.150492864222
     0.438644797139   13.762914596487   15.274257325775  317.944841490273
     0.439646198612   13.845480135384   15.319648635118  320.131930393145
     0.440648572025   13.947947113360   15.401632864207  326.653235408942
     0.441651022540   13.856773187001   15.330236912600  323.107727935599
     0.442652977636   13.755609180235   15.274157811549  319.040819331289
     0.443655160352   13.654354982561   15.237169133057  315.301080546063
     0.444658739037   13.758603216697   15.315074604747  320.075884977363
     0.445661958769   13.825336301946   15.356227624752  323.372786097457
     0.445842023849   13.818659656446   15.366600342490  322.746913068190
     0.446845071546   13.912524058109   15.402826684550  326.693836704509
     0.447845463072   13.653996689843   15.289227017840  319.370970207062
     0.448846606297   13.656638049483   15.267517892291  318.112166352757
     0.449850106131   13.604318701873   15.217638016624  313.813008523965
     0.450850855353   13.604428778886   15.223122595647  314.516687682437
     0.451852540878   13.643148426050   15.256080930520  316.937487252270
     0.452856652153   13.709941306315   15.318991313447  320.589387314581
     0.453860318201   13.770493623676   15.399742754339  325.889228447007
     0.454864900760   13.622153000967   15.327607117084  321.494529315260
     0.455868447261   13.481473775597   15.195597976373  312.680654761003
     0.456872870751   13.604376495529   15.273650659158  318.014316715798
     0.457877294241   13.696684601168   15.359520779476  323.767694939487
     0.458880105120   13.696642624331   15.359183439762  323.536569247584
     0.459881600257   13.674048377466   15.368184092567  324.066764287729
     0.460886254770   13.555813064879   15.313536369579  321.444345973543
     0.461886856817   13.530614065784   15.270131721616  317.928321399334
     0.462887458863   13.654994619794   15.356907371014  324.309437366610
     0.463889718978   13.651895377535   15.369239400613  325.085921684564
     0.464892997728   13.608159623248   15.333707429617  321.967767174071
     0.466847319014   13.665174670568   15.405036886364  325.397355098570
     0.467848138307   13.532937222337   15.354925716509  323.951401905214
     0.468849649287   13.415823315055   15.280320345970  318.284191829168
     0.469849764104   13.475728381636   15.299747883205  319.554598702464
     0.470851182180   13.501892908152   15.320820095362  320.821236984106
     0.471852483080   13.477034330035   15.313041389536  319.136345145684
     0.472855237884   13.631787091799   15.451068613297  328.543695527488
     0.473856009873   13.426798026874   15.359831608615  323.825119533728
     0.474857801644   13.257408278161   15.210025125607  313.901902257087
     0.475861887382   13.362547302444   15.278828552065  318.078100526916
     0.476864013943   13.408772028083   15.301211430124  319.086072158609
     0.477864330808   13.439319577071   15.353159065474  322.492922344042
     0.478866596729   13.455373459110   15.359394019086  323.030715632089
     0.479868821260   13.514012506075   15.409083077018  326.581532991087
     0.480870696635   13.406455691796   15.385049212924  325.485276552033
     0.481872076039   13.273960662379   15.292957649813  319.494945861609
     0.482875982014   13.286362668189   15.290547337526  318.466554068754
     0.483876518327   13.282281953729   15.331045845452  321.746518050144
     0.484876778675   13.118713958427   15.194691987849  312.542625811333
     0.485829405121   13.192171297183   15.244316893726  315.591400259256
     0.486830470199   13.257951973899   15.280812748166  317.381049294113
     0.487830930548   13.314655073091   15.350196445499  323.389023499921
     0.488831234761   13.233643020695   15.305067806713  319.229838505251
     0.489832916361   13.362848822459   15.395477531528  326.437466173015
     0.490834625516   13.306109808243   15.376560216298  325.352229046056
     0.491838424344   13.244558270289   15.350387454272  323.518043591611
     0.492842223172   13.180458013016   15.303662392737  319.329108191559
     0.493844845862   13.297067431420   15.380258779368  325.124555359556
     0.494849269352   13.354129814970   15.439833436487  329.009208630252
     0.495852261845   13.258240173966   15.375526850034  324.996353714704
     0.496855664407   13.177343835039   15.346667463068  323.130755084914
     0.497856802121   13.168790920539   15.313081610466  320.167269726012
     0.498857455801   13.223773589166   15.385868004659  324.612953507976
     0.499859748618   13.164189779419   15.305057562241  320.276632870222
     0.500863754963   13.280351031475   15.400242994406  326.121616403534
     0.501867404603   13.303407977634   15.457853080857  329.798758488229
     0.502870889867   13.212553322560   15.405920823723  326.808886701261
     0.503872902007   13.183609975163   15.368626865980  323.440070103846
     0.504877064052   13.266940858903   15.450075775341  328.953064301509
     0.505877329900   13.144766180551   15.402115530073  326.591759700582
     0.506878447911   13.044775089822   15.320493654474  320.628451765447
     0.506977275654   13.034927318609   15.312358906648  319.999424848914
     0.507977671898   13.124634366633   15.365403873914  323.984926815762
     0.508981288477   13.131047921133   15.356338219547  322.272129843310
     0.509984672733   13.255003772729   15.484268528379  330.905238081896
     0.510985200557   13.071452216763   15.337332076851  320.986291255653
     0.511989366225   13.220022490561   15.457094053514  329.986534111474
     0.512990151181   13.153558906540   15.467347142564  330.262295377002
     0.513992391871   12.874488140675   15.258133897240  316.251356121999
     0.514994842387   12.955512557482   15.294991700711  318.995301453138
     0.515997281796   13.130215586628   15.422822186601  327.721292456275
     0.517000559143   13.204955010259   15.481808117335  331.679632223088
     0.518004214594   13.139508693333   15.466237947958  330.451066672878
     0.519006277299   12.914250337378   15.311149395838  319.617068972929
     0.520008016099   12.982601598095   15.348509657215  321.882960233724
     0.521008303975   13.129570516928   15.470179872606  330.793150179517
     0.522012276749   13.076033514711   15.417628540449  325.752615252501
     0.523012409651   13.215743391246   15.551776208654  334.835858601591
     0.524014742090   13.039311727079   15.433349787761  328.869662826742
     0.525017412087   12.963852082440   15.378958034682  323.899514442499
     0.526021967347   13.071342686214   15.442428160304  327.709222041774
     0.526976463814   13.127266976518   15.493657648339  331.736284348551
     0.527977819478   13.001253787184   15.394504043605  326.378594477796
     0.528978409740   12.970116200676   15.395498861955  325.384384126988
     0.529982207534   13.123182529448   15.508753487353  333.317208471089
     0.530982228335   13.088493203975   15.508226901717  331.660063682231
     0.531982892106   13.037503303275   15.449521832702  328.367776484273
     0.532986437798   13.133145260911   15.557206912889  334.674767578719
     0.533988599989   12.949104818338   15.465000503984  330.231286403688
     0.534992042187   12.779172068239   15.326792940282  320.247662672358
     0.535993433839   12.918269761099   15.392895847382  326.011689032879
     0.536994064741   12.955991465491   15.419676704948  326.433501901510
     0.537995515677   13.026352596639   15.492258499220  330.690073638107
     0.538997892969   13.039302870811   15.530566699287  334.393266277538
     0.540001517082   13.036438474882   15.514708913607  333.196754724501
     0.541003171439   12.990176447084   15.527678823095  334.127091214177
     0.542005265427   12.793467865657   15.366797373444  322.441616578213
     0.543009002287   12.895326024262   15.427856550950  326.824936596001
     0.544011373615   13.018499100368   15.527647013092  334.321081863089
     0.544666560269   13.027889696249   15.540891294145  335.212391357035
     0.545667229493   13.012955097017   15.563534297773  335.938893663085
     0.546670659728   12.790149840630   15.405703192473  325.598051090933
     0.547670792630   12.803454525440   15.408400332316  325.410837631272
     0.548673263312   12.934383264448   15.487978620960  331.440159798094
     0.549675154503   12.902939592050   15.476043709202  328.795423406076
     0.550678708927   12.985543533226   15.532938797569  332.758492203020
     0.551679495672   13.009879225916   15.623789347235  339.426894680678
     0.552681254991   12.739462975016   15.413455870817  326.634152192897
     0.553683898528   12.729344277052   15.396748140518  324.684924826629
     0.554686868697   12.904508320201   15.520147952161  333.764339953394
     0.555688204862   12.912749910438   15.538987955629  334.543996749489
     0.556692117061   12.984674664337   15.568489152091  336.708700365908
     0.557694909867   12.929603489049   15.583546611877  337.405615734388
     0.558696624855   12.849253617543   15.511720857856  332.840385973452
     0.559698912857   12.908203671371   15.551754003301  334.856154290749
     0.560699563671   12.893116623370   15.578403995145  336.695192713746
     0.561702728846   12.746665586908   15.472053880427  330.068460115969
     0.562605626604   12.754336277445   15.452009325167  328.119565099459
     0.563607815207   12.901163555583   15.561331358748  336.074438994929
     0.564609046903   12.846604136451   15.534459485731  332.949891336999
     0.565609472799   12.831260307112   15.524770350753  332.504122935330
     0.566609496867   12.983995449703   15.651344314768  341.551955311451
     0.567612215689   12.871512426772   15.611665606414  339.198381224080
     0.568614943550   12.665910404456   15.447773959993  327.494366983418
     0.569615563758   12.747499183715   15.475244813330  330.203119188970
     0.570616848857   12.854627093013   15.564749942038  336.413332988030
     0.571617554904   12.840556065621   15.563797369500  334.600519260588
     0.572620092231   12.936613900431   15.666606646705  341.491835061232
     0.573620860590   12.766989602673   15.570793440183  336.850692483968
     0.574621115103   12.717704919736   15.496734775942  331.001753384796
     0.575621487702   12.844326476390   15.584665222165  336.795051686537
     0.576621948317   12.876553774643   15.645923022551  340.869735552112
     0.577621983790   12.721721158602   15.539097352273  334.307338524942
     0.578623263412   12.753608711470   15.528862401143  334.502091355592
     0.579624253822   12.798976483114   15.592985907389  337.716726223489
     0.580619049082   12.832603412789   15.589892127843  337.042196315394
     0.581621664477   12.886908670341   15.698437396702  343.799995440906
     0.582625015691   12.690086477409   15.521353738938  334.551024076752
     0.583626253960   12.682352225953   15.526973735261  332.467838508810
     0.584628645518   12.796039915619   15.599295782512  337.968724536012
     0.585630149575   12.871098908067   15.688204907269  343.093470056171
     0.586632066676   12.692069896251   15.580320744998  336.108852249756
     0.587634169546   12.629547714198   15.511567751248  331.646859242473
     0.588636272416   12.796717335029   15.627968739971  339.130492847469
     0.589637594907   12.781613573891   15.618397843251  336.955558709689
     0.590640850781   12.785495914194   15.654700147196  341.328168440660
     0.591642743008   12.642871055916   15.553238675469  334.415782166062
     0.592647141765   12.711010924894   15.596447258985  337.679118857409
     0.593649981175   12.769108848187   15.645492303876  339.338712726148
     0.594651026318   12.880799684124   15.744942736607  346.681993964798
     0.595651250858   12.658245865094   15.595543950394  337.533975952723
     0.596654622537   12.687148214942   15.599295850471  336.598903764334
     0.597320141014   12.810601880943   15.694999200899  343.748442574649
     0.598323099214   12.897673673776   15.771229398682  348.972777763994
     0.599325614837   12.679650780578   15.617610100525  339.428119230745
     0.600327713695   12.583652993125   15.531731187096  333.393375649845
     0.601328272934   12.677144158641   15.565187113358  335.946981643712
     0.602329058969   12.735609718915   15.611261974264  337.001758492901
     0.603331720943   12.824065862557   15.713646080206  344.133117127694
     0.604333614870   12.584017512805   15.562235276708  335.936100076605
     0.605336660518   12.534897297493   15.503853964466  330.617863370236
     0.606339391475   12.692449868407   15.615063958565  338.665813822954
     0.607339437385   12.704430281441   15.610527235988  336.825988631479
     0.608341859920   12.830283279541   15.715594439657  345.058721199937
     0.609342418064   12.725563581566   15.693942019696  343.509699431566
     0.610343997017   12.515767699749   15.527909153098  332.918072709703
     0.611347502823   12.571287632150   15.543824388956  333.397157397371
     0.612351522783   12.658783131798   15.607702665314  336.326407572182
     0.613353425938   12.747792738436   15.669989516456  341.501577962711
     0.614357324635   12.786964196049   15.715067183073  345.347686480634
     0.614513423056   12.796261745230   15.730951125418  346.082975491862
     0.615514695015   12.650553922656   15.676433818950  342.568251292474
     0.616517907326   12.482175127966   15.523301288944  332.598960526724
     0.617520088799   12.593956523567   15.576375126988  335.435927268481
     0.618522270272   12.640981065426   15.608401190158  336.174936017209
     0.619524500697   12.713914747447   15.685586820868  342.219412450537
     0.620525722078   12.714228184457   15.704715948837  343.915723939115
     0.621526476470   12.785713958953   15.785403126816  348.640882265634
     0.622526957057   12.519347062162   15.621490122786  339.139800437730
     0.623530115054   12.443163439465   15.514351274998  331.325828959010
     0.624531616909   12.586169397606   15.598348779784  336.780216292473
     0.625533281819   12.766285143379   15.752255349312  346.829094747674
     0.626534825556   12.615620330224   15.669075139282  342.542035940128
     0.627535358799   12.541900188190   15.603229211832  336.776619395922
     0.628537205061   12.682371626394   15.700660235636  344.197258823620
     0.629537931076   12.708583419361   15.731028320678  346.226303062039
     0.630222986029   12.674436029029   15.716883077633  344.156398246005
     0.631224772332   12.717585110157   15.740649198644  344.765962373543
     0.632225216783   12.646158798207   15.756111449208  347.151026418299
     0.633228073280   12.308874436348   15.480863504869  328.859417681505
     0.634230436289   12.450933191717   15.565941623644  334.528218893146
     0.635232102583   12.553038680047   15.621222567528  337.830021885849
     0.636233877881   12.655322567671   15.725556830323  344.880864917060
     0.637234190611   12.593804954611   15.676548062252  341.023722993458
     0.638235309658   12.764327426792   15.845438577971  352.135879744208
     0.639237686212   12.480210234267   15.663152111384  341.447255357739
     0.640239327940   12.430715087438   15.570240131516  334.352052290643
     0.641242586446   12.594423087017   15.697730442871  342.534227681709
     0.642243697660   12.596897222987   15.702656348459  342.224364604275
     0.643244648871   12.655146070753   15.762507738879  347.230133105762
     0.644245810552   12.678897525710   15.794385458295  348.896501717287
     0.644374654709   12.679865556838   15.800097951285  348.973873200928
     0.645374933205   12.459659844593   15.669497027554  342.912471980958
     0.646376622988   12.309896518947   15.535666363080  332.212449330757
     0.647380515364   12.512033843670   15.665895347258  341.033633186621
     0.648382570480   12.573739563180   15.703128850783  342.270039654776
     0.649385652638   12.549458077915   15.738180782646  346.618284525099
     0.650387109688   12.491379769903   15.692306204916  342.716506762355
     0.651388886287   12.598850452059   15.739336583668  346.237711349781
     0.652390645390   12.549204065843   15.746832205278  344.867601336727
     0.653392341407   12.586436082753   15.757604439835  345.776610156371
     0.654393790231   12.661800158801   15.821937831354  350.064944255621
     0.655395695286   12.422198918183   15.704554062441  344.387105416885
     0.656397100303   12.253243439005   15.537879135708  332.316211933124
     0.657397588731   12.454719493839   15.679006112938  342.003704910317
     0.658400950229   12.528883081329   15.735182956066  345.402311928184
     0.658764026401   12.531965717643   15.749541154809  346.608805629365
     0.659765775433   12.434883776138   15.687227514781  342.016656108906
     0.660769109270   12.538616889129   15.760977739607  346.240018256706
     0.661770264099   12.602867967148   15.839238275493  352.365672793219
     0.662773898996   12.433183675827   15.714263890997  344.643443351329
     0.663774801976   12.438844258669   15.679571139643  341.797315042662
     0.664777126823   12.592078939286   15.806370046903  351.048797042081
     0.665779160235   12.551321809803   15.791390592463  349.733448244083
     0.666780232635   12.554221653121   15.773997938543  347.516215442023
     0.667780486146   12.624892816461   15.894298854295  354.983167314373
     0.668782573881   12.274532482760   15.631685570989  340.731304667157
     0.669785571056   12.176159369499   15.538798820484  332.025865754617
     0.670786301812   12.356675579460   15.666895078397  340.514035306076
     0.671787278536   12.521804588575   15.792436262274  349.193931531818
     0.672788188091   12.391848594292   15.726865803565  345.471262780532
     0.673330527783   12.319049519770   15.676194741428  341.946453345794
     0.674332169512   12.451642183679   15.773593193387  348.111613455831
     0.675334106864   12.497192843587   15.818206283295  351.456674617650
     0.676337127594   12.478538636087   15.803030253751  350.302984639735
     0.677338341066   12.461325526681   15.812317759981  350.437998730862
     0.678341517280   12.326165836887   15.705907824410  343.464906503178
     0.679342068031   12.409996903692   15.750638548270  345.625988713609
     0.680343726311   12.510274600357   15.821893680046  350.258275390038
     0.681345912411   12.398226181339   15.810716145888  350.637727323976
     0.682348163269   12.156066927397   15.603840122177  338.126553987370
     0.683350096538   12.201287852310   15.619803114261  337.961849629572
     0.684353633380   12.404801098978   15.738271283982  346.479310585425
     0.685354392067   12.415838798110   15.807579687008  350.669258388972
     0.686355382394   12.364255180115   15.764347186983  347.683832241916
     0.687358558924   12.368754279838   15.798363133906  349.994449077159
     0.687873485406   12.258846933667   15.690384337329  341.672594331687
     0.688876269535   12.307707139919   15.723137070388  343.885950473760
     0.689879515570   12.467092280803   15.858810887687  353.651038046592
     0.690880476627   12.358275098478   15.813213349501  351.017223761564
     0.691882189170   12.245605359493   15.695529144022  342.958718073414
     0.692884157224   12.414016119470   15.814771919060  350.204751786300
     0.693884381995   12.490266943304   15.880779620110  354.940814551669
     0.694886780383   12.346658712164   15.786525457534  349.995767793432
     0.695889178770   12.333622668598   15.770435846577  347.401943842659
     0.696891809563   12.414612780959   15.852574184252  353.515052415290
     0.697892316350   12.447400107320   15.871912405598  354.340230059555
     0.698894127672   12.466019906973   15.944413263740  358.253818128225
     0.699894474711   12.047006801686   15.653944934053  341.811602139755
     0.700415873885   11.861699022270   15.495777801774  330.904855523226
     0.701416448660   11.899407867327   15.474181067236  328.980947354466
     0.702418639763   12.038963715336   15.573446476585  335.078484951737
     0.703420435187   12.165408067339   15.678824247146  340.592751200175
     0.704421049997   12.129654050269   15.680814867381  342.920142275116
     0.705421664807   12.079584972784   15.647441756556  340.920917924935
     0.706423259092   12.044031226292   15.613695681284  337.743280985750
     0.707425829183   12.148389282444   15.711830223521  344.068492285685
     0.708427146458   12.024710835547   15.617020718321  337.706423589006
     0.709428161830   12.147965394868   15.705922455349  345.310261521817
     0.710429005600   12.095879357297   15.702530285114  343.529519431373
     0.711431784137   12.038452026329   15.628392711488  338.975235702465
     0.712432129755   12.164974886500   15.765341616595  348.956720829737
     0.713433607933   12.011008934829   15.631804020589  338.838946462033
     0.714434338741   12.082021888943   15.683084655214  342.267065404220
     0.715437807538   12.187361091805   15.803153526992  349.980535049324
     0.715765288007   12.129544569133   15.767569686007  348.830400732384
     0.716766417157   11.965604712865   15.626720726178  339.197720487226
     0.717766677049   12.078549251546   15.705652583558  344.604772493041
     0.718767796348   12.153695963207   15.763029085894  348.720439776476
     0.719768073684   12.051591521575   15.700571398710  343.946871899168
     0.720768265257   12.121168056116   15.729189866778  345.627638523376
     0.721770481475   12.156733556044   15.800061041436  350.714005742617
     0.722771891416   12.061191223625   15.719083846787  344.688975291634
     0.723773310701   12.175824104704   15.805142766450  350.542359226534
     0.724775809777   12.142161470485   15.810984368243  351.196224171806
     0.725776921392   12.033479355767   15.700744076710  343.298854506554
     0.726778055464   12.130993551112   15.768470063034  346.990892981719
     0.727779111616   12.257287176768   15.885652363952  354.404538608420
     0.728779715190   12.034179607407   15.778558468692  349.530328222344
     0.729538810428   11.824159090845   15.568753708995  334.938221518198
     0.730540740482   11.953406352928   15.657220457857  340.314531335777
     0.731542670536   12.133441308779   15.791190441314  348.142524022915
     0.732544600589   12.145872731586   15.821878946549  351.560536594370
     0.733547343609   12.091173282110   15.783407359220  347.820288496646
     0.734548385084   12.132694471881   15.835955612524  353.667604020769
     0.735549003331   12.091443011424   15.789401702802  349.474082947688
     0.736549083648   12.193435139051   15.847895854097  353.766202436534
     0.737552024017   12.272964618788   15.950762351491  360.311668984173
     0.738552357965   12.102017092616   15.821755324045  351.147858925486
     0.739553670840   12.180315902402   15.863473899967  354.426338197820
     0.740554968543   12.165151830794   15.926529974782  357.652729436078
     0.741557573903   11.768762879030   15.630299445411  339.531621222031
     0.742431972282   11.733715033379   15.543954015668  333.126214179650
     0.743432460710   11.941030773531   15.723239598905  344.700457814169
     0.744432941658   11.889559190707   15.684814649287  342.576412110842
     0.745433531545   11.864197804533   15.665131722329  341.029449950204
     0.746433770803   11.973762415327   15.754349969516  347.470305513496
     0.747434582373   11.914510682735   15.701295538272  343.099352176490
     0.748437185828   11.959572132999   15.743118241890  346.977353905163
     0.749437677097   11.916337717921   15.772402863767  349.189697869661
     0.750440338055   11.737259920168   15.613110168299  337.909206784541
     0.751442472518   11.859054534200   15.674296429349  342.331123053152
     0.752443028274   11.982384290889   15.783533294491  349.761268423229
     0.753443827361   11.996762574475   15.797748731823  350.931345242650
     0.754444689448   11.886658777290   15.743472425984  346.823245590533
     0.755445891315   11.860713679156   15.704361063331  343.406638520826
     0.756444943936   12.006886734859   15.816101992065  351.462893296151
     0.757446990915   12.003641963530   15.850432395068  353.443065972358
     0.758448331632   11.815344092020   15.688583959318  342.842764803979
     0.759450004611   11.896812785524   15.753250467266  346.149089475586
     0.760452160924   12.031122243416   15.876042898109  354.322936486962
     0.761453814752   11.904529267712   15.759451601843  346.526478366128
     0.762454557453   11.981011646687   15.834661539502  351.458678182675
     0.763457518161   12.091197260616   15.937576508611  358.541359438274
     0.764459743968   11.841122387399   15.781841547625  350.089068919069
     0.765461547381   11.656204891495   15.615831709900  338.610336536836
     0.766462835863   11.737429812846   15.653592750797  340.614860673073
     0.767464486853   11.841455176939   15.727336122877  344.921779812834
     0.768466352608   11.952106355864   15.829610642020  351.890280604619
     0.769468782686   11.899360584754   15.829876566298  353.072849647731
     0.769743759492   11.871921032195   15.823020029810  351.866238459328
     0.770745459581   11.756900359573   15.720744153546  346.550809476212
     0.771748688965   11.771527251417   15.690532245472  343.938638456553
     0.772751038052   11.833805269113   15.768256887702  346.879405251422
     0.773753100013   11.948043561307   15.847141568354  354.003763132349
     0.774753846520   11.940337459963   15.894194101056  355.794966541526
     0.775755890103   11.717020869933   15.730266476714  346.978942062105
     0.776757169795   11.645973680983   15.636546985124  338.953409986477
     0.777757236142   11.792889098625   15.760198753034  346.662612010162
     0.778759765281   11.900871497017   15.852227653871  352.837569529985
     0.779760490901   11.875774949747   15.846429093516  353.511113030995
     0.780760920191   11.938007229322   15.918689206354  358.324151715506
     0.781761139451   11.754331548336   15.776835941329  348.817432397311
     0.782762045765   11.718025654565   15.715069645037  343.794833734025
     0.783254023766   11.827877157648   15.797760915439  349.123115418104
     0.784254974086   11.904784278317   15.866614457433  352.639270662045
     0.785256508421   11.987235319983   15.964905369739  359.947577215380
     0.786258777277   11.739706933623   15.791097884282  350.527023966456
     0.787260221358   11.702437586777   15.719697882309  344.226582849702
     0.788262779299   11.866075250203   15.853121849682  352.692984309891
     0.789262929465   11.926235115199   15.906493088632  355.742356194102
     0.790265198147   11.982009441195   15.972637739014  361.584919155517
     0.791267604835   11.832173371425   15.913534278673  357.900109282986
     0.792269011174   11.551960637519   15.648781396439  339.201109141140
     0.793269057983   11.741824434579   15.758068217394  347.083940584802
     0.793895484645   11.841789697539   15.854311425480  352.189247135045
     0.794897744720   11.950613894158   15.958506455601  359.326591272311
     0.795899844067   11.787753786246   15.851143830250  353.896421072194
     0.796902693981   11.767128274648   15.795238809083  349.142934853236
     0.797905543894   11.837899774974   15.846500004602  352.955652705715
     0.798906347336   11.775651709950   15.806368539374  349.488634616784
     0.799909370725   11.888309039854   15.914692426036  357.766788098859
     0.800911977871   11.836542564676   15.924869166229  357.545888738461
     0.801914034930   11.452436426874   15.634025322406  339.902358419503
     0.802915006648   11.318936312846   15.482901842590  329.218127755856
     0.803917686347   11.521224802077   15.624199414696  338.525079200084
     0.804919325290   11.633085836535   15.723971851137  345.022623155635
     0.805921495253   11.557157907500   15.682376722712  341.843312713442
     0.806896844047   11.663595377518   15.771604424546  348.587421978665
     0.807897906558   11.628521802616   15.789533941327  350.228525192844
     0.808899922092   11.500218773632   15.662787873419  341.161317775707
     0.809901051243   11.514816644457   15.666130206352  340.964065802293
     0.810904102563   11.653256813593   15.770283912791  347.768488679197
     0.811905108710   11.692275306206   15.816751727986  351.903119979508
     0.812907001735   11.584378427601   15.761684181638  347.195546632203
     0.813907221727   11.492701718631   15.678462561467  342.168844470953
     0.814909122948   11.612834670613   15.766115914434  347.324971655027
     0.815909892647   11.639087068156   15.783103043478  348.466495692161
     0.816910066811   11.619197784276   15.769814016215  346.697405701479
     0.817912174982   11.615243563812   15.813365908065  351.373068548250
     0.818913515699   11.468053891196   15.683912088438  342.301862745417
     0.819913890535   11.579993794050   15.756993313605  346.389005428976
     0.820331439239   11.670267246519   15.832860788823  351.595739305237
     0.821331753762   11.655754521303   15.818799169427  351.687657873219
     0.822332436408   11.584585631977   15.776506399773  347.956646155985
     0.823334636567   11.679819748416   15.870393687402  354.163387743145
     0.824335140482   11.583002308081   15.785558471006  348.509168736015
     0.825336795860   11.705681669205   15.877752672072  355.307740688545
     0.826338927058   11.658860902060   15.884833229020  355.880879426664
     0.827339281715   11.449834693055   15.684722669755  342.304195557057
     0.828339851081   11.651436753583   15.833850533737  352.204380433728
     0.829340837771   11.728960662825   15.934776244294  358.787883635689
     0.830342162110   11.575408088014   15.803117231914  350.974457935652
     0.831342391903   11.615241938100   15.815476518797  349.835918827865
     0.831873808245   11.732339717417   15.915497499967  356.665052623241
     0.832875045092   11.765516936083   16.004479783900  362.833921604897
     0.833876981273   11.365572776623   15.693652515012  343.886302786963
     0.834878692468   11.304841045372   15.600627580757  336.969135057834
     0.835879013118   11.493114139213   15.740781726445  345.473189248962
     0.836881418737   11.643735421137   15.867991685826  353.994577447984
     0.837881984145   11.649568669926   15.912103794742  357.259776730723
     0.838883129775   11.443233340969   15.760681520886  347.515049347166
     0.839885767461   11.485723841336   15.757826421865  346.417506046984
     0.840886416434   11.621711061768   15.855672798714  354.623207069888
     0.841888877355   11.641354313908   15.876750945125  354.346431274922
     0.842889601305   11.560601595236   15.878717102631  355.671179406566
     0.843889899873   11.449471141766   15.766378205510  347.924952832911
     0.844890754322   11.495236170259   15.784758148962  347.848544910318
     0.844902767872   11.496813126634   15.786135686106  347.950528053005
     0.845903254885   11.603124682264   15.875952165278  354.537134990971
     0.846904067607   11.632411193235   15.892095395248  355.903972098592
     0.847904771471   11.688379027206   16.013711053042  363.506743719485
     0.848906318446   11.280221178830   15.674293578839  342.760863409763
     0.849907960175   11.276911805372   15.629956628397  338.545541753469
     0.850910584730   11.465616169039   15.777690307077  347.244667187665
     0.851912949247   11.462103855008   15.782579869887  347.632040403412
     0.852914795377   11.489898114363   15.818372958862  351.471336619767
     0.853915332143   11.559024370931   15.892362889450  357.128015863577
     0.854915606997   11.501628011360   15.845896965218  353.466502243283
     0.855915637892   11.433241951835   15.802424506454  350.758186373126
     0.856583888223   11.439641072238   15.801978791522  350.584608239372
     0.857585513632   11.455876794170   15.794772422550  349.024926071365
     0.858587060714   11.563539742348   15.871133857391  354.171043127189
     0.859589826364   11.577166731001   15.953333936359  360.245213080283
     0.860592207369   11.310908182563   15.719975464846  344.677069608579
     0.861594407118   11.409428485044   15.766252623430  347.623222973787
     0.862596381671   11.559332392644   15.922737671780  358.593762201795
     0.863597789581   11.473674756362   15.843901557142  352.487466580713
     0.864599360118   11.494268889121   15.862401149504  352.913302672416
     0.865600502005   11.550988618985   15.902300079764  356.192401785793
     0.866602034395   11.617938167566   15.967999879872  360.666422352938
     0.867604475828   11.534306947247   15.947731337740  360.092372371086
     0.867680538188   11.513505954523   15.929902866628  358.873665457209
     0.868681838309   11.364482012673   15.773859281606  347.527148537022
     0.869682483597   11.559021949590   15.918512834443  357.579823348442
     0.870684182020   11.652558911350   16.042797225479  365.486209174840
     0.871686423607   11.327641256829   15.827208596905  352.966420287892
     0.872687457460   11.061898277465   15.564550162516  334.777368427239
     0.873688088362   11.245833921558   15.684052581784  341.894529518126
     0.874689806812   11.383700118839   15.808601841955  349.491758516925
     0.875692209792   11.445213030493   15.872636129526  355.338054602775
     0.876693012428   11.346208958324   15.835573931830  353.154712906907
     0.877694601196   11.254485659201   15.735135604607  346.187596831508
     0.878697331929   11.348056694506   15.798809333934  349.747569868628
     0.879698852478   11.453546514966   15.897960211899  357.303955556011
     0.880086534535   11.432634536365   15.898310325520  357.604266340508
     0.881088664768   11.371545815233   15.843284003382  352.350640125008
     0.882091116407   11.438962911110   15.893595234240  355.532390671475
     0.883091701862   11.291378455852   15.812654229376  351.847613337126
     0.884092514335   11.312879867137   15.791103792220  348.742163482212
     0.885095165395   11.456348805387   15.928754095730  357.864324899459
     0.886096636909   11.454866738168   15.906347185366  357.516488861643
     0.887096953324   11.557917400823   15.995264063090  361.949746451913
     0.888097843210   11.386148424193   15.905747469963  358.147570178879
     0.889098910307   11.268232464097   15.769309344987  347.106388709460
     0.890100266947   11.490656792551   15.934594801181  359.471082703215
     0.891100941590   11.536970021460   15.992076202751  363.142320233273
     0.891353976645   11.515303524705   15.980252987667  361.899527514538
     0.892354426534   11.467094260167   15.934633377429  357.825445703057
     0.893356279916   11.460551218234   15.983069356564  362.290418581721
     0.894357237369   11.231581605960   15.773440879992  347.571709056690
     0.895358414857   11.427609545571   15.908575984379  356.886992505313
     0.896358922215   11.512463863634   15.969050878936  359.750709514473
     0.897359293795   11.458555153670   15.955086841555  359.068074772443
     0.898360702731   11.589871096668   16.090628242507  369.100902546032
     0.899362097087   11.466634204502   15.991181380811  362.296098187650
     0.900362541275   11.483299615407   15.957571623239  359.116624687575
     0.901362925598   11.631157325706   16.126909427779  371.062365738656
     0.902364336204   11.414708273565   15.975986955937  361.695905003102
     0.902522363881   11.365910004433   15.929953798167  359.203715390505
     0.903522994783   11.202698955819   15.783551723155  348.324150402725
     0.904524937470   11.342428237002   15.881541952030  354.578775800012
     0.905527823118   11.429658771402   15.956112982316  359.016158988273
     0.906530893958   11.340922968030   15.923829552139  359.165040646174
     0.907531055366   11.306088664175   15.910934510965  356.426741222394
     0.908533254066   11.033803922353   15.712544642375  345.179197046381
     0.909534619780   10.934718090164   15.574547158878  334.795055869143
     0.910535960497   11.140916659431   15.749230779627  346.754328559150
     0.911538163937   11.156014261241   15.773563931717  347.941331758406
     0.912539787650   11.227874888332   15.832475263363  353.397465299134
     0.913540595319   11.127511108306   15.779273527409  349.595198982043
     0.914542904475   11.151801775583   15.777458284979  348.580270260719
     0.915170636047   11.220536396921   15.869371757851  354.855134370225
     0.916171856483   11.088457403356   15.754661283445  347.263809853956
     0.917173486844   11.199912037228   15.824225788929  351.115228779962
     0.918175201533   11.294504516315   15.930266584854  358.410012250569
     0.919177712866   11.151150607899   15.819296725717  351.723852160241
     0.920179071577   11.159220336999   15.805093820736  349.957129015722
     0.921182591135   11.322577199983   15.947924740710  359.725800613319
     0.922182883829   11.207859996759   15.899509280455  357.246659891930
     0.923184943289   11.098779710715   15.755452069644  347.201148245281
     0.924185260683   11.242751096097   15.877366175151  355.587038147684
     0.925185666801   11.305040417369   15.939981642457  359.488154485650
     0.926186176403   11.329686015144   16.002503720581  363.694429092048
     0.927188664560   11.057485629588   15.798095314817  350.493068136478
     0.928167779733   11.026993414140   15.719031100422  344.080859829876
     0.929168907015   11.263066704382   15.914862388993  358.240273009061
     0.930169036610   11.158573430710   15.833417344951  351.861311214980
     0.931169199575   11.225485030518   15.906323095301  356.017862741773
     0.932169717855   11.261584273313   15.960662319097  361.885460290353
     0.933171693168   11.220182153670   15.905487326748  356.185540890373
     0.934173630537   11.326624867857   16.040297718093  365.649064860450
     0.935174384591   11.009584432641   15.784643594549  349.449160090153
     0.936175629636   10.975590580407   15.714815594964  344.197533498602
     0.937176924372   11.217674666762   15.915182592006  357.312433762980
     0.938179268389   11.110733703004   15.833593880488  351.335820669016
     0.939180459449   11.202941725257   15.920538053192  359.195712289488
     0.940181693079   11.108262473842   15.853470497406  352.894412214577
     0.940249965348   11.105773594042   15.846455291916  352.505676383678
     0.941251500913   11.222387667736   15.918717226653  357.837217378054
     0.942252516522   11.289897401570   16.041687559669  366.055408447730
     0.943254252517   10.998470532221   15.766516994394  347.462075827228
     0.944256241062   11.144029591980   15.876265589836  354.557225927312
     0.945258017807   11.226469286189   15.950057933416  359.550582627122
     0.946258585218   11.171196326661   15.908004470905  355.893321443730
     0.947258840990   11.295646138389   16.035003911286  366.115279183821
     0.948260452338   11.185162166425   15.983303484710  362.248531702661
     0.949262397158   11.106717162228   15.851307069896  353.255545785074
     0.950263726024   11.190488621573   15.925824194886  357.133956299707
     0.950377854747   11.186506281448   15.919856069925  356.705742908955
     0.951379353208   11.232492906137   15.946443319524  358.765046404914
     0.952379617199   11.333521855906   16.077744979477  367.440924769604
     0.953380076089   11.276626697796   16.077310311395  368.450188303056
     0.954380817628   10.938248070921   15.755250635932  347.178460916957
     0.955382589666   11.081775186630   15.845146302042  352.211575306756
     0.956384028654   11.255110674355   16.017197683276  363.680078879792
     0.957384114715   11.148718541096   15.918641937634  357.223522309875
     0.958384929346   11.245690225682   16.033172649649  365.840321105374
     0.959385130897   11.098226194652   15.902259208952  356.247158868042
     0.959940931940   11.203086102710   15.956384861902  358.674964827588
     0.960941350673   11.465594542100   16.192093194651  373.635523601399
     0.961943043609   11.497332775917   16.233849279898  376.718877127455
     0.962944276676   11.548353669241   16.265632407630  380.485644221726
     0.963734462082   11.535525010961   16.298128145817  383.432075890207
     0.964736311463   11.381710058329   16.241050524594  379.363571538172
     0.965737458889   10.775899835003   15.745312291541  347.882514465551
     0.966740108506   10.421704488845   15.372063977706  322.409187028117
     0.967740775154   10.662225257078   15.534174085203  333.051959839183
     0.968564088470   10.813982083046   15.670842930719  340.925410767936
     0.969564613965   10.908260939810   15.746188773887  345.710124408578
     0.970564826052   10.897257500386   15.772177905476  348.351937243456
     0.971566756105   10.917706921534   15.817844873534  352.645381333218
     0.972568686159   10.891225103837   15.779754976306  348.645625020938
     0.973570107928   10.903629885047   15.801631000435  350.814198769660
     0.974573061919   10.961950701893   15.823235716241  352.991855248953
     0.975573364639   10.961903862551   15.864308353450  355.384083970021
     0.976574849410   10.868373090386   15.792523121182  350.251307362288
     0.977577161858   11.004143782764   15.904770760580  358.136292658689
     0.978577760474   10.883795415240   15.786016039357  348.648579206318
     0.979579531082   11.029491475915   15.914451355577  357.674566004746
     0.980580158165   10.967843284418   15.874987291969  355.238785121948
     0.980969796729   11.005395775764   15.890009729155  355.880827451114
     0.981971977603   11.062385135435   16.005022056925  364.397897509687
     0.982974648050   10.871489614675   15.813744476326  351.320171541725
     0.983975502801   10.974223546626   15.891551983478  357.443637559092
     0.984977284578   10.970410111466   15.888574132712  355.962157330927
     0.985979055179   11.103482779386   16.011082497083  364.619460766434
     0.986980077301   10.911317878282   15.876267292594  355.925193910614
     0.987980205322   10.911389173700   15.828520456877  351.907119588994
     0.988981209127   11.091764976051   15.997347010036  362.129745719223
     0.989981239634   11.132685476426   16.077204092977  368.566265971371
     0.990982448875   10.830367476589   15.825363554106  353.015587495135
     0.991978112165   10.899351497487   15.854622849874  353.202348415882
     0.992978601503   11.063217778886   16.002085558798  362.925513454929
     0.993979325118   10.834251303725   15.842836896395  353.499221302672
     0.994981984038   10.861458545848   15.831336821054  351.657711836200
     0.995982750198   10.936215454799   15.887798380336  354.879331890008
     0.996984334778   11.047605373154   15.977642782804  363.300125689570
     0.997985265189   11.004228603242   15.982501019405  363.282825050592
     0.998987440227   11.094897792951   16.043326707807  365.951497191709
     0.999988311671   10.955605908597   15.986327011501  363.583737236143
     1.000990018916   10.702236697996   15.717838529265  344.363397817300
     1.001992329672   10.868889235021   15.849368420038  352.966780315084
     1.002847514293   11.050171895002   16.007420556431  363.961887311939
     1.003848888266   10.963712228865   15.965283977974  361.122449933237
     1.004850296225   10.865537113918   15.860703879550  353.544241235890
     1.005851627788   11.008918212826   15.977415835286  361.167621595326
     1.006852727725   11.117752956399   16.098747905975  370.694229263551
     1.007853617479   11.070987682201   16.068377000874  367.635599572275
     1.008853907691   10.978610925648   15.980215954156  361.552313206390
     1.009856012978   11.098825443918   16.080521407896  368.377345651147
     1.010856280873   11.083096210825   16.131739934046  372.257699812792
     1.011857745054   10.717397063607   15.798162242180  351.438715149071
     1.012804352538   10.732023643578   15.765334581332  347.534163995191
