# {0} signal over time, extracted at r = 500 km
# All quantities are measured in a resting observer's frame at infinity
# cols=4 rows=732
#              time        luminosity               <e>             <e^2>
#               "s"           "foe/s"           "MeV^1"           "MeV^2"
  -2.5896952247e-04  1.5493357437e-06    3.575274704357   17.731961354011
  -1.3808203547e-04  2.4823944875e-06    3.431486773342   15.755795259266
  -3.3303161462e-05  3.7154433898e-06    3.386666703703   15.032190911466
   1.9926206909e-05  4.5123468061e-06    3.378258797502   14.836263618032
   1.8347741964e-04  7.8852217613e-06    3.392234114713   14.689158661184
   3.7826439963e-04  1.3955000545e-05    3.460999515316   15.114543247281
   6.8230008500e-04  6.2003528598e-05    3.260788226112   12.983579733134
   1.2488442584e-03  5.0317993629e-03    3.682976420151   16.159385880772
   2.2498498240e-03    0.419902446492    5.029658902686   29.939354647817
   3.2508908204e-03    2.382301885169    7.681936161193   70.907648873796
   4.2524804928e-03    5.236204934100    9.516816320667  108.875156073507
   5.2546376441e-03    7.078671409882   10.504932084469  134.497838486691
   5.5996924417e-03    7.469957242764   10.715017258961  140.722173239975
   6.6019300393e-03    8.349752059424   11.098547046255  152.965244656154
   7.6047514047e-03    9.395973270578   11.341205716974  160.568197434954
   8.6067893300e-03   10.872389964380   11.600762728845  167.933939195541
   9.6094604859e-03   12.618660117095   11.883517933533  175.932169450589
     0.010611090088   14.420092391313   12.133644858100  183.092256845671
     0.011615153712   16.306168981105   12.353256502964  189.427161704146
     0.012617277763   18.204683634171   12.543040900578  194.967471226498
     0.013619401814   20.028389057401   12.714120016261  200.079733998059
     0.014621525865   21.700643273587   12.857217660629  204.407553269594
     0.015631055022   23.133815935015   12.960442536241  207.517230654312
     0.016632161243   24.356985008340   13.024392642429  209.385679875893
     0.017632780912   25.444622223329   13.091950361808  211.599046394997
     0.018636843412   26.509587953928   13.165272055442  213.939765112132
     0.019645379571   27.466570295397   13.202988477336  214.980660966743
     0.020651935926   28.363595133247   13.267015944189  217.192500028392
     0.021663111077   29.168206973734   13.291725154167  218.005525290085
     0.022674000267   29.970046538195   13.352410273709  220.075549955224
     0.023684823479   30.577523202444   13.364355415322  220.412699900709
     0.024691528448   31.223186136223   13.411659079511  222.136979548431
     0.025701940799   31.699492827937   13.418002441777  222.338404336732
     0.026703617785   32.257344538839   13.458323894167  223.744811218951
     0.027715165541   32.809211524127   13.476444825190  224.504139252248
     0.028721288194   33.288935412233   13.477938647117  224.585966760678
     0.029737772793   34.016656718619   13.519325226225  226.261596923250
     0.030740508604   34.536547878016   13.540803887492  227.281902179312
     0.031747472580   35.055362943569   13.551177581477  227.614737514542
     0.032755924751   35.434983806734   13.557012723233  227.947394803829
     0.033757993147   35.786386477525   13.569658867507  228.429649251796
     0.034766460796   36.136107093851   13.601861177742  229.738906201262
     0.035769758232   36.376374980544   13.612976326509  230.296754938596
     0.036777271948   36.711389575996   13.629482976475  230.811087459321
     0.037781798354   37.121143807200   13.647469895973  231.534264947256
     0.038787151935   37.472016760297   13.681897980592  232.958038063187
     0.039791812471   37.786409136305   13.707065312214  233.890700665741
     0.040796473007   38.010462570657   13.721137148707  234.497895448485
     0.041802750382   38.288172595001   13.753110377413  235.834945317280
     0.042806812625   38.369639614753   13.741433659384  235.114083976788
     0.043816906433   38.396442612915   13.729020468348  234.741709275408
     0.044828720280   38.767351909942   13.789206410350  237.409954555874
     0.045832953901   38.805983631151   13.766696620672  236.023363237506
     0.046836595367   39.045656556198   13.778158526018  236.464981183822
     0.047838963042   39.364679077583   13.834995001929  239.043879978408
     0.048842070670   39.342330799731   13.819550649966  238.226985318236
     0.049849042723   39.349093861680   13.800121429971  237.297697025122
     0.050858452723   39.642593853671   13.865412283496  240.408174025218
     0.051866699040   39.312781155153   13.810236681887  237.681381270326
     0.052879417299   39.553457608724   13.838207183114  238.948916194142
     0.053891219814   39.896761204305   13.906552428995  242.071901249051
     0.054896103836   39.652511069262   13.861433088403  239.743079818406
     0.055902797735   39.606489964974   13.861885245193  239.471468400778
     0.056917279351   39.740027593499   13.925831067107  242.433456290415
     0.057924513665   39.808133837715   13.966155621401  243.957200549157
     0.058929469360   39.570301469048   13.936243226887  242.059009050331
     0.059930895116   39.744275652424   13.995351954380  244.803314330860
     0.060935646540   39.700538461036   13.998407421388  244.494036578332
     0.061945185867   39.576556754573   13.996869007410  244.167934471528
     0.062961344405   39.773310851207   14.046633098553  246.496555370162
     0.063975971447   39.565430962536   14.025097738775  245.126747867568
     0.064976860208   39.642585200974   14.072602790274  247.516516186901
     0.065988713096   39.431289508785   14.032787037209  245.326761995988
     0.067001409018   39.376738524597   14.050424606375  246.168204282478
     0.068009511473   39.566243965527   14.116002004673  249.236689676917
     0.069020587438   39.363937352025   14.099436908858  248.148282091486
     0.070012443297   39.267329262176   14.097671643502  247.891694164929
     0.071022919235   39.579742485255   14.163731288712  251.079757600763
     0.072037309235   39.291120426872   14.149336546730  250.165938270330
     0.073050309235   39.053509310014   14.130904383654  249.291201482488
     0.074068309235   39.011902537196   14.143922520188  249.758080768367
     0.075068334235   38.987848076617   14.161849990702  250.420502990581
     0.076073410235   38.895117975618   14.176846168376  251.104249489025
     0.077085410235   38.877748592901   14.194242814367  251.823154291166
     0.078087110235   39.071927544642   14.236714545008  253.562314309418
     0.079101588735   39.083073746637   14.263758082708  254.723834486599
     0.080116728565   39.036464741590   14.279605665035  255.319898876996
     0.081124868565   39.099940654875   14.309372401440  256.486689983189
     0.082142868565   39.088961078300   14.336218724792  257.616980074241
     0.083144868565   39.077007902636   14.364187219323  258.901781454156
     0.084159258565   38.967421297109   14.379982809346  259.616354814472
     0.085160398423   38.843272020223   14.389603490559  260.046139250702
     0.086165398423   38.911383217582   14.415816158575  261.082078910166
     0.087172978423   38.887543269070   14.433519663140  261.742988884071
     0.088181368423   38.758010470446   14.443355209048  262.197105519079
     0.089199368423   38.602785287128   14.452347630273  262.591426039004
     0.089998368423   38.632546117560   14.479059543577  263.824001247536
     0.091010368423   38.669459985602   14.514925734570  265.388223102921
     0.092029368423   38.589693194962   14.513331891519  265.309672230907
     0.093037758423   38.457337771725   14.528789731028  266.038245816694
     0.094049758423   38.525360054641   14.569289741708  267.832495486495
     0.095055758423   38.358672402586   14.576134319635  268.239362731593
     0.096057148423   38.207938020668   14.582273470660  268.509016497148
     0.097075148423   38.095359194469   14.594200585475  268.943372151114
     0.098089538423   38.004473922659   14.608398850070  269.576818000239
     0.099096538423   37.833131759511   14.614497289890  269.835381945149
     0.100101678423   37.698301206029   14.625486905743  270.321195762932
     0.101105208423   37.616964531183   14.650614846860  271.547948722043
     0.102118348423   37.493902978206   14.663330206769  272.181558123431
     0.103123348293   37.408462252390   14.675080791601  272.601979411225
     0.104137738293   37.327577013354   14.692157510998  273.319960961593
     0.105148078293   37.200348688771   14.707989968511  274.183637105279
     0.106155658293   37.112482935127   14.730874400027  275.222621150116
     0.107163048293   36.933988837391   14.736497668066  275.451542547934
     0.108171188293   36.814068704731   14.746822678648  275.872666503327
     0.109171576551   36.673330502258   14.757545442417  276.387481274846
     0.110183576551   36.624111258058   14.783802305696  277.693647902492
     0.111184716551   36.516580446595   14.799556920728  278.406057292161
     0.112197567551   36.324479967405   14.805330669797  278.627534323768
     0.113198707551   36.195551879401   14.817529441389  279.150132816748
     0.114205097551   36.086313318941   14.828213864491  279.687277514855
     0.115217097551   35.973925574791   14.851668977756  280.968753141020
     0.116225023551   35.792605944814   14.864531062273  281.573590211104
     0.117230489551   35.651666848088   14.869372309180  281.740246072475
     0.118238805551   35.500465428219   14.872258701417  281.839141299104
     0.119247945551   35.337957703282   14.882511608651  282.299749477638
     0.120260085551   35.263375305897   14.909123903741  283.787782714308
     0.121265085551   35.079456430778   14.918784958141  284.261734496252
     0.122267475306   34.892171781294   14.918660123806  284.176074978307
     0.123284475306   34.789366536640   14.926591972134  284.454808232999
     0.124299615306   34.593379984782   14.936367877211  285.197705288739
     0.125313615306   34.469531188123   14.961459525900  286.410871228430
     0.126332735890   34.350760317632   14.964906588205  286.519125059047
     0.127336651890   34.149209680029   14.968470225664  286.522378695743
     0.128338403034   34.031675841342   14.980305291100  287.418121016023
     0.129356030956   33.863230223145   15.002023769533  288.604204711329
     0.130359560956   33.711473923898   15.012987706939  289.090230491452
     0.131369511750   33.581212066965   15.014432615923  289.338274148895
     0.132375511750   33.355579257429   15.016074360036  289.222351789227
     0.133385264177   33.156053264863   15.013732746472  289.240145521814
     0.134405150161   32.956914799437   15.021054911143  289.352902546664
     0.135410717550   32.725391338569   15.015089408840  289.186811846834
     0.136428717550   32.629544250489   15.039132121679  290.885047625164
     0.137437074126   32.448490094500   15.041753216263  291.131472628336
     0.138442430055   32.246075368527   15.043955332243  290.698317938902
     0.139447658525   32.166170994016   15.056871257536  292.123866470621
     0.140450764889   32.044383155159   15.081423412382  292.632550764743
     0.141451799035   31.909437223755   15.082407518582  293.452105894811
     0.142454187830   31.797582827441   15.103755248796  294.454794534167
     0.143456803432   31.665413457474   15.109155033125  294.495341835731
     0.144459882600   31.521618733642   15.123432092088  295.412796562326
     0.145476682156   31.383413346870   15.148129721201  296.900266313757
     0.146485578909   31.204504663257   15.140444192573  296.442523652095
     0.147493718909   31.037656964004   15.144770799116  296.225483695556
     0.148498013384   30.930931542293   15.149434936265  297.498542716890
     0.149512505245   30.795922159193   15.171342662197  297.702402427509
     0.150517451919   30.708639743789   15.170448562215  298.977608516693
     0.151526517919   30.566370750527   15.201504209057  299.966652342678
     0.152529748013   30.372190017571   15.180738890773  298.994819314098
     0.153540928826   30.212131368967   15.190631632920  299.587710738212
     0.154545490072   30.151271626472   15.210553051456  300.782185243232
     0.155557070072   29.982051063773   15.211023761504  300.581824657519
     0.156571459785   29.914179392387   15.229140536460  301.985821988168
     0.157572105353   29.790369116890   15.243315025620  302.542115317309
     0.158576625630   29.690637371883   15.257769884675  303.247347081508
     0.159578748151   29.655665273736   15.273262595457  304.722818619630
     0.160579069725   29.513316408713   15.305019494277  305.035776912847
     0.161583615634   29.467772438966   15.306919567592  306.476124222382
     0.162591410910   29.320932864378   15.327832325202  306.564694865920
     0.163595250698   29.277744183062   15.323642250424  307.509295894515
     0.164602862834   29.149843133694   15.356119667800  308.155053467179
     0.165605556170   29.125995635623   15.380835839177  310.623055137110
     0.166622738170   28.957948461470   15.362970306261  309.631194156935
     0.167623877957   28.782450090763   15.353893115297  308.809783727726
     0.168627710957   28.709209422779   15.393143437063  310.508391314646
     0.169637771064   28.606271173492   15.408300290924  312.246485770750
     0.170647036155   28.463464189695   15.396405470612  311.478818341522
     0.171651230062   28.274880116347   15.392234849266  310.357141105560
     0.172651451568   28.250415964360   15.404059715257  312.302950158366
     0.173660229550   28.078948263147   15.373071033302  310.499438289961
     0.174672688095   28.012779326297   15.434235150430  313.477053854379
     0.175682955814   27.890746142317   15.402976732793  312.879475177197
     0.176685083479   27.742532647729   15.435044589068  312.717958781089
     0.177694551252   27.707010493971   15.449315498220  314.745254223770
     0.178704289152   27.545652612275   15.405847191268  312.705955444062
     0.179714027052   27.541832418119   15.474700978733  316.474251578481
     0.180718397922   27.386982548148   15.472269090006  316.258372635628
     0.181726853800   27.207597889829   15.434415299024  314.014050847970
     0.182729367704   27.195040314190   15.480758955285  316.777301865140
     0.183733561611   27.075007474273   15.492533169841  316.654299033852
     0.184734958626   27.044201602649   15.512563293345  318.637890266037
     0.185743381805   26.893495426028   15.498078189988  317.102320342033
     0.186401192738   26.897631768351   15.540302068786  319.958776157012
     0.187407015012   26.771136539313   15.488236000830  318.252455411560
     0.188408469479   26.629284508210   15.512962912786  317.837251394362
     0.189410347016   26.636148072223   15.547006621094  320.854199860209
     0.190417758407   26.458290164364   15.533436941500  319.280151912567
     0.191423858310   26.459115051933   15.576079786108  322.366769845037
     0.192424539284   26.372443934030   15.581190935665  321.789515236262
     0.193429311098   26.255402587399   15.566536060905  321.904524218338
     0.193539119702   26.234128373018   15.550794867873  321.330294001636
     0.194542408765   26.133503010195   15.587004302637  321.640696935674
     0.195544941688   25.940333016737   15.562240009001  320.300851917071
     0.196547316688   25.929095667423   15.566359078447  320.342606438282
     0.197549691688   25.929301834286   15.617857409979  324.308855889970
     0.198552066688   25.845649380328   15.616244858518  324.087125012471
     0.199554441688   25.773833864980   15.620980571300  324.339134472352
     0.200555306571   25.597208622698   15.595004915924  322.551258741759
     0.201558617536   25.518091018031   15.576591844888  321.565127125673
     0.202564789411   25.515776959882   15.640855927686  325.332533194391
     0.203567978556   25.484636595794   15.668766736453  327.192321061569
     0.204572171514   25.359521196222   15.645925881347  325.714420277126
     0.205580535416   25.255681189310   15.632602616973  324.083028020917
     0.206584352720   25.327367508792   15.696541457149  328.500223661382
     0.207586340439   25.254045567880   15.670781366623  326.596017006812
     0.208588328157   25.342304781992   15.757785100284  331.926028260584
     0.209590315876   25.326572802266   15.783026254958  333.438364888576
     0.210592303595   25.218321051026   15.784119777267  333.580959022449
     0.211600174384   25.116656847787   15.768794754726  332.466521717198
     0.212601921874   25.027471972743   15.744275114372  330.760383033146
     0.213603909593   24.977081147217   15.765630961522  331.701501570349
     0.214605897312   25.048058341139   15.824839162009  335.734337912073
     0.215606816694   24.947037377777   15.805393175293  334.230086183169
     0.216607652958   24.821588562587   15.767032374180  331.972754498529
     0.217608489221   24.954949447995   15.873109758421  338.523325872054
     0.218608899647   24.880956285570   15.868129528659  337.813773946244
     0.219613637020   24.748907111028   15.838815823752  335.364965115647
     0.220616087535   24.865259393720   15.925660034425  341.066279715079
     0.221618538050   24.841725462324   15.958585394008  343.379201065929
     0.222620988565   24.732039695216   15.949492054463  342.934513352957
     0.223623439081   24.656547578874   15.942481331257  342.345007257205
     0.224627846836   24.552084244690   15.919523676583  340.459554133090
     0.225632270326   24.398287666962   15.873548808728  337.372353267042
     0.226152418204   24.432261191853   15.908214840532  339.109817685657
     0.227157340178   24.432225260220   15.942647963705  341.424133543090
     0.228160764169   24.280296544548   15.888237577640  337.846420555151
     0.229165417294   24.272632062442   15.917948686666  339.678439332614
     0.230170055969   24.354650694789   16.001966770243  345.865906572487
     0.231173963020   24.301747824089   16.023183815329  347.355309643472
     0.232177574576   24.178730336818   16.004807550541  345.581232842229
     0.233181373404   24.133038177327   16.007651650619  346.352025414797
     0.234182700697   24.011218690478   15.991095758433  344.618733386231
     0.235185947820   23.844294821009   15.917939509168  339.761939377497
     0.236190371310   23.897630165502   15.970153042353  343.593159056907
     0.237194794800   23.925281648462   16.029248314485  347.504759601312
     0.238199218290   23.809070540511   16.000175493963  345.405701683257
     0.239203641780   23.746427723451   15.981121226046  343.767631291087
     0.240206993385   23.666742817975   15.975236731353  343.356162919897
     0.241211416875   23.562286743539   15.967086824845  342.647371607551
     0.242212347346   23.770100800136   16.088110657766  351.051576420833
     0.243213419524   23.759553177326   16.107095336138  352.511449788852
     0.244214227479   23.696390652282   16.122400724115  353.792137244258
     0.245217488947   23.615167125489   16.105231302992  352.435232359566
     0.246219600416   23.559043037181   16.092036399606  351.059535500473
     0.247220898167   23.479326962236   16.090373949420  351.047511391645
     0.248222558782   23.348355805359   16.055716955957  348.126824469730
     0.249223601607   23.269007010874   16.046710409193  347.211411814701
     0.250225848439   23.430896064786   16.165778142673  355.901836707745
     0.251226433173   23.278786180428   16.110051219311  351.556447468460
     0.251858570012   23.173241065047   16.076683476603  348.616450600331
     0.252862095506   23.342627513720   16.183015513953  356.536981164855
     0.253864118061   23.220585866588   16.186462633863  356.405113108011
     0.254866077035   23.063814507902   16.108288071969  351.962672732611
     0.255867954613   23.056312892818   16.131338901158  352.872716134855
     0.256869039992   22.958787745954   16.102349355775  350.869300159143
     0.257870470809   22.933890960691   16.137460238176  353.677799748400
     0.258872081804   22.896344339733   16.169234613646  356.471272829179
     0.259873751791   22.821364948723   16.172536796944  356.890770479291
     0.260876697548   22.724805653314   16.167064267616  356.842475643245
     0.261880003335   22.609107546359   16.165587932506  356.099549646311
     0.262881956776   22.388627364491   16.104506856876  352.952694047220
     0.263886027332   22.159494790287   16.043780507823  348.984050072521
     0.264887113059   21.911289435231   15.937721875262  342.110475875020
     0.265891536549   21.944904860267   15.984680512240  346.265406233769
     0.266893504128   21.914219666329   16.011763140110  347.486825510406
     0.267893874244   21.858530330257   15.992950479733  346.388820516686
     0.268893896753   21.866950846365   16.045965485711  350.000187079963
     0.269894937455   21.788408677581   16.056020776125  350.290247644337
     0.270895002269   21.718150922958   16.056914175309  351.042726676350
     0.271896030524   21.683146862130   16.080387326358  352.884074813086
     0.272897951972   21.570259510273   16.063004346875  352.325137236150
     0.273713276747   21.459211178267   16.037026230083  350.701971744711
     0.274714146201   21.239323405242   15.949204417211  345.299422395569
     0.275718484105   21.019025210368   15.918226276769  344.455699092548
     0.276720383683   20.745690949259   15.815958716625  338.057450502265
     0.277723651487   20.605478494122   15.801053089322  336.654927530758
     0.278724780261   20.485404773755   15.732038979846  332.565626327227
     0.279727805807   20.629862684052   15.858719336291  341.816872339198
     0.280728288755   20.532560611885   15.851233158464  340.843182865077
     0.281730248091   20.398114203892   15.808664421484  338.018692111586
     0.282731922637   20.291747474745   15.790767218305  337.324318358952
     0.283736295168   20.263883538852   15.818529944760  340.024521179406
     0.284737243932   20.118442688701   15.784793194906  336.712282451519
     0.285739291175   20.109503886872   15.774091807014  337.179398897009
     0.286739495963   20.120184406008   15.829155057845  340.806466781773
     0.287743029510   19.947837968950   15.779294909850  336.415513464557
     0.288743554507   19.843548820764   15.739702440613  334.141042649271
     0.289747063170   19.833721880235   15.815897114634  340.589579259082
     0.290752221520   19.604205991832   15.738284995407  336.239782424338
     0.291754965977   19.390447854563   15.662635918201  332.006999388636
     0.292757015727   19.203200341528   15.589769831577  327.516051030496
     0.293757851990   19.133361406731   15.555735843737  326.212721220306
     0.294758688253   19.133422175218   15.601804720143  327.765704926203
     0.294836172351   19.126436851745   15.600037172519  327.457006975809
     0.295838960539   19.045836898699   15.568272701450  325.473238153099
     0.296842360983   18.968032271479   15.594659579440  328.472581621031
     0.297846474289   18.950161549919   15.593898139239  329.807093175579
     0.298847605808   18.751191418195   15.516474697082  323.582784560001
     0.299847792093   18.641019325929   15.475949500391  321.124272036182
     0.300849779811   18.688033753822   15.514685016018  324.675279315399
     0.301851767530   18.715900005114   15.561984638244  327.159452879549
     0.302859470340   18.633757949429   15.536255027160  325.152459929509
     0.303860011010   18.632149395860   15.575027688329  328.413495718988
     0.304863200723   18.506679208159   15.557695305112  327.050963955241
     0.305866390437   18.349253225998   15.517360097511  325.512272894045
     0.306869580150   18.239079980172   15.468397124276  322.665574618901
     0.307872769864   18.168876230783   15.435872890081  319.843180119236
     0.308875959578   18.133995771527   15.436801030070  320.597586784960
     0.309880121265   18.111541507327   15.463799315554  322.616158728499
     0.310885108794   17.989154679225   15.420940712504  319.205759247773
     0.311890818267   18.031112720390   15.450808789108  322.018247888562
     0.312895241757   18.043170892154   15.494088140331  324.413657784253
     0.313899665247   18.029669533351   15.507104118338  325.600504721550
     0.314904088737   17.975778040817   15.507098327366  325.706402327170
     0.315908512227   17.914083628825   15.491743437656  324.828701960830
     0.316912935717   17.830974446848   15.462414331625  322.622111681842
     0.317916450767   17.773137305238   15.437057772279  320.422608455978
     0.318921103892   17.859993194880   15.508936192935  325.406879512372
     0.319928775395   17.830708162192   15.498452444028  324.412325659538
     0.320930236795   17.830863329113   15.536863350980  328.190930968131
     0.321932779942   17.708908898564   15.506019017393  325.115143462351
     0.322937562565   17.541191341798   15.416061291967  320.256029094778
     0.323940621382   17.493920339455   15.416606458323  319.430762207367
     0.324945274507   17.560590526316   15.457811335500  321.856686482910
     0.325947939018   17.686198021466   15.553452621023  328.412886946666
     0.326949926737   17.579122026269   15.507951298907  325.266693249507
     0.327625299675   17.494986539889   15.467012898391  323.179143677125
     0.328627287393   17.444825465070   15.468427420749  323.411818185456
     0.329629275112   17.370379665566   15.442963134653  321.118480384925
     0.330632113331   17.432324022571   15.484799197208  324.240388482150
     0.331635097666   17.480871110171   15.540632216457  328.186968183302
     0.332640738357   17.470227041110   15.551922759842  329.339840169358
     0.333645758137   17.395006415571   15.548402867938  328.143879478289
     0.334647453528   17.193482584586   15.432910598544  320.610417673176
     0.335649441247   17.307938778061   15.499480806328  325.606908861122
     0.336649779555   17.251862382320   15.483850948131  323.449714105388
     0.337650975246   17.377721321425   15.560826503034  329.626643598301
     0.338651484410   17.361740064518   15.567051726726  329.828835957939
     0.339656556968   17.355465646512   15.586765870227  331.484497350128
     0.340658172593   17.302428406465   15.608998405875  332.048186108196
     0.341661431696   17.099818136396   15.483420354893  323.583938238522
     0.342664676197   17.207919151618   15.560266319840  328.931170848870
     0.343665138319   17.210752162554   15.560879630663  328.435395961969
     0.344665791278   17.319256333580   15.649051550789  334.707266068762
     0.345671942433   17.273284108264   15.638908025002  334.614524068578
     0.346676127144   17.230337987679   15.627738668626  333.691665013907
     0.347678344346   17.171866741836   15.622957207980  332.032292590392
     0.348679804106   17.024629971631   15.539538952349  327.029821554084
     0.349679952528   17.127551903366   15.604659108205  330.745911659407
     0.350681263898   17.228587033747   15.680564746186  336.361071505622
     0.351682773677   17.252119986969   15.709055506839  338.453282639602
     0.352686411556   17.176600567363   15.697989394069  336.807268295809
     0.353687285943   17.092012897060   15.666186450194  335.926313348229
     0.354690473950   17.056392503454   15.646372133223  335.139955215110
     0.354716237473   17.054748581877   15.645734657605  335.099440922208
     0.355720459393   17.026120384645   15.645834192119  334.143595952601
     0.356723760858   16.964127950321   15.598988383265  330.341057383462
     0.357727686806   17.081500303170   15.688700862948  336.627901781737
     0.358728969971   17.044655405998   15.671949807696  334.692065678206
     0.359730905301   17.031529411317   15.691272969605  337.097362277078
     0.360734663097   17.040741847789   15.726796245503  339.770980859233
     0.361735916050   16.857770433847   15.642838842010  334.141648392777
     0.362738637333   16.859061574694   15.632051614309  332.597855420362
     0.363740726566   16.944661380932   15.697953562969  337.753143714634
     0.364742164671   16.934747606597   15.688684988264  335.490681419988
     0.365742951403   17.046220835818   15.769948965004  342.177275808302
     0.366746966428   17.016837091341   15.795518121247  343.512676491954
     0.367747958451   16.908748631734   15.744672497656  339.340397746365
     0.368749520188   16.783041681347   15.671796127501  334.731715816428
     0.369750328688   16.885411468343   15.723163020008  338.582927364480
     0.370750508286   16.939646749867   15.786056901400  342.854593284901
     0.371754078491   16.898984328439   15.776061071291  341.774371993232
     0.372755212055   16.828094029496   15.739265641618  337.743501034726
     0.373756631020   16.901556917352   15.805149580148  342.918007851945
     0.374758463346   16.929843100766   15.849664276933  346.009852101498
     0.375761099273   16.797808242111   15.781800849402  342.344874960291
     0.376239039715   16.790309758174   15.783756721706  343.314349301818
     0.377240636641   16.790733004703   15.772604679684  342.581260272245
     0.378241194566   16.757506665678   15.773822091225  341.835228809654
     0.379241752490   16.715542813457   15.760087924820  339.272779096582
     0.380242310415   16.815906756037   15.828915258110  345.171298616791
     0.381242868340   16.823223319511   15.849945648521  347.008437265350
     0.382243426265   16.820573045714   15.864363416854  347.939514299893
     0.383243984190   16.791469656067   15.857134195522  347.367114502511
     0.384244542115   16.773469776901   15.868897459077  348.018672734976
     0.385245100039   16.732941237653   15.855051577307  346.776119146641
     0.386246626509   16.690700278286   15.850227274340  346.301323861200
     0.387250470368   16.676299171380   15.846885212101  345.662492573784
     0.388251902607   16.623276009428   15.813865472929  341.898380630377
     0.389253524679   16.681986075434   15.865748717755  346.223103910000
     0.390253977950   16.674734277963   15.883510027904  347.835453603676
     0.391254217208   16.627818386997   15.878630293083  347.183766858590
     0.392255372278   16.481810477091   15.787655892987  341.190067545639
     0.393257768051   16.453825170803   15.785072589877  340.902727081419
     0.394259576437   16.417763612517   15.777528456016  339.991653594323
     0.395260767011   16.507055775296   15.833706858375  344.923178264397
     0.396260869220   16.446271327589   15.802205900583  341.285400336408
     0.397019767605   16.518582576856   15.859424417119  345.711455683866
     0.398020322408   16.511665401925   15.878479010766  346.193684946428
     0.399024438828   16.439970056339   15.875498223861  347.582601490197
     0.400026788548   16.432991162892   15.863661358879  346.379989879833
     0.401028534800   16.420946062564   15.867037686461  347.713471832772
     0.402029683138   16.416094992102   15.854306263648  346.614007086556
     0.403030220592   16.340962928809   15.825196599417  344.031292017469
     0.404034651718   16.350797235048   15.833881098315  343.684022546314
     0.405038502975   16.306690587985   15.832561066644  343.600474895469
     0.406038580276   16.343645420069   15.857193234237  346.129547349417
     0.407038819534   16.344110099093   15.886502335176  347.637255530410
     0.408038910168   16.207254615129   15.804944676206  341.502024924923
     0.408222489367   16.182782137644   15.795383758960  340.825855144344
     0.409224100794   16.276590826906   15.844430120487  344.675089194539
     0.410228439960   16.274021943650   15.866934647050  347.176749843402
     0.411229460696   16.243282413107   15.845473234789  345.329864314653
     0.412231632610   16.246405241170   15.858220496037  346.201596809871
     0.413232415936   16.260386879142   15.869888564866  346.340774132430
     0.414234556254   16.108931317007   15.780751320397  340.231069760541
     0.415238109079   16.222946587868   15.839744987497  344.742195414437
     0.416240346825   16.287353384445   15.911793912601  349.806761800591
     0.417243411761   16.177938917907   15.850449021987  345.001506759598
     0.418244903480   16.198685955019   15.866751471011  346.773008171368
     0.419246742316   16.258139604836   15.911664804568  349.650507748910
     0.420250596544   16.230370839289   15.919535806748  349.620158972664
     0.421253881754   16.213304053344   15.901529136871  348.851591205165
     0.422256611102   16.223623731412   15.915007038729  349.639056964056
     0.423258762039   16.234628901233   15.941878613228  351.593604491808
     0.424260360121   16.202457207546   15.928581739095  350.492067298289
     0.425262753610   16.192717608690   15.940412160810  351.565786113263
     0.426263709201   16.164715402448   15.924840780914  349.848725581017
     0.427264168950   16.162692480378   15.927348688713  349.963040892115
     0.428267727079   16.129047005208   15.905133373898  347.551156576473
     0.429269236354   16.108731441903   15.907868649540  348.250207770745
     0.429624218022   16.080369733587   15.902967663635  347.850309434120
     0.430627041478   16.049222977280   15.888797016235  346.223425249190
     0.431629430603   16.021048770755   15.890035184837  346.192468855021
     0.432630114771   16.004367301952   15.886962557002  346.066252446990
     0.433630825033   15.991751986489   15.901797119587  347.968696285465
     0.434630964929   15.950224864850   15.888962871232  346.843492369606
     0.435634498037   15.942813466724   15.882115084522  345.594866705543
     0.436637072179   15.916558662323   15.874513782077  345.386731403591
     0.437639883479   15.934808624170   15.898807537569  347.235455556820
     0.438643687602   16.011246851651   15.959348788623  351.850904556340
     0.439646955150   16.030217380200   15.986284044165  353.607977343035
     0.440649670427   15.993354242300   15.967719659730  352.281410146466
     0.441651821902   16.037228331185   15.991540053458  354.212846125726
     0.442653447912   16.042697070317   16.019185432769  355.709730518906
     0.443654521033   15.992756160475   15.983898848567  353.210696451665
     0.444655046146   16.034447368600   16.006028500327  354.808680838107
     0.445658902980   16.039370441092   16.031157727487  356.612900592595
     0.446659675593   16.006777044769   16.019071828497  355.742082878064
     0.446668389284   16.006588589895   16.019029915782  355.739916843733
     0.447669016665   15.995385801083   16.018309613138  355.683578311952
     0.448669085993   15.969860819812   16.008192051816  354.130124299683
     0.449670938079   15.984670973053   16.014142010560  354.425715878873
     0.450671211237   15.935925213474   16.017918339525  356.099300543416
     0.451672340387   15.907450160931   16.008111454203  354.126040482352
     0.452673469538   15.924511436940   16.022704487356  355.336155521902
     0.453674926604   15.876456282358   16.015612757780  355.036262078326
     0.454675817172   15.867751604961   16.004245084837  353.907407412427
     0.455676175641   15.857153418809   16.007127728808  354.407659121690
     0.456678373668   15.854899794286   16.033829676029  356.624662801129
     0.457680563691   15.799922336968   16.003045141302  354.447625996677
     0.458681075257   15.804972657160   16.002709512337  354.053029121144
     0.459685087008   15.769201733342   15.994834544557  353.272295172542
     0.460688555395   15.780303838131   15.994901814049  352.688506412917
     0.461691301304   15.877152219405   16.072080772327  358.693857995207
     0.462692423544   15.812880766477   16.042279095892  356.694075258886
     0.462957217252   15.820496401581   16.041323662974  356.804546930309
     0.463957336117   15.884751864097   16.101756671771  360.881944092253
     0.464957629188   15.833768044194   16.084780296362  359.075007286634
     0.465957922260   15.815110554638   16.084403541534  359.026753688883
     0.466960174109   15.790024079785   16.064552289130  357.784498823913
     0.467960981073   15.854276478972   16.115722036790  361.673858563097
     0.468961247111   15.735076385899   16.053803655246  357.033113668893
     0.469964740182   15.789793226799   16.082218085132  359.178345562076
     0.470967427756   15.808680812030   16.107813362035  361.237024894546
     0.471969597804   15.773701328077   16.090443423567  359.560266131744
     0.472970101049   15.777239286762   16.107312430241  360.686886879650
     0.473972292118   15.770705677443   16.124510857698  361.936790606546
     0.474974029770   15.728702204538   16.093023926169  359.610929387124
     0.475975265617   15.735428693265   16.085388704142  358.209716995132
     0.476975979739   15.711993027172   16.095339743111  359.406661263739
     0.477976151621   15.672317871676   16.074232618323  356.877225366283
     0.478562316072   15.727968554971   16.120279490963  360.278111060608
     0.479562837593   15.711022993244   16.116501282165  360.047633431430
     0.480563993307   15.613927866676   16.075576975659  357.983325563456
     0.481564085675   15.673771864192   16.105432789332  359.370796316746
     0.482564796885   15.749620926979   16.168679841515  364.062162314939
     0.483564984501   15.741796261922   16.171666447575  364.510023758132
     0.484567611408   15.714258398695   16.171005884528  364.140846356388
     0.485569289972   15.725637784994   16.162174520781  363.623727398222
     0.486570968536   15.771960323171   16.220232258431  367.614181779676
     0.487572131352   15.651944561654   16.150495333241  362.003512836474
     0.488573260502   15.613369658815   16.118062227393  360.208554901366
     0.489574389652   15.699573089172   16.166221773168  362.778131153043
     0.490575518803   15.690819288791   16.170588134134  363.418590226945
     0.491578288189   15.735558979293   16.193211705130  364.591449169135
     0.492579583039   15.838936558735   16.303142289076  372.437607093417
     0.492891485133   15.789162033332   16.272362686382  370.085542210381
     0.493892075894   15.674593540993   16.205319899462  366.606452607345
     0.494892182630   15.672952691314   16.229673345988  368.000184894919
     0.495893574330   15.546971438732   16.145660899398  361.418846873903
     0.496894703480   15.602113346048   16.167334741445  363.566710498196
     0.497895832631   15.599108589328   16.171849974143  362.921753620683
     0.498896961781   15.639492374398   16.203777059575  364.846175731853
     0.499898090932   15.701000072003   16.262705567549  369.764140842444
     0.500898497258   15.661627208116   16.259365523466  369.126059169460
     0.501900006368   15.595297831568   16.212095903053  365.444854761372
     0.502900116679   15.543048737356   16.215303526780  367.197856655051
     0.503902415304   15.494225928926   16.171911414561  363.486650791510
     0.504903086006   15.584083003359   16.211485635098  365.558491521803
     0.505504521975   15.655896809673   16.253824766475  369.460744410663
     0.506504954106   15.641969282874   16.262371085472  368.676175325658
     0.507505386236   15.597643626360   16.234693517490  366.276327381405
     0.508505818367   15.666502025434   16.289558080587  370.035941510922
     0.509506250497   15.622715247428   16.296527503574  372.254992013903
     0.510507496081   15.550394540541   16.269186090283  369.714197440583
     0.511508625231   15.556341874886   16.245904500639  368.155604430258
     0.512509565329   15.581738451608   16.263235332511  368.282926998012
     0.513510717128   15.547842419596   16.246973281007  366.819597642933
     0.514511847644   15.629249696501   16.322805015708  372.586583651049
     0.515513433987   15.571578405637   16.288762000376  370.877691376301
     0.516514070168   15.517441161116   16.278601375696  370.708256653087
     0.517515599626   15.542946566846   16.284374232253  370.681203767313
     0.517669631882   15.543952455359   16.286759227587  370.855387940385
     0.518670626242   15.525050878288   16.288771470719  370.993048161754
     0.519671085903   15.536341942839   16.279872170942  369.374268169443
     0.520672137373   15.674012557135   16.397128600629  378.162284700004
     0.521673750997   15.516894811025   16.315429248043  373.421799586350
     0.522676295591   15.338688009338   16.205927713431  365.703381682656
     0.523676995879   15.287034056120   16.178954832587  363.073673029905
     0.524678790115   15.382194426021   16.234888221100  367.255731094928
     0.525679149482   15.437074885813   16.275847076844  368.659199867580
     0.526681359907   15.393892007379   16.269979932937  369.753082688031
     0.527682620209   15.362147201497   16.279516388533  371.040894998687
     0.528683412314   15.356836903238   16.257531246439  368.962850602722
     0.529683729844   15.336571390400   16.255282424185  368.297124105084
     0.530409868192   15.363020724797   16.261574761725  368.033998786719
     0.531411684136   15.475744758421   16.366099639424  376.021059550021
     0.532413032567   15.368121991205   16.301930929990  371.025874934084
     0.533413868369   15.426502492763   16.325622788100  373.181756287243
     0.534414222673   15.430770623099   16.324408889146  371.695891432493
     0.535415613556   15.408259597523   16.323202003669  371.400887052167
     0.536417915171   15.436350448434   16.356190078336  373.854607255276
     0.537418232881   15.363855000823   16.314878498158  371.176918230033
     0.538419119129   15.400302021396   16.345221435657  373.135994381101
     0.539420355331   15.397737287915   16.344514162977  373.755571728680
     0.540421591533   15.375980906927   16.348731362865  374.441642728162
     0.541422827735   15.380964101583   16.348528802918  374.253492887600
     0.541906033032   15.389786952502   16.367776044096  375.895842781899
     0.542906846265   15.337977675179   16.333350662810  372.140846687251
     0.543908728566   15.397212712618   16.365475487982  376.054508776212
     0.544909929139   15.355970454893   16.351936908516  374.746525958680
     0.545911859193   15.392293269558   16.366815414311  375.925042767020
     0.546912471889   15.414677833558   16.378517950189  376.072559915959
     0.547913931288   15.387903915807   16.381271501953  375.315043272422
     0.548915390686   15.419038471326   16.389746740527  375.772453952860
     0.549916850085   15.456370278329   16.438485496895  379.354869722072
     0.550918309483   15.432467412253   16.423651015894  378.266375021772
     0.551920599160   15.441581817256   16.442290985791  379.539348646739
     0.552921345155   15.487735639273   16.464161873630  381.224389488136
     0.553511012427   15.487082823055   16.480964896867  382.330929852192
     0.554513286452   15.348227391303   16.394914133329  376.960230351239
     0.555515108491   15.398603587452   16.425202537982  378.171504099858
     0.556516463142   15.350681575997   16.400997485587  377.424400471263
     0.557517326968   15.296826141632   16.386495267989  376.613625716899
     0.558519084827   15.309557000218   16.388826420484  376.646950174582
     0.559521320956   15.252809565983   16.405151991736  377.774500042052
     0.560523098894   15.115855752593   16.293549518263  369.595001700460
     0.561524429213   15.207943121121   16.370272222312  375.500650516007
     0.562525302395   15.203315128254   16.365322772999  375.568122066960
     0.563526961446   15.231522651413   16.390171042645  377.446669731584
     0.564528685949   15.209765230343   16.392743519635  377.825552736239
     0.565458724221   15.196502348244   16.370325470186  375.185744068081
     0.566460303898   15.201379814185   16.393062889903  377.490718459281
     0.567461883574   15.161828486505   16.362640136848  373.953835174381
     0.568463463251   15.117579344809   16.345980121062  372.976601204341
     0.569465535049   15.190636246843   16.409188506150  377.425899498987
     0.570467365580   15.105374152212   16.356611289257  373.625344199171
     0.571468737951   15.189745753569   16.406671489682  378.060344500697
     0.572469647744   15.254780695179   16.474236141376  383.140096894572
     0.573470104356   15.227133334332   16.458907114418  381.434828907599
     0.574470124138   15.158955198921   16.413116768962  377.911702354617
     0.575470585201   15.271504839305   16.481431622901  383.215384481555
     0.576471940782   15.203546038527   16.458398046794  381.091254006884
     0.576912773249   15.202044565608   16.455929561162  380.787571391845
     0.577913514479   15.086387597253   16.391424437170  375.880592669061
     0.578915395887   15.191222007899   16.446981743789  380.607946553369
     0.579915468013   15.194716153953   16.468695031690  382.467795345842
     0.580915540140   15.189013246537   16.470821728817  382.294518934491
     0.581917086060   15.171135717555   16.449631517484  379.280510821602
     0.582918015521   15.193917115486   16.472708655804  380.851358319562
     0.583918201755   15.160668776638   16.452394947577  379.581059126624
     0.584919719837   15.149302618230   16.475278884166  382.840984247070
     0.585921237919   15.121565026062   16.454636285176  380.419136157572
     0.586922756001   15.125383802673   16.450915376803  379.731519761971
     0.587354548227   15.098261316199   16.442708555073  379.134221088839
     0.588356058879   15.201110868994   16.503441540068  383.852811418308
     0.589356174872   15.246608270186   16.568623332980  388.857731079191
     0.590358101617   15.218041142126   16.544905658585  386.957023008120
     0.591359576466   15.152622763979   16.507907530585  383.512989652423
     0.592359952341   15.072110324648   16.450142899400  379.164265813524
     0.593361215597   15.131779346155   16.500583086856  383.272489559052
     0.594362876501   15.193672614545   16.539534441712  386.172997839068
     0.595363633578   15.196308996424   16.553409509881  387.229283366569
     0.596365462842   15.206970716347   16.592352633520  389.962317980950
     0.597366128896   15.015660090568   16.453350754207  379.792046458875
     0.597908125964   15.050237292846   16.465277043172  380.371268995000
     0.598908555240   15.157494417908   16.553626597460  387.590907171215
     0.599908897521   15.122347399164   16.553397149985  387.132768280397
     0.600909025542   15.103775548796   16.527043316326  384.596529541472
     0.601911209138   15.208437413121   16.602062602978  389.202040270218
     0.602911768754   15.172825973725   16.587310327303  388.322545171544
     0.603912323938   15.042271392370   16.539152428942  386.058929475375
     0.604912429335   14.955646895654   16.478406773334  382.120397932401
     0.605912470318   14.927789860088   16.445776905492  379.420661385398
     0.606912511302   15.097254792841   16.559653845250  387.925469795737
     0.607371691268   15.055665732936   16.566725541400  388.212690385941
     0.608371732251   14.893715466057   16.458891514775  381.558186422672
     0.609371773234   14.904911909909   16.460650324357  381.533845258854
     0.610373442491   14.857089488613   16.452484209548  381.145111812744
     0.611374900488   14.836374018616   16.433223818821  379.131436379081
     0.612375983270   14.952236474720   16.496361583682  383.488237103686
     0.613377557151   14.970251415184   16.541573379877  387.608709553390
     0.614379131032   14.958397191300   16.528614653924  386.156358980164
     0.615380704912   14.934147503164   16.540542504104  386.631839676581
     0.616382278793   14.882715242274   16.491545959210  382.981068969858
     0.617382991415   14.944926905489   16.530454729184  386.250896173085
     0.617846305565   14.969292807163   16.561451727773  388.404240029690
     0.618848122943   14.831470792935   16.477275560929  382.164517554014
     0.619849797351   14.984042171547   16.570584738493  387.779363974121
     0.620849924322   14.874456946766   16.506381533128  383.029518846661
     0.621850422822   15.016758210333   16.616712803244  391.845928837467
     0.622850921322   14.889671583939   16.549281630859  387.629130403427
     0.623851419823   14.848812165598   16.534846460295  386.906798268669
     0.624851918323   14.873899369580   16.523495121544  384.246002466456
     0.625852416824   14.961927843481   16.608211818660  390.923948484957
     0.626553954821   14.928935826938   16.586014374779  389.308480982759
     0.627554453322   14.914400064771   16.589354384482  389.497995023083
     0.628555201872   14.926061447589   16.596126283107  389.591962574482
     0.629556999923   14.836613601969   16.551839347803  387.589827161456
     0.630558301094   14.772481220277   16.509176305841  383.885826425211
     0.631559602266   14.907945580142   16.588462296503  389.643084312490
     0.632560903438   14.891603968721   16.603868151562  391.059931877290
     0.633562204610   14.897122626008   16.620702328037  392.041424491051
     0.634562575855   14.748776155897   16.509738465611  383.569753088362
     0.635507141208   14.850680348735   16.572202370118  387.514170940098
     0.636508158659   14.888395532247   16.610382627239  389.635299853932
     0.637509692586   14.972974149645   16.663226521020  394.047395376725
     0.638510333590   14.928435920233   16.671051048557  394.905023451065
     0.639511543870   14.915285438036   16.638472222832  392.472914012102
     0.640513034314   15.000116346676   16.713278036410  398.762211264533
     0.641513269280   14.994203189096   16.696581706112  397.309268118392
     0.642513504246   14.933386221631   16.684865652103  396.128810728656
     0.643513739213   14.761011891646   16.587495283774  388.950975621514
     0.644513974179   14.813264159235   16.595110387373  389.995611300754
     0.644703492383   14.844570503772   16.620366437565  391.860177245122
     0.645704584752   14.734563771412   16.574144925118  388.880167226070
     0.646705465795   14.658792380378   16.539431809402  387.060812326801
     0.647705986785   14.659172320684   16.540778584255  387.336703281466
     0.648706580288   14.623907502892   16.510856702916  383.640752951899
     0.649708135219   14.692713007220   16.549030210457  386.885743481315
     0.650709482031   14.723024597387   16.582260251015  387.856547955897
     0.651710828844   14.697183075931   16.576023076066  387.620363765730
     0.652712175656   14.646098286602   16.553112907169  386.421058196985
     0.653713610039   14.737718981091   16.610834864953  390.958556296052
     0.653973030751   14.780107638960   16.643579110927  393.696001364789
     0.654973421871   14.800179315156   16.676884074285  396.272687881272
     0.655974143298   14.823050451994   16.687586087023  394.939479851849
     0.656976307584   14.786507734828   16.671305039750  395.636563617029
     0.657978017443   14.640962180842   16.596071647272  390.778128565705
     0.658979702147   14.523528234374   16.527251860123  385.520338525056
     0.659980556717   14.600117888222   16.549699189065  386.587294522093
     0.660981190404   14.630524729788   16.577001011793  387.801985327198
     0.661981824092   14.770221688508   16.680215500325  394.913905613837
     0.662699598910   14.845589466905   16.745313231497  400.674605938292
     0.663700232598   14.765916360991   16.716054032010  398.084406197479
     0.664700866285   14.682632560204   16.659957596759  395.158753648032
     0.665701499973   14.708118220160   16.667222150549  395.279598424364
     0.666702133660   14.715051081901   16.672968183237  393.991205703060
     0.667702767348   14.736762937439   16.704253561498  396.520178368840
     0.668703894387   14.666191594979   16.669421561780  395.621160944225
     0.669705211750   14.503652532699   16.555964765881  386.677596634183
     0.670706636833   14.676331087952   16.672762980630  393.880922439943
     0.670784587797   14.676694009342   16.673941246416  393.942533966468
     0.671784713373   14.727824113318   16.690095118332  394.942452393455
     0.672784838949   14.704556469641   16.681898765025  393.843576757719
     0.673784964525   14.705107647288   16.736600322998  399.852140288798
     0.674785090102   14.634225158325   16.680786345020  395.652928496644
     0.675785215678   14.688238959638   16.690307612003  394.920602437373
     0.676786337417   14.765166924573   16.732516816433  397.562908961909
     0.677787125506   14.652879087703   16.738199443919  399.539674966424
     0.678377491355   14.552519363246   16.658143424941  393.541695448100
     0.679377504505   14.620977833352   16.671173184837  395.015333503713
     0.680378269444   14.698544255250   16.701316942256  395.434523905611
     0.681379178610   14.785469755661   16.791611399906  401.399448013291
     0.682379307507   14.826500474519   16.821179892222  403.420054754464
     0.683379901176   14.736373192913   16.783696719620  401.327095133252
     0.684380020523   14.622674539573   16.726421991697  399.576795023908
     0.685380301069   14.617495168205   16.704292173448  395.714716090416
     0.685795285737   14.623373271302   16.685080576642  393.789267477557
     0.686795875947   14.751942391099   16.782801960271  400.892173338985
     0.687796439742   14.738020991606   16.779733387583  400.831141361402
     0.688796567763   14.640126057868   16.739656680257  398.509091528033
     0.689796695785   14.785023211527   16.812843372037  403.119581058926
     0.690798335988   14.845215782026   16.886542185264  408.545291923438
     0.691799358988   14.715407464664   16.813090446284  403.762245717452
     0.692800381988   14.485565410805   16.687307919295  396.605047495152
     0.693284374956   14.385607905407   16.625423949756  392.360003767767
     0.694285397956   14.351678083523   16.566015227366  386.910678238906
     0.695285984337   14.534373069839   16.689679675521  395.050379531686
     0.696287007832   14.543887831182   16.710142932076  397.166169946845
     0.697288031326   14.534942900521   16.684578656127  394.224708617803
     0.698288582409   14.622212837044   16.761922067838  399.583580485103
     0.699289785035   14.623537703678   16.773418649681  400.033695526542
     0.700290987662   14.616917825981   16.789813317184  401.994740763420
     0.700627446231   14.523747172765   16.738612138037  398.161221119357
     0.701628648857   14.455873614462   16.689430884760  395.777009777852
     0.702629851484   14.436367257623   16.682007704953  394.865619342513
     0.703631054110   14.447282843079   16.662170579285  392.310211905265
     0.704632256736   14.570830266831   16.770089713770  400.587104874784
     0.705633459362   14.370814847554   16.649865619255  391.827707149889
     0.705801007557   14.363438446613   16.641665364812  391.073709278770
