# {0} signal over time, extracted at r = 500 km
# All quantities are measured in a resting observer's frame at infinity
# cols=4 rows=999
#              time        luminosity               <e>             <e^2>
#               "s"           "foe/s"           "MeV^1"           "MeV^2"
  -4.4872663928e-04  1.0612428244e-06    5.277409333280   41.146443334088
  -4.1158218610e-04  1.0434366920e-06    3.428489895002   18.066357460555
  -3.9743391170e-04  1.0650281615e-06    3.273323599783   16.151097000449
  -3.9654245223e-04  1.0668505838e-06    3.265621053027   16.056387352819
  -3.8668295178e-04  1.0906254858e-06    3.192999908925   15.161430604784
  -3.7798260322e-04  1.1168582603e-06    3.143017854395   14.544441011155
  -3.7011806087e-04  1.1446279705e-06    3.106074890293   14.087120322304
  -3.6252219787e-04  1.1749668263e-06    3.076048409354   13.714225728206
  -3.5479873125e-04  1.2092349350e-06    3.049990466570   13.389458042034
  -3.4681109646e-04  1.2481459760e-06    3.026861978599   13.099005835174
  -3.3852088630e-04  1.2922565608e-06    3.006177889541   12.837322696085
  -3.2921760467e-04  1.3463280091e-06    2.986244901502   12.583797882565
  -3.2059720915e-04  1.4006966269e-06    2.970288764954   12.379479326877
  -3.1252653511e-04  1.4553163087e-06    2.957185624750   12.210629050250
  -3.0434642756e-04  1.5143037210e-06    2.945403936469   12.057764126759
  -3.0093329722e-04  1.5399947616e-06    2.940890336823   11.998871529733
  -2.9317205134e-04  1.6007688257e-06    2.931395457432   11.874363081378
  -2.8643312979e-04  1.6561753207e-06    2.923941760653   11.775835755536
  -2.7938103400e-04  1.7167913718e-06    2.916855759911   11.681411197103
  -2.7140669507e-04  1.7885581798e-06    2.909624997549   11.584046764164
  -2.6474261365e-04  1.8511429828e-06    2.904156340737   11.509539086357
  -2.5878459692e-04  1.9091501037e-06    2.899713421173   11.447884108142
  -2.5780698294e-04  1.9188587258e-06    2.899017022367   11.438168761128
  -2.5212497927e-04  1.9763611807e-06    2.895136943310   11.383746821804
  -2.4689579101e-04  2.0309082640e-06    2.891804654020   11.336622508014
  -2.4366838894e-04  2.0653591440e-06    2.889852542575   11.308886220122
  -2.3606313615e-04  2.1488917878e-06    2.885561033619   11.247181093579
  -2.3246956709e-04  2.1895137337e-06    2.883672512096   11.219738011861
  -2.2499340925e-04  2.2764065851e-06    2.880003483043   11.165856309356
  -2.1915695115e-04  2.3464768555e-06    2.877364388442   11.126633175129
  -2.1105824233e-04  2.4469396525e-06    2.874008697613   11.075946834259
  -2.0654356014e-04  2.5045682724e-06    2.872281166240   11.049442833289
  -2.0154028675e-04  2.5698009474e-06    2.870476143265   11.021467467265
  -1.9336060225e-04  2.6795141432e-06    2.867765984007   10.978617473167
  -1.8941509733e-04  2.7337894613e-06    2.866556690160   10.959148536523
  -1.8338963317e-04  2.8184010542e-06    2.864820255120   10.930883944619
  -1.7620069866e-04  2.9220153824e-06    2.862930958567   10.899233785610
  -1.6940195357e-04  3.0227067176e-06    2.861304457074   10.871352647151
  -1.6025798775e-04  3.1622305256e-06    2.859343643766   10.836617792734
  -1.5443547453e-04  3.2535820546e-06    2.858225187489   10.816116006710
  -1.4488086138e-04  3.4079480759e-06    2.856577047478   10.784890406246
  -1.3930142149e-04  3.5006564393e-06    2.855713244204   10.767946618886
  -1.3512595126e-04  3.5712762239e-06    2.855112819615   10.755858175307
  -1.2617924684e-04  3.7261896521e-06    2.853943693281   10.731542472880
  -1.2017422811e-04  3.8329040678e-06    2.853254044019   10.716410935361
  -1.1158643935e-04  3.9893422708e-06    2.852385147778   10.696299720286
  -1.0256766675e-04  4.1584656631e-06    2.851614238087   10.677005112935
  -9.4984179168e-05  4.3044957747e-06    2.851080524839   10.662178845052
  -8.6428742505e-05  4.4734230793e-06    2.850595793494   10.646889274137
  -7.8791791685e-05  4.6279576642e-06    2.850256247145   10.634431926435
  -7.1585142858e-05  4.7770063647e-06    2.850027711060   10.623718990626
  -6.4890923539e-05  4.9182668398e-06    2.849877057691   10.614570782715
  -5.8601461183e-05  5.0534426527e-06    2.849799204560   10.606702012299
  -5.2241664229e-05  5.1925519765e-06    2.849778442129   10.599423455071
  -4.6689319191e-05  5.3161494026e-06    2.849756297794   10.593195007114
  -4.1226214261e-05  5.4397599277e-06    2.849764231596   10.587459346392
  -3.5878031801e-05  5.5626936916e-06    2.849802011802   10.582232160266
  -3.0695657998e-05  5.6836320727e-06    2.849870892112   10.577536455978
  -2.5993485805e-05  5.7949125913e-06    2.849957124103   10.573572082235
  -2.1308810066e-05  5.9072455235e-06    2.850064530624   10.569891074579
  -1.6828655254e-05  6.0160382144e-06    2.850189720854   10.566637841517
  -1.2410518465e-05  6.1246336913e-06    2.850331481510   10.563656771509
  -8.2043211490e-06  6.2292252681e-06    2.850485451836   10.561042253469
  -3.9434244054e-06  6.3363746821e-06    2.850659685108   10.558608918271
   1.6944437289e-07  6.4409419134e-06    2.850845904928   10.556468809206
   4.1872832699e-06  6.5441765681e-06    2.851044029313   10.554566328579
   7.8597695248e-06  6.6394728435e-06    2.851239977261   10.552995051840
   1.1800152738e-05  6.7427135542e-06    2.851465062442   10.551479091472
   1.5541580158e-05  6.8416939412e-06    2.851692525629   10.550196679766
   1.9446227350e-05  6.9459789653e-06    2.851945387338   10.549030284395
   2.0423581728e-05  6.9722382660e-06    2.852011824541   10.548771299927
   2.7028940078e-05  7.2303312113e-06    2.848208587536   10.517064461176
   4.1326046376e-05  7.6265222086e-06    2.849453728082   10.515757083569
   5.7596172727e-05  8.0919455386e-06    2.851219153565   10.517610717490
   7.5368986017e-05  8.6183625465e-06    2.853541802885   10.523454409837
   9.1706407210e-05  9.1192107576e-06    2.856019703397   10.532169637797
   1.0868487072e-04  9.6572160414e-06    2.858944845916   10.544622051361
   1.2475473916e-04  1.0183257984e-05    2.862012496474   10.559341601538
   1.4036892169e-04  1.0710606285e-05    2.865262003514   10.576283118537
   1.5550595104e-04  1.1237489445e-05    2.868668661541   10.595205528016
   1.7245957193e-04  1.1846301742e-05    2.872779074197   10.619265678686
   1.8835641167e-04  1.2435454220e-05    2.876911057207   10.644522461512
   2.0514361569e-04  1.3077180284e-05    2.881560878812   10.673970844524
   2.2104888446e-04  1.3704018444e-05    2.886231718584   10.704444930890
   2.3895367391e-04  1.4431870974e-05    2.891790777296   10.741672667354
   2.5630329678e-04  1.5159790306e-05    2.897471532143   10.780609763679
   2.7474669177e-04  1.5958170846e-05    2.903815510846   10.824985840827
   2.9437808515e-04  1.6835802306e-05    2.910896757865   10.875456303513
   3.1256152143e-04  1.7674129750e-05    2.917739902569   10.925028275200
   3.3184177387e-04  1.8589401928e-05    2.925273712030   10.980383535922
   3.5263532759e-04  1.9606291457e-05    2.933692156482   11.043076624842
   3.7489223923e-04  2.0727860521e-05    2.943003637188   11.113314074963
   3.9573397152e-04  2.1807750121e-05    2.951966662964   11.181698439676
   4.1831251483e-04  2.3008095457e-05    2.961898589136   11.258259253003
   4.4228050696e-04  2.4314405434e-05    2.972640408807   11.341888481269
   4.6772476067e-04  2.5733860902e-05    2.984202328808   11.432759193908
   4.9482532186e-04  2.7278181390e-05    2.996619486941   11.531244283817
   5.2361084366e-04  2.8949492826e-05    3.009837470628   11.637009998839
   5.5451773555e-04  3.0772522641e-05    3.023966119226   11.751047790567
   5.8751744934e-04  3.2743507289e-05    3.038877660628   11.872453482655
   5.9644721599e-04  3.3280156155e-05    3.042869918711   11.905135824075
   6.2905740087e-04  3.5248369435e-05    3.057259126900   12.023553133333
   6.6510079659e-04  3.7433564358e-05    3.072767257981   12.152276626811
   7.0374991251e-04  3.9780665016e-05    3.088882452819   12.287280894776
   7.4465103729e-04  4.2262408511e-05    3.105330146425   12.426437543339
   7.8830590115e-04  4.4903766142e-05    3.122199305335   12.570674018217
   8.3482335780e-04  4.7706597915e-05    3.139425256532   12.719622615107
   8.8498663542e-04  5.0714313088e-05    3.157187706271   12.875022240832
   9.3929265118e-04  5.3954102928e-05    3.175532165603   13.037439956345
   9.9909516754e-04  5.7505484342e-05    3.194740648918   13.209503765407
   1.0632361896e-03  6.1303397109e-05    3.214269726986   13.386278393688
   1.1352624237e-03  6.5845766461e-05    3.237137711346   13.591735908542
   1.2130335464e-03  8.0206715380e-05    3.398109166376   14.872407299047
   1.2987974740e-03  1.4045523354e-04    3.966668837777   19.295808102333
   1.4033883647e-03  3.1789961535e-04    4.403981052852   22.719060136132
   1.5125051307e-03  7.2851144553e-04    4.553361878289   23.961987894379
   1.6402698212e-03  1.7751525109e-03    4.611052496713   24.595155568403
   1.7752331200e-03  4.1853632511e-03    4.651043134106   25.111271006923
   1.9102245061e-03  8.9159686506e-03    4.716870357319   25.834546803418
   2.0716733255e-03    0.017544817378    4.883771585914   27.729995354347
   2.2265013690e-03    0.026421658754    5.138449855532   30.803525079702
   2.4141260999e-03    0.035502553528    5.507601257192   35.672909159239
   2.6034832683e-03    0.042836833302    5.882275962592   41.096391852348
   2.7928404367e-03    0.049048908857    6.214479843701   46.335138070716
   2.9821976052e-03    0.054580959497    6.484820012345   50.919189278889
   3.1715547736e-03    0.059698528259    6.700394350084   54.784100584392
   3.3836047297e-03    0.065417242190    6.897577774835   58.457560891621
   3.6070047089e-03    0.072246902250    7.079229823810   61.914392238157
   3.8304046880e-03    0.080828216294    7.256839260944   65.299018021696
   4.0519911236e-03    0.091941893098    7.445053782821   68.855510009368
   4.2862923254e-03    0.107466115586    7.663933858876   72.972679438322
   4.5385619873e-03    0.129763400370    7.920921132928   77.829588052325
   4.7900679908e-03    0.159196584376    8.189965816077   82.979290833452
   5.0415739944e-03    0.197258797354    8.459440704310   88.229454317903
   5.2930799980e-03    0.245097645440    8.715789287574   93.327140570280
   5.5445860015e-03    0.304081752946    8.952207415295   98.132158557709
   5.7960920051e-03    0.375411596430    9.165628659223  102.573936925513
   6.0493286786e-03    0.460997955047    9.359447441641  106.705196697366
   6.2994967765e-03    0.559765586174    9.529785424234  110.417728074087
   6.5503615250e-03    0.674319993779    9.683931770147  113.851560508894
   6.8027221131e-03    0.805619552486    9.823465517129  117.019009730515
   7.0534489212e-03    0.952936186730    9.948484398340  119.912849860605
   7.3069942765e-03    1.116692613086   10.061194072188  122.547496600246
   7.5581012988e-03    1.291285078654   10.156748612451  124.805488164396
   7.8087029583e-03    1.475230021680   10.229403526150  126.515551768364
   8.0592445969e-03    1.669774154463   10.287100244729  127.849068913274
   8.3097862354e-03    1.878937278822   10.340162213546  129.070794154937
   8.5603278740e-03    2.105817314642   10.390938957762  130.232601470164
   8.8152269996e-03    2.360304898460   10.445258308122  131.478571573520
   9.0680021969e-03    2.636071865096   10.503154574194  132.824255184868
   9.3207773941e-03    2.934946867213   10.565676145803  134.301115809787
   9.5735525914e-03    3.250061625848   10.623280337096  135.664632954221
   9.8263277887e-03    3.575599419855   10.670079532466  136.723738384350
     0.010079102986    3.915459973391   10.712560372892  137.689638976511
     0.010331878183    4.260045017576   10.748343881189  138.504276144086
     0.010584653381    4.606219915021   10.772288095377  139.007902302182
     0.010837428578    4.967328120695   10.795804330259  139.487494583088
     0.011093561874    5.346701674483   10.817103631951  139.905620575773
     0.011346614540    5.742807558612   10.837485165141  140.295094143988
     0.011599667206    6.164206968281   10.863864270401  140.825796318232
     0.011852719872    6.595383090293   10.888193729939  141.325433783452
     0.012105772538    7.040476208731   10.911643258384  141.832914643745
     0.012358825204    7.502384612405   10.936810377335  142.405974364875
     0.012611877870    7.971576406320   10.963840753281  143.067055809500
     0.012864930536    8.437182751921   10.990894027488  143.746294931672
     0.013117983202    8.897291116197   11.015635849565  144.358477905221
     0.013371035868    9.347069084437   11.035996080520  144.845703651975
     0.013624088534    9.786797114757   11.050895994230  145.185013110908
     0.013877141201   10.221368998252   11.064238662536  145.499535128337
     0.014130193867   10.648344715975   11.079046279208  145.856447070352
     0.014383246533   11.062474857905   11.091371219259  146.126907623468
     0.014636299199   11.454153841567   11.097251004050  146.217435898406
     0.014889351865   11.829449075725   11.099101691625  146.228736934954
     0.015142404531   12.204290308760   11.105667437364  146.391182709496
     0.015395457197   12.583681346395   11.117403883253  146.674759572335
     0.015646697536   12.960850682698   11.126988971027  146.868789747500
     0.015905681509   13.327101984402   11.127795403888  146.836236373354
     0.016161449644   13.666235264489   11.125495673045  146.754929010228
     0.016421297024   14.018859912431   11.130237355592  146.866374864913
     0.016672723210   14.371986016284   11.140324466470  147.102860492686
     0.016931272719   14.724900007581   11.148117082280  147.304332697689
     0.017184936401   15.054057262384   11.153671213210  147.512599348359
     0.017436142923   15.361361674038   11.153922645370  147.560124214837
     0.017693346691   15.684343482944   11.153390218873  147.505308647714
     0.017946632450   16.041194228833   11.161469074916  147.656463885002
     0.018198616341   16.417933502207   11.175768344167  148.040601158455
     0.018450600233   16.794154869253   11.191705433068  148.542440681714
     0.018701362212   17.153084773362   11.202958573651  148.883658328711
     0.018957314265   17.491330920862   11.204492392457  148.845983353215
     0.019212924347   17.824455096973   11.203688117698  148.717929126903
     0.019469260061   18.179056288224   11.208669101348  148.830968288876
     0.019726709769   18.563987369184   11.223109464872  149.282865030201
     0.019984159476   18.967624778093   11.244612317518  149.949111400280
     0.020241609184   19.362826599970   11.262297381402  150.466490968328
     0.020499058891   19.731738564803   11.271452601799  150.709561501456
     0.020750952684   20.081064615221   11.279160258881  150.871906068472
     0.021020965668   20.449874692493   11.284814012625  150.940536509848
     0.021276071444   20.810760437151   11.294156237422  151.190182929728
     0.021528541290   21.181976295651   11.310466249652  151.698171224066
     0.021781011135   21.543761641673   11.329101347938  152.282047419438
     0.022033480981   21.875035085576   11.342305104164  152.687499105074
     0.022286868239   22.179612945778   11.349613353995  152.904173799090
     0.022547380616   22.480953410251   11.355410337001  153.015646397778
     0.022802390005   22.780449996964   11.359442677820  153.031816416188
     0.023057800331   23.103947873641   11.369345625829  153.299695447975
     0.023313271758   23.440004397100   11.386116211284  153.846516024719
     0.023568743186   23.768691137605   11.405709915055  154.481138683450
     0.023824214613   24.068378734797   11.420222667270  154.903665002271
     0.024079686041   24.315946333816   11.423540024357  154.921090263188
     0.024330079308   24.518157485291   11.416852899033  154.613249900122
     0.024589226132   24.741572134105   11.415873692356  154.541053743424
     0.024846849891   24.995750196294   11.427638422242  154.938382143547
     0.025012672709   25.173248599833   11.438996734844  155.326819099977
     0.026031415491   26.217265799271   11.475446519622  156.408967225176
     0.027032762062   27.155698426956   11.473273031158  156.340649536794
     0.028049284601   28.269165449470   11.512707719562  157.488324099670
     0.029052926404   29.272260293192   11.540644679853  158.326515428100
     0.030076862350   30.244161290401   11.574342718144  159.375973411289
     0.031100798296   31.134581539507   11.598288017454  160.043084237676
     0.032124734242   31.957778024221   11.629164314730  160.971855658171
     0.033133773339   32.784225124725   11.651634155417  161.591206639319
     0.034168613660   33.631398670893   11.673155272771  162.291768812985
     0.035187623850   34.420761580432   11.706422896997  163.230853895484
     0.036202655167   35.083227908691   11.697818802656  163.108916016904
     0.037210737541   35.914371587789   11.736038176970  164.171819412049
     0.038226303849   36.705013229387   11.775746858454  165.247437822191
     0.039241870156   37.633301985217   11.812416812651  166.387291161631
     0.040262671389   38.563234624769   11.837493399942  167.132491105455
     0.041274482734   39.138517606288   11.846329445402  167.567332267681
     0.042296405734   39.418669844816   11.866392335443  168.128681127353
     0.043346165734   39.660203387161   11.868998626486  168.137947590412
     0.044346699072   39.920681950151   11.877874072909  168.561137172344
     0.045348170112   40.099984179991   11.891012040580  168.635225373579
     0.046367857152   40.603765421612   11.883285653443  168.726816096267
     0.047393857152   41.350834019373   11.934367843893  170.118987006781
     0.048398257152   41.655765973214   11.941746073276  170.315707622991
     0.049402563192   42.022989786290   11.943765157376  170.293065902709
     0.050416250047   42.648528543427   11.976010774375  171.285540605182
     0.051430319760   43.023561084052   12.000507251155  172.128210288326
     0.052459398346   43.044519288306   12.004362114610  171.928569535242
     0.053468541495   43.067051574269   11.995011788267  172.003735116296
     0.054503153608   43.203733185469   12.042134087713  172.928664051114
     0.055522851792   43.174177989475   12.007605782638  172.291079810664
     0.056565242592   43.418698568643   12.022579287027  172.838905534664
     0.057573705033   43.855910473311   12.067167527766  173.884300597726
     0.058624568474   44.195340602821   12.065931667543  173.923205490970
     0.059688905607   44.578047215829   12.074364975979  174.406967376973
     0.060728905607   44.977712566638   12.116141033946  175.610089865677
     0.061769025607   45.224566901390   12.133297153520  176.297777626480
     0.062821118272   45.289537122276   12.172442560057  177.006511010966
     0.063834556576   45.135080032671   12.149597730119  176.500357304324
     0.064890023911   45.039084142218   12.149107343477  176.553452749097
     0.065961236371   45.192836514231   12.162245066184  176.913881870338
     0.067001111894   45.594829922149   12.189974156304  177.824391283109
     0.068013970454   46.156818487794   12.237939291391  179.079015471497
     0.069051417878   46.733586981938   12.260996328112  179.915145857777
     0.070051417878   47.179519935816   12.271687283350  180.485100344210
     0.071096425878   47.539948260861   12.328157335017  181.828604038058
     0.072111585789   47.786813162031   12.339519029971  182.258893658620
     0.073140812261   47.942193647207   12.356703150961  182.790582643933
     0.074207718341   48.153976243795   12.381120225867  183.475222212248
     0.075250343429   48.419951663650   12.386744294624  183.868711708020
     0.076314343429   48.790651852479   12.412114321924  184.692497130599
     0.077354343429   49.245216370256   12.436619641059  185.503903570819
     0.078387047429   49.782587873589   12.489841775988  186.940891352624
     0.079407047429   50.175845366742   12.507304527892  187.644609435408
     0.080452843829   50.425355426994   12.542158880663  188.639082275933
     0.081516050748   50.385617187534   12.582136405923  189.471627367549
     0.082550186990   50.276249375032   12.570472587344  189.425777281246
     0.083582849777   50.402950625241   12.598958593105  190.409470324280
     0.084622957986   50.825593513599   12.620959217636  191.366004611497
     0.085636353716   51.290099626270   12.670398770240  192.798519702491
     0.086686047127   51.452037044750   12.694020889217  193.463743697624
     0.087711290010   51.377683496333   12.695380846530  193.615303942460
     0.088721159130   51.166717373416   12.702547623947  193.808196044019
     0.089746256032   51.097892045207   12.740860612304  194.718926785992
     0.089987262570   51.118431951819   12.745143612131  194.869547785137
     0.091013263070   51.248376480276   12.755733710160  195.504731405617
     0.092025263070   51.668358697954   12.777613413666  196.314829189433
     0.093101623070   51.589383139150   12.773255522676  196.356080086041
     0.094116903070   51.473687132724   12.796544395184  196.984219194800
     0.095179744758   51.128998867672   12.814424398269  197.403799588797
     0.096224600758   51.056414016135   12.816099758088  197.591794348053
     0.097229350758   51.348675569741   12.854841504162  198.901092569798
     0.098242865285   51.621141915537   12.894917488899  200.307775560974
     0.099267865285   51.480047837448   12.903665099757  200.552325955382
     0.100278344916   51.304252740740   12.930655607775  201.175946539397
     0.101281068155   51.258964767214   12.952760412015  201.704748146829
     0.102292103918   51.269660384911   12.952461643909  202.038688302149
     0.103319543914   51.279989987598   12.991473324939  203.041651138312
     0.104345057369   51.270549981991   13.007812834409  203.600155858244
     0.105354187431   51.170705108412   13.019175794724  204.011728742936
     0.106369269729   51.002263986704   13.032315155777  204.479728694800
     0.107393048900   50.857234530721   13.047707627613  204.985814622552
     0.108405337990   50.794265465575   13.064140351979  205.542289249248
     0.109436170785   50.718512412043   13.081606282012  206.154485936082
     0.110464032501   50.745008073923   13.099784230621  206.913081679277
     0.111487885534   50.722045081834   13.098457854901  207.248810199927
     0.112488396724   50.690736855566   13.147958863785  208.555004127579
     0.113513116260   50.521171633229   13.177887172922  209.295853832831
     0.114538161053   50.144224187302   13.174355329621  209.256101931267
     0.115547652845   49.897333842483   13.183728713925  209.670257790226
     0.116576320646   49.727735622736   13.199264808417  210.308580746414
     0.117627962946   49.497052799893   13.210120449894  210.711568344817
     0.118634331449   49.114463250168   13.204272814950  210.676783138194
     0.119666728426   48.694049819312   13.212171418954  210.902009009495
     0.120676817620   48.503736208414   13.205442484435  210.972843125780
     0.121708068252   48.584737056346   13.255993364682  212.339797153125
     0.122714231010   48.519514558482   13.259133662413  212.648271462873
     0.123732926407   48.323695114893   13.275315195286  213.047595001335
     0.124753884633   48.219111140416   13.287774567561  213.485870905385
     0.125776848446   48.198435823808   13.326293112947  214.583958286563
     0.126778731592   48.128356795447   13.345699618899  215.282093725794
     0.127796482227   48.029045081481   13.365529960992  216.047706717595
     0.128809881775   47.973235952285   13.385821883456  216.687184892387
     0.129824893419   47.946454186203   13.405138091579  217.272484165625
     0.130840504540   48.012065839180   13.434067987521  218.387209516022
     0.131863552035   48.140486605465   13.467349859785  219.624983245927
     0.132879859542   48.276580792464   13.499005716436  220.682511863179
     0.133895150969   48.237583622367   13.521544391793  221.423113655433
     0.134895403240   48.245168239142   13.550407816764  222.643496507342
     0.135897100863   48.187147308337   13.577130114577  223.569400696433
     0.136907391688   48.149104791105   13.596893081119  224.265237594911
     0.137915740300   48.051735679279   13.612177373741  224.769417759839
     0.138922212747   47.852339487276   13.622011923627  225.119785491060
     0.139958833466   47.705903776627   13.640244711350  226.029341970942
     0.140978235120   47.703948854987   13.656660216999  226.895188545123
     0.141983792955   47.642200686894   13.685935288043  227.795469243222
     0.143002134439   47.385040469466   13.703416747770  228.171670523761
     0.144019036628   47.079782482933   13.700427321489  228.090545492208
     0.145027672205   46.858347143876   13.699633744499  228.193521159769
     0.146041031608   46.724727757231   13.724483177696  228.892552835794
     0.147045879543   46.733329586898   13.748513991441  230.016353364259
     0.148061965360   46.692202959688   13.768374906251  230.724815313626
     0.149075219673   46.657077032479   13.785626175699  231.262954524647
     0.150085714587   46.585654848166   13.804961423359  231.913293876159
     0.151107632344   46.567846300075   13.830752077024  233.205870123001
     0.152127480997   46.583281450323   13.855524523514  234.036740807641
     0.153135503417   46.626053867548   13.879644598975  234.823047010713
     0.154149253395   46.533591922543   13.899006114273  235.459276278590
     0.155168323813   46.472639046097   13.917664597308  236.627123249588
     0.156172769695   46.420857373719   13.940338958512  237.404420260807
     0.157195508366   46.445988649107   13.961326253692  238.147545524801
     0.158212306765   46.318815758026   13.974388848429  238.491286489833
     0.159217184158   46.150403991464   13.983722303534  239.271795012299
     0.160218442245   46.136786614146   14.023147582914  240.481174327324
     0.161221585924   46.201356007067   14.044263440633  241.140262111162
     0.162227350769   46.045249389785   14.053906939140  241.368040238671
     0.163233547774   45.991698001482   14.073730689067  242.623790362282
     0.164240369480   45.959507643137   14.099528894965  243.585864470815
     0.165262018201   45.861210154917   14.112229570496  243.939594745694
     0.166270148783   45.694863440069   14.122315543140  244.162303100425
     0.167282921315   45.646065273811   14.143335124231  245.176432930239
     0.168289296050   45.662431686050   14.165618475330  246.253351723905
     0.169303724955   45.673205697358   14.182478922862  246.764589448864
     0.170322914447   45.605961867835   14.205420918187  247.440138848924
     0.171343919308   45.506184932621   14.220129422085  248.616632702358
     0.172349129618   45.368167006476   14.233076707577  249.118005812752
     0.173354339928   45.293028124989   14.246989463906  249.548245118875
     0.174373847909   45.134915289430   14.254878605668  249.685139475533
     0.175378271399   45.009184034105   14.276488148868  250.579333486535
     0.176382694889   45.045116343891   14.290146242915  251.594814776471
     0.177392753549   45.030937995057   14.308107530676  252.050470342820
     0.178397177039   44.912859880345   14.344124229943  252.987336274444
     0.179401600529   44.934654933274   14.345729297562  254.041103601386
     0.180411160736   44.931748172620   14.366608836996  254.596360781027
     0.181423220483   44.752294948295   14.383711545857  254.878028787083
     0.182436170416   44.716198760436   14.412575178219  256.227142410429
     0.183455408577   44.677114252082   14.429479564392  257.142941319473
     0.184466418055   44.562244678464   14.434483465816  257.085180879155
     0.185483380213   44.454331577708   14.464229047885  257.946760057346
     0.186495510801   44.572018960939   14.475143790619  259.174779252518
     0.187512938983   44.594691067836   14.496567792971  259.655261899675
     0.188531534233   44.360056937664   14.510792228855  260.125119012499
     0.189550129483   44.366439057619   14.505689193567  261.039340832028
     0.190568724733   44.333914445801   14.529088020916  261.643500268982
     0.191582270139   44.234589240736   14.540355880488  261.818881731364
     0.192597174826   44.025262402823   14.581628014228  263.024552531375
     0.193612079514   44.098562773045   14.590293755428  264.074458734956
     0.194622187168   44.083229446971   14.606975772784  264.308921719574
     0.195626610658   44.041411979146   14.632648008476  265.521264409455
     0.196626887280   44.180717880249   14.658648569446  266.785289487577
     0.197629938599   44.097206586174   14.682248159426  267.048412955974
     0.198632988342   44.095457011970   14.687826648077  268.310209794397
     0.199636038086   44.164488938598   14.716834064191  269.155562650274
     0.200641295946   43.987402823480   14.721670650755  268.943491207822
     0.201641438896   43.909213370554   14.737588768296  270.120484577051
     0.202641581845   43.839565364981   14.746660599281  270.842873402095
     0.203653934196   43.780035370576   14.757924732663  270.896509294316
     0.204655368330   43.580659466579   14.775476767670  271.120491531725
     0.205655714039   43.692525792192   14.809951667393  273.237975506978
     0.206662547488   43.555439009927   14.764293682212  272.298127668848
     0.207669380936   43.402123641560   14.809156554593  273.218053910898
     0.208671941334   43.210951063188   14.811607734853  273.065250462132
     0.209684711534   43.099275698226   14.833720053361  273.628461605924
     0.210689601710   43.223779201696   14.851852972761  275.245033647790
     0.211699893194   43.110429945889   14.866564580871  275.051189355590
     0.212710222663   43.252593353628   14.904388815312  277.322515013030
     0.213710755194   43.237786225033   14.887188212521  276.917828017960
     0.214721046678   43.190199074171   14.936534546149  278.081308837667
     0.215732507327   43.306959309559   14.959968844891  279.792898206666
     0.216739592910   43.190715130107   14.951546153334  279.104132961792
     0.217754026483   43.300439044239   14.994356182440  281.126358884953
     0.218757411216   43.340124845817   14.999623144309  281.311340822815
     0.219766318740   43.410462633653   15.051435359535  283.068405705543
     0.220770473895   43.477427711224   15.067830037477  284.278485319656
     0.221773858831   43.408252741068   15.069889987751  284.081064440599
     0.222777047843   43.280862564515   15.047122385879  283.530851830809
     0.223714474043   43.075203544633   15.050634059288  283.381297678398
     0.224718801608   43.088467776073   15.104597889212  285.521731711569
     0.225727797378   43.126398838393   15.116757473596  286.384032094604
     0.226730630003   42.984335431868   15.084500166052  285.070945162127
     0.227731494552   43.134227289410   15.170963693790  287.992228902043
     0.228731585714   43.100095100026   15.176569632703  289.061017290317
     0.229741656112   43.002774228129   15.178911598369  289.145738711624
     0.230752283631   42.797592510835   15.130794560878  287.444791703265
     0.231761191155   42.942313517568   15.198479224098  289.332058557843
     0.232770098678   42.961662554425   15.221462429789  290.937401362740
     0.233779302144   42.863970161933   15.221210978993  290.634178328685
     0.234780949054   42.809760644958   15.197393765255  289.871411468576
     0.235782881086   42.802492722155   15.264169407231  292.606177577169
     0.236787142038   42.949880972501   15.273747554345  293.026258085913
     0.237796049561   43.077877067150   15.327812203259  295.040236660285
     0.238796156877   43.142431862568   15.350162052313  296.336733902448
     0.239662224722   43.024960777479   15.322391986367  295.022299928252
     0.240670011994   43.215510351232   15.398780616767  297.599391426115
     0.241672429188   43.219214864154   15.358291070182  296.761252889417
     0.242580445959   43.306973860842   15.389052934686  297.350593659525
     0.243488462730   43.396780637020   15.457056598851  300.895593544192
     0.244396479501   43.283349897567   15.459473322804  301.050929583379
     0.245240935098   43.227428436362   15.460401257212  301.016478674988
     0.246044626131   43.123844908727   15.458880495972  300.934195095292
     0.247045257033   42.789073837664   15.458543963784  299.649475268597
     0.248045887935   42.758528401085   15.425025757632  297.830221362259
     0.249046518837   42.853950708797   15.445073358351  298.589483993316
     0.250047149739   42.615443316605   15.443778389934  298.906723357473
     0.251047780641   42.616719315430   15.454785373512  299.401341658833
     0.252048411543   42.541277308273   15.462242114627  299.627937347090
     0.253059065929   42.465023966127   15.472135765249  300.076208281200
     0.254064747932   42.467211560409   15.467270812652  299.698165935103
     0.255069480612   42.600804735578   15.472788301061  300.113993284316
     0.256003654244   42.577583473781   15.491234557583  300.784861184869
     0.256937827877   42.582943796257   15.549563719330  303.731684004921
     0.257942687967   42.784762992251   15.570975333363  304.321011027566
     0.258952442420   42.891174806554   15.550105107160  303.585319785052
     0.259962196873   42.943366002527   15.571387590893  304.361301073727
     0.260966562430   42.775644692775   15.571426621612  304.269308178310
     0.261900736063   42.742694775043   15.601250103821  305.554058919919
     0.262834909696   42.863347630755   15.644010825098  308.000816427083
     0.263769083328   43.000663035368   15.659649946537  308.244653300578
     0.264783085578   43.013932682852   15.668749076131  308.135724207896
     0.265787693690   43.062325498020   15.652847314726  307.854741072019
     0.266628449960   42.991561290393   15.665453181965  308.479692007279
     0.267469206229   43.112453517027   15.740202189105  312.313448800330
     0.268309962499   43.112527864942   15.748975568535  312.574672054909
     0.269150718768   43.105590074409   15.760049745304  313.077819395737
     0.269991475038   42.831972496074   15.747710131200  312.755804109960
     0.270832231307   42.803360108669   15.759675925355  313.402649396021
     0.271672987577   42.730329185619   15.754480009047  312.903346715230
     0.272673608698   42.754127238558   15.756990739570  312.633042030601
     0.273597090180   42.831461539035   15.753115383233  311.940510880433
     0.274375568207   42.979225459419   15.762661628475  312.741794267468
     0.275154046234   42.975016894541   15.827406182069  316.065621633069
     0.275903270428   43.174783162153   15.853216975407  317.189914452831
     0.276860722369   42.976256508951   15.853962782447  317.564380331491
     0.277724539496   42.609427713856   15.819228534591  315.463297636567
     0.278425169721   42.262868674111   15.763016895633  312.561902397960
     0.279206495857   42.233145477400   15.802407939733  314.496006562095
     0.280215918589   42.552221043548   15.844846016340  316.314600841053
     0.281028159407   42.605120001428   15.819965109059  315.552501321041
     0.281784840050   42.635463095294   15.843817119889  316.180827371717
     0.282541520692   42.768459418068   15.903475991741  319.597267196998
     0.283298201335   42.989182188000   15.931458561170  320.774482403981
     0.284054881977   42.959107158922   15.928627283617  320.203117248752
     0.284811562620   42.955167847975   15.934752798353  320.328571317221
     0.285719991604   42.877080750898   15.940093134952  320.301279380454
     0.286406597878   42.838347342993   15.945854198202  320.350731488108
     0.287107228102   42.841122810967   15.934787464784  320.481242946931
     0.287807858327   43.093192384982   16.033273271237  325.688581589676
     0.288508488552   43.097339735722   16.040160296360  325.881043836855
     0.289209118776   42.976570927825   16.034415454270  325.589127187658
     0.289909749001   42.918485551250   16.032253957855  325.444922562381
     0.290610379225   42.954391773283   16.038267605409  325.483757035840
     0.291311009450   42.876200000587   16.030622636949  324.944329558648
     0.292089138501   42.794720497819   16.032129161449  324.867771245935
     0.292726937046   42.748982941163   16.033959536133  324.574168128327
     0.292840439142   42.749888008938   16.035161217028  324.553972586300
     0.293471006345   42.769080438476   16.026405093770  324.198851475595
     0.294101573547   42.988213708454   16.106139385905  328.371610371288
     0.294732140749   43.145112856239   16.130746874964  329.459745828255
     0.295365865282   43.112777558928   16.121149632922  328.554019436437
     0.296312165592   43.096872018736   16.117844043217  327.832749576967
     0.297168989192   42.986771165795   16.083620072462  326.934765173247
     0.297799556395   42.856052437043   16.086212618996  326.979012969837
     0.298430123597   42.829008032587   16.102988562666  327.534329887209
     0.299060690799   42.960511286436   16.164913155736  331.241333062793
     0.299691258001   42.927883328947   16.170315094584  331.474874327376
     0.300321825203   43.032489893128   16.178795039637  331.587707571156
     0.300952392405   42.952739343350   16.178264069633  331.552146743041
     0.301592543487   42.867571379848   16.180989453555  331.840903562128
     0.302195477969   42.735579274765   16.172029594363  331.200251698767
     0.302720950638   42.808148833902   16.173610913695  330.697340878655
     0.303246423306   42.932799650580   16.174516430590  330.610979567694
     0.303771895975   43.212267193597   16.252547464638  334.701451200079
     0.304315636863   43.464322680051   16.285811836369  336.396667781271
     0.305016267087   43.384191146806   16.292131532203  336.835391339695
     0.305716897312   43.215939086098   16.288273081747  336.768927870446
     0.306417527536   42.731468514727   16.196353984543  332.387319070546
     0.307007538396   42.307430167327   16.166490119473  331.288107351530
     0.307575048878   42.319794321265   16.170716683277  331.179973281245
     0.308142559360   42.389172162825   16.184716140309  330.991141743280
     0.308710069841   42.704518891840   16.247940161838  334.648462383376
     0.309271213346   42.969997252547   16.273380506949  335.398620179047
     0.309838723828   43.067541413285   16.284750628034  335.691037149985
     0.310406234310   42.968663627011   16.286965260032  336.280556194477
     0.310973744792   42.856062259141   16.302948071944  337.712238546129
     0.311541255274   42.630166945067   16.297714800816  337.790709679756
     0.312108765756   42.486522803243   16.296293275193  337.830230107586
     0.312676276238   42.454339225242   16.298222740835  337.782199805134
     0.313243786720   42.426053903154   16.299504632261  337.738670017445
     0.313811297202   42.356530305610   16.302688008635  338.018551894341
     0.314378807684   42.267458740613   16.300484765030  337.845143276170
     0.314946318166   42.268322458521   16.298910657221  337.557586738793
     0.315695435937   42.310286001909   16.296252496134  336.933431804480
     0.316254640120   42.291738734218   16.288801214930  335.952767791146
     0.316838498641   42.323230269675   16.265758679564  334.899852767149
     0.317422357161   42.504797583126   16.319916685135  337.636801545024
     0.318006215682   42.622616143305   16.357737961181  340.326420778115
     0.318590074202   42.608044327842   16.357872243988  340.035898459114
     0.319173932723   42.668515997371   16.358976146613  339.740236702767
     0.319757791243   42.605020107558   16.349638638956  338.985302388328
     0.320341649764   42.548327761828   16.340937647653  338.144942963462
     0.320925508284   42.675471020677   16.356778150671  338.738233051467
     0.321509366805   42.566374606379   16.355089734051  338.866221949146
     0.322093225325   42.336923542715   16.342895717052  338.764243702697
     0.322677083846   42.335580447942   16.355017963243  339.555765133623
     0.323284436553   42.218791622648   16.352848090207  339.386641501743
     0.323899726824   42.106099598624   16.344371361718  338.920347161116
     0.324483585345   42.003353905702   16.334363693241  337.833065641025
     0.325067443865   42.246869822212   16.359660527704  339.521929722707
     0.325651302386   42.552399752253   16.428532204848  343.842867894858
     0.326235160906   42.526249185703   16.435013302518  344.202339413132
     0.326819019427   42.466457965471   16.437280947020  344.304970552472
     0.327402877947   42.565795449490   16.450339802936  344.829781950295
     0.327951704956   42.525899272236   16.450686411394  344.802032583914
     0.328535563477   42.411293999469   16.440869775952  344.346212660688
     0.329119421997   42.451534402243   16.447977995657  344.587781997294
     0.329714742925   42.405808552787   16.438702292125  343.660732721768
     0.330196426204   42.444366273173   16.435370830862  343.101690061556
     0.330682974971   42.495327536462   16.437707538262  342.629117006922
     0.331169523738   42.546797705539   16.445001949943  342.776175211418
     0.331656072506   42.821381855146   16.500732739678  346.475422511863
     0.332173815910   43.080676858985   16.537254547685  348.196589222295
     0.332728515880   43.109081104968   16.544925694863  348.633210479415
     0.333353321496   42.907632837405   16.545652334121  349.066271570684
     0.333833755037   42.729031868924   16.515647136853  346.599129594699
     0.334271648927   42.380840808689   16.452950304339  343.611552393562
     0.334709542818   42.109875117045   16.425436884721  342.183940013816
     0.335113394141   42.185393267396   16.446171264295  342.770004272886
     0.335527109282   42.568597941030   16.509205147215  346.306548153305
     0.336176836380   42.830628835737   16.546880252992  347.918484802452
     0.336929085313   42.697373696141   16.559889255980  349.560944412202
     0.337592759017   42.325549336804   16.507080100536  347.615155464614
     0.338178511733   42.305619232343   16.492367511536  347.401985070864
     0.338625324085   42.436935434423   16.516504617354  348.224991272025
     0.339113342091   42.574515527603   16.523400684711  348.143463927523
     0.339599679220   42.538097662302   16.543430618539  348.971691531771
     0.339950434383   42.448167675511   16.568269726755  349.949668425106
     0.340223169822   42.388770924479   16.570625180242  350.166530767627
     0.340668532958   42.129287612462   16.536218201611  347.620726688533
     0.341229608521   41.718722045997   16.489768890049  345.568420854738
     0.341738477538   41.432823227383   16.486456846400  345.273240807994
     0.342220229889   41.400109504591   16.457671864524  343.946793983384
     0.342686327137   41.396231531854   16.437551554269  342.807780188434
     0.343167826067   41.627830045007   16.494922095426  346.233177818893
     0.343771348966   41.929900624446   16.559171111549  349.899990781409
     0.344379653739   41.759452715665   16.553626047897  349.864294511295
     0.344995323899   41.644553506476   16.531943463502  347.836329416773
     0.345625891101   41.258155195755   16.467147240892  343.871843787997
     0.346256458303   41.320077920454   16.480825338727  346.391735667213
     0.346887025505   41.534303730319   16.515535471096  347.830645494343
     0.347464192599   41.608543673544   16.520931402449  347.306883593330
     0.348048051119   41.575115747798   16.524672726555  347.055501793103
     0.348588380654   41.617098082208   16.542007648086  347.553667721027
     0.349146607768   41.852827924198   16.591409173331  351.625469463104
     0.349774070465   41.962346640097   16.628874697061  353.905283289240
     0.350446925923   41.948907782990   16.642299063186  354.740842005675
     0.350909432473   41.778158294235   16.634905888441  354.122341901690
     0.351377170760   41.516439840736   16.569222411637  350.204041950366
     0.351837047771   41.267570321591   16.535179161605  347.750406831147
     0.352304548201   41.471490577296   16.594150117276  351.239570671973
     0.352783507428   41.738388669017   16.629632279377  352.831005023602
     0.353266219352   41.873643306589   16.636276072421  352.522471901656
     0.353748791040   41.809561575041   16.636897197052  352.850808021582
     0.354221332582   41.636292529423   16.626969721355  352.588915936539
     0.354659226473   41.617308301927   16.624370729501  352.160423343570
     0.355097120363   41.710157863971   16.629692957045  351.614371777191
     0.355535014253   41.915382023088   16.658312058807  353.375210666191
     0.355972908144   42.107043836231   16.708545297135  356.782400351712
     0.356410802034   42.143700443955   16.720338171191  357.434279653695
     0.356652171901   42.173042570904   16.722628976730  357.431689845124
     0.357024276180   42.197984428245   16.722438731119  357.064046955293
     0.357397995294   42.192977551135   16.715163159453  356.366759827129
     0.357543745749   42.222513573294   16.716074746243  356.303674499596
     0.357917464863   42.341066788459   16.733445609771  357.012472798217
     0.358309858904   42.327814875667   16.751468755515  358.043781255149
     0.358713715730   42.180467117307   16.743140418043  358.259945030195
     0.359127752704   41.993951638161   16.732774367475  357.787294925270
     0.359555379097   41.975971177511   16.731139990471  357.712551215711
     0.359982910747   42.043779057447   16.731640691657  357.637949134509
     0.360445847525   42.016689525779   16.722523562008  356.709124405033
     0.360924039637   42.013479427812   16.718468947751  356.342671812727
     0.361377764175   42.004156823372   16.718547381606  355.949392332459
     0.361842891710   42.031470991392   16.717150040520  355.499753389279
     0.362305995721   42.279314011633   16.757441829583  358.359432116693
     0.362780368563   42.544506379567   16.813390852739  362.174660289189
     0.363260516225   42.636911295950   16.831897840359  363.268472474313
     0.363740560789   42.583395414528   16.846580367374  363.993017385574
     0.364183924624   42.161700651958   16.790217702532  359.987364744839
     0.364578029126   41.772182309957   16.720890082586  356.654472360465
     0.364972133627   41.583456174354   16.703074081367  356.030790472354
     0.365366238129   41.576906596607   16.704789631041  355.444531777517
     0.365753408854   41.762291342870   16.738155580386  357.010620167112
     0.366088589348   42.047544356493   16.789033426644  360.301154370396
     0.366468516394   42.242436764985   16.814706749951  361.235709081001
     0.366848443439   42.329823312267   16.818565089966  361.078565067360
     0.367228370485   42.330353143662   16.827781096483  361.739755520142
     0.367608297530   42.281674960737   16.834403571119  362.644564682572
     0.367988224576   42.256675519810   16.843046515774  363.250725998317
     0.368368151622   42.186654623325   16.845105925195  363.404664327531
     0.368748078667   42.146726512693   16.842033498991  363.230755621414
     0.369128005713   42.147763803771   16.845454439229  363.449633070713
     0.369507932758   42.077261253321   16.844112855068  363.478972641029
     0.369911838895   41.991882086425   16.841000307628  363.464379831935
     0.370314950064   41.923305454815   16.845843222600  363.696927239541
     0.370738381125   41.846767127770   16.837063322432  363.155838249641
     0.371146433473   41.871635771810   16.831505673484  362.924628734528
     0.371600068484   42.021916868738   16.840065510187  362.912382242664
     0.372002622777   42.094316669750   16.839760010017  362.585725889123
     0.372353084710   42.041314012224   16.839559943127  362.987431249458
     0.372509778915   42.006694227897   16.843091385923  363.415264569998
     0.372651838739   41.970483101448   16.846976334463  363.805957551658
     0.372811701823   41.917561487518   16.849967466033  364.133928488183
     0.372986443148   41.839970786831   16.848849196901  364.125221664331
     0.373154983413   41.739917761368   16.840449477423  363.362960806510
     0.373297401354   41.627726881748   16.825166571196  362.039386207493
     0.373675903043   41.272105228955   16.766761537677  358.556198096598
     0.374094394798   40.974146662689   16.764280473804  357.974644560162
     0.374634755035   40.845081224664   16.755250414105  357.708641036738
     0.375032330244   40.887702497456   16.738692434112  357.213077533058
     0.375432721608   40.755670329725   16.718684548980  356.229095555038
     0.375836413063   40.659653014775   16.699610056489  355.336386189569
     0.376246831328   40.822220120380   16.739356047123  357.426690728692
     0.376667331238   41.128891885968   16.799630895680  361.245580352669
     0.377091143789   41.329730697909   16.822755799072  361.924739992164
     0.377514883166   41.363867725529   16.825422157379  361.818382960779
     0.377939638916   41.216277752488   16.817182683312  361.754363402213
     0.378377532807   41.139479284652   16.815426487081  361.904184241225
     0.378815426697   41.064209973485   16.808723022831  361.183657614501
     0.379139616119   41.050634348380   16.801375023011  360.106584672925
     0.379488414238   41.230972491003   16.822031109322  361.327736431037
     0.379865224534   41.552320667007   16.873997601095  365.004920237394
     0.380128991741   41.619639812242   16.888820731400  365.604319010909
     0.380505802037   41.692039099976   16.898377003583  365.471234525554
     0.380882612333   41.742657724620   16.919571837349  366.621348501063
     0.381259422628   41.662778529833   16.921470035828  367.384417337808
     0.381636232924   41.553529244912   16.924983152115  367.812705415217
     0.382082638114   41.384650092724   16.913665015475  367.207594596230
     0.382513581237   41.392269274247   16.907364343085  366.705231978776
     0.382935715583   41.497186768626   16.905191868874  365.673787517820
     0.383341388985   41.476343804406   16.887660490480  363.954771702096
     0.383757139777   41.583929113286   16.899228563321  365.021470019349
     0.384176172223   41.875993483833   16.960402514149  369.063935689143
     0.384595125788   42.067472822972   16.992698587516  371.020794906195
     0.385003869864   42.081273119175   16.995056645672  371.271873191162
     0.385419288210   42.076897694495   16.991773264892  370.898296205770
     0.385895135859   42.175253291533   16.996098275557  370.815899165705
     0.386528770919   42.139166359517   17.010036611517  371.977485927652
     0.387065964816   41.836939107178   16.995245381632  371.169170610284
     0.387497450560   41.722706607794   16.952164794749  369.595966042904
     0.387906461754   41.791242949507   16.954300435900  369.914875508164
     0.388320489927   41.816094380697   16.972919004042  370.668864923333
     0.388747878280   41.768916994322   16.987508899168  371.044280862456
     0.389206101509   41.799467686130   16.993000480697  371.189669491057
     0.389680117077   41.806364728241   16.978939862954  369.786582739360
     0.390154029722   41.954007260848   16.976087183586  368.583882975987
     0.390627826347   42.037097677931   16.981479456325  368.559339854959
     0.391079496538   41.912724316269   16.971789559062  368.019410458153
     0.391530004656   41.824101356043   16.967041279413  367.560150950166
     0.391980512774   41.963286765667   16.986630485924  368.391726230296
     0.392431020891   41.954985207017   17.006470048874  370.380711731210
     0.392881529009   41.840310573034   17.020568346175  372.046240537362
     0.393332037127   41.892393312587   17.022242901346  372.464047119273
     0.393782545244   42.116789215626   17.039185507245  373.446045151970
     0.394233053362   42.245578542837   17.048996086300  373.463890284903
     0.394683561480   42.226325898497   17.055140327384  374.320947119493
     0.395134069598   42.136408690650   17.069636044665  375.258370392108
     0.395584577715   42.051701584626   17.071121247492  374.897487885548
     0.396035020572   41.990825197779   17.057740931303  374.175065411494
     0.396500018435   42.072840591734   17.066312820105  374.776442583475
     0.396929187598   42.099843259081   17.075801291631  375.222711289511
     0.397337725499   41.999133840797   17.074186529529  375.000884468099
     0.397746866347   41.856301294258   17.057451439843  373.306065799039
     0.398144947219   41.673882957396   17.015308503173  370.264675258518
     0.398550404525   41.757541150941   17.026163101087  372.005542952913
     0.398962534111   41.941718068149   17.050492060024  372.911376804013
     0.399286320363   42.100811694526   17.059657857776  372.262560361751
     0.399540434136   42.291356894328   17.084601481779  373.738504113871
     0.399811295099   42.513191083083   17.122011198211  376.660279726854
     0.400118459394   42.647912912266   17.156892136353  378.976186202712
     0.400406962387   42.655319158773   17.169722676337  379.276078758108
     0.400794627300   42.422906172173   17.147292495777  377.566110131947
     0.401182292214   41.979503249304   17.116870663243  376.081403837853
     0.401569957127   41.388361496066   17.051428633579  373.289954502586
     0.401957622040   40.800141778351   16.978293727006  369.464263237654
     0.402345286954   40.358850014899   16.921131021956  367.515422673016
     0.402732951867   40.186793974446   16.919405569660  367.832801691286
     0.403116065204   40.121000402663   16.919067438977  367.712267535933
     0.403508199183   40.038601260159   16.905312633600  366.376609274713
     0.403902303684   39.947659997955   16.886806074896  364.775259119134
     0.404296408186   40.086119074698   16.898402048016  364.706656549953
     0.404716375685   40.306236624407   16.931780804549  366.875054424310
     0.405061825310   40.475412258739   16.969560666537  369.776975445361
     0.405548374077   40.613051494773   16.984981977787  369.661469437551
     0.406034922844   40.701019794172   16.985459134325  368.987718843353
     0.406521471611   40.937693396644   17.014507890204  372.496964884709
     0.407008020378   41.089596103072   17.046485703477  374.316014869160
     0.407494569145   41.065665123802   17.034699864346  372.868396858832
     0.407981117912   41.082895634358   17.033016091474  372.780878143123
     0.408449173475   41.035923368209   17.030486491409  372.632442684596
     0.408887055917   40.988797007997   17.027804540880  372.518067771313
     0.409324938358   40.981872871048   17.029535479574  372.551772545591
     0.409762820799   40.982169049921   17.036646570003  372.958449407622
     0.410200703240   40.926593906517   17.053820449348  374.332218525312
     0.410607017736   40.808329591624   17.059558437690  375.207755116152
     0.411044911626   40.666711123993   17.051561449469  374.735218433927
     0.411482805516   40.704734289674   17.043191139180  373.230287020517
     0.411920699407   40.847974868753   17.049497477409  372.267797127306
     0.412358593297   41.057871806219   17.085429027586  375.097820431193
     0.412778471368   41.245112528688   17.133458601059  378.395282653032
     0.413211959935   41.235920522000   17.145645825987  378.753728394259
     0.413648084861   41.066069517169   17.122404422094  376.674527757976
     0.414084209786   40.904331219575   17.076782620314  373.422664806425
     0.414520334712   41.029911141775   17.095313878773  375.806307476627
     0.414956459638   41.206808529396   17.125973089948  378.349260478254
     0.415390724266   41.282332472985   17.141760841306  379.272608599750
     0.415846261875   41.281269101531   17.158721407410  380.150416248969
     0.416296878935   41.159066723675   17.159945924972  379.886909241408
     0.416579866449   41.062926941453   17.152936151957  379.239207267150
     0.416973349074   41.045060210547   17.140695565678  378.599893672406
     0.417379007651   41.152149677469   17.146082698033  379.193562677204
     0.417784666227   41.171491356149   17.159175275685  379.934186168283
     0.418190324803   41.189397626282   17.180841277579  380.430731260885
     0.418595983380   41.160361249602   17.165704596628  380.124363570964
     0.419001641956   41.158263081305   17.167167933236  380.210790857235
     0.419407300532   41.189024412063   17.172793581384  380.486915169841
     0.419802096596   41.206808657469   17.171944039848  380.524004228231
     0.420207553902   41.232771028257   17.169443385141  379.967499968949
     0.420613011208   41.217076062718   17.154446282405  378.140616831230
     0.421018468514   41.287607191820   17.154513441118  377.145077735754
     0.421423925820   41.487929373644   17.184028270366  379.045293456217
     0.421829383126   41.720932820736   17.219235519661  382.303915735128
     0.422155267837   41.904090476617   17.243512300332  383.304685250946
     0.422500030454   42.021976856223   17.253583977114  383.546116671750
     0.422844793072   41.993059117498   17.256413183001  384.146356301048
     0.423189555690   41.884270712308   17.267985199878  385.102137620808
     0.423534318308   41.730514560877   17.270038213165  384.180924520585
     0.423879080926   41.414714148225   17.211500168036  380.770457887534
     0.424223843543   41.101137532261   17.174877492973  379.811524857245
     0.424586358489   40.920631320245   17.170025668674  380.109251362897
     0.424952689165   40.927326782382   17.172735708335  379.975334318211
     0.425311349940   40.943913952634   17.164297854960  378.601543938816
     0.425623121757   40.957027164528   17.156409547239  377.344810369744
     0.426017565286   41.042462818797   17.162443414640  377.266781052131
     0.426411669787   41.294011668590   17.202304498117  380.608325729263
     0.426805774288   41.513683395566   17.236589168033  382.207616136060
     0.427199878790   41.764494760296   17.254649491775  381.867093809069
     0.427593983291   42.099938898688   17.293208548527  385.159978907142
     0.427988087792   42.286968934116   17.333221356625  388.156471007712
     0.428305634395   42.279980983703   17.346582116309  388.833533439810
     0.428428261900   42.250432790518   17.348766941248  388.776300492352
     0.428533479566   42.215373902693   17.347380274141  388.478415848080
     0.428659706317   42.156601728668   17.338220840674  387.697069895245
     0.428664083363   42.154178938234   17.337727524323  387.661751481359
     0.428897685077   41.992905477659   17.298431563039  385.434089830863
     0.429239661554   41.743174731690   17.250731698815  383.683400869997
     0.429687814848   41.570551109019   17.254563321116  383.969564077057
     0.430135968141   41.594958883085   17.290980793311  383.614020681174
     0.430584121435   41.402614470273   17.227211796668  380.361077255713
     0.431027111809   41.525839331795   17.222694924053  380.449054658297
     0.431360311555   41.719753594679   17.246528158493  381.830401947565
     0.431715005606   41.597478756020   17.247354730976  381.688618594244
     0.432069699657   41.429918468604   17.229246966161  380.911847809735
     0.432424393709   41.428665655891   17.229705529804  380.956247988749
     0.432779087760   41.518362983021   17.259804236707  382.911482202908
     0.433133781811   41.733676778193   17.295487299909  385.841385984869
     0.433488475862   41.855643373598   17.314770751124  386.649621946126
     0.433841057150   41.803645073501   17.308473901451  386.195545641589
     0.434120314870   41.779068886484   17.313540200250  386.937995653918
     0.434351618015   41.792508843630   17.326329594883  387.880675245821
     0.434584616410   41.808141639144   17.336661306680  388.415025511370
     0.434907464800   41.808784441164   17.345700646946  388.755374937679
     0.435158448859   41.783235176452   17.343512336210  388.416330393374
     0.435520366865   41.602813118969   17.328446863598  386.667687945671
     0.435882284870   41.307231261740   17.309909064859  386.020849114877
     0.436244202876   40.729931839378   17.245865760519  383.316384187452
     0.436539574176   40.294437550695   17.195815638880  380.899826314479
     0.436894268227   39.859989549927   17.127898357017  377.527526232860
     0.437236006863   39.544512027263   17.088493663156  375.820683366288
     0.437564427281   39.376485768293   17.067847208862  374.098848826800
     0.437892847699   39.402269297746   17.065875400818  373.265563992360
     0.438221268117   39.663801938084   17.099850329383  375.384862817878
     0.438549688535   39.939587597662   17.139167315102  376.995867881191
     0.438878108952   40.347649038059   17.202348355340  380.617008394670
     0.439206529370   40.691946252019   17.261140348868  384.479011999619
     0.439534949788   40.824989455743   17.290480767041  386.203936806869
     0.439863370206   40.786036904164   17.293109254066  386.404771316394
     0.440191790623   40.714987109346   17.290909857430  386.254407378050
     0.440520211041   40.636699151619   17.281183151178  385.720066640073
     0.440848631459   40.612515504611   17.272220751205  385.144683201285
     0.441177051877   40.643608517113   17.272977234922  384.804399564519
     0.441505472295   40.597043621672   17.264825590026  384.055505724030
     0.441833892712   40.504502872517   17.254922718856  383.694740056803
     0.442162313130   40.456737142241   17.259946703114  384.527552259639
     0.442490733548   40.450731111065   17.269906610819  385.329085286530
     0.442819153966   40.472543704307   17.279099940861  385.811931890387
     0.443147574384   40.451416069071   17.280352513170  385.844295073322
     0.443475994801   40.400141655042   17.276266256769  385.646341165037
     0.443804415219   40.382889947250   17.277868050237  385.699699894090
     0.444132835637   40.347641716571   17.277608611996  385.701143862894
     0.444461256055   40.347995911253   17.278686698567  385.806085935915
     0.444815150332   40.318026545160   17.274378812522  385.424385179816
     0.445220607638   40.299143785000   17.259695416080  383.893163987398
     0.445626064944   40.382500331362   17.260094969329  383.333628085827
     0.445958683101   40.346612467360   17.252321461388  382.260153466985
     0.446380086660   40.378917637893   17.249834935471  382.481685589419
     0.446745308601   40.675001429025   17.288065700152  385.926090954779
     0.447101791253   40.817676379795   17.305725665392  386.296907986865
     0.447458273906   40.895067924627   17.312411331225  385.213284563943
     0.447814756558   41.018973936854   17.312078492513  386.151961635491
     0.448171239210   41.221008985023   17.353304508274  389.258294980205
     0.448527721863   41.416765355799   17.381661466361  389.933071567303
     0.448866380382   41.567450842148   17.389616730112  389.935028374000
     0.449222863035   41.568534862414   17.396039502849  390.942107722226
     0.449579345687   41.444115888224   17.406416732067  392.098174257630
     0.449935828339   41.274447549787   17.405496180772  391.563271008000
     0.450292310991   41.162012407544   17.373744814528  388.873231304659
     0.450648793644   41.005661723039   17.333709683276  386.934223974767
     0.450991690942   40.759511194937   17.315954648605  386.732639375859
     0.451325851060   40.664585621004   17.318764387340  387.576025799791
     0.451622341715   40.723145777468   17.337110649518  388.791477359236
     0.451926434695   40.718746905818   17.341455641489  388.646036344261
     0.452230527674   40.673029254899   17.327496297291  387.219763743033
     0.452534620654   40.667574582819   17.317161514295  385.977199901168
     0.452838713633   40.687222241786   17.315853285226  385.333138868244
     0.453142806613   40.900679734189   17.344832496462  387.483120755624
     0.453480551263   41.277145508759   17.391479962512  389.962561842770
     0.453850543871   41.443287220214   17.408713228736  389.995930512691
     0.454188424959   41.478816964080   17.411996131962  390.387726093202
     0.454526306047   41.431803148907   17.424440612432  392.158764638359
     0.454864187135   41.320791391433   17.430742176712  392.939335440412
     0.455202068224   41.158818654433   17.410215489477  391.524374068038
     0.455470563065   41.005601778526   17.382967082088  389.309789807352
     0.455766141441   40.777849229058   17.347857167076  387.726114519009
     0.456065528488   40.511445081601   17.322248768654  386.783479247557
     0.456369624447   40.401037391641   17.309282937184  385.963589635783
     0.456688849093   40.410668894857   17.306716316178  385.019715095181
     0.457008073739   40.591316236134   17.330453631472  386.346139225340
     0.457327298386   40.909725576074   17.367415763084  388.249279820352
     0.457646523032   41.223986196090   17.404486156776  389.734404820705
     0.457965747678   41.550203175257   17.450259530230  393.347860915183
     0.458282174785   41.795722256649   17.490591821050  396.302621360603
     0.458589195519   41.967977794549   17.514338158643  397.688861057857
     0.458997805431   42.013201744397   17.519428823338  397.870579026349
     0.459363189254   42.013868710972   17.513185569604  397.394283912181
     0.459728573077   42.171882998435   17.533427564349  398.476569042060
     0.460085843763   42.123857251321   17.538937515454  398.643751718202
     0.460381715750   41.945679259424   17.505009299067  396.936792632485
     0.460705422726   41.626659358364   17.454919078602  394.458641321756
     0.461033843144   41.350281222559   17.429130322317  393.441358096777
     0.461362263562   41.253114501967   17.415858518039  392.247463579968
     0.461727325429   41.413095186311   17.428105764053  391.144516049223
     0.461969793966   41.578736265510   17.445259092085  391.624196801593
     0.462234913700   41.761540198474   17.471007483716  394.083995543780
     0.462467384050   41.903375439158   17.500241715017  396.525867629621
     0.462721794114   42.012709998843   17.526716750440  398.194137332730
     0.463001583776   42.075932353143   17.545295458689  399.076790421977
     0.463383144291   41.995470073695   17.548494650547  398.323880115467
     0.463764704806   41.622776422991   17.509001323119  396.125276787467
     0.464146265321   41.138788207327   17.465741791681  393.941987955144
     0.464207315003   41.047794211468   17.455557563883  393.500939278475
     0.464492408128   40.727660564685   17.409895049158  391.823906897373
     0.464887331437   40.452206025929   17.379035123299  390.693582694536
     0.465282254747   40.340101228029   17.359452283995  389.786590535695
     0.465677178056   40.356364892973   17.361872630653  389.879604510194
     0.466072101365   40.019635034808   17.327472421061  386.819598711806
     0.466467024674   39.948717441889   17.282717973991  383.885615972445
     0.466861947983   40.068717314834   17.281525602593  383.229054260576
     0.467256871293   40.309128292772   17.298436067333  383.305706400665
     0.467600901908   40.472830682496   17.318877415351  384.046076975583
     0.467920126554   40.780815567402   17.368502520380  387.355790236047
     0.468239351200   41.137495964544   17.426667613513  390.975135875952
     0.468634367355   41.269673988730   17.460026254616  392.949422018009
     0.469114850531   41.011268848407   17.453257418513  392.203036875530
     0.469595333707   40.261693653344   17.353021937298  386.990613950308
     0.470075816883   39.610435631057   17.283244294043  384.563838834952
     0.470556300059   39.257608778330   17.244988033973  382.687686044702
     0.471036783234   39.049444482638   17.222310348565  381.437690883051
     0.471479705142   39.059901050571   17.228316839056  381.895581683347
     0.471912032846   39.201035653777   17.253321393494  383.172648533408
     0.472344360549   39.156778227440   17.253421582418  383.332313713890
     0.472746458990   39.169705864660   17.254135420800  383.309520687649
     0.473134976169   39.279489393478   17.254920046430  382.445990070117
     0.473517656943   39.614018479234   17.280493852300  382.680181691213
     0.473867264758   39.943532972967   17.325525952168  385.249634799602
     0.474216872573   40.278083444934   17.383272627917  388.914060288437
     0.474610344749   40.561474087340   17.423319974145  390.796586489152
     0.475014663644   40.647435093700   17.442050707278  391.792565631685
     0.475318756623   40.583779035359   17.448564075989  392.328490645909
     0.475635864782   40.425101221542   17.441262920334  392.113693650017
     0.475964285200   40.201678852503   17.417443631273  390.994196846465
     0.476408038913   39.972385614165   17.391011098198  389.489834859382
     0.476827238744   39.563072605549   17.328278925247  384.929279660455
     0.477200604471   39.230366947672   17.272744674197  382.055919712452
     0.477559209821   39.207022901082   17.263597311359  381.596382849677
     0.477917815170   39.520361664487   17.300624395000  384.360561077366
     0.478276420520   39.864705943093   17.364503167217  388.185948029576
     0.478635025869   40.112242587045   17.401358397061  389.647939906809
     0.478993631219   40.256286967083   17.415091173242  389.839107282208
     0.479352236568   40.351256442625   17.422254899587  389.853063013497
     0.479710841918   40.472578405861   17.433617028950  390.037085709230
     0.480069447268   40.517696264426   17.439280326072  390.000480588001
     0.480428052617   40.571444016547   17.447961057017  390.478359632093
     0.480786657967   40.696381335974   17.477408765326  392.712373088010
     0.481145263316   40.771888158850   17.502231785188  394.592828562502
     0.481503868666   40.855422799093   17.520843884081  395.808989455474
     0.481862474015   40.899130038986   17.532628655556  396.444411185291
     0.482221079365   40.884802542946   17.534396873477  396.567554731442
     0.482548171228   40.858945674313   17.535212548025  396.542984888297
     0.482843749604   40.823503797228   17.530930570252  396.172945707103
     0.483140503693   40.778763640600   17.522665301326  395.618852262720
     0.483444490713   40.760070870174   17.519663872017  395.408155096659
     0.483748440203   40.825281993924   17.526888647532  395.656253969212
     0.484052355239   40.823572269697   17.524323894046  394.989521360137
     0.484356233993   40.638348912152   17.489642171000  392.842955725412
     0.484660076285   40.404348678406   17.461207086647  391.999581017105
     0.484963882798   40.189621291431   17.450602751167  392.362189858197
     0.485267647491   39.979332150927   17.439847677662  392.152929909474
     0.485571378056   39.845449043477   17.426118189886  391.365750735764
     0.485996544391   39.828424948736   17.418475163464  390.692347825645
     0.486391146348   39.883734557677   17.412203687118  389.759437039899
     0.486722504412   40.067142261786   17.424679078544  389.795632936091
     0.487053862477   40.216242584905   17.436928764765  389.951037686990
     0.487209600768   40.298029992591   17.444501911087  390.459052079243
     0.487540958833   40.612500642821   17.488370334922  393.803685302608
     0.487872316897   41.009846870197   17.555009607355  397.650822381294
     0.488203674962   41.261709706308   17.593215487680  399.351793780838
     0.488535033027   41.335930738554   17.604551455419  399.988065994340
     0.488866391092   41.232289658488   17.601062046629  400.044744204715
     0.489197749157   41.067515520942   17.585052529521  399.164619830906
     0.489529107221   40.987286998228   17.573662287538  398.482966467852
     0.489860465286   41.022912238736   17.576920544364  398.599783399652
     0.490191823351   41.063576817006   17.583462046774  398.931094681563
     0.490523181416   41.028546848276   17.582307318406  398.918471638007
     0.490854539481   41.004370374084   17.580582747823  398.845955419183
     0.491155335305   41.056797536985   17.585910077520  399.096782139863
     0.491328267624   41.101039576438   17.589951171203  399.295244605854
     0.491563774059   41.146496020418   17.593343530772  399.483453348853
     0.491799280494   41.188165694674   17.594927409084  399.551553584476
     0.492034786929   41.250035845485   17.596681637235  399.470266731969
     0.492270293364   41.321468483378   17.597436853283  399.184862017654
     0.492505799798   41.428061700859   17.602779431694  399.033885087921
     0.492741306233   41.579424214737   17.620877378821  399.436206620205
     0.492976812668   41.708510404728   17.638765425978  400.004979478812
     0.493212319103   41.772020537227   17.646420364260  400.419882117101
     0.493447825538   41.771775485665   17.649518857600  400.737584030927
     0.493743695745   41.718112921751   17.648681710703  400.962705908678
     0.494097562518   41.670642330152   17.649802888508  401.320745367663
     0.494451429291   41.610689222254   17.649215952790  401.306276687708
     0.494805296063   41.452180909439   17.636358790198  400.763599690109
     0.495150260821   41.221008758783   17.617405117831  400.396539720180
     0.495468519535   41.018699279183   17.597103006198  399.771190440317
     0.495786778249   40.816323163756   17.576365318463  398.670015762895
     0.496105036963   40.740031238635   17.563709174435  398.037088021917
     0.496371050808   40.905187284729   17.577042905111  398.668977634106
     0.496610469292   41.134628189235   17.598896600422  399.455181386045
     0.496849887777   41.277209683420   17.613205971288  399.705050053099
     0.497089306262   41.323843839369   17.617239198733  399.606247624931
     0.497436541152   41.359359059984   17.620772659242  399.751583249849
     0.497677077575   41.367378778469   17.622253585314  399.786216534283
     0.497896942764   41.353639733510   17.622444210986  399.516127375003
     0.498116807952   41.355678191947   17.622228289643  399.053606052537
     0.498402611864   41.457245154436   17.627775525877  398.846980026605
     0.498689914046   41.613749069281   17.641787496866  399.499736411994
     0.499069635899   41.766916549327   17.677536375697  401.965175873886
     0.499407516987   41.603316222434   17.679666036166  402.405414808758
     0.499745398075   41.158113429322   17.645070167374  401.934672575102
     0.500025839379   40.713783795887   17.607955089031  400.462294276421
