# {0} signal over time, extracted at r = 500 km
# All quantities are measured in a resting observer's frame at infinity
# cols=4 rows=679
#              time        luminosity               <e>             <e^2>
#               "s"           "foe/s"           "MeV^1"           "MeV^2"
  -2.4136286066e-04  2.0677245526e-06    3.509520121190   16.448738048478
  -1.2257095192e-04  3.6581919555e-06    3.419884035240   15.169802546606
  -2.2820689568e-05  5.5959176646e-06    3.397450444297   14.751005332723
   1.9162201277e-05  6.5868333282e-06    3.395840866316   14.667794029048
   1.8071233302e-04  1.1545085735e-05    3.419681846082   14.689682415916
   3.7006671987e-04  1.9985544104e-05    3.487560532996   15.176085612970
   6.6583256112e-04  5.5999317140e-05    3.293765678079   13.579046498290
   1.2225385785e-03  4.0125660077e-03    3.608562969595   15.600446428322
   2.2229521618e-03    0.403509121273    4.995917780498   29.597644115189
   3.2241789477e-03    2.473245198879    7.725164800665   71.663964390249
   4.2248793940e-03    5.500503125370    9.599725266799  110.735753414427
   4.4235589088e-03    5.984516032605    9.849977545165  116.808344344390
   5.4255085614e-03    7.631926139365   10.714210053336  140.368051932380
   6.4264278075e-03    8.512879087180   11.111311137543  153.104389787892
   7.4272383764e-03    9.504167795870   11.342824912469  160.528323683952
   8.4295776464e-03   10.982385844075   11.577239250045  167.179039705524
   9.4318292082e-03   12.766268980442   11.852444422152  174.899867926870
     0.010435725362   14.674162127451   12.102777251590  181.992239630426
     0.011439689555   16.655169668093   12.327256652820  188.413579285586
     0.012440787301   18.645013311915   12.519144679568  193.999892713618
     0.013441885048   20.568765702839   12.690777843679  199.114565697177
     0.014443378940   22.327369523303   12.826259887009  203.113842387925
     0.015445010621   23.906167412041   12.938526863234  206.567838306484
     0.016446642303   25.351713807603   13.037755627782  209.642966877922
     0.017448273985   26.623179516458   13.103024094601  211.597383108421
     0.018449905667   27.741248131686   13.154471756600  213.211827508247
     0.019451537349   28.813894954399   13.219365391791  215.356950588476
     0.020457744104   29.827131415050   13.259606719145  216.545516937542
     0.021463896513   30.715570903026   13.311751821500  218.463058620935
     0.022470048922   31.587501988603   13.351599078478  219.790651994948
     0.023472171240   32.404873127658   13.401797228810  221.518430834259
     0.024480120270   33.066579237496   13.413112389517  221.783935432945
     0.025483327975   33.902567423677   13.479767559479  224.211698036822
     0.026490599226   34.489716201298   13.487647178730  224.511494145853
     0.027491961722   35.308168030890   13.535094899050  226.208277424878
     0.028492879140   36.008993829325   13.564072807390  227.440988832123
     0.029492910268   36.713134711800   13.573197908731  227.956437215425
     0.030502030189   37.435828512330   13.595970771403  228.757950318444
     0.031511512360   38.106763440762   13.631744016442  230.243076824728
     0.032513228801   38.514781185210   13.646697955288  230.991237667953
     0.033522455888   39.017133264434   13.661780286236  231.595113308333
     0.034526894981   39.614020224076   13.676820322721  232.028746533932
     0.035531323123   40.006447606059   13.687902466368  232.425784400750
     0.036533871801   40.571397291049   13.744783163145  234.627786595448
     0.037539392097   40.907680602602   13.749348066170  234.978446205790
     0.038546964608   41.134923889639   13.755940499869  235.113890037007
     0.039550148799   41.465543594571   13.775185223964  236.138927019582
     0.040554266062   41.610793102007   13.794344275976  236.887094470820
     0.041558383325   41.715651632344   13.780945238473  236.352340191765
     0.042564209815   42.136928761710   13.822296018400  238.126849949872
     0.043570370635   42.323812011434   13.822207123109  237.860389792237
     0.044576390635   42.420886565540   13.803969069363  237.102625246986
     0.045590786310   42.941428574523   13.869295817404  239.883220854291
     0.046598738825   43.126418655738   13.888635233059  240.658083027738
     0.047609025724   43.181193171687   13.867355445799  239.446021598352
     0.048620558295   43.404488548106   13.911147704401  241.467160158549
     0.049633837390   43.655791492174   13.951946076475  243.227446975150
     0.050641840049   43.560532068207   13.910016286713  241.012404757460
     0.051659926657   43.793843686446   13.944474688476  242.505848880237
     0.052664530431   43.948277405964   13.978322412066  244.213386262899
     0.053677559120   43.696544720329   13.921968513435  241.524529812919
     0.054682262654   44.005258357008   13.964908161421  243.821648930418
     0.055686843608   43.971997305299   13.953545745328  242.837913052667
     0.056690979005   43.903937441379   13.972435945244  243.881755407699
     0.057698895064   43.879283446259   13.982899725733  244.479782443141
     0.058703794801   43.666817121314   13.942590968203  242.451006379155
     0.059717325989   44.062463423288   14.005708909864  245.417200000949
     0.060725641387   44.014084682145   14.025448542760  246.181693954881
     0.061731038681   43.749374794460   13.989249039984  244.128544787132
     0.062732711272   43.916583180058   14.035260636363  246.185923477770
     0.063747971942   43.846977060433   14.083452168047  248.413732683253
     0.064752971942   43.766067548551   14.111409939800  249.461389622395
     0.065758971942   43.713735912657   14.120395220644  249.308952456848
     0.066772382030   43.560993218217   14.118176449686  248.736201378824
     0.067792382030   43.773811752447   14.165037719061  250.533629099799
     0.068803980897   44.107289071846   14.233168125721  253.513703561225
     0.069811332678   44.291695642728   14.289012976868  255.818372553658
     0.070004332678   44.299778268806   14.294895794987  256.059987745325
     0.071014363008   44.182881267169   14.290294206263  255.597212591327
     0.072020363008   43.990293659283   14.286524407298  255.239087688047
     0.073026363008   43.914693691961   14.310330114430  256.337859098311
     0.074045363008   43.875210647592   14.319696494846  256.456209686420
     0.075053363008   43.927285729584   14.330082059336  256.647005568595
     0.076063363008   43.616405249104   14.324340818416  256.539455153572
     0.077067953008   43.437909867972   14.340286677326  257.344083007040
     0.078080953008   43.548458993773   14.373853208652  258.588602555567
     0.079086953008   43.949683687514   14.421113632264  260.337399240782
     0.080094953008   44.093405425588   14.453978572056  261.734491697750
     0.081101342952   43.990048853897   14.471320519914  262.537466497176
     0.082120342952   44.045359829200   14.496322627282  263.483000029832
     0.083139342952   44.157741828448   14.532710293642  265.041998848965
     0.084140342952   44.230754279070   14.567415825507  266.650868185506
     0.085159482952   44.195433155971   14.591303660598  267.643085705523
     0.086178482952   44.040952741937   14.603337709838  268.145230384802
     0.087184482952   43.979144017929   14.624374904049  269.004684390224
     0.088185482952   44.029950282018   14.653933701244  270.096285815199
     0.089197622952   43.973701696177   14.674041417727  270.917507841024
     0.090016622952   43.885840532720   14.683550066979  271.328793654950
     0.091030622952   43.789508958728   14.696901012198  271.974333604996
     0.092040622952   43.811605585074   14.702392295319  272.480381622489
     0.093059622952   43.858154277321   14.736559995237  273.903964920321
     0.094071622952   43.836851963609   14.761484300304  274.974039965584
     0.095090762952   43.633745817927   14.770041415253  275.378442130805
     0.096096762952   43.529848103471   14.786438591302  276.046563855206
     0.097097902952   43.418923746037   14.804147150626  276.887351980473
     0.098106039035   43.240759646928   14.815785660628  277.387999457494
     0.099116569035   43.082650495286   14.827144450541  277.955721981153
     0.100135569035   43.012974689135   14.854361763431  279.413643042849
     0.101151789035   42.880631509968   14.871529859291  280.198565172288
     0.102169789035   42.784682793332   14.887255612937  280.770692473621
     0.103171479551   42.643936347629   14.897014676261  281.153033128280
     0.104175606289   42.506649463799   14.913019893368  281.806768052031
     0.105185106289   42.425996866087   14.939146545882  283.349826522084
     0.106190207289   42.337570150885   14.966078996663  284.475795522054
     0.107199207289   42.188534768217   14.977478993390  284.971295518499
     0.108209387515   42.032700787165   14.991690307210  285.534322107673
     0.109222551379   41.884545812746   15.004984977930  286.187738140942
     0.110237551379   41.681788302900   15.016290993838  286.930654333621
     0.111241580801   41.574066475789   15.044145770134  288.411200303121
     0.112242410801   41.356920952784   15.055421835763  288.838470435108
     0.113252656528   41.152534159723   15.057600007465  288.985585628459
     0.114268396761   40.982336194084   15.068638315341  289.125996480092
     0.115272974755   40.891017862873   15.085119361388  290.351890454697
     0.116285974755   40.720150296446   15.104238111342  291.154152497028
     0.117297669251   40.578127890563   15.116346939548  291.557729928989
     0.118312653175   40.493496450698   15.146956488601  293.293054110616
     0.119314993172   40.280136937250   15.163930635769  293.872455626702
     0.120332181805   40.049667335396   15.161279428840  293.685944732860
     0.121340022877   39.925231611675   15.177569242148  294.815262183909
     0.122347793425   39.789575932102   15.197718481484  295.853267127004
     0.123357165670   39.575680195312   15.208452503057  295.925004912733
     0.124366936067   39.479330241058   15.220896394405  297.314385033303
     0.125382894453   39.305162465981   15.240159894017  297.787188732972
     0.126385141735   39.182646257347   15.248693392385  298.747775547996
     0.127390446320   39.053126575185   15.284772102513  300.165187034214
     0.128397349238   38.838796647685   15.289664401553  300.063623398188
     0.129400790712   38.704146294109   15.311746024194  301.637873074127
     0.130408343239   38.516960416301   15.320102995310  302.045310272774
     0.131408373661   38.339325888351   15.325126822973  302.043345964129
     0.132410212082   38.198770804490   15.332463818351  303.401264349636
     0.133417208662   37.981514459053   15.363162219390  304.198518887866
     0.134423953532   37.770136142670   15.359090796746  303.914164591683
     0.135429028362   37.637825278911   15.375329935371  305.242493020172
     0.136447211247   37.419964012081   15.388027963636  305.358254268344
     0.137459041147   37.240621417919   15.383994938884  305.993314758010
     0.138459848667   37.038842127394   15.404368735825  306.146695565157
     0.139465004528   36.885215221231   15.393806055287  306.593994639065
     0.140477647055   36.624856822748   15.423882965857  306.882599480746
     0.141480093076   36.602829772848   15.443482841833  309.067012554771
     0.142496213507   36.384187349192   15.446870811593  308.860528236767
     0.143509631612   36.152896514647   15.441737119057  309.194600467736
     0.144510439700   35.969951218857   15.477365644933  310.298553428782
     0.145512696101   35.834091839308   15.459592356399  310.480198201840
     0.146520696101   35.672836919632   15.517738394825  311.796435133352
     0.147529701813   35.600777582911   15.511967627000  313.073358793864
     0.148534701813   35.412198813155   15.528075002860  313.152872732282
     0.149543616748   35.254293003982   15.537956158857  314.598534735335
     0.150548933385   35.045538031526   15.555623046916  314.355798336144
     0.151562026308   34.929624812936   15.552186295115  315.002551674324
     0.152566380202   34.775679084935   15.560909234601  315.697989698863
     0.153570752984   34.655006240678   15.600517752179  316.614276838598
     0.154577491837   34.516056720103   15.601836424461  317.703063899553
     0.155597475893   34.410571222616   15.636820476614  319.108752778539
     0.156599021823   34.265454020455   15.620437229084  319.173270100937
     0.157608759723   34.168150615595   15.666224689005  320.663697946241
     0.158609160642   34.047379445952   15.682572438686  322.366954450684
     0.159610958892   33.819501950102   15.639088669953  320.390826614041
     0.160611545622   33.695877034371   15.692557979694  322.565468588868
     0.161615515455   33.559224758884   15.685261634551  322.001942606705
     0.162616242007   33.471026211618   15.709217758812  323.857500614486
     0.163620665497   33.333282211638   15.701198041128  323.185650035848
     0.164622358936   33.313640665449   15.761291306547  326.886772110623
     0.165624755367   33.065398683811   15.732215847360  324.861912751182
     0.166631895911   33.023807670451   15.763661169688  326.957265275941
     0.167633448850   32.970707225048   15.791320236853  328.590968073256
     0.168639832717   32.860810373469   15.792247680628  328.543685459594
     0.169646134259   32.810854755609   15.848882390515  331.486683800842
     0.170650270305   32.627515580327   15.841307192977  331.334713676023
     0.171654360178   32.478876974409   15.823612351085  329.748322072534
     0.172223607980   32.467993614662   15.861091752413  332.081000949404
     0.173232216101   32.365326716963   15.871112931643  332.827510887197
     0.174235425522   32.136562060825   15.814855189070  330.216352126319
     0.175242403446   32.044293042257   15.893879169646  333.520109717878
     0.176246629955   31.969305422137   15.906186849521  334.996013218265
     0.177248342776   31.766925500795   15.880344873422  333.015382672289
     0.178252167822   31.693791289094   15.890870432341  334.542482143500
     0.179254770635   31.577668339049   15.925104352029  335.196843583138
     0.180257410755   31.527550285702   15.955280193769  337.984753722106
     0.181259793143   31.388583688836   15.904449012289  335.881798576661
     0.182260082114   31.215619285646   15.955659790192  337.055419415222
     0.183263616220   31.135642479984   15.931180780561  337.372682252010
     0.184264387975   31.096705674149   16.002331841866  340.366312809514
     0.185267264411   30.938715222046   15.957412867057  339.162746428018
     0.186275245545   30.799468882023   15.981474353207  338.650257833428
     0.187277277656   30.716634456098   16.002741597162  340.578739213129
     0.188283633936   30.620019891236   16.014197325912  341.096278132483
     0.189228955658   30.541075359108   16.030781318692  342.427542839402
     0.190231754088   30.367547430897   16.004314185686  340.310958407314
     0.191233188222   30.304299157272   16.004513680058  341.099296058175
     0.192237172680   30.351887559242   16.077394594393  345.497782445104
     0.193239672160   30.063983641934   16.010568336904  342.083310254926
     0.194239764027   29.964950373627   16.044951390226  342.742907809872
     0.195241198162   29.948765748339   16.040432460523  343.482775937289
     0.196245156416   29.916356065215   16.099943799173  347.060058420178
     0.197245440091   29.756040475477   16.073294717588  344.641762956177
     0.198246874226   29.552266468481   16.055837422885  343.925718718993
     0.199250132600   29.669550903452   16.154752244472  350.778227726627
     0.200250853873   29.358356881030   16.052938109059  344.210976636134
     0.201252946546   29.380443281753   16.114982310057  347.940408354798
     0.202257370036   29.251166820085   16.107236313435  346.609397770202
     0.203257406327   29.274401706140   16.182188532235  352.275628230338
     0.204259442138   29.049937780490   16.112257334110  347.486195783802
     0.205260045896   29.037084412750   16.177870042366  351.706315217366
     0.206261867124   28.910627829048   16.176957420159  351.355589150876
     0.207262648168   28.738159997322   16.121731470196  348.104303981071
     0.208263300097   28.763908388997   16.202313905551  353.151617607755
     0.209267700823   28.751467012300   16.224170528558  354.244145610757
     0.210268489255   28.587929668572   16.212142611286  353.526408473048
     0.211165609824   28.443447719768   16.180015632331  351.085600302625
     0.212167885651   28.589734020550   16.284541091665  358.483990565362
     0.213168952358   28.394492238546   16.277034207208  357.324020769889
     0.214172324365   28.209339248782   16.207047081065  353.937862748319
     0.215173144217   28.284417600419   16.281998685882  357.770588766392
     0.216176512799   28.288935674611   16.307646010333  360.093925452891
     0.217177463259   28.108952292132   16.305431742344  358.840525936735
     0.218179424868   28.086366447675   16.271440231343  357.650953610936
     0.219179859475   27.975622896434   16.292783902688  357.226177915706
     0.220180371105   28.040644244868   16.352419497552  362.951618285424
     0.221183248215   27.934263344237   16.339503944214  360.763563248923
     0.222183773101   28.091409001959   16.435927402035  368.239170833377
     0.223183785784   28.000372843063   16.437080636524  368.380492581221
     0.224184771102   27.888576939923   16.425677924835  367.561271932143
     0.225187131792   27.720592372961   16.431382855801  366.347663372225
     0.226190485996   27.586424514978   16.357785470933  363.022678711093
     0.226736328098   27.483463800127   16.343533640247  360.897837945851
     0.227738626588   27.655287770664   16.474843689092  369.343521377008
     0.228739202131   27.517419854994   16.457102415978  368.205835531775
     0.229741271493   27.311220823022   16.376284184921  362.605427689740
     0.230742435401   27.403158695103   16.480509273721  369.275857761638
     0.231744820180   27.497018066005   16.492693663849  371.406254705973
     0.232747605213   27.257036657504   16.458935390358  367.050324317147
     0.233748699457   27.349106368898   16.493813219327  371.601144518300
     0.234750725073   27.401855539947   16.578633489622  377.072289399399
     0.235750930461   27.275592649953   16.568223530796  376.406096397533
     0.236751692117   27.176212376407   16.522852261484  372.415514295813
     0.237754046164   27.156738888252   16.556787606445  373.363312256043
     0.238754856091   27.058968207599   16.524205743986  371.284961106441
     0.239755625878   27.209709769119   16.630130496267  379.526544433858
     0.240758163168   26.935237944889   16.554283482002  372.796660970986
     0.241292588268   27.019686150302   16.567830886531  375.066594317968
     0.242292606109   27.011163347861   16.600931772282  375.190762957107
     0.243294437985   27.163401423696   16.696911724713  383.634240078442
     0.244294513953   27.030802096368   16.659605188354  379.736798872406
     0.245294692146   26.893724760543   16.636999583171  377.721792005476
     0.246295595250   27.030089799886   16.720734578039  384.532913608754
     0.247296989796   26.882939006762   16.694041380666  381.350298391526
     0.248298945356   26.749593964852   16.647232885647  377.436511484387
     0.249300081973   26.960769442006   16.763967118857  387.178410080124
     0.250302556456   26.858956309064   16.735061047423  384.847429235296
     0.251303500661   26.742972044034   16.761745329686  384.879691972710
     0.252306213085   26.938216202302   16.826799568587  389.913280998806
     0.253308094624   26.992636962144   16.885749648807  394.961372128355
     0.253901162431   26.938299467436   16.864719224110  393.550894376905
     0.254901760055   26.733533297615   16.803370512947  386.959579376058
     0.255902425455   26.635791098138   16.764613956802  386.103447932289
     0.256902628069   26.614486425337   16.818609374636  387.935343203895
     0.257903861491   26.599135067964   16.787671089319  387.726680085402
     0.258904886715   26.762044881750   16.940117849547  397.628889239533
     0.259905944844   26.717648637789   16.924481061628  397.610959747581
     0.260907887341   26.619393856592   16.901266296155  394.877672278770
     0.261908945866   26.562996243338   16.878537791634  392.530501820140
     0.262909774339   26.688576280926   16.994342417438  403.562594173892
     0.263911655348   26.690974639706   17.031504900529  409.819310481290
     0.264913770119   26.626363303638   17.023424025167  408.776630698752
     0.264977346319   26.607184221336   17.016010697540  407.658542375395
     0.265978671475   26.708111970619   17.052010177170  406.215367972716
     0.266979996632   26.639999051769   17.080349164479  408.542363452850
     0.267980159944   26.525451760067   17.066006275191  407.121707051666
     0.268980794975   26.439871262949   17.057450063466  406.750625717454
     0.269980979814   26.380991853403   17.048073187399  405.770058557932
     0.270981648092   26.169677512355   16.980180983173  399.721487213281
     0.271981726079   26.197094555375   17.014355194274  402.199144634694
     0.272982451822   25.998140629741   16.946548857917  396.423827709962
     0.273983177566   26.060647090180   17.017782467045  401.799488938955
     0.274349499801   26.014925937746   17.001646920245  400.886336123730
     0.275350236932   26.012523818802   17.059055438633  406.078503081693
     0.276351107949   25.899666910734   17.060026223677  405.919860002264
     0.277351978966   25.701931843191   16.965029187607  397.823797068082
     0.278352849983   25.762380170440   17.034224989405  403.330683614274
     0.279353721000   25.541922861563   16.971102440398  399.645971187811
     0.280354592017   25.633551478345   17.023212565250  403.299888468079
     0.281355390720   25.714938161654   17.107137076243  410.004507782400
     0.282222879563   25.652339967497   17.125675376769  415.786838672146
     0.283224656415   25.580058663588   17.106065816901  413.735047837337
     0.284227161441   25.010291930164   16.898971230067  393.245851319238
     0.285228054587   25.037266251037   16.845477375757  388.425350356170
     0.286229021722   25.171502325198   16.950414348438  395.657137046932
     0.287231193516   24.916728990326   16.870789747982  390.975871067166
     0.288231954750   24.862416691808   16.844190344386  387.930438722168
     0.289233619710   25.053847349411   16.960884238823  396.193450637645
     0.290234344074   24.953644933922   16.950984786595  395.664905680606
     0.291236228570   24.970917628797   16.975904500193  397.457508030525
     0.292236306031   24.855423020140   16.949262222271  395.143344697446
     0.293238681905   24.623568765009   16.870331598316  389.649089668615
     0.294240445973   24.557311903774   16.852145784145  388.560294104414
     0.295240477435   24.762534528352   16.973769447523  397.784477251928
     0.296240817543   24.746068356014   17.005750341228  400.266575714533
     0.296411589919   24.725360801744   17.001464372902  399.947803582694
     0.297413361234   24.691718591761   16.998938965207  399.730671014059
     0.298414625255   24.689049013107   17.020108250882  400.855066339227
     0.299414996136   24.610841505908   17.009342212170  400.160718461754
     0.300416408803   24.555259150896   17.004850269805  399.955240186837
     0.301417331782   24.460729276335   17.005038960375  400.379759407542
     0.302417459803   24.407664675953   16.983888012610  398.374946703705
     0.303419610093   24.347838021374   16.977619929425  397.352107614917
     0.304419683828   24.226585075483   16.932259854450  393.699811262650
     0.305421240285   24.129911170616   16.920744407273  392.996170939230
     0.306423725235   24.180080452147   16.972007933352  397.079648622907
     0.307424123658   24.284536264306   17.059011502826  404.018942003675
     0.308426361799   24.216733149682   17.062094954524  404.286890487381
     0.309426521640   24.094405011423   17.037791937898  402.265507636875
     0.309679388374   24.032481724745   17.011995003045  400.538480666382
     0.310682306887   23.709232989629   16.945038772156  398.182212132061
     0.311682323711   23.548168361179   16.888420570824  393.792417368810
     0.312683551598   23.527448574697   16.896882691605  394.576232518742
     0.313685859878   23.402097280927   16.895608116064  394.884454064998
     0.314686620278   23.114397787413   16.791502325007  388.240901066257
     0.315688715928   22.910129130830   16.780459078403  388.957457177734
     0.316690377029   22.788111636436   16.723577398090  384.520513193730
     0.317690694812   22.766177966303   16.734764304125  384.665619421560
     0.318690765449   22.625150163265   16.719943448702  384.440556912116
     0.319692253897   22.447477399692   16.716461937456  386.362865239443
     0.320694048159   22.150056473953   16.624023328925  379.687751501282
     0.321694650446   21.882766905720   16.552184455428  376.508971787853
     0.322697109431   21.727264175041   16.488264461801  371.156189145927
     0.323697904945   21.800740897717   16.540238378761  375.702970826864
     0.324699028012   21.788307315966   16.562901439260  376.713464279345
     0.325699277971   21.680101658777   16.531631149446  374.179476444079
     0.326456340987   21.608480470612   16.532414074067  375.306413628282
     0.327460523908   21.517174972666   16.566096876203  379.202501300191
     0.328463709953   21.211953724873   16.459310896697  372.001607987435
     0.329465002008   21.001648040459   16.402154200374  368.919344282265
     0.330465240200   20.914762233249   16.380795697471  367.236680934066
     0.331467734726   20.917544550430   16.423932953772  370.664031839786
     0.332468866264   20.544889711224   16.315743959406  363.898789717828
     0.333469502056   20.155668361869   16.156459013638  354.454214232937
     0.334472517910   20.030633581581   16.093147030351  350.641041713215
     0.335474758737   20.045526553533   16.135783929800  352.761931512889
     0.336476678552   20.200941158110   16.223625965420  359.185672418393
     0.337478603944   20.146771560542   16.248028244414  361.446754205812
     0.338481046976   20.060965105685   16.235045522864  360.997270866878
     0.339482174231   19.953521904738   16.202229009355  358.725581949419
     0.340483286904   19.901688246572   16.186400487680  357.485783188461
     0.341485980442   19.840287986238   16.175481576109  356.748576247077
     0.342487112717   19.761991545190   16.178097777801  357.840536501941
     0.343488275246   19.664956155302   16.144962610366  355.142202711392
     0.344491794043   19.601122632346   16.130423351289  354.118333704653
     0.345494166769   19.543649451012   16.124706873030  353.509334413442
     0.345813936425   19.582095143722   16.145826646752  355.162419634227
     0.346816650158   19.672191388219   16.212691551569  359.777574049443
     0.347818612233   19.648059944235   16.213217279715  359.491859510073
     0.348820466849   19.603569663033   16.229310738897  361.278182924665
     0.349824192178   19.554487827984   16.247050188385  363.396841192204
     0.350827917507   19.396231172892   16.181992650224  358.200668917912
     0.351831530454   19.392689380631   16.181259651861  358.506838862401
     0.352832679339   19.402752423942   16.199837301680  359.443161437276
     0.353833120860   19.428641476979   16.218540021081  360.011177910243
     0.354836639052   19.444867361401   16.257730149100  363.194470608018
     0.355839377867   19.499724362442   16.292825977638  366.213567998691
     0.356841420249   19.409234702518   16.297007002062  365.854208439244
     0.357843502674   19.200604918431   16.180785305349  357.578652527609
     0.358847130104   19.351160366341   16.270925785372  364.643517414292
     0.359850750346   19.315139048242   16.294637859846  365.900004671643
     0.360853694134   19.215282875162   16.254794292173  362.901887476365
     0.361856690147   19.051603436827   16.176041864055  358.291264198179
     0.362858219475   19.037822871753   16.176245588299  357.604331778660
     0.363858982696   19.172749180222   16.272374293722  364.969777394379
     0.364860043980   19.115654771239   16.260525570205  364.295925047080
     0.365505079768   19.076004400686   16.244824058502  362.113848936645
     0.366509235596   19.157187024811   16.290294452811  365.029872588914
     0.367512474030   19.209059798391   16.328686305277  368.574002430811
     0.368512713288   19.139345440365   16.322124849578  367.430725862007
     0.369512952546   18.985172886695   16.259282757189  364.376262357873
     0.370515711145   18.940674050274   16.244173512106  362.913098076190
     0.371518142481   18.896138897315   16.222502791838  360.459145898064
     0.372518323921   19.030393666901   16.297626461181  365.633490711652
     0.373520045431   19.019073359865   16.299861970910  365.079886674121
     0.374522770489   19.000188035383   16.305141144944  365.271948094701
     0.375524793876   18.949987600207   16.297766363912  365.162582882816
     0.376526142324   18.891522987436   16.289053817042  364.570924548256
     0.377528026997   18.976652422861   16.344117681924  368.365537368420
     0.378530061800   19.023878650293   16.374709441007  370.877745625420
     0.379532096578   19.089966762185   16.430882081307  375.155090627767
     0.380088964920   19.061007222386   16.434449586427  375.027032189923
     0.381091116717   18.929388223976   16.380088807671  370.458466217139
     0.382093631840   18.782506280615   16.302935441099  365.346715256314
     0.383094760990   18.889053510567   16.343779488480  369.009051282114
     0.384096006061   18.906176189645   16.363791438581  369.342908793297
     0.385097280951   18.924280898938   16.377617203285  370.052922139341
     0.386099609701   18.850693784570   16.367305936019  369.891656094311
     0.387101938452   18.833867160960   16.363283304713  369.606893879332
     0.388104267202   18.816447982444   16.371502955735  370.349373656080
     0.389106958516   18.802007788203   16.367841863110  369.134860439052
     0.390107148060   18.925452692478   16.443706525458  375.051760956725
     0.391109460953   18.933705839329   16.485160441752  377.775740541851
     0.392111092047   18.747098946113   16.381527903656  370.392156326953
     0.393112188554   18.769552873290   16.386686272517  370.663409868026
     0.393552162108   18.861619087546   16.440658265628  374.021656269957
     0.394555107948   18.934902039863   16.484723957679  376.664273170153
     0.395557526473   18.891093995248   16.510315438454  380.052139865672
     0.396558660621   18.697303245768   16.414856833510  372.717139731039
     0.397561171803   18.664986951032   16.393603202266  370.575339291242
     0.398562296055   18.730230155133   16.448132270208  374.606539483748
     0.399563937783   18.754782839676   16.459982182913  375.505400971063
     0.400565579512   18.798245316756   16.486654690743  376.978544490508
     0.401567221240   18.776142506823   16.501807522104  378.543904570706
     0.402568862969   18.777055839131   16.523721534208  380.342756220046
     0.403570504697   18.682443850609   16.494318148853  377.972285014615
     0.404572146426   18.727109679447   16.515140766326  379.639290838115
     0.405573788154   18.689153236379   16.526669674931  379.919879237453
     0.406574667949   18.604544389162   16.466088195074  375.671868375865
     0.407576918623   18.667207204161   16.499301985514  376.793021127955
     0.407770646305   18.677260474705   16.505311416372  377.046855288562
     0.408771172264   18.650604140618   16.508947814996  377.911338268753
     0.409773341910   18.576148289145   16.497240624970  377.223843064804
     0.410775604840   18.572719834232   16.494262490927  376.279029710785
     0.411776070824   18.656543582020   16.545544322363  380.010542931368
     0.412776205810   18.705507784752   16.598086253389  384.006252814811
     0.413778001786   18.601079971308   16.553851516008  380.502734420323
     0.414779148161   18.502593517674   16.501437376011  377.122143448845
     0.415780800979   18.527669757471   16.516045185075  377.578947045232
     0.416780893068   18.637481500021   16.604320179358  384.199258517753
     0.417782366353   18.514395518805   16.549129642826  380.126645090525
     0.418783154845   18.590051788889   16.582722823188  383.045683459387
     0.419783260478   18.637778802419   16.638137925492  386.978445226933
     0.419951178694   18.622183894402   16.634902426807  386.650812091054
     0.420951209335   18.474916848067   16.561700845983  380.835815679621
     0.421952811921   18.449410304397   16.545133080003  379.684348897852
     0.422953317479   18.555966525893   16.602601529223  383.798484792100
     0.423953823037   18.529220063422   16.595043452846  382.668259551337
     0.424954328595   18.527121964967   16.604830378920  383.646020657756
     0.425956478657   18.490971792807   16.616885833610  385.349790983632
     0.426956602079   18.479230676171   16.610158134530  384.374778611746
     0.427958246828   18.443479400903   16.594702983725  382.510428432525
     0.428959260500   18.499988962138   16.630854881395  384.549407920675
     0.429959613410   18.423647369307   16.606057894761  382.956872934845
     0.430961576620   18.524389781618   16.668019174454  387.979690704589
     0.431495240089   18.521004668955   16.687278285732  389.172160208280
     0.432497120016   18.354427466349   16.599625970208  383.241940296226
     0.433498203175   18.371962037345   16.605634986332  382.962396618826
     0.434499827436   18.528571476357   16.696154714834  389.595650426621
     0.435501451698   18.533075932180   16.726814640562  392.362783039452
     0.436503075960   18.445824758386   16.698859613650  390.199790735247
     0.437503921396   18.477351208306   16.711579082446  390.845542130817
     0.438506089039   18.391197417550   16.682112660563  388.116697777782
     0.439506109572   18.302292301028   16.620354131620  383.928622013844
     0.440506469838   18.522071209550   16.722984413511  390.457726541673
     0.441507764459   18.560467678862   16.794100002484  395.652174617180
     0.442356489759   18.412451569500   16.712260318894  389.709489183056
     0.443357420001   18.366117966673   16.697235846678  389.236580780468
     0.444357907055   18.330033416477   16.685893895167  387.747637678489
     0.445358345389   18.446910592985   16.758334932690  392.958573307237
     0.446359990094   18.388652413519   16.737084440515  391.335745691077
     0.447361044336   18.443134328682   16.774572969613  394.767128165740
     0.448362098577   18.502606851643   16.820553496451  398.178977083908
     0.449363152819   18.402727671016   16.787828283073  395.000191723254
     0.450363554927   18.257526191613   16.701980710831  389.140118670742
     0.451364369234   18.252529976684   16.704894877550  388.539688723228
     0.452364482636   18.269417231766   16.719039997040  390.154658916270
     0.452870596335   18.357955195871   16.768268047131  393.316123757540
     0.453871407634   18.381122927152   16.798635521590  394.802035925909
     0.454872218933   18.330230331522   16.786692899987  394.099796859082
     0.455873030232   18.331845419959   16.802328586627  396.275339250193
     0.456873841531   18.111997465400   16.707103206024  389.622913394156
     0.457875391307   18.061847913446   16.676751927090  387.183825765822
     0.458875727152   18.139424952876   16.707208506983  389.203440869020
     0.459876062996   18.255973085356   16.791975738849  394.403519750089
     0.460876909544   18.205339714135   16.780346085534  393.682771193760
     0.461878525320   18.258079175998   16.810526020585  396.156860044797
     0.462879778288   18.272899045958   16.843471577652  398.717352437942
     0.463024687162   18.264082870392   16.839920063487  398.361695203388
     0.464025341684   18.159882970747   16.785670975284  394.778623691321
     0.465025996205   18.117618826747   16.779338416075  395.175509938396
     0.466026618858   18.111262268715   16.779343726928  395.061690663964
     0.467026699265   18.091491055142   16.775042770702  393.433461669224
     0.468028146212   18.186026632278   16.823048317832  396.934856271276
     0.469029308508   18.226262956331   16.862848560841  399.668793518496
     0.470030470804   18.226401629208   16.872586217709  399.562092533589
     0.471031633101   18.198746512333   16.865161443810  398.795999523821
     0.472032795397   18.144077433084   16.850143691526  398.951917111044
     0.472775926174   18.135426699677   16.855499559384  399.491649139327
     0.473777088470   18.097911057776   16.865093959811  400.637968059387
     0.474778250766   18.073021855839   16.833426069894  397.919065462561
     0.475779413063   18.132353667829   16.866178058265  398.880078826614
     0.476780575359   18.173772437198   16.884097762642  400.101650250900
     0.477781737655   18.185267178359   16.928116699282  403.567791715991
     0.478782899952   18.041707518547   16.846602403506  397.480926879919
     0.479784062248   18.174381558748   16.919588216401  403.277880591154
     0.480785224544   18.115919022933   16.915168823403  402.519231734205
     0.481380417249   18.024166921570   16.865558379300  398.908048446255
     0.482381579546   18.021846718045   16.854160653817  397.807746603044
     0.483382741842   18.111188263749   16.925819410877  403.578476903153
     0.484383866358   18.046559777067   16.898865256138  401.700805993739
     0.485383951331   18.086085035602   16.907548866943  401.809253089254
     0.486384036305   18.093978069744   16.941616654195  404.780789179252
     0.487384121278   18.051716409816   16.913535688083  402.325240056927
     0.488384206252   18.017276637966   16.894072359660  400.481167286918
     0.489384291225   18.014993594413   16.894862563746  399.686881502992
     0.490183120709   17.988152508054   16.889184186399  399.242225881408
     0.491183205682   17.942266934175   16.881320089161  399.170898666463
     0.492183290656   17.954117833869   16.874869851381  398.414258362555
     0.493183375629   18.121295916318   16.990589071458  407.064263376518
     0.494183460603   17.931722098089   16.899587467296  400.311531310628
     0.495183545576   17.909263596588   16.875547737691  398.031356337990
     0.496183630550   18.040680937902   16.955632878421  404.399211768679
     0.497183715523   18.101558143364   17.016014306587  408.626848322752
     0.498183800496   17.866971579029   16.893328196996  399.599247754446
     0.498250369620   17.863385978305   16.890686787913  399.351150467232
     0.499250454594   17.927581916411   16.911197411249  400.980096987125
     0.500250539567   18.083565923288   17.012189676093  407.880792625372
     0.501250624540   17.974926330211   16.971772370712  405.604111779143
     0.501685646023   17.987658845250   16.973504553861  405.703195162841
     0.502685730996   17.975013061659   16.971265471695  404.822552159999
     0.503685815970   17.788101321024   16.839163359190  396.571329345080
     0.504685900943   18.117911555631   17.047607368722  411.594088191188
     0.505685985917   17.876652450748   16.925598842464  403.759831310510
     0.506686070890   17.957931602424   16.940139994024  403.169294323201
     0.507686155864   17.998462362784   16.972334181406  405.857421502508
     0.508686240837   17.961098521354   16.958101963708  404.436677603080
     0.509686325811   17.947418410011   16.968816621816  405.847957435457
     0.509788501675   17.941958008711   16.965960420582  405.614514147790
     0.510788957150   17.925448131143   16.946490658511  403.574729393817
     0.511790174370   17.971410212121   16.979217711903  405.457882664236
     0.512791391589   17.946631619643   16.965393714435  403.859612149733
     0.513792608809   17.948342244293   16.981879257106  405.168262891134
     0.514793826029   17.885550686431   16.960540980514  403.955878458662
     0.515795043249   17.944359447994   16.982644795238  404.948070727412
     0.516796260469   17.898240923490   16.975937706880  404.711026671754
     0.517368812831   17.874123055444   16.967365001953  404.138382499988
     0.518370030051   17.863515628890   16.964091120771  403.760008885671
     0.519371247271   17.937929345059   17.005572177443  406.875305022440
     0.520372464491   17.934670271212   17.029130226550  408.636701576902
     0.521373681711   17.867475015426   16.980518661990  404.702347270097
     0.522374898931   17.920255599056   17.025086666436  408.169439568875
     0.523376116150   17.870909628826   17.008176446331  406.753378899398
     0.524377333370   17.858572601511   16.996302372772  405.954199848351
     0.524886934949   17.933695661692   17.043224928081  409.715619979017
     0.525888152169   17.974344836932   17.082967439262  412.763073418271
     0.526889369389   17.883293664746   17.044156990265  409.579938138959
     0.527890586609   17.903337978895   17.038923576475  409.094040501572
     0.528891803829   17.976896285757   17.089324132788  412.653907161396
     0.529893021049   17.974916656830   17.087920237404  412.156027617579
     0.530893187825   17.953666284623   17.097657767742  413.395432951787
     0.531893753957   17.912168093918   17.075858457740  411.709477784769
     0.532421884172   17.937065799920   17.088842907997  412.400654585370
     0.533422603453   17.967525545207   17.101462863234  412.598410323730
     0.534422730408   17.906953862923   17.092390914500  412.739442400720
     0.535423552498   17.976648073938   17.110257186902  412.337918152466
     0.536423818692   17.984634196215   17.126073713455  413.397452940861
     0.537424815542   17.889197077783   17.099270178004  412.557928494585
     0.538425220265   17.979743264677   17.122586140768  413.331572114736
     0.539426297740   18.092722957619   17.212995238025  420.394356186179
     0.539441615742   18.092228484310   17.213125953076  420.401397298153
     0.540442134373   17.949630404481   17.146738366622  415.416170092466
     0.541443392619   17.905480943102   17.112097920184  412.390311033320
     0.542444516562   18.000570960555   17.166599344505  416.437074436875
     0.543444597418   18.038380648676   17.207931077124  419.782865954229
     0.544445389930   17.859133047000   17.126186098710  414.368120226429
     0.545445612727   17.861448267120   17.116722764210  412.662877425349
     0.546446540515   17.893055450302   17.133759161410  413.746042295666
     0.547375725482   17.898828632413   17.164206452338  416.462616483207
     0.548376809264   17.806948248328   17.116615017845  412.920094266896
     0.549377366777   17.769357775357   17.106344572527  412.323845545500
     0.550378612920   17.776968022714   17.105742817773  411.917018388834
     0.551379326149   17.763773049357   17.121133551350  413.364537955942
     0.552379494217   17.697936102000   17.084798605163  410.739346284586
     0.553380348120   17.858437027314   17.169468741602  416.987527369834
     0.553727344607   17.907986655336   17.203579113713  419.428232264136
     0.554727446226   17.787081444544   17.166925304903  417.375651043444
     0.555728257279   17.771730707276   17.163386238118  416.668643981461
     0.556728521883   17.755615572110   17.126328792537  413.586538386052
     0.557729746634   17.843730115890   17.202652272492  419.592787730294
     0.558731077615   17.761048153633   17.171119261861  417.542918947606
     0.559732178815   17.822394952240   17.186027531642  417.856745879560
     0.560320980760   17.903402033415   17.231149954283  420.304373611916
     0.561322081959   17.812064995276   17.210507774850  420.122948557343
     0.562323183158   17.820665316195   17.204335115530  418.715115275839
     0.563324284357   17.854384347768   17.232466162216  420.913911118528
     0.564325385557   17.799860683490   17.207906799147  418.922925567562
     0.565326486756   17.864005260692   17.240457399573  420.768236884341
     0.566327587955   17.779228936133   17.214252626429  419.538763273487
     0.567328689154   17.805154632421   17.215150877278  418.677810792502
     0.567450034754   17.821511947038   17.221797328868  419.126616555255
     0.568451135954   17.837049205958   17.251181609886  421.462226621492
     0.569452237153   17.833085220724   17.247121531974  421.161753410261
     0.570453338352   17.859253465568   17.269885465906  422.782452074915
     0.571454439551   17.878542596697   17.280841772426  423.726758490385
     0.572455540751   17.867814763695   17.291095289565  424.359318946054
     0.573456641950   17.816053028282   17.259047627944  421.746936882144
     0.574457743149   17.868765732135   17.295083028183  424.767648148888
     0.574733791558   17.886385603068   17.305689531431  425.602060197696
     0.575733990457   17.895477115751   17.315691928296  426.427070971585
     0.576734189357   17.943071147321   17.339214484013  427.209033156505
     0.577734388256   17.871229879473   17.331522180169  427.308167199490
     0.578734587156   17.871370255263   17.313893475122  425.843779981813
     0.579734786056   17.879192385197   17.333624481502  427.377628882446
     0.580734984955   17.887069555995   17.337662191702  427.635837391083
     0.581009233041   17.879989211942   17.332458774267  427.129176833207
     0.582009431940   17.982238526286   17.372087162394  428.205018243671
     0.583009630840   17.975704757787   17.380020724433  428.870934960738
     0.584009829740   17.936770965764   17.368531220811  428.111847815896
     0.585010028639   17.943403509046   17.375173800049  428.625721709652
     0.586010227539   17.980998759252   17.408271130128  431.397281924036
     0.587010426439   18.003397909823   17.426572934493  432.521328691196
     0.587225109329   17.990276693710   17.423110081768  432.203326817783
     0.588225308229   17.837997104235   17.356567117248  428.539700279285
     0.589225507128   17.895268353793   17.363878258306  427.613209490939
     0.590225706028   18.068704385812   17.470678712859  435.785233353634
     0.591225743306   17.857027630735   17.384077960267  430.154151875943
     0.592226481683   17.858244885522   17.371806149774  428.366848623999
     0.593226646312   17.936496702498   17.417297506296  431.754751132927
     0.593299751450   17.941198712350   17.423165821185  432.238352696469
     0.594300546397   17.815735915348   17.385652235538  430.524274284024
     0.595301029846   17.755903723120   17.356049746602  428.589192916703
     0.596301515554   17.541641118512   17.260557048459  422.842792211039
     0.597302053042   17.519471318774   17.219589752691  418.495828203030
     0.598303188849   17.729523176983   17.349939916238  427.144743136297
     0.599303371305   17.645801116608   17.336797111935  427.286966851760
     0.599919048581   17.609112494561   17.314149800768  425.502578046858
     0.600919338177   17.703930024634   17.341379499509  426.650676974645
     0.601919627773   17.835029119883   17.431825974787  433.294880019237
     0.602919917369   17.716027952988   17.402868964906  431.707383547495
     0.603920206964   17.600376669455   17.328860792620  426.235479275164
     0.604920496560   17.611611999812   17.343047596239  427.362335962974
     0.605592463532   17.609189189474   17.331345307710  425.721384712980
     0.606592753128   17.703455266057   17.394714044576  430.579848474140
     0.607593042724   17.561589509966   17.317509940190  424.924845823384
     0.608593332320   17.736198245191   17.418152867569  432.124712094069
     0.609593621916   17.746124983535   17.442155543824  434.206756526087
     0.610593911512   17.705020121738   17.425847714101  433.232450535778
     0.611337015052   17.695673055087   17.422980161034  433.026863120456
     0.612337304648   17.685891255630   17.413810362187  432.182786431458
     0.613337594244   17.737760694491   17.445040124765  433.875928216332
     0.614337746581   17.667021370366   17.426724721123  433.166863894893
     0.615321474758   17.739288817162   17.436268227858  432.338488669776
     0.616305202935   17.957572933315   17.583802275089  443.217472852135
     0.616884618831   17.753602645428   17.491678067802  436.964816909343
     0.617868347008   17.850738700853   17.523848804953  438.803194672099
     0.618852075185   17.919885948157   17.589994270091  443.930074708965
     0.619835803362   17.846446619000   17.558567491716  441.911643385035
     0.620819531538   17.752266516934   17.493724055076  436.739116720591
     0.621803259715   17.849158543460   17.559894027538  441.579513875990
     0.622263644502   17.745276525149   17.513141020953  438.154434498665
     0.623247372679   17.737140495710   17.479784030313  435.085519571466
     0.624231100856   17.928482021094   17.611723737605  444.381195476380
     0.625214829033   17.814812255501   17.579734020152  443.387279074946
     0.626198557210   17.705349123735   17.521435404635  439.229193582950
     0.627182285387   17.584026381905   17.449081451785  433.524662763808
     0.627395754401   17.574406990957   17.445367360849  433.282873112873
     0.628379482578   17.669160188750   17.480407467356  435.443900945596
     0.629363210755   17.777036471292   17.568266919094  441.947323084488
     0.630346938932   17.738175215771   17.571917545314  442.862172263968
     0.631330667109   17.556814345590   17.465116459305  435.003775740559
     0.632314395286   17.538866958430   17.454800467078  433.759221989716
     0.632491466358   17.526139709946   17.450686398041  433.546595681841
     0.633475194534   17.467950552480   17.427180185520  431.962008144216
     0.634458922711   17.648113060494   17.523010714021  438.663136020863
     0.635442650888   17.701270716976   17.564960669403  441.335998119911
     0.636426379065   17.670230043292   17.545621965816  439.717819000919
     0.637385514038   17.713007047733   17.577107391547  442.301682911301
     0.638369242215   17.698605846044   17.580305079343  442.661100019664
     0.639352970392   17.652400156014   17.578718359597  442.735103047987
     0.640336698568   17.588397723733   17.535640960990  439.176584283491
     0.641320426745   17.628890427719   17.563760302401  441.250924235302
     0.642304154922   17.513984964566   17.535373613022  440.297794862978
     0.642675020445   17.508389956543   17.532376128872  440.062272710578
     0.643658748622   17.518967865389   17.542747331339  440.749072952946
     0.644642476799   17.518888965959   17.525005220280  438.532864448906
     0.645197299491   17.536426785799   17.526278369317  438.488679656381
