# {0} signal over time, extracted at r = 500 km
# All quantities are measured in a resting observer's frame at infinity
# cols=4 rows=1186
#              time        luminosity               <e>             <e^2>
#               "s"           "foe/s"           "MeV^1"           "MeV^2"
    -0.344627618270  1.0135280102e-11    4.955816534732   27.053672542515
    -0.343626301376  8.7234954969e-03    3.495806384232   14.141055044689
    -0.342619596326    0.026011003462    3.593464183779   14.969356920249
    -0.341575222688    0.037466246838    3.585642845510   14.928332661699
    -0.340537423828    0.041987635731    3.572196461064   14.841513639787
    -0.339499624968    0.043356719019    3.569438245764   14.821122234292
    -0.338461826107    0.044290548880    3.574031888779   14.859725855901
    -0.337424027247    0.044463985494    3.581577097573   14.925341044855
    -0.336386228387    0.044385720415    3.590381581692   15.002326402019
    -0.335367744417    0.044707594333    3.593820435342   15.032810892179
    -0.334327744417    0.045005855203    3.595866839992   15.053635642688
    -0.333287744417    0.045314040084    3.600218639042   15.091458385433
    -0.332247744417    0.045716869051    3.604437350138   15.126439943673
    -0.331207744417    0.046144033381    3.608694880515   15.161696929239
    -0.330167744417    0.046572420285    3.613343099816   15.200279774967
    -0.329127744417    0.047006222565    3.618077071470   15.239592371307
    -0.328087744417    0.047443489446    3.622713135596   15.278168160301
    -0.327047744417    0.047883387147    3.627259008125   15.316190816267
    -0.326007744417    0.048335100960    3.631694159593   15.353478922142
    -0.324967744417    0.048801290848    3.635958785311   15.389413723252
    -0.323927744417    0.049279440075    3.640174622649   15.424861359592
    -0.322887744417    0.049765256422    3.644473438976   15.460876103839
    -0.321847744417    0.050255653437    3.648833324888   15.497603738599
    -0.320807744417    0.050752260302    3.653184534813   15.534523264930
    -0.319767744417    0.051255838804    3.657622072487   15.572109324935
    -0.318727744417    0.051766665046    3.662165007306   15.610663466787
    -0.317687744417    0.052306635068    3.666863473310   15.650962551782
    -0.316647744417    0.052897352384    3.672193270799   15.696546856849
    -0.315607744417    0.053512242039    3.678241202227   15.747882929658
    -0.314567744417    0.054134139787    3.684763484716   15.803069119883
    -0.313527744417    0.054770644047    3.691370584631   15.859006387429
    -0.312487744417    0.055434137985    3.697968993860   15.914699776966
    -0.311447744417    0.056129833080    3.704609325017   15.970994516543
    -0.310407744417    0.056836014784    3.711194708208   16.027073357800
    -0.309367744417    0.057562085104    3.717856366322   16.083714253749
    -0.308327744417    0.058303665587    3.724549147110   16.140555075921
    -0.307287744417    0.059056217039    3.731170138101   16.196805075184
    -0.306247744417    0.059827005852    3.737733183658   16.252405876877
    -0.305207744417    0.060615215513    3.744235703233   16.307434044178
    -0.304167744417    0.061413507252    3.750680773428   16.362051841459
    -0.303127744417    0.062219042236    3.757051351912   16.416204533211
    -0.302087744417    0.063027758024    3.763204593174   16.468902401925
    -0.301047744417    0.063847196705    3.769154725819   16.520173030566
    -0.300007744417    0.064681749269    3.775020550891   16.570752450258
    -0.298967744417    0.065530261691    3.780834574117   16.620948411169
    -0.297927744417    0.066387727828    3.786595109501   16.670719519666
    -0.296887744417    0.067253880467    3.792362397088   16.720523909078
    -0.295847744417    0.068137620552    3.798190102524   16.770961407865
    -0.294807744417    0.069040174324    3.804012746777   16.821655219150
    -0.293767744417    0.069953525922    3.809769211879   16.871739171678
    -0.292727744417    0.070869705802    3.815582499782   16.922105080043
    -0.291687744417    0.071785126623    3.821372485292   16.972474412828
    -0.290647744417    0.072703578242    3.827010213169   17.021964391106
    -0.289607744417    0.073634770402    3.832546347761   17.070558913614
    -0.288567744417    0.074575982114    3.838072415072   17.118764985525
    -0.287527744417    0.075530341046    3.843467313419   17.166023821548
    -0.286487744417    0.076510141076    3.848772177063   17.212817054762
    -0.285447744417    0.077510764582    3.854141814543   17.260138616971
    -0.284407744417    0.078521575133    3.859654098814   17.308633289709
    -0.283927744417    0.078988635906    3.862261927756   17.331544739536
    -0.282887744417    0.079999053575    3.868018435550   17.382159635600
    -0.281847744417    0.081006720477    3.873870526239   17.433814495490
    -0.280807744417    0.082014116163    3.879784458061   17.486261041750
    -0.279767744417    0.083029430043    3.885599951185   17.538243783007
    -0.278727744417    0.084061791313    3.891469441441   17.590568381013
    -0.277687744417    0.085112187465    3.897445995974   17.643791256437
    -0.276647744417    0.086175107027    3.903449183871   17.697653056011
    -0.275607744417    0.087245907531    3.909575135970   17.752675501909
    -0.274567744417    0.088341887091    3.916245584836   17.812031079190
    -0.273527744417    0.089435710484    3.923448121973   17.875876118706
    -0.272487744417    0.090500699151    3.930896940754   17.941919889671
    -0.271447744417    0.091539567117    3.938323509384   18.007954822207
    -0.270407744417    0.092571141961    3.945585694614   18.072667449511
    -0.269367744417    0.093602606806    3.952616318346   18.135440685249
    -0.268327744417    0.094634819236    3.959402920925   18.196212521546
    -0.267287744417    0.095670122450    3.965978894998   18.255242368022
    -0.266247744417    0.096706180534    3.972286568602   18.312117309402
    -0.265207744417    0.097753225275    3.978254233235   18.366308053167
    -0.264167744417    0.098815760919    3.983945671536   18.418164082060
    -0.263127744417    0.099889078493    3.989472804176   18.468523310872
    -0.262087744417    0.100967123998    3.994862008036   18.517910811457
    -0.261047744417    0.102049812338    4.000156905250   18.566765323311
    -0.260007744417    0.103152883382    4.005439429475   18.615743053671
    -0.258967744417    0.104321198240    4.011010105657   18.667281740079
    -0.257927744417    0.105539481788    4.016891869171   18.721327587695
    -0.256887744417    0.106777737519    4.022855667087   18.776167379143
    -0.255847744417    0.108029353502    4.028764474300   18.830897542402
    -0.254807744417    0.109294087702    4.034633512911   18.885389933888
    -0.253767744417    0.110568459221    4.040572761524   18.940276505723
    -0.252727744417    0.111848806475    4.046611475324   18.995864618534
    -0.251687744417    0.113134627038    4.052679049189   19.051802149027
    -0.250647744417    0.114426005495    4.058737008948   19.107784228307
    -0.249607744417    0.115716093925    4.064777881774   19.163534399651
    -0.248567744417    0.117018382007    4.070710954803   19.218127972992
    -0.247527744417    0.118329918377    4.076399225729   19.270789295538
    -0.246487744417    0.119646709830    4.081918685413   19.322046895783
    -0.245447744417    0.120970097328    4.087520518121   19.373901128526
    -0.244407744417    0.122294395400    4.093082192515   19.425417386562
    -0.243367744417    0.123613473185    4.098568981459   19.476468219668
    -0.242327744417    0.124925119000    4.104089481755   19.527634317352
    -0.241287744417    0.126231481374    4.109626552021   19.578853123536
    -0.240247744417    0.127532327675    4.115088424104   19.629707119355
    -0.239207744417    0.128824108937    4.120555101057   19.680657501374
    -0.238167744417    0.130105441286    4.126132748460   19.732407841733
    -0.237127744417    0.131361332386    4.131639035584   19.783789013647
    -0.236087744417    0.132596974537    4.136973249577   19.833783246918
    -0.235047744417    0.133828340002    4.142230073250   19.882836341120
    -0.234007744417    0.135057884996    4.147381592173   19.930819934199
    -0.232967744417    0.136280697240    4.152280197895   19.976640907765
    -0.231927744417    0.137495449434    4.156882629524   20.019760589972
    -0.230887744417    0.138703555380    4.161214647601   20.060268238303
    -0.229847744417    0.139909010682    4.165235183668   20.098102842381
    -0.228807744417    0.141130439453    4.169124254212   20.134992779908
    -0.227767744417    0.142378954577    4.173070599228   20.172607084266
    -0.226727744417    0.143641165470    4.177151022157   20.211435895859
    -0.225687744417    0.144900456107    4.181377708192   20.251316831949
    -0.224647744417    0.146146603074    4.185540275479   20.290685106455
    -0.223607744417    0.147391427372    4.189586174919   20.329132692356
    -0.222567744417    0.148679677478    4.193621940205   20.367818743843
    -0.222487744417    0.148783517375    4.193945964178   20.370949450199
    -0.221447744417    0.150136198347    4.198205688236   20.412520796823
    -0.220407744417    0.151377141376    4.202075652668   20.451009446469
    -0.219367744417    0.152551747335    4.205897487682   20.488501103953
    -0.218327744417    0.153740182925    4.209560628589   20.524116748357
    -0.217287744417    0.154954898231    4.213116799895   20.558170616035
    -0.216247744417    0.156168731359    4.216677894794   20.592198987310
    -0.215207744417    0.157371871333    4.220292827423   20.626916845257
    -0.214167744417    0.158588038300    4.223877686595   20.661523799353
    -0.213127744417    0.159813745869    4.227354691464   20.694971894537
    -0.212087744417    0.161043841432    4.230859720873   20.728480509993
    -0.211047744417    0.162283736034    4.234424784546   20.762711162140
    -0.210007744417    0.163529182191    4.238073486374   20.797777505393
    -0.208967744417    0.164767665887    4.241768698917   20.833181057860
    -0.207927744417    0.165997432769    4.245477082345   20.868676818157
    -0.206887744417    0.167230355589    4.249209003851   20.904456375337
    -0.205847744417    0.168486298029    4.252995146870   20.940675036303
    -0.204807744417    0.169757444699    4.256669162399   20.975751486329
    -0.203767744417    0.171036990566    4.260046080283   21.008120322126
    -0.202727744417    0.172332715877    4.263144596080   21.037955636152
    -0.201687744417    0.173655998916    4.266136335296   21.066815629253
    -0.200647744417    0.175005366180    4.269142080014   21.095798103958
    -0.199607744417    0.176383092011    4.272346055176   21.126635846326
    -0.198567744417    0.177789236023    4.275881342239   21.160674602007
    -0.197527744417    0.179212650612    4.279676747612   21.197554549214
    -0.196487744417    0.180657576673    4.283403716173   21.234148843107
    -0.195447744417    0.182160235406    4.287244017459   21.271857118357
    -0.194407744417    0.183792649978    4.291485189464   21.313353438307
    -0.193367744417    0.185508391178    4.295982345686   21.357420900804
    -0.192327744417    0.187274147462    4.300681314880   21.403377602778
    -0.191287744417    0.189087857341    4.305590396886   21.451462497149
    -0.190247744417    0.190948496186    4.310682255000   21.501644021127
    -0.189207744417    0.192850226909    4.315910356046   21.553337458306
    -0.188167744417    0.194813904163    4.321363238064   21.607084981975
    -0.187127744417    0.196850502543    4.327014268982   21.662599754404
    -0.186087744417    0.198953133968    4.332725621589   21.718815313351
    -0.185047744417    0.201114705671    4.338547046514   21.776172291707
    -0.184007744417    0.203326265378    4.344511271011   21.834940990012
    -0.182967744417    0.205576804824    4.350455406727   21.894018194340
    -0.181927744417    0.207868015244    4.356389821028   21.953410353168
    -0.180887744417    0.210198305477    4.362435895447   22.013975408342
    -0.180487744417    0.211104174771    4.364801019630   22.037662395462
    -0.179447744417    0.213487683133    4.371056974911   22.100335493461
    -0.178407744417    0.215926734864    4.377431125285   22.164241803220
    -0.177367744417    0.218423249478    4.383866283589   22.228797002894
    -0.176327744417    0.221001245309    4.390479607705   22.294841116181
    -0.175287744417    0.223757320701    4.397552224139   22.365449764633
    -0.174247744417    0.226561498829    4.404811726354   22.438784680434
    -0.173207744417    0.229297216069    4.412022551930   22.511676074785
    -0.172167744417    0.232060406719    4.419172922234   22.583875159975
    -0.171127744417    0.234891630885    4.426146675682   22.654152927587
    -0.170087744417    0.237802351702    4.433047209892   22.723600527424
    -0.169047744417    0.240764505703    4.440086752031   22.794289485562
    -0.168007744417    0.243796557190    4.447435279583   22.868060539152
    -0.166967744417    0.246903717965    4.454848488721   22.942829047287
    -0.165927744417    0.250074597793    4.462460045779   23.019671980960
    -0.164887744417    0.253299246880    4.470244379704   23.098348394691
    -0.163847744417    0.256567640539    4.478031349868   23.177340318276
    -0.162807744417    0.259882525500    4.485886674193   23.256921856301
    -0.161767744417    0.263272053496    4.493827360698   23.337304155484
    -0.160727744417    0.266727274062    4.501436776554   23.415433267896
    -0.159687744417    0.270261345243    4.508825353030   23.491665761931
    -0.158647744417    0.273882550654    4.516237886838   23.567836661936
    -0.157607744417    0.277584671273    4.523660162129   23.644174079203
    -0.156567744417    0.281368402848    4.531148098003   23.721339551972
    -0.155527744417    0.285270708215    4.538902129568   23.800996537062
    -0.154487744417    0.289299670642    4.547048985662   23.884712954057
    -0.153447744417    0.293462133002    4.555664151395   23.973507235495
    -0.152407744417    0.297728593354    4.564467033454   24.064781282459
    -0.151367744417    0.302115752502    4.573412887209   24.158204287285
    -0.150327744417    0.306620948919    4.582357042670   24.251905193822
    -0.149312832703    0.311145064926    4.591227291642   24.344538366473
    -0.148397020284    0.315228219166    4.587261985957   24.360549112458
    -0.147391750068    0.312374600666    3.804823016297   19.834919932041
    -0.146384175906    0.316667335344    3.172670079269   16.171101384642
    -0.145376230618    0.332918100029    3.436785970896   17.749083343208
    -0.144369870183    0.344231109961    3.493114213892   18.112156758272
    -0.143497073190    0.345594151221    3.640976856406   19.011023112044
    -0.142466849655    0.344154848021    4.192253096941   22.295749841950
    -0.141436288930    0.350404732686    4.342714078941   23.228962344645
    -0.140421651820    0.356518995652    4.366097797941   23.410333723571
    -0.139381651820    0.362318650929    4.232840683626   22.663330498681
    -0.138365699760    0.370125545370    4.380032225949   23.577324711997
    -0.137356785223    0.369445739094    3.949381671332   21.058253460757
    -0.136336887662    0.379158835664    4.155601145017   22.324260478724
    -0.135272343952    0.388344756357    4.419992645777   23.943598156823
    -0.134231256705    0.394297593356    4.430091248006   24.046799145595
    -0.133200531527    0.398376211994    4.559016850704   24.859832917952
    -0.132180902908    0.404577358343    4.651550531390   25.458834208825
    -0.131102838698    0.411333208891    4.607678900765   25.242351469501
    -0.130062838698    0.418842594620    4.593250337489   25.200461544801
    -0.129022838698    0.426549298389    4.637372198064   25.511782479546
    -0.128016824012    0.432745052215    4.721229191825   26.062715519543
    -0.126981461833    0.439204804545    4.766127650832   26.381664479271
    -0.125941461833    0.446555235748    4.763268904578   26.413549033041
    -0.124901461833    0.454308233562    4.774692828487   26.531340258711
    -0.123861461833    0.462233940405    4.775476607537   26.585462585239
    -0.122821461833    0.470237072302    4.769580937174   26.600314929496
    -0.122261461833    0.474674353325    4.784958844280   26.722809078795
    -0.121208227259    0.483219022253    4.818342551690   26.982403416642
    -0.120159698849    0.491938380062    4.824491903075   27.076070324146
    -0.119100333870    0.501071263558    4.829436951458   27.164461670553
    -0.118075435973    0.510104360992    4.843077300008   27.304191260871
    -0.117061893726    0.519244571980    4.864377139919   27.490844233245
    -0.116021893726    0.529050624219    4.885031335045   27.677546041663
    -0.114981893726    0.539298010874    4.900512427494   27.836220970717
    -0.113941893726    0.549912154838    4.909057964607   27.954816040182
    -0.112901893726    0.560875358924    4.920207321686   28.091427803047
    -0.111861893726    0.572121073012    4.933532869562   28.242382943922
    -0.110821893726    0.583749818034    4.947312785893   28.398168254746
    -0.109781893726    0.595871067271    4.962563253329   28.564453530855
    -0.108755138178    0.608276499046    4.980655231327   28.749860273772
    -0.107736267020    0.620283265689    4.931033711627   28.510142276366
    -0.106660126661    0.633924305601    4.873136871728   28.221514450884
    -0.105597598246    0.647877993325    4.782547166918   27.723387942539
    -0.104588689804    0.663270603037    4.836178556287   28.133776738633
    -0.103580811055    0.677578013885    4.912846750774   28.692459197469
    -0.102560004271    0.691286876736    4.962429875868   29.083864448442
    -0.101553661627    0.705304566431    4.990800370537   29.340402732940
    -0.100544826347    0.695272513228    3.504914642489   19.873472329883
    -0.099535991067    0.733581091621    3.720681251268   21.315437150955
    -0.098596030408    0.761866432981    3.923714361989   22.678573072052
    -0.097593724425    0.781973949348    3.977668227270   23.087041489571
    -0.096542149144    0.786463345507    4.557520428578   26.915350926676
    -0.095534464014    0.802250199381    4.965392698658   29.646874283787
    -0.094526778883    0.821178027462    5.075169278065   30.443139211721
    -0.093519093753    0.840400010975    5.085264905283   30.587654990205
    -0.092511408622    0.860325914042    5.086412206746   30.674041391356
    -0.091486943750    0.879898171097    5.220408858805   31.637066619551
    -0.090456407448    0.900191889479    5.309207541633   32.310303633141
    -0.089451326906    0.921718378059    5.325436348664   32.506816657670
    -0.088444238874    0.943621841656    5.323908467474   32.587974576914
    -0.087395240715    0.965889083562    5.180189193661   31.730566744332
    -0.086346505300    0.992677164861    5.224195938274   32.120925529355
    -0.085510800206    1.011600707561    5.120776407335   31.508297681182
    -0.084494313459    1.009799071639    3.676061029671   21.907239630679
    -0.083466029085    1.066296620164    4.079519184235   24.690231453140
    -0.082449192170    1.108579265637    4.242806695658   25.868316598065
    -0.081434360151    1.135065821694    4.298429546016   26.324654145160
    -0.080411369787    1.150058689915    4.979257483088   31.033498619207
    -0.079391494755    1.180775719891    5.254564520995   33.007889094851
    -0.078371619723    1.214112505878    5.334408693957   33.658184867255
    -0.077351744691    1.248709446441    5.350576343710   33.879470293631
    -0.076898466899    1.264088756377    5.362528431095   34.009776961618
    -0.075871828003    1.298253210167    5.466432089292   34.836726805554
    -0.074831828003    1.334359711151    5.575348094088   35.710768651245
    -0.073791828003    1.373352995866    5.604679429086   36.045047449704
    -0.072751828003    1.414325801812    5.624256160948   36.319402420096
    -0.071711828003    1.457003815138    5.642064383868   36.576663919786
    -0.070671828003    1.501685131270    5.658731810197   36.828807205685
    -0.069631828003    1.548206769460    5.681455168625   37.130313550296
    -0.068591828003    1.596691930896    5.710921837693   37.482200515607
    -0.067551828003    1.647427888224    5.741510141837   37.842015239946
    -0.066511828003    1.700037598715    5.769281970839   38.183316673648
    -0.065471828003    1.754439444326    5.796422708616   38.526175162906
    -0.064831828003    1.789359533099    5.811757988701   38.723543973841
    -0.063791828003    1.848282134263    5.838519060439   39.063723054013
    -0.062751828003    1.909877534099    5.868216859325   39.434716082168
    -0.061711828003    1.974403584970    5.898702563640   39.815623127328
    -0.060671828003    2.042228735711    5.928454075742   40.190824615398
    -0.059631828003    2.113083910890    5.960061817678   40.588515171653
    -0.058591828003    2.187707562223    5.992163586074   40.994406133403
    -0.057551828003    2.267285795204    6.024024568426   41.400993047516
    -0.056511828003    2.351824886059    6.056413609215   41.817749286235
    -0.055471828003    2.441678174077    6.088849923909   42.239008192381
    -0.054431828003    2.537131035544    6.120610194193   42.657403671350
    -0.053391828003    2.636794440732    6.152847100067   43.086283803137
    -0.052351828003    2.740954094837    6.184538075421   43.513715201381
    -0.051311828003    2.850187568605    6.216485904594   43.950468578039
    -0.050279600875    2.964541635067    6.250547460752   44.410955248558
    -0.049245031222    3.081259931057    6.113016138139   43.568640175065
    -0.048169752591    3.219675666277    6.028850065589   43.144220928542
    -0.047123773567    3.366187378034    6.135137585586   44.178276456575
    -0.046083773567    3.515731487139    6.165381407369   44.630483175085
    -0.045080973341    3.661842318763    6.292209517438   45.835999489213
    -0.044011299186    3.819604310426    6.208673832144   45.414266365479
    -0.042971299186    3.999591429637    6.250293116095   45.976108271353
    -0.042651299186    4.056773685480    6.293528706263   46.388099692562
    -0.041611299186    4.245362492095    6.361351102189   47.149328836169
    -0.040571299186    4.436805694470    6.453010407185   48.107945805441
    -0.039531299186    4.639303222862    6.631686214016   49.775624822508
    -0.038491299186    4.858355807026    6.680762421090   50.422536385110
    -0.037451299186    5.092290665326    6.715061823472   50.958999909002
    -0.037051299186    5.186432929660    6.728456964388   51.169970792878
    -0.036011299186    5.442961479484    6.771232301659   51.789919417005
    -0.034971299186    5.716521429969    6.823780844300   52.498103922872
    -0.033931299186    6.007460656105    6.868582186939   53.152919584471
    -0.032891299186    6.315386707138    6.909883167138   53.784460140379
    -0.031851299186    6.645660194884    6.952949628227   54.438172872122
    -0.030811299186    7.002256839126    6.997017431819   55.110439449055
    -0.030251299186    7.205641172186    7.021350194457   55.478250027306
    -0.029211299186    7.607239434934    7.066989427000   56.174705052389
    -0.028171299186    8.043392449941    7.114208139841   56.897669685976
    -0.027131299186    8.519967536315    7.162701110780   57.644605233082
    -0.026331299186    8.917434736478    7.200796528887   58.236686372208
    -0.025291299186    9.477693910725    7.251226992184   59.032523105099
    -0.024281835358   10.070346362888    7.301668506520   59.833628453646
    -0.023257591096   10.715619755146    7.319488485233   60.361584741387
    -0.022200769851   11.431175133892    7.038076170987   58.277155747330
    -0.021560769851   11.931947744570    7.135867490874   59.377349989959
    -0.020520769851   12.804132019978    7.231074301513   60.604061552750
    -0.019480769851   13.769544879411    7.288254267389   61.502425105455
    -0.018600769851   14.682198996208    7.454260223864   63.338470941174
    -0.017560769851   15.900256254659    7.607950277570   65.151841346242
    -0.016520769851   17.283346806979    7.676103378257   66.198894957779
    -0.016120769851   17.862400382025    7.698839027873   66.572677618311
    -0.015080769851   19.512147866590    7.763279748086   67.614370598582
    -0.014040769851   21.404640498668    7.840171765247   68.786584468607
    -0.013560769851   22.376994147721    7.873117168889   69.304805296199
    -0.012520769851   24.743764771067    7.934961392775   70.343628480172
    -0.011594743593   27.188837576419    7.984224373327   71.213167561221
    -0.010574743593   30.311718428520    8.033564498259   72.096650855409
    -0.010109743593   31.917945937415    8.053087118489   72.459465218469
  -9.0747624174e-03   35.982241904251    8.091298492178   73.196699532501
  -8.8947624174e-03   36.770421811926    8.097382080699   73.315404510896
  -7.9610124174e-03   41.289078113055    8.124593752589   73.869773304988
  -6.9822624174e-03   46.933626306479    8.141830517613   74.284045871646
  -6.1638288994e-03   52.583860890969    8.144143664746   74.456227883003
  -5.4550788994e-03   58.327127285963    8.139945320560   74.521526287849
  -4.8349226494e-03   64.036147465430    8.135124724788   74.566880742053
  -4.3033601494e-03   69.422738387385    8.132729954921   74.642719029918
  -3.8097663994e-03   74.821806061485    8.135188461164   74.794569079648
  -3.3921101494e-03   79.621454180053    8.143443118962   75.030478732008
  -3.0076765556e-03   84.126880127152    8.157892246862   75.367780605438
  -2.6801960869e-03   87.944038206334    8.176337319478   75.762415365334
  -2.3811921806e-03   91.368389004981    8.198501864102   76.216962298569
  -2.1142244072e-03   94.346479394941    8.222474731800   76.698241381961
  -1.8846321220e-03   96.821673346070    8.246271407581   77.170298958501
  -1.6783995170e-03   98.949465340374    8.270227049267   77.641476341742
  -1.4921894951e-03  100.777271853899    8.293878368391   78.104112376018
  -1.3300065727e-03  102.288912103294    8.315848515727   78.533161198172
  -1.1843422813e-03  103.572510704250    8.336334596227   78.934345386085
  -1.0536949272e-03  104.657923173876    8.355361450140   79.307848611202
  -9.3656281660e-04  105.570460092672    8.373057947145   79.655022148341
  -8.3745103071e-04  106.293861288673    8.388572286608   79.958691271383
  -7.4622313688e-04  106.917298383369    8.403284491138   80.246038763499
  -6.6682108114e-04  107.425522124657    8.416404354539   80.501898915041
  -5.9586605260e-04  107.851412031109    8.428353574586   80.734730842280
  -5.3378040264e-04  108.201357916170    8.438974014407   80.941574650187
  -4.7866355012e-04  108.493357898306    8.448532263418   81.127674361493
  -4.5205541442e-04  108.627720759357    8.453188769859   81.218322954513
  -4.4339169287e-04  108.670523791711    8.454709224806   81.247920918223
  -4.3268951893e-04  108.722765017349    8.456591454620   81.284560231722
  -4.1687278128e-04  108.798632581375    8.459380828528   81.338856161531
  -3.9513696253e-04  108.900011438923    8.463211939784   81.413430972051
  -3.5789984158e-04  109.066657171747    8.469839521484   81.542429851987
  -3.3745336778e-04  109.154107695225    8.473497678651   81.613630806808
  -3.2231074644e-04  109.216965759796    8.476215041265   81.666520681930
  -3.2100527965e-04  109.222308234597    8.476449646410   81.671086973707
  -3.0750496993e-04  109.276839109821    8.478878693819   81.718365518847
  -2.9336102178e-04  109.332559377616    8.481429467854   81.768013849642
  -2.8048828696e-04  109.382010568573    8.483756242190   81.813302900151
  -2.6652867838e-04  109.434268117518    8.486285049633   81.862525352443
  -2.5630746686e-04  109.471624118286    8.488140311483   81.898638253716
  -2.4702383370e-04  109.504884571108    8.489828017580   81.931490396355
  -2.4370531546e-04  109.516618928809    8.490431922992   81.943245945871
  -2.3560108269e-04  109.544930670128    8.491908032868   81.971980224809
  -2.2633271685e-04  109.576707652594    8.493598490580   82.004888052311
  -2.1818948968e-04  109.604095319636    8.495085733323   82.033841014630
  -2.0886421939e-04  109.634843851710    8.496791103540   82.067041947972
  -2.0087292399e-04  109.660669291979    8.498254361195   82.095530994003
  -1.9298163461e-04  109.685694926439    8.499700987323   82.123698130170
  -1.8447043752e-04  109.712152540016    8.501263044489   82.154115477342
  -1.7747236214e-04  109.733489920939    8.502548713605   82.179153391817
  -1.6884692562e-04  109.759268585792    8.504134930126   82.210048321314
  -1.5834977216e-04  109.789861536221    8.506067524371   82.247697133140
  -1.5052108350e-04  109.812118932022    8.507510292033   82.275810283820
  -1.4214426323e-04  109.835401118261    8.509055205489   82.305921582584
  -1.3319671912e-04  109.859658842573    8.510706562575   82.338118232267
  -1.2258607676e-04  109.887601175786    8.512666044441   82.376339893845
  -1.1162949809e-04  109.915511077438    8.514690344193   82.415850192454
  -1.0071846713e-04  109.942345138959    8.516706570231   82.455232794913
  -9.0671209344e-05  109.966201886192    8.518562936790   82.491524413670
  -9.0050543349e-05  109.967648854526    8.518677603943   82.493767240272
  -8.1532037134e-05  109.987187379250    8.520250849053   82.524553442673
  -7.3251881046e-05  110.005607825154    8.521779168352   82.554488361991
  -6.5387890732e-05  110.022577795034    8.523229526145   82.582924664456
  -5.8195828375e-05  110.037647668757    8.524554709518   82.608933481768
  -5.1359094769e-05  110.051572088629    8.525813087558   82.633656983026
  -4.5052624198e-05  110.064068214487    8.526972520736   82.656460620667
  -3.8910038881e-05  110.075916597638    8.528100416225   82.678667826433
  -3.2842882269e-05  110.087304972061    8.529212935950   82.700596912918
  -2.7125147280e-05  110.097750156641    8.530259861756   82.721256794285
  -2.1931275862e-05  110.106995530097    8.531209465800   82.740017180132
  -1.6739952380e-05  110.116004353980    8.532157175862   82.758761149816
  -1.1563869484e-05  110.124754750424    8.533100578912   82.777441786892
  -6.5559664162e-06  110.132999426694    8.534011786582   82.795506569458
  -1.5362945708e-06  110.141044210368    8.534923538528   82.813604379011
   3.0138079706e-06  110.148145918913    8.535748533785   82.830000063440
   7.1294729131e-06  110.154412926754    8.536493502804   82.844822221869
   1.1393319291e-05  110.160748026241    8.537263985002   82.860169442386
   1.5636066870e-05  110.166892130883    8.538029284201   82.875431542046
   1.9860108949e-05  110.172850336593    8.538789797515   82.890616653684
   2.0025397552e-05  110.173080256464    8.538819527499   82.891210651258
   2.9478893200e-05  110.392930635784    8.541231043330   82.939008488527
   4.4661540198e-05  110.409347695783    8.543920184108   82.993137301827
   6.1532177082e-05  110.425328157856    8.546899627626   83.053454436290
   7.8700945818e-05  110.439006234610    8.549913976802   83.114875107116
   9.6368642236e-05  110.450209537100    8.552989211568   83.177975808404
   1.1390254192e-04  110.458303284239    8.556008069094   83.240374625206
   1.3124048485e-04  110.463211210014    8.558956660093   83.301772016454
   1.4830056393e-04  110.464921812503    8.561820684893   83.361841931801
   1.6530103551e-04  110.463450695877    8.564637911645   83.421344337329
   1.8205658190e-04  110.458819344512    8.567380250651   83.479647166417
   1.9926323608e-04  110.450752785101    8.570167345852   83.539258491669
   2.1683331327e-04  110.438912828595    8.572980240643   83.599765305589
   2.3428346721e-04  110.423560806543    8.575749424183   83.659619133977
   2.5292414567e-04  110.403187566273    8.578686937279   83.723364482599
   2.7114724358e-04  110.379305660108    8.581544744150   83.785564822969
   2.9040732096e-04  110.349824963481    8.584557678973   83.851261603978
   3.1084611508e-04  110.313821113317    8.587754969330   83.921021821413
   3.2977450312e-04  110.276206497387    8.590723468070   83.985746990065
   3.5125459379e-04  110.228654047750    8.594111815307   84.059475090144
   3.7416485736e-04  110.172256925777    8.597752232483   84.138416460074
   3.9507196208e-04  110.115796376243    8.601108462562   84.210856081671
   4.1888079012e-04  110.045775349438    8.604978599255   84.293899777821
   4.4459432440e-04  109.963380504869    8.609224936712   84.384336188720
   4.7228176029e-04  109.866864805611    8.613886517263   84.482728679891
   4.9815495614e-04  109.769298800781    8.618329921416   84.575628211826
   5.2757355787e-04  109.649629914174    8.623493890862   84.682502039712
   5.5888534537e-04  109.511871071828    8.629127596491   84.797805780196
   5.9253232535e-04  109.351495340725    8.635337359367   84.923444316874
   6.2847821250e-04  109.165556559471    8.642148639699   85.059663839723
   6.6449245576e-04  108.963579299456    8.649149389611   85.198149141064
   7.0060032333e-04  108.744707170352    8.656330626607   85.338825644409
   7.4025500990e-04  108.484851936027    8.664390092779   85.495309013713
   7.8274535546e-04  108.183085632905    8.673202652420   85.665034862919
   8.2846176046e-04  107.830731118116    8.682860626310   85.849745812510
   8.7789158436e-04  107.416720224023    8.693474679840   86.051578065385
   9.2980131543e-04  106.944319907687    8.704774029085   86.265515509265
   9.8500654060e-04  106.399224228739    8.716917614278   86.494782922069
   1.0430338564e-03  105.778756409497    8.729771751922   86.737108852996
   1.1165306549e-03  104.923682523682    8.746109827802   87.045057641391
   1.1972848439e-03  103.896336395055    8.764040562857   87.383420880880
   1.2820575473e-03  102.718949590560    8.782739774828   87.737102328208
   1.3680112932e-03  101.418906794337    8.801484820376   88.092789054466
   1.4690547594e-03   99.747753968478    8.823187451477   88.506420668878
   1.5778859391e-03   97.771101462949    8.846228678621   88.947999298844
   1.6927547392e-03   95.492577405709    8.870444681464   89.414199174752
   1.8226931882e-03   92.703011910385    8.898153528953   89.948155426780
   1.9594122304e-03   89.574332075155    8.927816647325   90.518989999527
   2.1073702384e-03   86.055977012286    8.959100819597   91.124993464784
   2.2539410504e-03   82.583875187691    8.985288915340   91.648704029455
   2.4005118623e-03   79.348121439510    9.001512808754   92.004299606967
   2.5470826743e-03   76.639859915435    9.004708094456   92.126243537007
   2.6936534862e-03   74.781929725096    8.996950322335   92.035533695291
   2.8642987729e-03   74.093787988667    8.984968613276   91.847141118147
   3.0426222225e-03   75.484876355584    8.989234350285   91.944332523093
   3.2209456721e-03   79.407824803267    9.032569988701   92.811178785499
   3.3992691217e-03   86.220047221090    9.131291440345   94.848314986691
   3.5775925713e-03   96.241849750105    9.292166025990   98.287475738468
   3.7559160209e-03  109.631088356017    9.508846202122  103.059616076758
   3.9342394705e-03  126.313757965323    9.767674708947  108.935503066472
   4.1179569751e-03  146.572892284990   10.058560804710  115.725133367105
   4.3247501145e-03  172.321892052448   10.395003479745  123.818523694339
   4.5372414715e-03  200.803414129044   10.732162035788  132.174587129520
   4.7497328284e-03  229.880109656251   11.047607347717  140.212572907752
   4.9622241853e-03  258.078020067947   11.333640804123  147.683967396553
   5.1589855616e-03  282.282962747386   11.569432577421  153.974080061800
   5.4095591380e-03  309.203179768643   11.827912000334  161.010130896465
   5.6362740374e-03  329.137576261281   12.022070844480  166.399951027673
   5.8514044296e-03  344.010316406509   12.175446585317  170.725963348878
   6.0970012865e-03  356.333379102470   12.316525938307  174.770098646787
   6.3485210426e-03  363.991572020529   12.426710079393  177.985335936366
   6.6005861460e-03  366.999718339821   12.505453282349  180.343612658202
   6.8526512494e-03  365.696333504158   12.554495209124  181.895036755773
   7.1034139329e-03  360.695343126959   12.579827858555  182.801523246646
   7.3542865901e-03  353.182437222038   12.583679039787  183.113407955223
   7.6065861543e-03  344.177831331831   12.569865215008  182.933941674524
   7.8590571677e-03  334.210647062280   12.542785612411  182.397599410530
   8.1102441952e-03  324.636085331068   12.506800349228  181.584703810799
   8.3604390036e-03  315.303765012618   12.462732335350  180.514847136318
   8.6134997751e-03  306.096945525099   12.415142954856  179.336088653814
   8.8673887231e-03  297.256301327319   12.362700415390  178.013114557349
   9.1220009678e-03  288.436416448086   12.304770952541  176.521273526635
   9.3750334404e-03  280.230088260220   12.244255105407  174.927231469656
   9.6271752907e-03  272.181354118264   12.182453525148  173.287645461725
   9.8814194779e-03  264.211448171551   12.116127813435  171.515987557957
     0.010131553377  256.349393614952   12.047593890629  169.677157069124
     0.010383960319  248.934786253779   11.975785042467  167.733228416395
     0.010636367261  242.313653840021   11.914240328268  166.055158320148
     0.010888774204  235.523591798528   11.846790089624  164.234982467489
     0.011141181146  229.460125384017   11.780792361498  162.442611534204
     0.011393588088  224.364696808494   11.731651852605  161.095303413235
     0.011645995030  218.918926326716   11.678733654370  159.699946058198
     0.011896411254  214.004567914378   11.624181327092  158.274964726038
     0.012149601588  209.854111647512   11.580311392865  157.096644203847
     0.012402791922  205.627384061967   11.538954632277  155.979943606974
     0.012655982256  201.181706741110   11.490427298182  154.732627107782
     0.012909172590  197.473658259286   11.446820493032  153.645305573579
     0.013162362924  194.270448925002   11.411795500395  152.739206848942
     0.013415553259  190.616951974709   11.374050075152  151.761876116895
     0.013668743593  186.910128357733   11.332186391479  150.748888588731
     0.013921933927  183.747348537392   11.294107339860  149.888215852134
     0.014175124261  180.827492295694   11.260236103449  149.073102466775
     0.014428314595  177.643062203552   11.226424279561  148.194280283105
     0.014681504929  173.764617280009   11.181506410540  147.083058973846
     0.014934695263  170.261700183825   11.136708620248  146.028465182832
     0.015187885597  167.479072449536   11.100283483720  145.130670670370
     0.015441075931  164.517745530913   11.063177592452  144.157080767657
     0.015694266265  161.170293184199   11.019047905516  143.050113937983
     0.015947456599  158.142174285526   10.978128018478  142.106862525325
     0.016208129440  155.414000710603   10.939879710893  141.186786241531
     0.016465248620  152.657435636869   10.900779536202  140.163797261185
     0.016722367800  149.346815371883   10.851853068206  138.918327657376
     0.016979486980  146.257122541096   10.802950297064  137.730005284273
     0.017236606159  143.982035234386   10.765424270964  136.827577483135
     0.017493725339  141.915829173032   10.730979656207  135.967519951284
     0.017750844519  139.445404549772   10.690719584627  134.977424817554
     0.018007963699  136.997638877930   10.650469994296  134.023856765618
     0.018265082879  134.880923505608   10.614734550777  133.176217733355
     0.018522202059  133.053314203822   10.583760614969  132.414878040402
     0.018779321239  131.228927423286   10.553598909717  131.657712326801
     0.019036440419  129.141593529947   10.517000630654  130.746887128127
     0.019293559599  127.216026082860   10.481233091746  129.862432662260
     0.019550678778  125.839339216504   10.455870429429  129.240289292457
     0.019807797958  124.832992770920   10.438155986548  128.810021529014
     0.020064917138  123.846821111910   10.422250101687  128.419850838629
     0.020322036318  122.649780102220   10.405097836149  127.995122716947
     0.020579155498  121.120552456642   10.381870073716  127.430776280877
     0.020836274678  119.500117133906   10.354682227699  126.782011443274
     0.021093393858  118.026172113793   10.329493392846  126.198638489980
     0.021350513038  116.680016622333   10.304424004612  125.663978954775
     0.021607632218  115.505568655651   10.282299842094  125.201624824369
     0.021864751397  114.566841188552   10.265794798094  124.865056563464
     0.022121870577  113.651789265880   10.252050567412  124.597066280054
     0.022378989757  112.377696893067   10.231641105221  124.177852076163
     0.022636108937  110.859405473558   10.203093700450  123.567049448053
     0.022893228117  109.531853553630   10.175649112589  122.975915484013
     0.023150347297  108.451871621742   10.154374151351  122.516991777702
     0.023407466477  107.551740821129   10.140278246771  122.201372479229
     0.023664585657  106.861175938943   10.131924331576  122.005827010833
     0.023921704837  106.268141937568   10.125676291165  121.847640357256
     0.024178824016  105.478785703394   10.114753967158  121.578308744294
     0.024435943196  104.434640475804   10.097360142298  121.167164755740
     0.024688929563  103.306660339959   10.077459146451  120.705388120234
     0.024940279976  102.200641850524   10.056449981021  120.218128886511
     0.025019857108  101.875629935193   10.049810461161  120.062601542284
     0.026020887515   98.580015965144    9.983077215543  118.415936704143
     0.027034606220   94.341098648810    9.873593327845  116.043666270514
     0.028051235520   91.557672336577    9.751097125706  113.801462060115
     0.029062655133   89.331027855722    9.718320384264  112.893656483234
     0.030074074745   87.968932861279    9.700759115478  112.353031927337
     0.031075852417   86.600614771527    9.690678474859  112.005383228269
     0.031568816450   86.092921399445    9.693041004179  111.930692134917
     0.032571436558   84.621165189793    9.634717174844  110.950426644384
     0.033572867525   82.644868896056    9.582549793985  109.893077003072
     0.034584338762   79.933575816909    9.549649866719  109.075223963945
     0.035594304504   77.680646966886    9.496281011353  107.858783992730
     0.036601171343   75.052618035437    9.441679756364  106.738730011963
     0.037607369454   72.791928958155    9.388310252338  105.543625332656
     0.038643132641   70.544714215877    9.335271817159  104.462464462363
     0.039643192269   68.791692424789    9.291290883417  103.528653755064
     0.040665258823   67.479563385011    9.270363621301  103.210801852381
     0.041687325378   67.061659392163    9.273478678159  103.374439587481
     0.042709391933   66.930058861859    9.286563339286  103.707866963271
     0.043734650529   66.572745471501    9.254868342010  103.334970836684
     0.044762948833   65.765882730719    9.268540302010  103.489387106967
     0.045797340646   65.048704380606    9.238553994508  103.054322833010
     0.046808828146   64.379274451238    9.237955607133  102.821150723608
     0.047829268898   63.928575497545    9.255182288021  103.196508117337
     0.048839696101   62.832612708378    9.247060249545  103.030968929429
     0.049864707991   61.856064439286    9.222775341295  102.497153614810
     0.050875610663   61.248429978186    9.243416660120  103.083618582461
     0.051917846275   60.219825534948    9.242236587054  102.976166306311
     0.052933840738   59.414371116858    9.226709294271  102.804414764404
     0.053943350728   59.351132524878    9.255817173873  103.524679628754
     0.054974777378   59.293716451537    9.290666030794  104.193449378894
     0.056008315880   59.118339576122    9.322310898271  104.964720898936
     0.057024494254   58.750957985090    9.338661597495  105.518108315482
     0.058067610405   58.572528611203    9.387405055353  106.492546466176
     0.059082548973   58.782367217576    9.428793328682  107.394113274256
     0.060093040933   58.992390390770    9.456120990021  108.248135297242
     0.061130150828   58.792408305976    9.499292908521  109.286896488586
     0.062185061910   58.220237996567    9.524146789538  109.708351179778
     0.063203864441   58.061908673421    9.553375342859  110.514247851724
     0.064206215077   58.406422215629    9.604089987445  111.815574490340
     0.065244140974   58.573698006530    9.623907768325  112.347846473660
     0.066245802477   58.450981190279    9.646684716847  112.852427264071
     0.067264149841   58.416792375358    9.666055944794  113.376686676173
     0.068270770805   58.627343918474    9.696480668427  114.106718241582
     0.069310506667   58.758774908777    9.701907910823  114.284407097056
     0.070319205732   58.988557294275    9.722648469682  114.831031091554
     0.071356681217   59.317995007380    9.746132493464  115.600402006631
     0.072429118084   59.575383719426    9.757526377463  116.044769248082
     0.073443615324   59.908155407413    9.771688748339  116.496720260762
     0.074446469830   60.166928623937    9.805677157832  117.235172898474
     0.075466705589   60.508969886968    9.832593006349  117.939487433418
     0.076478568887   60.688422004605    9.849473581222  118.479198447720
     0.077508327487   60.895890538666    9.858855526954  118.823210741004
     0.078509778137   61.418711538664    9.889508033821  119.664428214910
     0.079517944334   61.761981024163    9.960120913776  121.067989939848
     0.080573161195   62.126597763375    9.995871131921  122.051083947475
     0.081581241195   62.346458001381   10.030101246795  123.151846713312
     0.082644429675   62.487754405867   10.058054031850  124.067610296284
     0.083644677609   62.588113189170   10.090944743105  124.876564512691
     0.084651890069   62.672116056005   10.140021463973  125.968373807324
     0.085678089280   62.527715710596   10.147376908817  126.389201092211
     0.086678409632   62.290057843915   10.196366091142  127.407347801165
     0.087707056510   62.138776030073   10.220687851980  128.060239372611
     0.088758119386   62.033059970229   10.256351426188  128.933209482528
     0.089758221572   61.928111315755   10.295562969762  129.896586517765
     0.089986544372   61.895610194594   10.295405455964  129.983457021335
     0.091009302035   61.783983787505   10.345459335767  131.158703459790
     0.092071307199   61.834634958774   10.370660765217  131.905572547863
     0.093116993540   61.639484587478   10.400712968467  132.715733849530
     0.094122290037   61.620200393799   10.444349904590  133.741314961138
     0.095148553763   61.642907545313   10.498867701166  135.069740506884
     0.096153208303   61.440233998354   10.542604701280  136.173774222334
     0.097190654935   61.509278809982   10.595090597627  137.727533099698
     0.098192590350   61.539129309970   10.641557465412  138.944806076386
     0.099208557469   61.450256424133   10.672338991082  139.789212099864
     0.100237047469   61.382726639012   10.693490180286  140.548808495619
     0.101269208356   61.351408044311   10.741523298576  141.854996475421
     0.102281987675   61.353702979541   10.804046488428  143.389151664837
     0.103282904611   61.314532238316   10.854355201614  144.695387191378
     0.104289072803   61.260648266559   10.879920305183  145.645159951607
     0.105307639610   61.318414377888   10.912313144679  146.628903739557
     0.106316879962   61.416980695260   10.974289339209  148.084410379538
     0.107325041148   61.601096411508   11.023290215356  149.411943279864
     0.108341838279   61.839160419332   11.067502497776  150.869524507144
     0.109368164722   61.946268860588   11.102014773610  151.831556676894
     0.110396876102   62.015376158153   11.155688918322  153.099333362751
     0.111424468043   62.190273312968   11.196892011513  154.555457713255
     0.112444327699   62.241071311015   11.231589534941  155.766909776183
     0.113445184803   62.004724819262   11.268282310748  156.558418434455
     0.114446126374   61.863634019006   11.292382436289  157.163853845442
     0.115458698015   61.826581150569   11.334322732024  158.280691621066
     0.116489118190   61.870588163230   11.384509789596  159.815875945741
     0.117506251567   61.914954359158   11.406900500644  160.757599149036
     0.118521227834   61.685724353949   11.443289524193  161.535593559455
     0.119528590160   61.728259737175   11.481296847613  162.614436497311
     0.120554829677   61.907692429980   11.518349947392  164.201433535783
     0.121575251487   61.942100548590   11.556083569603  165.140605667002
     0.122579847927   61.909602637692   11.602290941393  166.233843178449
     0.123613000864   61.782244081724   11.620525530407  167.222955119116
     0.124619147801   61.744981981146   11.655314657485  168.260629106161
     0.125629349683   61.838982500784   11.695098041096  169.362746783986
     0.126636396383   61.790134631402   11.742937014022  170.620214950109
     0.127658107807   61.905530952566   11.788267578311  172.223388372945
     0.128661262772   61.930829710527   11.812190751791  173.109219976979
     0.129663556825   61.778040465326   11.847988284561  174.092218973768
     0.130681136666   61.536506511524   11.880900306430  175.266594565904
     0.131696404822   61.192212954358   11.912895525778  176.331483718898
     0.132707827687   60.840438075122   11.917392076603  176.614041372233
     0.133715931934   60.587779551310   11.931942724487  177.023046482121
     0.134736938065   60.449565945963   11.958427135219  177.725542582048
     0.135739930299   60.566608387629   12.014186581739  179.468020742044
     0.136754487357   60.483794130789   12.040885856460  180.416400970154
     0.137758399957   60.423393949272   12.050837516207  180.942823186394
     0.138788138572   60.516882680930   12.110613410420  182.765690473919
     0.139788711061   60.481818309400   12.118335215263  183.396817820135
     0.140788886250   60.366399577145   12.138077489505  184.045552423983
     0.141807757009   60.254369527394   12.194156351599  185.449388502231
     0.142818176551   60.101933010726   12.221015444349  186.559973636887
     0.143820549058   60.038230721037   12.225067071180  186.878650772923
     0.144824376585   59.849553780284   12.273671360454  188.043536953865
     0.145830826163   59.885949350520   12.292051751732  189.168796035646
     0.146841518554   59.884013023074   12.318281423906  189.973052447954
     0.147846724329   59.835730236250   12.364320206209  191.678320280293
     0.148852782430   59.588120573752   12.363250459304  191.856237406211
     0.149861088286   59.364593759941   12.402990618551  192.720290484829
     0.150862801778   59.329513039553   12.427140729871  194.019203847187
     0.151869189551   59.112960548223   12.437372771384  194.353908576248
     0.152884674229   59.214237181253   12.497919234676  195.895921612033
     0.153902578594   58.970990000840   12.498538027288  196.573338128388
     0.154914454424   58.809767661527   12.529188191861  197.326150785895
     0.155920437559   58.914334440797   12.575711146055  198.990136976132
     0.156928618328   58.807009092474   12.587276463673  199.326488954911
     0.157428685910   58.937603288847   12.594057773929  199.822398903882
     0.158440359056   58.839996077018   12.646809737180  201.588892878273
     0.159440366456   58.572509712593   12.623836403822  201.105642837757
     0.160444403459   58.317233351330   12.651597552959  201.928476275293
     0.161448648454   58.171483037321   12.688555769273  203.477247367758
     0.162457392340   57.845360508228   12.677018823918  203.191669803276
     0.163237975997   57.594089605693   12.671516406387  203.124417556602
     0.164217431367   57.274770406379   12.704849646073  203.754924862621
     0.165224274466   57.120639312646   12.736680101815  205.333135916178
     0.166144396107   56.973290754299   12.730097758796  205.089195341109
     0.167152801511   56.833789419051   12.775491146601  206.494211938708
     0.168002069492   56.835295249504   12.787281063326  207.484654724046
     0.169018104430   56.508390556094   12.794163487529  207.111590412035
     0.169982770634   56.861092288310   12.848333470271  209.509602091671
     0.170988925858   56.794743171395   12.871860738588  209.917775863010
     0.171995081081   56.940435748882   12.921942719688  212.351826891978
     0.173001236305   56.326584737795   12.909024146044  211.886166359998
     0.174007618108   55.886271824205   12.900644844922  211.600658916718
     0.175008081571   55.652538537290   12.882972790203  210.970788858898
     0.176008457527   55.940825392110   12.962167164200  213.750539051980
     0.177021624470   55.732551706672   12.957775299804  213.545238185279
     0.177873286881   55.999434645624   13.022189147233  215.947108136807
     0.178769259449   55.831558037576   13.016183343713  215.529971021047
     0.179770721180   56.138350372645   13.085606905853  218.252807380088
     0.180611526767   55.739641046725   13.038946809805  216.640125151919
     0.181494119068   55.993807181439   13.120415088914  219.211609533191
     0.182376711370   55.757776909274   13.114056921118  219.313900088464
     0.183259303671   55.746186693918   13.151234963108  220.923929133398
     0.184141895973   54.966790547958   13.109189747907  219.447273480692
     0.185145966505   54.690033806005   13.121670086946  220.016696062895
     0.186154874029   54.449832977242   13.088516993682  218.752911188063
     0.187163781552   54.361606522565   13.107584864574  219.514101863509
     0.187880398975   53.906070346711   13.092734133392  219.165533628630
     0.188731241035   53.527566678770   13.112641681019  220.279628597066
     0.189584679647   52.936366411294   13.109394441684  219.814051797606
     0.190584720327   52.590979870588   13.117703614051  220.287491152974
     0.191345246923   52.296264787249   13.104063272267  219.577805728695
     0.191976609559   51.645011000863   13.045716515522  218.051176957201
     0.192798009489   50.729287516559   13.046664551049  217.501617177862
     0.193226417363   50.288118051257   13.015513581673  216.876783997466
     0.194180975621   49.092294698511   12.952431592800  214.708037266206
     0.194851712101   48.334146517781   12.930082542516  213.347036327982
     0.195345492484   47.879915699612   12.865648350402  211.926540477551
     0.196346179946   47.368840427306   12.921269231809  213.395762368514
     0.197164345920   46.619201544853   12.844132432865  210.822036394083
     0.198165192543   45.927723460098   12.824055583617  210.886035190901
     0.199030523436   45.279796347690   12.808513855247  210.136382117053
     0.199730086185   44.901289647486   12.771974142986  209.188803096293
     0.200278405124   44.707119323584   12.817813107821  210.629834908554
     0.200985058615   43.878631597845   12.740289434543  207.797601190435
     0.201938022751   43.144143209161   12.734219490862  207.717938298085
     0.202539159720   42.521759473148   12.700641328684  206.360598499741
     0.203545864800   41.291854777203   12.605650296210  203.566992276784
     0.204349980969   40.675865306065   12.563920703023  202.297717121246
     0.205363111339   39.963555183769   12.548763742315  201.242497487559
     0.206365470400   39.147410681196   12.470845443314  199.058806556670
     0.207372819560   38.694054966486   12.455084742985  198.769462695362
     0.208379013003   38.355450842927   12.440209650763  198.303424565762
     0.209388399007   38.360155325352   12.487044338737  199.925106406835
     0.210395480765   37.979919181357   12.463800585450  199.802017451162
     0.211332793878   37.635481551299   12.469144378288  200.079516763378
     0.212018727196   37.350807518073   12.451548896513  199.721106461037
     0.213021496525   37.201499777214   12.495128006352  199.875495623086
     0.213796071139   36.852147855756   12.437930090717  197.703541650742
     0.214756461343   36.701385563462   12.446051077775  198.210927757312
     0.215757696262   36.963323707006   12.510238323550  201.180534022957
     0.216759670953   36.800195259048   12.506079414548  201.166438620197
     0.217698028767   36.424151541469   12.488590106287  200.649325530893
     0.218511502122   36.246681207995   12.482999808228  200.653811919210
     0.219502212384   35.919115715150   12.471237820123  199.855483626624
     0.219923176955   35.901111122603   12.473630506668  200.110194738277
     0.220905572528   35.689211524291   12.470933181707  199.934869993379
     0.221826392235   35.607827688758   12.457724647059  199.657830970022
     0.222312016494   35.440308008386   12.452485884366  199.114260804054
     0.222836415957   35.556417830409   12.476284502698  199.665567746234
     0.223741793654   35.509900234395   12.483242016075  199.828604008977
     0.224742810765   35.698801489229   12.518536359602  201.774687076607
     0.225669265226   35.512560009963   12.521004299071  202.201801804499
     0.226069936436   35.649548774165   12.554016815487  203.224580440907
     0.227072738629   35.342912828154   12.530769811177  202.343048233503
     0.227433999290   35.308052449188   12.534017911451  202.309134900251
     0.228439419549   35.294861344066   12.535350324277  202.704233661759
     0.228764577607   35.204176255591   12.540929545352  202.522206944474
     0.229477744947   35.321381797230   12.552487900145  202.873770434923
     0.230245276400   34.995260192845   12.534186891095  201.974783274499
     0.230713050747   35.116361196888   12.551753231937  202.490783857370
     0.231423519753   35.024103795022   12.544599782871  202.387197925278
     0.232191911787   34.976339841974   12.564554280485  202.815210534917
     0.232664001006   35.218646884483   12.588377038227  204.651411117763
     0.233463601957   34.901378782764   12.571714491057  203.916059901397
     0.234225026286   35.204560591884   12.614973408614  205.457886786103
     0.235229851518   34.916762556832   12.595144756570  204.376296052598
     0.235946352975   35.076899510295   12.610891601000  205.164304452401
     0.236668300432   34.799225060509   12.595315894624  204.385270496058
     0.237678276550   34.861662527416   12.604814567625  204.782428798427
     0.238155523329   34.635562217205   12.581735068853  203.927603479081
     0.238695017775   34.938829124421   12.647718401142  206.395162501134
     0.239181940116   34.949660543451   12.647330658717  207.164554337653
     0.240129910452   34.985836349167   12.677782318999  207.722729138513
     0.240503690007   35.094715585920   12.692572223568  208.367235884219
     0.241080146111   34.830840969668   12.654249679903  207.231268230824
     0.241609073747   34.867598415332   12.675729139057  207.644974439071
     0.242277060552   34.891815443106   12.683810530793  208.326498473746
     0.243119012709   34.592074387266   12.664474423513  207.455193303447
     0.243193064969   34.609535875265   12.667719199905  207.575502716431
     0.243719592533   34.599285591322   12.667120714297  207.745460350312
     0.244178702329   34.455020610039   12.649147448203  207.164174264510
     0.244957082969   34.542941423898   12.676100016381  207.531213032169
     0.245313331339   34.559977139023   12.665721372112  207.428319733308
     0.245964370426   34.402182264274   12.661324011138  206.702387861608
     0.246969785160   34.655881318927   12.704358896375  208.669979509540
     0.247433041960   34.654793076867   12.714592968623  209.042022492004
     0.247993278384   34.853740190913   12.728363559244  210.366471490654
     0.248118469063   34.886385504582   12.732483171632  210.613310752033
     0.248965256261   34.704114457045   12.747412695230  210.477319941407
     0.249346590586   34.737474447194   12.752762263211  210.683784206931
     0.249922504164   34.769268632613   12.753896555465  210.988247527147
     0.250426166156   34.590974590710   12.739305684934  210.357886002940
     0.250812553058   34.600636897019   12.751346346986  210.449731787773
     0.251595773489   34.596567544095   12.747207689550  210.447257806448
     0.251927398961   34.504666991455   12.730021721075  209.886886754414
     0.252661051490   34.696338954267   12.768464382406  210.723194216764
     0.252947132218   34.685464346547   12.756744147714  210.571116286492
     0.253924246424   34.634737890726   12.781471847079  210.935669755389
     0.254546555524   34.557249012243   12.770742708185  210.815351999397
     0.255169654645   34.363169387075   12.757575621907  210.243783165402
     0.256175129286   34.306459901405   12.777831139811  210.736455474172
     0.256987756592   34.319816889878   12.794505034024  211.858471007660
     0.257407346789   34.413858756881   12.806046005955  213.020494888123
     0.258041138164   34.364353037340   12.816460058182  213.472594327216
     0.258577598141   34.381825130026   12.850929687737  214.214386700398
     0.259337041089   34.190984851049   12.814640108043  213.523268543709
     0.259940081152   34.089321017040   12.830655235967  213.782852094116
     0.260282293913   34.095546668865   12.827844068445  213.882617759355
     0.260923051030   33.933143836141   12.814006885872  213.413466802517
     0.261228739872   33.859606313513   12.814500100738  213.182833939020
     0.262008892810   34.052830752648   12.827040061375  213.601114487266
     0.263018993995   34.143976173936   12.869326540363  214.347898505959
     0.264022365675   34.398475922245   12.879539493187  216.426507952083
     0.264287691271   34.463545910353   12.901503932603  216.967239865403
     0.265175079818   34.433145572908   12.920595513119  217.562541871266
     0.265855960918   34.354145908578   12.952646723297  218.002199433913
     0.266474793024   34.315917630037   12.942464198854  218.084909328601
     0.267356791281   34.128284394586   12.950467681047  217.882118119479
     0.268063393120   34.104976841337   12.937758806038  217.789858934136
     0.268672454815   34.002874988381   12.932028983877  217.364263150802
     0.268876739409   34.073615606681   12.945297633204  217.707967619647
     0.269636422840   34.040773343013   12.945524550748  217.605215348262
     0.270082248138   33.985658246430   12.953636744977  217.285015546581
     0.271084417379   34.051287451175   12.963405355748  217.668209085298
     0.272000147905   34.241010594137   12.987015851072  219.661170849415
     0.272673829682   34.034497547897   12.992873973699  218.735887445311
     0.273041293079   34.083918553170   13.005531141368  219.376380923596
     0.273886282410   33.957428586294   12.992166738886  218.804406133146
     0.274712128184   34.029037689863   13.030864437018  220.120020981526
     0.275034900894   33.990047953190   13.008875334573  219.740879461698
     0.275698576756   33.617355465705   12.977633873276  218.337331039239
     0.276203581266   33.567469830731   12.987913824952  218.493536291445
     0.277205165967   33.345581761811   12.976078445677  217.913834852163
     0.277777799336   33.605623539049   13.002036784550  219.857038239658
     0.278586862533   33.582906843427   13.009351333210  220.220183641511
     0.279590748847   33.736385113320   13.034942492356  220.754240948592
     0.280596694000   34.073590773625   13.102918550600  224.054012897767
     0.281603525582   34.011918136345   13.124677903304  224.642618725167
     0.282610357164   34.020716379482   13.143116526609  225.527426351109
     0.283617188746   34.025440327133   13.158173016489  226.158740247754
     0.284624020328   33.991884727465   13.173168731433  226.653327120438
     0.285630851910   33.825053692251   13.170520932530  226.477227443028
     0.286637683492   33.668944156906   13.172917877780  226.608919452917
     0.287644515074   33.604830148267   13.186041804673  227.104173915333
     0.288651346656   33.493688321165   13.186897292969  227.111555456638
     0.289658178238   33.402969075129   13.184410739311  226.839613796293
     0.290557549466   33.466035197379   13.200519730285  226.931935846160
     0.291566456990   33.625251174314   13.256462188801  228.764176132511
     0.292575364513   33.808751368528   13.284036921183  230.565488515459
     0.293584272037   33.783851604796   13.288326171528  230.543430026115
     0.294593179560   33.765939755383   13.294383388659  230.693470181016
     0.295602087083   33.708275829221   13.302313106202  230.452310555642
     0.296466370017   33.599702057724   13.306363861970  230.158380020476
     0.296989713364   33.617038453443   13.325119912293  230.659417745261
     0.297929138747   33.745718641648   13.349737786056  232.917946464993
     0.298868483645   33.760807257850   13.364955942120  233.522329494950
     0.299807828543   33.729478829081   13.372297410460  233.889112961836
     0.300747173441   33.612901817131   13.373976862843  233.959507259992
     0.301686518338   33.488956912140   13.371929418095  233.849375692614
     0.302625863236   33.417874528745   13.372681566172  233.897212951421
     0.303565208134   33.419967106167   13.375438995376  233.942353304411
     0.304504553032   33.397339995269   13.383376223215  233.540606336460
     0.305248433094   33.386708987488   13.391798063631  233.599152103481
     0.306177098816   33.386688097083   13.408028297178  233.846082554043
     0.307122478882   33.548073361310   13.437877282457  236.099297861136
     0.308067858948   33.731991359812   13.470262583244  237.620955106779
     0.309013239015   33.556258249771   13.460558355330  237.346273442141
     0.309958619081   33.448540931017   13.460429231676  237.306994343531
     0.310903999147   33.461636999885   13.462479480272  237.214949425886
     0.311849379213   33.371061297099   13.457423933319  236.700678659276
     0.312794759279   33.381718566141   13.468210902907  237.377365189407
     0.313740139345   33.299433309768   13.467936737620  237.414085560424
     0.314619569234   33.209762258114   13.467802074670  237.039604373103
     0.315411366242   33.197238556849   13.476549801470  236.866122825658
     0.316228581336   33.296178178657   13.526104685874  238.556225662236
     0.317045796430   33.420860044077   13.553715994537  240.548244323424
     0.317863011524   33.439072598074   13.567209795484  241.166300534608
     0.318680226618   33.329879191150   13.564535503036  241.077974503537
     0.319497441712   33.252750413488   13.565317683097  241.078401751516
     0.320314656806   33.221770483006   13.568659907085  241.209834305262
     0.321131871900   33.195031476794   13.575937552314  241.505388404326
     0.321949086994   33.090903104254   13.573518040666  241.422881428274
     0.322766302088   33.020196428419   13.573253555802  241.419682021057
     0.323583517182   33.034583143159   13.576910167327  241.508939395236
     0.324400732276   33.072238177100   13.585741179016  241.580846042093
     0.325090264606   33.064148219685   13.591786073166  241.352159247480
     0.325907479700   33.073927318024   13.606896209077  241.364990211037
     0.326724690746   33.274058756651   13.651066484254  243.898103849325
     0.327541673605   33.439784226130   13.675032144475  245.221243993906
     0.328358166927   33.437707464423   13.678535183973  245.154881769083
     0.329174188944   33.347766777982   13.675517089631  245.133522091297
     0.329983792560   33.251413304415   13.668940765359  244.635057769981
     0.330702452072   33.228835602030   13.672849495164  244.167478142976
     0.331519667166   33.266607253786   13.698002539777  244.778006847085
     0.332336882260   33.434807823231   13.730303906758  247.247451408461
     0.333154097354   33.407533132067   13.737724448552  247.676670947646
     0.333971312448   33.291119712076   13.742049413849  247.836126360012
     0.334788527542   33.122763717198   13.732489397206  247.085898483499
     0.335605742636   33.109591215261   13.737536889003  247.416465526366
     0.336422957730   33.042134861298   13.733541295692  247.385911986731
     0.337240172824   33.003289876655   13.737465272158  247.612381600749
     0.338057387918   33.025844494002   13.745056459575  248.045457758687
     0.338874603012   33.021546672818   13.751322623970  248.141966710021
     0.339691818106   32.964456354198   13.746284593729  247.979221883246
     0.340509033200   33.019830907668   13.756410007300  248.555361892098
     0.341326248294   33.051228530325   13.756820340938  248.490863528650
     0.342143463388   33.071700477338   13.763111402825  248.180272085941
     0.342787242493   33.077158330567   13.769330669783  247.941695882967
     0.343487872717   33.095317644961   13.790185569472  248.253270061551
     0.344188502942   33.227041128691   13.825813330751  250.470981300505
     0.344889133167   33.359247696887   13.846903122469  251.748729224497
     0.345589763391   33.375499743210   13.851425084525  251.901160472363
     0.346290393616   33.348837272420   13.856987593481  252.205872150796
     0.346787841075   33.298258430234   13.859126343753  252.269345985354
     0.347488471300   33.250227464896   13.864326325462  252.478680655008
     0.348189101525   33.175671836534   13.865847944501  252.497669350105
     0.348889731749   33.103275754192   13.866561699905  252.523797639576
     0.349590361974   33.065425360800   13.871946969036  252.727397643507
     0.350290992199   33.007317292363   13.871061981632  252.690551114643
     0.350991622423   33.009126787909   13.880373335230  253.054130924503
     0.351692252648   32.986765843758   13.887256763175  253.300352865616
     0.352392882872   32.916713562304   13.883132212891  253.155569308886
     0.353093513097   32.965162924524   13.897453001928  253.695553538899
     0.353794143322   32.950384533414   13.896031399342  253.586100393093
     0.354494773546   32.939338675028   13.899367299444  253.741715552429
     0.355195403771   32.935722039015   13.902401780899  253.855671913660
     0.355896033995   32.918564748314   13.900233511443  253.766378572057
     0.356596664220   32.892246145438   13.899940561958  253.607752727155
     0.357297162577   32.884958518771   13.900514723476  253.322771894823
     0.357997600117   32.864933730637   13.906777912538  253.182788064371
     0.358698037658   32.784947495833   13.905855665634  252.654929007433
     0.359398475198   32.906470119275   13.933940912860  253.660281839766
     0.360070202905   32.844226409041   13.931725453802  253.593543341927
     0.360770833130   32.588307028917   13.901883572186  252.415186963892
     0.361471463354   32.785922718557   13.938681409513  254.856556290854
     0.362172093579   32.929774845313   13.957006570536  255.939515248387
     0.362872723804   32.907403886381   13.961684437196  255.735000874069
     0.363573354028   32.907279618471   13.968587272811  256.268811210793
     0.364273984253   32.812346167498   13.964366553031  256.360055889677
     0.364937541864   32.767995768926   13.961100405853  256.011388348444
     0.365564022057   32.795976168504   13.971990980989  255.934426081522
     0.366264652281   32.845166749833   13.990837638690  256.103557074458
     0.366965282506   33.085226772470   14.035353363632  259.169048555932
     0.367665912730   33.210411643899   14.062228181179  260.493508993699
     0.368330449446   33.181650352682   14.067605480749  260.805476544257
     0.368979181135   33.100002359217   14.076171929759  260.894373841140
     0.369616124529   32.877944138597   14.044539538853  258.504094626530
     0.370364792189   32.792097420043   14.015113097405  257.188220806603
     0.371310723384   32.720304496322   14.026707551085  257.926360671470
     0.372158035624   32.928230432431   14.040912432141  260.241133080553
     0.372958938944   32.893096289217   14.045820766168  260.640102443744
     0.373759842265   32.920220328350   14.066952539610  261.101190929401
     0.374560745585   32.999006797064   14.082912767797  261.736806038756
     0.375361648905   32.899874615200   14.077395990733  261.526204286131
     0.376162552225   32.889928473308   14.082942689278  261.710778986252
     0.376963455546   32.901186921152   14.084840185351  261.803358627288
     0.377764358866   32.899868301532   14.082218917411  261.635763424519
     0.378463241275   32.918462039723   14.085216072994  261.711409124317
     0.379030046087   32.940919576942   14.088435421586  261.561243604793
     0.379622416508   32.919845721025   14.093470883355  261.212812835907
     0.380252983710   32.964222544050   14.130835361778  261.598273668318
     0.380883550913   33.074849666146   14.161803828110  263.284720494773
     0.381514118115   33.243568858431   14.191761249820  265.391995013719
     0.382144685317   33.278705741759   14.196987556315  265.652488077613
     0.382775252519   33.234252311724   14.194694398241  265.626298969408
     0.383405819721   33.211960837316   14.198891117371  265.826755264810
     0.384036386923   33.136975664332   14.193093469205  265.555691329209
     0.384666954126   33.108325363749   14.196357578285  265.731079515769
     0.385297521328   33.057769610025   14.193508683889  265.584219772243
     0.385928088530   33.021575051178   14.194554422653  265.669552087929
     0.386558655732   33.023324446277   14.202431069562  265.968131690546
     0.387189222934   32.955322598400   14.196735837035  265.685009859771
     0.387819790136   32.985297313523   14.207432827405  266.116507032529
     0.387945903577   32.980756951151   14.207784145593  266.107081344580
     0.388576470779   32.954279307037   14.205782414407  265.920500655953
     0.389207037981   32.951225390369   14.210071897536  265.907058880553
     0.389837605183   32.948072809775   14.216379756489  265.707955632075
     0.390468172385   32.932114056421   14.222934912433  265.622315126323
     0.391117062173   32.888799912130   14.224550831594  265.468862799283
     0.391817692398   32.858570031619   14.234812927865  265.549576930668
     0.392518322622   32.914240906110   14.249828769629  267.280981685786
     0.393218952847   33.024987421562   14.269707258644  268.929788844504
     0.393919583072   33.038315964881   14.269671621232  269.005565713557
     0.394620213296   32.999218098036   14.267913443132  269.016692584689
     0.395234878995   32.978989717107   14.269372963745  269.046650316374
     0.395847790315   32.942516639852   14.269465353459  269.003509502486
     0.396460701636   32.900984915664   14.280238694494  268.980487533878
     0.397073612956   32.887917430741   14.286715243948  269.253346421199
     0.397686524277   32.806223730609   14.284753455441  268.830587136535
     0.398299435597   32.766686222222   14.282948582507  268.914811045745
     0.398912346918   32.785809590865   14.289991179132  269.375152956377
     0.399525258238   32.791518831565   14.293824817364  269.639758603666
     0.400138169559   32.828918762731   14.297941310415  269.772167057108
     0.400751080879   32.851869485413   14.300325985331  269.801274142055
     0.401363992200   32.870155077965   14.306148535292  270.018616877944
     0.401976903520   32.834647536679   14.301954827637  269.705789976486
     0.402553990416   32.807416997627   14.303062754615  269.418455730712
     0.403137848936   32.806829905871   14.311197496450  269.107012250603
     0.403721707457   32.818825220047   14.328068530226  269.424393428910
     0.404305565977   32.983281457939   14.367022891408  272.096957906329
     0.404889424498   33.062289105331   14.385036716163  273.243369160007
     0.405473283018   33.066013093509   14.392108067466  273.642928684416
     0.406057141539   33.002621669486   14.394363102830  273.731361281437
     0.406641000059   32.929856564825   14.393288044390  273.529447058587
     0.406769448934   32.910750217043   14.392594147744  273.433582840233
     0.407230389677   32.865071733763   14.392761163238  273.298134526468
     0.408034942136   32.768467092218   14.385104948981  272.763212239159
     0.408839494595   32.509451459794   14.334327753647  270.282572798929
     0.409644047055   32.409105072034   14.299947910844  268.852011227465
     0.410448599514   32.645299122134   14.334993343365  269.550907408467
     0.411253151974   32.787091099419   14.360092254181  270.221366779496
     0.412057704433   32.766137442749   14.362533605972  270.280192880942
     0.412862256893   32.891655423636   14.398924030629  272.344836916463
     0.413660693103   32.874083815276   14.411974779578  273.147396507092
     0.414241794514   32.835281074738   14.420002620474  273.527197365867
     0.414825653034   32.669812089031   14.406717705294  272.804425987129
     0.415409511555   32.541440385307   14.397508159549  271.723544181537
     0.415993370075   32.351339991694   14.367585922633  270.129166887627
     0.416577228596   32.232390788655   14.355610470562  269.655314208515
     0.417161087116   32.259413533332   14.373508537237  270.221228926953
     0.417744945637   32.323020309087   14.396119700025  271.578595345903
     0.418328804157   32.524741093364   14.440528016803  273.969242710092
     0.418912662678   32.692427527327   14.479029945137  275.713132813432
     0.419496521198   32.529788080857   14.468580380432  275.199404102700
     0.420080379719   32.342347804596   14.450404791265  274.303004750001
     0.420664238239   32.244995606087   14.433738987536  273.219153881256
     0.421248096760   32.353758764029   14.455550068099  274.350950387489
     0.421831955280   32.348044916336   14.459936639950  274.649131766846
     0.422415813801   32.377224368133   14.466119839865  274.971650876081
     0.422999672322   32.491852322990   14.488064697180  275.872106214002
     0.423583530842   32.417069186405   14.477724960641  275.438136077145
     0.424167389363   32.461641939972   14.488300214037  275.884300471527
     0.424751247883   32.479527849429   14.491582713836  275.914194988798
     0.425335106404   32.486530656048   14.494234252992  276.016973291133
     0.425918964924   32.547865860290   14.507107254139  276.666515753050
     0.426502823445   32.505435552478   14.505120169486  276.496786637916
     0.427086681965   32.551304857487   14.514330638038  277.119610448054
     0.427670540486   32.523990626333   14.513820831426  276.963594016660
     0.428254399006   32.495891827591   14.509153018874  276.918247335894
     0.428838257527   32.480082037360   14.507900658660  276.620105826796
     0.429422116047   32.471442939799   14.506155000328  276.453850466887
     0.430005974568   32.524925635570   14.519474805019  277.009619578831
     0.430589833088   32.500897769255   14.519796489365  277.034722055880
     0.431173691609   32.541049675111   14.533171857849  277.902483421497
     0.431757550129   32.528751874623   14.533680986278  277.827779579044
     0.432341408650   32.554219907796   14.538729795482  277.999564384364
     0.432925267170   32.611213155409   14.552548822849  278.514288213570
     0.433509125691   32.504103802064   14.541337584580  277.909763386643
     0.434092984211   32.509045119747   14.549687812252  278.255730771013
     0.434676842732   32.482407450525   14.552188576774  278.192232172936
     0.435260701252   32.400891468112   14.544380770339  277.753068550929
     0.435844559773   32.431917982833   14.554433546752  278.063651029313
     0.436428418293   32.385384995296   14.551359829769  277.697900273066
     0.437012276814   32.382013131108   14.553593996968  277.713520391445
     0.437596135334   32.406424379183   14.557059633679  277.787013336345
     0.438179993855   32.365769459198   14.550967712794  277.419735843083
     0.438763852375   32.412560191101   14.560468048447  277.752064009396
     0.439347710896   32.507985114497   14.585147883115  279.249882302697
     0.439931569416   32.557259096884   14.605192999087  280.500276891749
     0.440515427937   32.585866083350   14.617804500213  281.084338381489
     0.441099286457   32.531623150795   14.618092011259  281.139181363509
     0.441683144978   32.503252387426   14.623648984181  281.340879001238
     0.442267003498   32.447473468211   14.624830540041  281.347994841909
     0.442850862019   32.368348005846   14.621779889425  281.189115601982
     0.443434720539   32.324094046960   14.621310238047  281.138278020585
     0.443919323111   32.309099820140   14.623048178937  281.164617962223
     0.444503181632   32.275674599632   14.623002673472  281.136498877822
     0.445087040152   32.267280956319   14.626272822245  281.320576842549
     0.445670898673   32.278678448187   14.631261609701  281.522030590090
     0.446254757193   32.287747409955   14.636801729055  281.811479694491
     0.446838615714   32.295522462174   14.640567230232  281.986128937765
     0.447422474234   32.329597612179   14.645894453989  282.272117280682
     0.448006332755   32.415639342401   14.660041342174  282.918218488596
     0.448590191275   32.384915640359   14.653782177419  282.686193406806
     0.449174049796   32.375136597186   14.650682595513  282.561893644380
     0.449757908316   32.384018871976   14.650344547324  282.527709661602
     0.450341766837   32.374700735619   14.646673773679  282.331619676418
     0.450925625357   32.425399721137   14.656338706047  282.701033683453
     0.451509483878   32.458450446210   14.664030148758  282.981974367155
     0.452093342398   32.470088547225   14.670896023173  283.201137272285
     0.452677200919   32.549744479699   14.688601568088  284.237381175739
     0.453261059439   32.569972336396   14.698527330119  284.618723044232
     0.453844917960   32.557232235427   14.703496071555  284.889598302764
     0.454428776480   32.523310002078   14.705506667049  285.020697608194
     0.455012635001   32.453183048759   14.701528610242  284.833661270944
     0.455596493522   32.420036410896   14.701349526549  284.826863846598
     0.456168145294   32.405649371497   14.702979521324  284.846090964277
     0.456711269989   32.403796002907   14.704906933455  284.898438093521
     0.457245209896   32.399708421503   14.706194380153  284.976905413956
     0.457788022349   32.418983125508   14.710055552648  285.135353026243
     0.458335193134   32.424306152583   14.709157502058  285.033680938639
     0.458900294473   32.437810281044   14.707592207616  284.974260040685
     0.459465196610   32.455323260560   14.710308259643  285.034070128557
     0.460029936505   32.446819278571   14.709996703662  284.895263361104
     0.460594498867   32.427885978568   14.711657670169  284.839670660355
     0.461158892343   32.400636489176   14.715416449194  284.849400886728
     0.461723119278   32.357305101426   14.714381086159  284.646261125243
     0.462282652464   32.336308797985   14.716880008688  284.531949104166
     0.462842033247   32.321318006598   14.721399399480  284.431949876823
     0.463405743769   32.347188866542   14.730673906717  284.701792392474
     0.463969275797   32.475962278508   14.760365540595  286.512605777691
     0.464523629496   32.558561608385   14.780540768788  287.721881097477
     0.465068790688   32.608490493555   14.793796687734  288.365826195988
     0.465613869199   32.576774386289   14.795297631203  288.422435808121
     0.466149707665   32.513461947870   14.795310415879  288.347564998801
     0.466707911581   32.408787921361   14.786892920829  287.776891839623
     0.467265947743   32.281728164675   14.759635842530  286.054814526879
     0.467828316136   32.195158664232   14.742310002746  285.217018143491
     0.468390526601   32.140480404152   14.736617624061  284.932639625537
     0.468952556056   32.223113295923   14.755551141106  286.077047374049
     0.469514424588   32.399804354466   14.791611139678  288.198925942379
     0.470076124363   32.495976004601   14.809105730087  289.187410075046
     0.470637641246   32.557736635034   14.825251098839  289.984282412066
     0.471199000398   32.528899523448   14.829408054831  290.065682876751
     0.471760184261   32.441693399629   14.822307332410  289.564447242214
     0.472321198863   32.386559194287   14.817367782448  289.286523108947
     0.472882047431   32.345959091445   14.815374437524  289.147933847008
     0.473442721780   32.316790549339   14.817719597846  289.230840343960
     0.473998744282   32.284540036534   14.818254875882  289.249659931197
     0.474527711241   32.279295370791   14.822028004813  289.413785366030
     0.475061001761   32.297039830451   14.829064735998  289.724523052561
     0.475607581528   32.308620567694   14.836562096160  290.037029749199
     0.476153993694   32.328393138410   14.844198049292  290.354813155325
     0.476713724634   32.355389615171   14.851712790275  290.771432827140
     0.477273287198   32.361566890219   14.857354439247  291.132769925081
     0.477832680709   32.357825072597   14.859578846291  291.161960915462
     0.478336022058   32.350548688060   14.859996396120  291.343065508468
     0.478895098294   32.364042319171   14.862543432456  291.491156954802
     0.479454026698   32.348378283294   14.852829210436  290.948481869427
     0.480012792199   32.419392576251   14.857814974948  291.346478710010
     0.480571394159   32.488591539955   14.868261185022  291.850743668979
     0.481129849136   32.471772002962   14.870396551623  291.928501341384
     0.481688130274   32.471065348282   14.876376806237  292.167374244056
     0.482246241356   32.471910569823   14.881230342666  292.289695297632
     0.482804196492   32.446987246774   14.880196739902  292.247890271076
     0.483361968570   32.438120454556   14.878775915763  292.112196001900
     0.483919593705   32.449622831358   14.881527421964  292.002126486146
     0.484362624347   32.448711026086   14.883695126077  291.936775369086
     0.484734193932   32.439960027990   14.885385917753  291.909930523287
     0.485105691747   32.428182967274   14.886917194644  291.988770111015
     0.485477118561   32.424150320224   14.890188006105  292.350232809166
     0.485848460278   32.437364338918   14.907833290184  292.874175943897
     0.486253158129   32.435185693515   14.912592154105  292.749055111447
     0.486809933605   32.477228538665   14.916954175253  292.759036966987
     0.487366551697   32.477182476358   14.919485623616  292.751484978238
     0.487923029220   32.433707493644   14.903469644160  292.345898369559
     0.488479319240   32.439222029186   14.907118932308  292.348896408276
     0.489035459267   32.493103476677   14.921575991867  292.714161947663
     0.489591467869   32.510564036571   14.925823191435  292.841177145297
     0.490147276969   32.516887524181   14.929986821309  293.026103973465
     0.490702946990   32.557424107405   14.942703324265  293.966373011640
     0.491249016951   32.631938024938   14.966867354115  295.516634395771
     0.491649936711   32.643964368061   14.974877373614  295.979123216810
     0.492053073347   32.660959836400   14.984458476639  296.435411307733
     0.492442778733   32.655735853791   14.994265670807  296.843371345391
     0.492829087521   32.558882551870   14.992514586406  296.403905848584
     0.493218638660   32.296412895611   14.947747539640  294.287153513570
     0.493614758236   32.016562549804   14.905991322131  292.892988738803
     0.494024119437   31.849193030368   14.883998647787  291.904643636203
     0.494420070694   31.919239275730   14.896381881712  292.153560935589
     0.494831982091   31.961308337748   14.902946106317  291.928846920675
     0.495454299158   32.020958495852   14.919138787901  292.411151137588
     0.496049585488   32.027315417795   14.927682059773  292.691995903277
     0.496603610112   32.126255534213   14.939362978380  293.888746806977
     0.497157450116   32.307384348992   14.972396079294  296.130748363933
     0.497711132466   32.446532611214   14.999168703763  297.464590596335
     0.498264697559   32.442475913078   14.997717284625  297.399561403950
     0.498818099355   32.367753072740   14.987301168330  296.843245874341
     0.499371324801   32.297116791872   14.976617267942  296.246659699310
     0.499924425252   32.288163773544   14.975185646797  296.136888470844
     0.500018426415   32.301356673336   14.977463941251  296.239881838140
     0.500018426415   35.055879105741   14.977463948865  296.239882139344
