# {0} signal over time, extracted at r = 500 km
# All quantities are measured in a resting observer's frame at infinity
# cols=4 rows=826
#              time        luminosity               <e>             <e^2>
#               "s"           "foe/s"           "MeV^1"           "MeV^2"
  -4.4339169287e-04  1.0701146010e-06    5.285140975053   41.111460689060
  -4.3268951893e-04  1.0555036236e-06    4.272382155381   28.300153589010
  -4.1687278128e-04  1.0459161870e-06    3.720327294070   21.327722699220
  -3.9513696253e-04  1.0573027555e-06    3.408005716121   17.378696002626
  -3.5789984158e-04  1.1459046925e-06    3.186427627345   14.566873460482
  -3.3745336778e-04  1.2309150138e-06    3.123242956156   13.762449399975
  -3.2231074644e-04  1.3097428654e-06    3.089777723377   13.328361452679
  -3.2100527965e-04  1.3171855987e-06    3.087286346538   13.295728070295
  -3.0750496993e-04  1.4002154088e-06    3.064298288745   12.993031732050
  -2.9336102178e-04  1.4990811928e-06    3.044809376378   12.732825886668
  -2.8048828696e-04  1.5996128364e-06    3.030252185204   12.535313790098
  -2.6652867838e-04  1.7199871989e-06    3.017186017016   12.354633011318
  -2.5630746686e-04  1.8155911934e-06    3.009111345318   12.240596662862
  -2.4702383370e-04  1.9079279622e-06    3.002690956171   12.148249288578
  -2.4370531546e-04  1.9422152787e-06    3.000580644704   12.117532884959
  -2.3560108269e-04  2.0287983987e-06    2.995830327211   12.047358699203
  -2.2633271685e-04  2.1328035660e-06    2.991001586998   11.974541855681
  -2.1818948968e-04  2.2285953311e-06    2.987239581233   11.916472340934
  -2.0886421939e-04  2.3433893281e-06    2.983417605089   11.856001892818
  -2.0087292399e-04  2.4461424147e-06    2.980463195433   11.808644505469
  -1.9298163461e-04  2.5516000604e-06    2.977762732494   11.765362172693
  -1.8447043752e-04  2.6697425808e-06    2.975151077212   11.722532328545
  -1.7747236214e-04  2.7702944331e-06    2.973234531800   11.690125876429
  -1.6884692562e-04  2.8984979335e-06    2.971114740770   11.653307573910
  -1.5834977216e-04  3.0609438899e-06    2.968857625928   11.612617526949
  -1.5052108350e-04  3.1866673084e-06    2.967296305925   11.584448468350
  -1.4214426323e-04  3.3254861045e-06    2.965825789317   11.556751876663
  -1.3319671912e-04  3.4787133752e-06    2.964459362034   11.529737933563
  -1.2258607676e-04  3.6671045993e-06    2.963122633310   11.501028298741
  -1.1162949809e-04  3.8693482109e-06    2.962030862465   11.474877861764
  -1.0071846713e-04  4.0786227503e-06    2.961243839749   11.452224612828
  -9.0671209344e-05  4.2783802479e-06    2.960757433071   11.434101936337
  -9.0050543349e-05  4.2909384475e-06    2.960742262083   11.433099658152
  -8.1532037134e-05  4.4658460419e-06    2.960436191495   11.419200307378
  -7.3251881046e-05  4.6403230884e-06    2.960278266207   11.407249549834
  -6.5387890732e-05  4.8101752554e-06    2.960243243356   11.397232027207
  -5.8195828375e-05  4.9691020978e-06    2.960309547816   11.389181405596
  -5.1359094769e-05  5.1233973891e-06    2.960451998607   11.382435148095
  -4.5052624198e-05  5.2685456663e-06    2.960654470578   11.377003204668
  -3.8910038881e-05  5.4125529085e-06    2.960914616213   11.372409413442
  -3.2842882269e-05  5.5573713111e-06    2.961230059039   11.368525853260
  -2.7125147280e-05  5.6962214637e-06    2.961573867647   11.365418062323
  -2.1931275862e-05  5.8243579886e-06    2.961931744733   11.363080615159
  -1.6739952380e-05  5.9543606337e-06    2.962333033010   11.361205935787
  -1.1563869484e-05  6.0859156061e-06    2.962770760849   11.359752952005
  -6.5559664162e-06  6.2150525404e-06    2.963229278406   11.358745800820
  -1.5362945708e-06  6.3463342030e-06    2.963726828106   11.358132904515
   3.0138079706e-06  6.4669420755e-06    2.964207672653   11.357908485743
   7.1294729131e-06  6.5773557024e-06    2.964664826909   11.357959757792
   1.1393319291e-05  6.6930797517e-06    2.965161274089   11.358269335005
   1.5636066870e-05  6.8095889797e-06    2.965679588758   11.358842126348
   1.9860108949e-05  6.9269422158e-06    2.966218399916   11.359664199581
   2.0025397552e-05  6.9315615722e-06    2.966239502805   11.359698679927
   2.9478893200e-05  7.3143746464e-06    2.965665316719   11.347533937231
   4.4661540198e-05  7.7684104018e-06    2.968074052030   11.355297524417
   6.1532177082e-05  8.2921815718e-06    2.970984434374   11.366710644270
   7.8700945818e-05  8.8463865703e-06    2.974207278769   11.381322919790
   9.6368642236e-05  9.4394875014e-06    2.977816261973   11.399581196913
   1.1390254192e-04  1.0051444467e-05    2.981704816541   11.420974107357
   1.3124048485e-04  1.0679860006e-05    2.985865777567   11.445401509108
   1.4830056393e-04  1.1321239607e-05    2.990272190516   11.472615366274
   1.6530103551e-04  1.1983438444e-05    2.994981025317   11.502914717889
   1.8205658190e-04  1.2658786496e-05    2.999940598535   11.535923946046
   1.9926323608e-04  1.3375900332e-05    3.005365604606   11.573073706563
   2.1683331327e-04  1.4132957690e-05    3.011248613862   11.614364360441
   2.3428346721e-04  1.4909807435e-05    3.017432411669   11.658698356954
   2.5292414567e-04  1.5767322959e-05    3.024407085813   11.709659829944
   2.7114724358e-04  1.6633420994e-05    3.031584929325   11.763001974993
   2.9040732096e-04  1.7578850887e-05    3.039545977062   11.823073050282
   3.1084611508e-04  1.8616053871e-05    3.048399672971   11.890848284447
   3.2977450312e-04  1.9607794322e-05    3.056954586562   11.957182541657
   3.5125459379e-04  2.0769540165e-05    3.067056740788   12.036458541919
   3.7416485736e-04  2.2050901035e-05    3.078261661404   12.125451038696
   3.9507196208e-04  2.3257829552e-05    3.088845332332   12.210428049786
   4.1888079012e-04  2.4675184512e-05    3.101277921779   12.311279882783
   4.4459432440e-04  2.6255811159e-05    3.115109206385   12.424665383093
   4.7228176029e-04  2.8013336061e-05    3.130404934031   12.551382813630
   4.9815495614e-04  2.9704956002e-05    3.145006595887   12.673546236022
   5.2757355787e-04  3.1682292705e-05    3.161889499637   12.816149345562
   5.5888534537e-04  3.3844561767e-05    3.180086853957   12.971383538660
   5.9253232535e-04  3.6227353112e-05    3.199783565467   13.141110342880
   6.2847821250e-04  3.8832202068e-05    3.220859395087   13.324618812539
   6.6449245576e-04  4.1494633581e-05    3.241891331132   13.509675516143
   7.0060032333e-04  4.4208893339e-05    3.262797713176   13.695548818628
   7.4025500990e-04  4.7233719861e-05    3.285471908672   13.899344866414
   7.8274535546e-04  5.0518363595e-05    3.309374786669   14.116732121391
   8.2846176046e-04  5.4095865307e-05    3.334601471639   14.349061566620
   8.7789158436e-04  5.8008852820e-05    3.361286725233   14.598100576712
   9.2980131543e-04  6.2163555388e-05    3.388637315600   14.856790144428
   9.8500654060e-04  6.6627619637e-05    3.416899220418   15.127569690302
   1.0430338564e-03  7.1363516266e-05    3.445643893864   15.406285953450
   1.1165306549e-03  7.7409468722e-05    3.480492873942   15.748040599953
   1.1972848439e-03  8.4152524062e-05    3.516757073114   16.106093182621
   1.2820575473e-03  9.5722853032e-05    3.584496873384   16.683323510093
   1.3680112932e-03  1.4253375069e-04    3.923553391825   19.148980008435
   1.4690547594e-03  2.8245576192e-04    4.280934070577   21.713646948233
   1.5778859391e-03  6.1015826882e-04    4.409712666298   22.612506560910
   1.6927547392e-03  1.3177618140e-03    4.459069436064   23.093427925855
   1.8226931882e-03  2.9467731048e-03    4.498114739592   23.539709372550
   1.9594122304e-03  6.1217733513e-03    4.568501612607   24.298785209498
   2.1073702384e-03    0.010986021919    4.730815826948   26.079762535444
   2.2539410504e-03    0.016057492503    4.956412530193   28.732292248386
   2.4005118623e-03    0.020555311424    5.214117292380   31.994245330375
   2.5470826743e-03    0.024468137438    5.479026223881   35.606535572521
   2.6936534862e-03    0.027948973334    5.732652099274   39.316138925845
   2.8642987729e-03    0.031585871201    5.998978742412   43.485940269283
   3.0426222225e-03    0.035072305117    6.238818347315   47.473356112284
   3.2209456721e-03    0.038484483591    6.446068860846   51.066907019502
   3.3992691217e-03    0.042123648554    6.631981001483   54.363683378836
   3.5775925713e-03    0.046335953338    6.807209272408   57.497086282777
   3.7559160209e-03    0.051488279601    6.981110003055   60.612403045670
   3.9342394705e-03    0.057940903116    7.160698967255   63.833642125621
   4.1179569751e-03    0.066324448343    7.355684705129   67.347156401164
   4.3247501145e-03    0.078409372219    7.588466847382   71.584473196826
   4.5372414715e-03    0.094453896548    7.839593284241   76.227179059618
   4.7497328284e-03    0.115019296694    8.096283815967   81.060085308457
   4.9622241853e-03    0.140995753692    8.350105676571   85.930692935371
   5.1589855616e-03    0.170646885613    8.576307655982   90.353186651980
   5.4095591380e-03    0.217146296445    8.844795569518   95.715838422244
   5.6362740374e-03    0.268257525546    9.062208056679  100.168263378725
   5.8514044296e-03    0.325502459886    9.247946647177  104.074663922754
   6.0970012865e-03    0.402823019403    9.439277000915  108.209654455835
   6.3485210426e-03    0.495538620135    9.609537247595  112.002568108717
   6.6005861460e-03    0.603270884383    9.759358344469  115.444073288746
   6.8526512494e-03    0.725883047607    9.891878754489  118.578683260097
   7.1034139329e-03    0.860537293133   10.003527015891  121.294558860857
   7.3542865901e-03    1.008837591908   10.096687902636  123.599561983346
   7.6065861543e-03    1.176507634962   10.185037895126  125.785591388151
   7.8590571677e-03    1.364706564997   10.269846147452  127.879136208450
   8.1102441952e-03    1.571383671518   10.347206903855  129.783085961585
   8.3604390036e-03    1.801659888413   10.428170785280  131.769036374499
   8.6134997751e-03    2.051970445074   10.501610015219  133.552180038554
   8.8673887231e-03    2.319041442186   10.561862672171  134.969848666986
   9.1220009678e-03    2.598279446824   10.611534755509  136.111482580241
   9.3750334404e-03    2.885880695483   10.653661133823  137.056773327023
   9.6271752907e-03    3.177080830285   10.682554196534  137.665550087745
   9.8814194779e-03    3.475315607040   10.694892602791  137.814931000071
     0.010131553377    3.778458735407   10.701330367610  137.823678710282
     0.010383960319    4.092933182606   10.701290101438  137.665178768607
     0.010636367261    4.413983427478   10.698196151322  137.401209272363
     0.010888774204    4.756531264195   10.702144751180  137.359954255001
     0.011141181146    5.112992491752   10.711438946124  137.495453556333
     0.011393588088    5.458634972394   10.714010698774  137.446744212592
     0.011645995030    5.797481975825   10.707794047419  137.175095401821
     0.011896411254    6.149404666245   10.706877836451  137.068709608668
     0.012149601588    6.519518323308   10.717403803691  137.272833477016
     0.012402791922    6.885155974937   10.727028226635  137.457180165069
     0.012655982256    7.238073075815   10.725011319268  137.330314618831
     0.012909172590    7.597400112871   10.722960902915  137.198874365760
     0.013162362924    7.969921694648   10.730978549810  137.345543978356
     0.013415553259    8.344812356750   10.744612666829  137.690931773619
     0.013668743593    8.714247153736   10.754534779951  137.965069983304
     0.013921933927    9.079848717112   10.759647213843  138.085473050574
     0.014175124261    9.457031051598   10.770460718323  138.322700537764
     0.014428314595    9.836105058479   10.785289877317  138.658910721190
     0.014681504929   10.202684570785   10.793369898984  138.847733298919
     0.014934695263   10.565714316366   10.798409387022  138.974721998307
     0.015187885597   10.940904357580   10.808904787360  139.213214386510
     0.015441075931   11.312821449135   10.821605430857  139.475828853565
     0.015694266265   11.675367076154   10.829767722439  139.644439061987
     0.015947456599   12.047904601725   10.837577823502  139.836460551309
     0.016208129440   12.461090201294   10.852703016923  140.207715289139
     0.016465248620   12.884602147725   10.874388831749  140.738528052247
     0.016722367800   13.289286750651   10.890293533412  141.123048528005
     0.016979486980   13.687754619712   10.901882998276  141.408814766069
     0.017236606159   14.095792967445   10.914958408002  141.732312737346
     0.017493725339   14.509557309877   10.928342108990  142.047126013274
     0.017750844519   14.917134401248   10.940757170203  142.359735674326
     0.018007963699   15.326770167000   10.954172124796  142.717293651230
     0.018265082879   15.760811943833   10.970348134238  143.132980542982
     0.018522202059   16.220663343556   10.989733766135  143.620369309323
     0.018779321239   16.689589230728   11.009386420616  144.107009562059
     0.019036440419   17.155031088726   11.026944582666  144.553008125968
     0.019293559599   17.623005921644   11.048142350005  145.129477132852
     0.019550678778   18.088538953566   11.071574896729  145.766232042240
     0.019807797958   18.553238316813   11.093327629243  146.346261228878
     0.020064917138   19.028338518536   11.115772720318  146.959460873680
     0.020322036318   19.518190683400   11.139342208993  147.606993946437
     0.020579155498   20.009083192178   11.158590232032  148.125137687116
     0.020836274678   20.493665728086   11.173986639191  148.529755146436
     0.021093393858   20.983122602764   11.192423447436  149.022482059653
     0.021350513038   21.469936679210   11.215666140602  149.659128050451
     0.021607632218   21.929796458303   11.237790622776  150.265377411911
     0.021864751397   22.372053724285   11.256423930992  150.765946137669
     0.022121870577   22.818768550071   11.274515370044  151.240943478845
     0.022378989757   23.260635083940   11.290479217988  151.668507788103
     0.022636108937   23.675673746038   11.301699311685  151.984209362624
     0.022893228117   24.065680572108   11.310384909472  152.227885965524
     0.023150347297   24.446543387702   11.319282164745  152.455492758913
     0.023407466477   24.837150432124   11.332298360979  152.795697250644
     0.023664585657   25.233948524933   11.350680189946  153.301410692141
     0.023921704837   25.620197533982   11.369487645756  153.814226695896
     0.024178824016   25.986859154782   11.382987985115  154.184216402485
     0.024435943196   26.332526959219   11.391217586611  154.424541941891
     0.024688929563   26.672480948137   11.398810324560  154.645295900289
     0.024940279976   27.022704658722   11.406945076065  154.847146941813
     0.025019857108   27.135364549011   11.409469134865  154.901595517743
     0.026020887515   28.630588122791   11.463382989787  156.336426121251
     0.027034606220   30.209720761585   11.508605093200  157.541894787828
     0.028051235520   31.745569811675   11.556768241339  158.939059345609
     0.029062655133   33.069537219100   11.595459528773  160.017581446144
     0.030074074745   34.438758090402   11.634929859994  161.236551521532
     0.031075852417   35.608016937105   11.676545233601  162.539631123085
     0.031568816450   36.238376124089   11.696719469606  163.143131472317
     0.032571436558   37.446683811114   11.734722334103  164.179422838831
     0.033572867525   38.297241419475   11.727655251829  164.032487634133
     0.034584338762   39.388990887014   11.770892247071  165.401819207338
     0.035594304504   39.989972144007   11.774464726043  165.455583074682
     0.036601171343   40.582918945540   11.792185506382  166.178632360280
     0.037607369454   41.003795511199   11.799858675257  166.273640296134
     0.038643132641   41.703594115307   11.823182138873  167.023634807454
     0.039643192269   42.653759926760   11.836818270624  167.314336693105
     0.040665258823   43.830054748146   11.878882499225  168.672529985367
     0.041687325378   44.973916338762   11.923354658954  169.974298110761
     0.042709391933   46.120736433170   11.968781116852  171.316620841122
     0.043734650529   47.107831459843   11.999144528174  172.147217797322
     0.044762948833   47.617459190441   12.013129744391  172.775455463168
     0.045797340646   48.075470298888   12.034769928667  173.395903617809
     0.046808828146   48.561517564578   12.027106901442  173.201632312149
     0.047829268898   49.446819796345   12.084621943470  174.888676547236
     0.048839696101   49.474642605535   12.097538257006  175.342768564345
     0.049864707991   49.714165373142   12.085588871697  174.992485508512
     0.050875610663   50.754318199615   12.154200020688  177.080019831174
     0.051917846275   50.936724877117   12.170745846799  177.374582193086
     0.052933840738   50.952250435096   12.140615224546  176.813013814893
     0.053943350728   51.682422913165   12.189129018881  178.307159836077
     0.054974777378   52.026269825274   12.214927253153  178.767568215224
     0.056008315880   52.591422078896   12.227691147651  179.205250947544
     0.057024494254   53.596549673430   12.267426525119  180.599772099341
     0.058067610405   54.057893940005   12.307256196153  181.493207834176
     0.059082548973   54.064780471579   12.306364628432  181.428928068471
     0.060093040933   54.160436747360   12.307127681756  181.871782343045
     0.061130150828   54.336144229545   12.348986892989  183.053597846840
     0.062185061910   54.581723885375   12.371621403317  183.374780939907
     0.063203864441   54.932994738768   12.384971956697  184.047836617472
     0.064206215077   55.371204928984   12.431334837669  185.506624379065
     0.065244140974   55.471025475895   12.426065230908  185.432201398169
     0.066245802477   55.341739283316   12.446639775001  185.912004814627
     0.067264149841   55.444285536829   12.467091937778  186.617171016728
     0.068270770805   55.641696434844   12.500523170593  187.486329886266
     0.069310506667   55.754016266292   12.499926397050  187.484459467427
     0.070319205732   55.933318103002   12.525994368797  188.282235467966
     0.071356681217   56.453901073535   12.558332514334  189.480496952294
     0.072429118084   56.885869309753   12.583406092963  190.459031346808
     0.073443615324   56.920571090052   12.598483878383  190.960375864510
     0.074446469830   57.079643698892   12.649607565300  192.264317549760
     0.075466705589   57.365535203897   12.677060406049  193.168702485863
     0.076478568887   57.565644439071   12.691741976696  193.757848966312
     0.077508327487   58.115144545905   12.711982551751  194.503877476827
     0.078509778137   58.602192198285   12.744950744916  195.654766800166
     0.079517944334   58.784239042106   12.822597662657  197.372474793455
     0.080573161195   59.266845083982   12.852209542097  198.509070857420
     0.081581241195   59.791653457502   12.879779923442  199.810680714062
     0.082644429675   60.137853589752   12.913091753691  201.115032512152
     0.083644677609   60.272516463208   12.946194309512  202.069252964891
     0.084651890069   60.327571342095   12.984891582258  203.141264495656
     0.085678089280   60.384179700725   12.986792306859  203.560858482023
     0.086678409632   60.502339572114   13.043134121420  205.021728367560
     0.087707056510   60.559281266832   13.059552397201  205.672607003769
     0.088758119386   60.465749914975   13.087439393104  206.488834798930
     0.089758221572   60.426819203386   13.114163061589  207.392267652501
     0.089986544372   60.425692908193   13.109704042969  207.403784187491
     0.091009302035   60.539331636170   13.155529016159  208.706294363699
     0.092071307199   60.810000126383   13.165805313983  209.240954399072
     0.093116993540   60.736360961315   13.183887377689  209.921134804077
     0.094122290037   60.670449305312   13.224026932849  211.032375113534
     0.095148553763   60.476263903784   13.255809992811  211.980688318853
     0.096153208303   60.497785088693   13.282974529346  212.856192443731
     0.097190654935   60.768487573449   13.323572665676  214.501265616649
     0.098192590350   60.698028620982   13.355031616639  215.529310968414
     0.099208557469   60.411776365532   13.362345184059  215.828144329743
     0.100237047469   60.340721406175   13.365679752321  216.246597127790
     0.101269208356   60.373232063152   13.404299936004  217.496652522126
     0.102281987675   60.440560044594   13.458540575159  219.041304072424
     0.103282904611   60.303868476212   13.490674485377  220.069149756453
     0.104289072803   60.132818732093   13.496566515176  220.686565690981
     0.105307639610   60.125879750809   13.517655267496  221.516123340448
     0.106316879962   60.204398379637   13.575118805559  223.028141574483
     0.107325041148   60.339386036452   13.609469906987  224.225469395885
     0.108341838279   60.373326801501   13.638963553388  225.607201808859
     0.109368164722   60.343298107862   13.660729396131  226.368778332699
     0.110396876102   60.378018188567   13.711316347460  227.743484143516
     0.111424468043   60.508356508362   13.739158154586  229.204484589850
     0.112444327699   60.520244632707   13.765707646480  230.475673222124
     0.113445184803   60.258630690012   13.800342940975  231.309478008673
     0.114446126374   60.013309481731   13.812877563777  231.686209814180
     0.115458698015   59.979863405822   13.849165417115  232.840356983697
     0.116489118190   60.133908708160   13.894936907945  234.615943653618
     0.117506251567   60.010617962116   13.903047741013  235.356992823204
     0.118521227834   59.670478535482   13.931750070809  235.894752745801
     0.119528590160   59.759834554430   13.964851952518  237.088208283042
     0.120554829677   59.814611694811   13.989657649552  238.666408101248
     0.121575251487   59.937093900913   14.027749154971  239.755689775548
     0.122579847927   59.654679042009   14.069799034033  240.830805487165
     0.123613000864   59.499799137444   14.076996869614  241.824320078617
     0.124619147801   59.475256439163   14.113607404454  243.081463316651
     0.125629349683   59.463502765651   14.152322652422  244.302631795888
     0.126636396383   59.291546304786   14.189613375640  245.444770899443
     0.127658107807   59.369290944159   14.231533721431  247.292205410595
     0.128661262772   59.280081831002   14.245296739996  247.990774552204
     0.129663556825   59.033291683336   14.281400718483  249.049264100602
     0.130681136666   58.790695335715   14.314947993441  250.519165051138
     0.131696404822   58.350318349079   14.347424863277  251.773915453869
     0.132707827687   58.075181728810   14.351491416162  252.119679784467
     0.133715931934   57.500478574590   14.359072011759  252.241133973898
     0.134736938065   57.352433171162   14.384596068500  252.962660234605
     0.135739930299   57.333861826384   14.444471857137  255.131085991806
     0.136754487357   56.924588385195   14.466937459754  256.097581287464
     0.137758399957   56.808942294961   14.476342634813  256.674578479045
     0.138788138572   56.644788779449   14.536781582113  258.832983636913
     0.139788711061   56.463071663469   14.537893874146  259.424820571485
     0.140788886250   56.181923134106   14.565753167375  260.329104456008
     0.141807757009   55.933796702635   14.620274490901  261.935095874885
     0.142818176551   55.632017423697   14.651602894533  263.434241236328
     0.143820549058   55.440092643129   14.650311010578  263.599812350236
     0.144824376585   55.101510062842   14.702811012166  264.979436320556
     0.145830826163   55.005142135045   14.717540044089  266.314202119761
     0.146841518554   54.903151245847   14.745503969023  267.196835821317
     0.147846724329   54.635341283549   14.785377174926  269.099499249590
     0.148852782430   54.361263071885   14.782942306608  269.219017096336
     0.149861088286   54.126667751436   14.834951006985  270.467703459594
     0.150862801778   53.812584407217   14.846560130809  271.727241541091
     0.151869189551   53.676680285125   14.859248802305  272.101421384915
     0.152884674229   53.597624394521   14.928737806731  274.055266141360
     0.153902578594   53.162320417691   14.919742259310  274.672258659609
     0.154914454424   53.044777155168   14.968061546390  275.984524257987
     0.155920437559   52.810462582942   15.007153716560  277.737696313755
     0.156928618328   52.718334277093   15.022622589343  278.193581777332
     0.157428685910   52.771232117675   15.028033133271  278.784470429280
     0.158440359056   52.376273392773   15.084931211198  281.030323921000
     0.159440366456   52.093387581648   15.059673593169  280.353339164342
     0.160444403459   51.691160921756   15.095558651057  281.455063224014
     0.161448648454   51.507266610701   15.140537047961  283.694336389171
     0.162457392340   51.063405344814   15.120594747010  282.982935990198
     0.163237975997   50.845817884554   15.119305179274  283.022751909927
     0.164217431367   50.340564250298   15.155022318241  283.699207753757
     0.165224274466   50.209768880152   15.189438543535  285.802447768822
     0.166144396107   49.997585948837   15.176375968222  285.175108776809
     0.167152801511   49.758227628438   15.231307855366  287.051076456600
     0.168002069492   49.765792247589   15.244775491782  288.407307493670
     0.169018104430   49.387242493016   15.245322651251  287.567840338942
     0.169982770634   49.632065659718   15.299033908035  290.504758158510
     0.170988925858   49.550445793956   15.323596641653  290.845075490623
     0.171995081081   49.616522707885   15.375593681532  293.985702770960
     0.173001236305   49.162639550204   15.364259314380  293.524158333947
     0.174007618108   48.739184828408   15.353478550713  293.057801339776
     0.175008081571   48.677183896645   15.314944248663  291.509186552933
     0.176008457527   48.763737757332   15.402006889041  295.031248250609
     0.177021624470   48.750612034823   15.395218891956  294.624289182504
     0.177873286881   48.848346569867   15.463331042005  297.650228146365
     0.178769259449   48.807576540116   15.452893319478  296.893490560686
     0.179770721180   49.000337260593   15.526180317994  300.368446457389
     0.180611526767   48.689414946586   15.459392972341  297.722490604064
     0.181494119068   48.966159232271   15.562755809966  301.432148911685
     0.182376711370   48.593731403204   15.543336145075  301.172506966697
     0.183259303671   48.902450634727   15.594980928174  303.683142020691
     0.184141895973   48.000411693141   15.549063103480  301.764987987331
     0.185145966505   47.973937005468   15.568165765452  302.688350171014
     0.186154874029   47.661860016039   15.510307604823  300.181189450544
     0.187163781552   47.626815461757   15.537300440699  301.296806412654
     0.187880398975   47.198847617949   15.523965786600  300.947473810895
     0.188731241035   46.959722962864   15.560077647918  302.948896934085
     0.189584679647   46.406601701763   15.562619267605  302.576751642747
     0.190584720327   46.121958766202   15.572590274017  303.132061355295
     0.191345246923   45.883642340695   15.555480466460  302.065137553568
     0.191976609559   45.204017313988   15.490130075060  300.040379182791
     0.192798009489   44.535491407546   15.518793175409  300.278706693402
     0.193226417363   44.165469907086   15.479281982182  299.378129175824
     0.194180975621   43.110379469422   15.417516374875  296.818654288935
     0.194851712101   42.539418988147   15.402812774917  295.393327971626
     0.195345492484   42.063972748289   15.318828879751  293.068251771473
     0.196346179946   41.759052522474   15.396989848741  295.473295152330
     0.197164345920   41.052875333903   15.300059818714  291.669143955115
     0.198165192543   40.632213603106   15.298665239059  292.358149118937
     0.199030523436   39.995063461113   15.274687903743  291.194845070938
     0.199730086185   39.795920690239   15.234674532177  289.856032351975
     0.200278405124   39.647260764353   15.300843471950  292.256722375311
     0.200985058615   38.850697991339   15.209728511556  288.422476522580
     0.201938022751   38.363886968451   15.218427498550  288.909019273203
     0.202539159720   37.769620209006   15.187331301176  287.297660101280
     0.203545864800   36.748196532233   15.097863358420  284.251516912744
     0.204349980969   36.223613086894   15.046589026683  282.407528701499
     0.205363111339   35.679164998006   15.048665101428  281.496323770501
     0.206365470400   34.900583639612   14.966857911816  278.763214514926
     0.207372819560   34.526705609364   14.955182849958  278.523667279634
     0.208379013003   34.148084296310   14.937900518495  277.784923300908
     0.209388399007   34.153180250222   14.987706681306  279.727946799301
     0.210395480765   33.814448102965   14.963497542789  279.675648984629
     0.211332793878   33.544407025000   14.978552761022  280.380954536199
     0.212018727196   33.308412844059   14.957985566420  279.900162180826
     0.213021496525   33.221437739940   15.005878820425  279.932559791340
     0.213796071139   32.915475240351   14.915266827448  276.122486212785
     0.214756461343   32.695915188128   14.919574658749  276.630361353253
     0.215757696262   33.013622397656   14.994767005153  280.557937002773
     0.216759670953   32.782036601420   14.992845467469  280.654242843524
     0.217698028767   32.534104192309   14.984543899294  280.407403635232
     0.218511502122   32.268719902136   14.980139502804  280.470720468054
     0.219502212384   32.064074792124   14.965333095360  279.385277099662
     0.219923176955   31.953302726718   14.966543915076  279.671129968720
     0.220905572528   31.841625093949   14.966111894541  279.470660126438
     0.221826392235   31.613809450902   14.945792801210  278.853103679053
     0.222312016494   31.512824778433   14.941978564916  278.143217626567
     0.222836415957   31.681671065740   14.962585299313  278.590424975581
     0.223741793654   31.488872832600   14.960081629651  278.391442886696
     0.224742810765   31.633600763789   14.994518254801  280.846637955823
     0.225669265226   31.571642851052   15.010475647471  281.867132322419
     0.226069936436   31.755101607591   15.044802953993  283.096674047782
     0.227072738629   31.373893683308   15.017852740119  281.962665847581
     0.227433999290   31.457212876637   15.021125723250  281.893330619432
     0.228439419549   31.319791143908   15.016776865966  282.145729063477
     0.228764577607   31.345391101693   15.023987064088  281.934559493255
     0.229477744947   31.461382922303   15.025608708886  281.992261184278
     0.230245276400   31.130776470136   15.009017009434  280.924062305491
     0.230713050747   31.376149097654   15.023517299940  281.405004196606
     0.231423519753   31.024750937038   15.014021366316  281.166200033745
     0.232191911787   31.238230761489   15.036084427122  281.720080476247
     0.232664001006   31.310694150759   15.058270872533  284.063898151277
     0.233463601957   31.054165010942   15.050929869595  283.499434099664
     0.234225026286   31.380303425527   15.088483158846  285.097353770205
     0.235229851518   31.227358914682   15.067224106450  283.681814970176
     0.235946352975   31.182378017727   15.074953443456  284.324652393749
     0.236668300432   31.113478404422   15.060415484570  283.418948429681
     0.237678276550   30.961702787151   15.061426985047  283.596543046083
     0.238155523329   30.937568728714   15.037444830982  282.532490825606
     0.238695017775   31.352790269675   15.108136630820  285.650119226396
     0.239181940116   31.168464823507   15.106253449043  286.692847156834
     0.240129910452   31.517918018763   15.135146631743  287.223622660718
     0.240503690007   31.479588711828   15.148322708064  287.920809008491
     0.241080146111   31.223943700596   15.108710300866  286.573614383830
     0.241609073747   31.435053625920   15.134945795894  287.135875318655
     0.242277060552   31.300938356808   15.144895853194  288.116531647806
     0.243119012709   31.190885932844   15.133381643223  287.387299217713
     0.243193064969   31.213045125826   15.136843466752  287.539282525971
     0.243719592533   31.066040457371   15.135095256337  287.727767137687
     0.244178702329   30.938802155947   15.115345358541  286.980039214510
     0.244957082969   31.160877361883   15.138020869494  287.139779998690
     0.245313331339   31.048447496524   15.118826009441  286.735990342375
     0.245964370426   31.023072372138   15.112716428177  285.651134711608
     0.246969785160   31.164043505466   15.150292596278  287.848611798949
     0.247433041960   31.243224114657   15.163628726604  288.395003688477
     0.247993278384   31.545151368253   15.174122728665  289.975979218862
     0.248118469063   31.551518216380   15.179074261591  290.304661514604
     0.248965256261   31.406318283950   15.204373699317  290.413184732543
     0.249346590586   31.548873201185   15.204255570793  290.535707211274
     0.249922504164   31.454086720074   15.201799578963  290.809396158044
     0.250426166156   31.350446817047   15.188176938323  290.075344372022
     0.250812553058   31.507265960850   15.202056752850  290.189421185722
     0.251595773489   31.337632010527   15.191420908931  289.948149349467
     0.251927398961   31.350427500479   15.170831204868  289.170512303613
     0.252661051490   31.592846169516   15.205932902903  289.892570992474
     0.252947132218   31.481875256798   15.186270598918  289.470285785392
     0.253924246424   31.656534909487   15.208444048089  289.744389616126
     0.254546555524   31.467442093888   15.191594900218  289.447189896302
     0.255169654645   31.451114553421   15.177700789842  288.734565842772
     0.256175129286   31.441639403156   15.193240436692  289.124392586267
     0.256987756592   31.652806276302   15.204838771376  290.419720377467
     0.257407346789   31.725616557254   15.217882524497  291.972736013546
     0.258041138164   31.789480892512   15.233675206059  292.665503759380
     0.258577598141   31.955931048451   15.271067610840  293.598396782429
     0.259337041089   31.771908728304   15.221004037984  292.449152190997
     0.259940081152   31.878912763176   15.248600402579  293.079848935292
     0.260282293913   31.900481102207   15.240407813364  293.048487695657
     0.260923051030   31.688968462222   15.232312254203  292.624986585437
     0.261228739872   31.732204593315   15.236597947550  292.430829570057
     0.262008892810   31.867950770323   15.236032231787  292.422886172015
     0.263018993995   32.017007760742   15.274221189057  293.017771127481
     0.264022365675   32.131027281576   15.282569167355  295.593205096556
     0.264287691271   32.282754785676   15.311373890700  296.399730133209
     0.265175079818   32.184529887387   15.327672824309  297.073575688176
     0.265855960918   32.331355680953   15.360642406559  297.619017753569
     0.266474793024   32.199732335539   15.340375842083  297.474998154996
     0.267356791281   32.267433642892   15.353657350524  297.353839066834
     0.268063393120   32.079826931207   15.332637861049  297.001945235648
     0.268672454815   32.185646924874   15.327154652293  296.433166547580
     0.268876739409   32.275433565567   15.340122858700  296.785329754776
     0.269636422840   32.083291331173   15.332697430733  296.337129932795
     0.270082248138   32.182090833464   15.339027409461  295.797716381634
     0.271084417379   32.091140986062   15.335881511951  295.747396319455
     0.272000147905   32.361865257489   15.361632955597  298.355349295636
     0.272673829682   32.175052314814   15.382883582638  297.542786447586
     0.273041293079   32.332006646341   15.389283266166  298.182767458886
     0.273886282410   32.048413983978   15.372645456696  297.444479232212
     0.274712128184   32.286547769095   15.408918441858  298.926666029949
     0.275034900894   32.140398659260   15.379659934874  298.285141986430
     0.275698576756   31.948823834058   15.355629487719  296.830485873914
     0.276203581266   31.922576502368   15.367511308628  297.082348900474
     0.277205165967   31.758343662932   15.354689831813  296.310051305956
     0.277777799336   31.932376660843   15.372704111171  298.470553392382
     0.278586862533   31.985472028208   15.391500386947  299.233387481725
     0.279590748847   32.002104681105   15.403356069834  299.280873343455
     0.280596694000   32.439060447794   15.464463646658  303.072955271296
     0.281603525582   32.569448968752   15.492029873609  303.968752291664
     0.282610357164   32.578145958049   15.508164460355  304.963736966437
     0.283617188746   32.658735806133   15.515276085771  305.471097356020
     0.284624020328   32.856212893707   15.519343639784  305.676266861570
     0.285630851910   32.848565131298   15.512939176134  305.309739025346
     0.286637683492   32.741515635712   15.513741376693  305.425772508446
     0.287644515074   32.796106584859   15.524762477132  305.948887358061
     0.288651346656   32.841628666515   15.523763995772  305.888339988001
     0.289658178238   32.810491078590   15.515308024980  305.284001751778
     0.290557549466   32.855847774524   15.521994915721  304.906037283773
     0.291566456990   33.060875938482   15.570025061954  306.760576761469
     0.292575364513   33.303052667140   15.598293760057  308.990325836583
     0.293584272037   33.287064291030   15.602802927917  308.910877577801
     0.294593179560   33.259209724479   15.605016623765  308.952296417462
     0.295602087083   33.263161985265   15.607901100308  308.407159707806
     0.296466370017   33.179423826200   15.605172218294  307.758301122541
     0.296989713364   33.200577768020   15.622171281358  308.250498864503
     0.297929138747   33.339745509036   15.649689798888  311.263103844340
     0.298868483645   33.381450805016   15.669187482024  312.108227275158
     0.299807828543   33.367865216562   15.677402340586  312.584685309853
     0.300747173441   33.321423518643   15.684585065653  312.873518243545
     0.301686518338   33.203669092964   15.685184559936  312.838934815708
     0.302625863236   33.103900912168   15.683897544139  312.827284201894
     0.303565208134   33.123068874825   15.680103188956  312.611770815960
     0.304504553032   33.145373474206   15.680736547094  311.716044487866
     0.305248433094   33.115696538673   15.680833560231  311.404476782565
     0.306177098816   33.115441376963   15.696081209771  311.585343296869
     0.307122478882   33.254971844838   15.728740259266  314.582559887011
     0.308067858948   33.415854864758   15.771109375844  316.673510979451
     0.309013239015   33.201236605717   15.767328924819  316.641836544986
     0.309958619081   33.127850941009   15.767210337490  316.630430759903
     0.310903999147   33.168515634939   15.761087586464  316.150595499037
     0.311849379213   33.085145999892   15.754218259901  315.374845360016
     0.312794759279   33.054791519939   15.765939555772  316.213396224382
     0.313740139345   32.978659750381   15.767837133940  316.386252369112
     0.314619569234   32.927549802562   15.766504620275  315.838381985310
     0.315411366242   32.891282559087   15.767020519741  315.229809474133
     0.316228581336   32.999892708243   15.812396534250  317.064984508475
     0.317045796430   33.148769334719   15.843464325495  319.716184805281
     0.317863011524   33.185710862234   15.860144711304  320.530810094994
     0.318680226618   33.127503021462   15.859276849166  320.536238841212
     0.319497441712   33.082029572137   15.858168179428  320.485350820131
     0.320314656806   33.043884145501   15.858504795041  320.516978923992
     0.321131871900   33.069378252061   15.866183741897  320.848431074588
     0.321949086994   32.991040858091   15.865582126113  320.809952944607
     0.322766302088   32.924161083618   15.864107352570  320.777691328882
     0.323583517182   32.955180443490   15.862734730046  320.660054139832
     0.324400732276   32.998201068610   15.870990909559  320.611219302850
     0.325090264606   32.970267779560   15.871794283003  320.075666016914
     0.325907479700   32.961571200954   15.880505200809  319.752337777052
     0.326724690746   33.132601998137   15.921903670668  322.789962782192
     0.327541673605   33.321890694583   15.951321353655  324.539779799026
     0.328358166927   33.337220548651   15.951807963748  324.323129005662
     0.329174188944   33.268411889316   15.949410639823  324.354850207908
     0.329983792560   33.179554033436   15.944483717767  323.794512297183
     0.330702452072   33.144086647266   15.944101161792  322.969168426334
     0.331519667166   33.140175866636   15.964140527036  323.436983926586
     0.332336882260   33.272492579376   16.001549675119  326.751859628724
     0.333154097354   33.292532081730   16.011944051294  327.387577525877
     0.333971312448   33.214322295381   16.020206639241  327.757785518579
     0.334788527542   33.079891591383   16.006488394834  326.680047769515
     0.335605742636   33.071114044931   16.009382045227  326.987308045774
     0.336422957730   33.049294406121   16.007694098405  327.012123534433
     0.337240172824   32.979017441039   16.017766962648  327.483548979964
     0.338057387918   32.970380132875   16.025819673946  328.031744981583
     0.338874603012   32.976505478830   16.030468463747  328.049025458589
     0.339691818106   32.933993205680   16.024472862013  327.794354307244
     0.340509033200   32.951762562452   16.035808861588  328.500084713755
     0.341326248294   32.970066401158   16.032383932685  328.260539489151
     0.342143463388   32.993210851363   16.032851213531  327.565584926096
     0.342787242493   32.959484712543   16.029310880821  326.853274534971
     0.343487872717   33.006788105950   16.043447046040  326.907867757623
     0.344188502942   33.117971158705   16.079378129707  329.700591765794
     0.344889133167   33.281669457618   16.106375122001  331.480236566575
     0.345589763391   33.319778324443   16.109221281235  331.594342960971
     0.346290393616   33.314505600841   16.113967952059  331.973017322962
     0.346787841075   33.286791965856   16.117839055181  332.119904056028
     0.347488471300   33.254931224327   16.124243859201  332.405527654975
     0.348189101525   33.233131421935   16.123348608060  332.350326136375
     0.348889731749   33.198629635856   16.121664815741  332.283194154130
     0.349590361974   33.216099535437   16.126805236869  332.499877937034
     0.350290992199   33.184156048212   16.125441467084  332.441725603446
     0.350991622423   33.201345659538   16.133540150069  332.800354510371
     0.351692252648   33.227179950244   16.138915065944  333.018193940055
     0.352392882872   33.185823972741   16.132307459267  332.767109790711
     0.353093513097   33.258695696337   16.142135792943  333.207499540000
     0.353794143322   33.242241770339   16.139473267113  333.013727183483
     0.354494773546   33.245310230201   16.147029348642  333.323406508305
     0.355195403771   33.191922645437   16.153088523906  333.545199344416
     0.355896033995   33.154579905832   16.152335673563  333.489764210883
     0.356596664220   33.108000377483   16.149936628117  333.204686376488
     0.357297162577   33.066710263060   16.146064980328  332.645775528949
     0.357997600117   33.065210219595   16.145976462433  332.183155226566
     0.358698037658   32.985802303920   16.140181882350  331.308194713032
     0.359398475198   33.102676297699   16.159543276367  332.115090319877
     0.360070202905   33.066769322483   16.159611223383  332.119988501700
     0.360770833130   32.800939053560   16.136253336136  331.048153793650
     0.361471463354   32.984169100409   16.173413538637  334.066595187691
     0.362172093579   33.154082644257   16.194736545503  335.437663380815
     0.362872723804   33.140829892110   16.196797860563  335.024620673277
     0.363573354028   33.193967045731   16.202425342770  335.643506254915
     0.364273984253   33.097718765800   16.205538805924  336.070753735383
     0.364937541864   33.053008236714   16.205906994840  335.749148127616
     0.365564022057   33.080147548222   16.215609440831  335.490899124909
     0.366264652281   33.042490863471   16.228286235532  335.365681852108
     0.366965282506   33.254895810362   16.272640389424  339.214977389466
     0.367665912730   33.405754584951   16.305195533411  340.980015337270
     0.368330449446   33.378105215251   16.311822029926  341.425046105354
     0.368979181135   33.383238156340   16.322961099271  341.619211443398
     0.369616124529   33.141453496045   16.286056067680  338.426291949607
     0.370364792189   33.010850618452   16.243568003962  336.372207675362
     0.371310723384   32.947729223917   16.256021587561  337.346640894802
     0.372158035624   33.210296929296   16.270634960608  340.217729775551
     0.372958938944   33.233318481863   16.285520979860  341.027441671333
     0.373759842265   33.250491624101   16.311943886234  341.721947546374
     0.374560745585   33.344602691826   16.325990771733  342.378356639530
     0.375361648905   33.217083196209   16.324665439356  342.332658863531
     0.376162552225   33.149449127476   16.328866016758  342.502980169772
     0.376963455546   33.161894376657   16.329978306503  342.550071462400
     0.377764358866   33.155884930188   16.328282035120  342.338023454994
     0.378463241275   33.128750192311   16.331206307109  342.401944701342
     0.379030046087   33.143023600237   16.331801805721  342.087672032401
     0.379622416508   33.115100528510   16.331631550520  341.402331650108
     0.380252983710   33.158097861025   16.361186216234  341.415355905814
     0.380883550913   33.267074670427   16.385888929504  343.264486814186
     0.381514118115   33.426993373118   16.421889957858  346.095001247260
     0.382144685317   33.503422279124   16.429926935497  346.490108423972
     0.382775252519   33.428052870159   16.430912191468  346.607287185205
     0.383405819721   33.410206698837   16.435909674648  346.904858936793
     0.384036386923   33.335260348970   16.429984847739  346.584547159861
     0.384666954126   33.319343742259   16.432894495322  346.770841577802
     0.385297521328   33.287588654779   16.430747846189  346.617300426910
     0.385928088530   33.247152534829   16.432710719230  346.737721289446
     0.386558655732   33.268560831280   16.439035521273  347.019483735948
     0.387189222934   33.225804719749   16.429592411614  346.558841457434
     0.387819790136   33.274970250676   16.435615754697  346.876193105732
     0.387945903577   33.275831639311   16.434725226104  346.814725016991
     0.388576470779   33.295957719679   16.428090172348  346.402848294193
     0.389207037981   33.312641336844   16.431461558549  346.288067028564
     0.389837605183   33.328652400200   16.432194826459  345.760950072213
     0.390468172385   33.340290467499   16.433963510230  345.416468754441
     0.391117062173   33.308323027437   16.429453540585  344.981065271973
     0.391817692398   33.314526994826   16.435189450848  344.866474756529
     0.392518322622   33.375143351131   16.451196839129  347.093892749948
     0.393218952847   33.504314570190   16.489097329867  349.738644620339
     0.393919583072   33.500585878119   16.499503791343  350.192876640303
     0.394620213296   33.375126287210   16.505879241753  350.565978993538
     0.395234878995   33.275325471492   16.509672314911  350.719147407226
     0.395847790315   33.224207542439   16.509426136415  350.660736962907
     0.396460701636   33.149670281448   16.519461383743  350.558715216597
     0.397073612956   33.152410024151   16.520140794820  350.696558065114
     0.397686524277   33.090457294417   16.514113754919  350.001600091990
     0.398299435597   33.072877966049   16.507638934164  349.961556427374
     0.398912346918   33.149289298591   16.510416557687  350.337262194362
     0.399525258238   33.205737342051   16.514318615840  350.597739561310
     0.400138169559   33.269648398522   16.520823246670  350.782520781180
     0.400751080879   33.272200441170   16.523478747157  350.804800938960
     0.401363992200   33.262782141100   16.526394370519  350.968929443769
     0.401976903520   33.224290425295   16.520461096255  350.535724262107
     0.402553990416   33.191421054858   16.516434344956  349.966631649378
     0.403137848936   33.198000549696   16.518401287127  349.259850170718
     0.403721707457   33.214018256021   16.528429179575  349.316407657775
     0.404305565977   33.402799141566   16.565386516755  352.571942681928
     0.404889424498   33.550075070748   16.588330139504  354.123720400219
     0.405473283018   33.591883588724   16.599809583126  354.741431640222
     0.406057141539   33.567398973262   16.605598515012  355.014653885981
     0.406641000059   33.475854288064   16.607346247056  354.878590999345
     0.406769448934   33.460751003761   16.606954260370  354.768542279927
     0.407230389677   33.416806457878   16.605857516983  354.555182845390
     0.408034942136   33.314271395206   16.597320746527  353.850619795667
     0.408839494595   33.019657979905   16.539896377546  350.676091295336
     0.409644047055   32.831795633325   16.499539624300  348.743686316963
     0.410448599514   33.042073896398   16.529011870016  349.095524864349
     0.411253151974   33.116716089620   16.555290285030  349.843003262022
     0.412057704433   33.031162911603   16.556355257665  349.932845110172
     0.412862256893   33.132908936760   16.589424009132  352.375797525373
     0.413660693103   33.160496160509   16.598873565920  353.259999942068
     0.414241794514   33.227401262010   16.606513280900  353.689332695712
     0.414825653034   33.142202193681   16.590364293068  352.714099370110
     0.415409511555   33.054590528433   16.578014412041  351.213778712205
     0.415993370075   32.963256894280   16.537575139069  348.925905002089
     0.416577228596   32.859246509345   16.521374771224  348.208827903937
     0.417161087116   32.958252127113   16.534681467596  348.665317020751
     0.417744945637   33.060989299940   16.555912899345  350.264471657106
     0.418328804157   33.285661454560   16.604132698558  353.269390270840
     0.418912662678   33.540706351413   16.643332076180  355.312122121207
     0.419496521198   33.398193610527   16.635686222401  354.869164067775
     0.420080379719   33.269874279298   16.619311118602  353.914157623875
     0.420664238239   33.194146081805   16.595784956621  352.299053704264
     0.421248096760   33.277007857652   16.614439703141  353.493837297754
     0.421831955280   33.317605516900   16.619724620945  353.891002914121
     0.422415813801   33.324906126209   16.630291780314  354.395074301707
     0.422999672322   33.433166716525   16.653209995113  355.468696691011
     0.423583530842   33.322001820851   16.643891896956  355.054517418116
     0.424167389363   33.348050685161   16.654980784790  355.581317980044
     0.424751247883   33.374608864098   16.655392327024  355.481577618616
     0.425335106404   33.355180960479   16.655922313453  355.518517805838
     0.425918964924   33.426455832115   16.665411637716  356.172544014029
     0.426502823445   33.388225403058   16.664954477612  356.008115241482
     0.427086681965   33.426446061903   16.680976981991  356.962137329554
     0.427670540486   33.381289655414   16.686857615108  357.013982798592
     0.428254399006   33.273019238196   16.684592302476  357.096053060454
     0.428838257527   33.234834292719   16.681006858812  356.653954103695
     0.429422116047   33.194595561674   16.673245112742  356.226999716130
     0.430005974568   33.256653507086   16.680466989288  356.638850148417
     0.430589833088   33.283073126650   16.677756760056  356.532677550853
     0.431173691609   33.336210849354   16.695495812363  357.707078145948
     0.431757550129   33.349218193177   16.698997952210  357.710366355147
     0.432341408650   33.347128543126   16.703158572892  357.862441833144
     0.432925267170   33.395293684382   16.712973660509  358.309291645992
     0.433509125691   33.321091926638   16.697914896259  357.483746666550
     0.434092984211   33.350422790183   16.701942720998  357.704315245620
     0.434676842732   33.367992035448   16.700944828638  357.466082553714
     0.435260701252   33.312002187098   16.690907174797  356.862751395808
     0.435844559773   33.361517744631   16.697025565780  357.037672864066
     0.436428418293   33.314683669019   16.692809283227  356.519317400151
     0.437012276814   33.314734594978   16.699977144793  356.640513280756
     0.437596135334   33.282000928343   16.708889238572  356.888892474668
     0.438179993855   33.161108309456   16.705680641816  356.598543808923
     0.438763852375   33.156218385456   16.715253350507  356.968506935255
     0.439347710896   33.213438755132   16.740241174128  358.832738091092
     0.439931569416   33.271433323301   16.762594847792  360.497639342994
     0.440515427937   33.336117349857   16.772597311195  361.088477398067
     0.441099286457   33.330989193907   16.770916529519  361.099294865086
     0.441683144978   33.360001805556   16.772822621728  361.196481317973
     0.442267003498   33.352871660577   16.771239692601  361.096684344492
     0.442850862019   33.313971708926   16.767928408777  360.887565806314
     0.443434720539   33.304393690290   16.770705490232  360.893846274172
     0.443919323111   33.293318923416   16.773819881698  360.946473769507
     0.444503181632   33.253210160173   16.772671463875  360.883198489748
     0.445087040152   33.259130405624   16.776834216392  361.126557109510
     0.445670898673   33.252849108619   16.782254887757  361.365704577831
     0.446254757193   33.259293887142   16.787796902453  361.713115758858
     0.446838615714   33.272624113931   16.789346565599  361.845548304213
     0.447422474234   33.286197628689   16.793635698154  362.124738716182
     0.448006332755   33.367424617272   16.813641614500  363.043266893242
     0.448590191275   33.281482839905   16.815333799443  363.087979400731
     0.449174049796   33.164617328134   16.817424082770  363.168624729715
     0.449757908316   33.113176146854   16.819154383172  363.215803214316
     0.450341766837   33.058159841237   16.812162154373  362.876672947753
     0.450925625357   33.090710533829   16.814375822619  363.031784237158
     0.451509483878   33.172429634360   16.815085046084  363.073217577958
     0.452093342398   33.234148773015   16.816599639795  363.091675129409
     0.452677200919   33.360017401615   16.832183648786  364.234008529903
     0.453261059439   33.436984882971   16.841991141283  364.658065835357
     0.453844917960   33.439748582577   16.848054144413  365.022943507202
     0.454428776480   33.434452068558   16.851457994874  365.247315260167
     0.455012635001   33.388009817035   16.846617850571  365.017013907579
     0.455596493522   33.359499977136   16.845042349610  364.959655219882
     0.456168145294   33.370332221154   16.844657402246  364.888017157910
     0.456711269989   33.364613227737   16.845323796795  364.877053301000
     0.457245209896   33.367439539507   16.852129938169  365.125250395533
     0.457788022349   33.332601195505   16.864806863759  365.606719395872
     0.458335193134   33.276745811440   16.870486576174  365.735327155833
     0.458900294473   33.207602915594   16.870390731885  365.743603131472
     0.459465196610   33.168275530587   16.869555962529  365.704165817583
     0.460029936505   33.150988107867   16.863667884217  365.329691683970
     0.460594498867   33.139795600115   16.859549424675  365.025061321367
     0.461158892343   33.148227977863   16.857703413648  364.806889846572
     0.461723119278   33.149980696155   16.853322883423  364.408134497629
     0.462282652464   33.157648280973   16.850439260522  364.028996912958
     0.462842033247   33.182741517539   16.850714143313  363.678557091437
     0.463405743769   33.211092973205   16.861630077699  363.988402831172
     0.463969275797   33.316309258495   16.897393640583  366.421536625081
     0.464523629496   33.393898772013   16.923205585831  368.129214014966
     0.465068790688   33.442927079925   16.935756420373  368.895212819902
     0.465613869199   33.428520923414   16.935447966327  368.912958567318
     0.466149707665   33.385168190675   16.934989197890  368.801360471348
     0.466707911581   33.304248798481   16.923918070055  368.027848345698
     0.467265947743   33.191000538816   16.888795467194  365.607503313659
     0.467828316136   33.117709536372   16.869757178782  364.475918094126
     0.468390526601   33.060410621947   16.868109879500  364.267777626457
     0.468952556056   33.105050537137   16.889829706056  365.761229645346
     0.469514424588   33.274221859240   16.930634518186  368.516011673509
     0.470076124363   33.370198920529   16.948529119115  369.738270488366
     0.470637641246   33.438506265159   16.962814336204  370.643729306689
     0.471199000398   33.440872715832   16.968413393864  370.762685321722
     0.471760184261   33.368781789069   16.962174294151  370.175562175576
     0.472321198863   33.306962131718   16.955732882381  369.809612602778
     0.472882047431   33.265342537923   16.951302695570  369.546722641592
     0.473442721780   33.257884484366   16.951841188265  369.555499777224
     0.473998744282   33.248202104250   16.950100089715  369.502198434730
     0.474527711241   33.258393830711   16.952128376885  369.627944241722
     0.475061001761   33.296623025539   16.957154191743  369.904608744790
     0.475607581528   33.340995925838   16.962165986654  370.165171288197
     0.476153993694   33.393800834144   16.967915006845  370.441468413750
     0.476713724634   33.446722225051   16.974719993877  370.904298923227
     0.477273287198   33.465551802942   16.980037234142  371.345476971891
     0.477832680709   33.464277661130   16.980571887892  371.317887590621
     0.478336022058   33.452651804475   16.984174391492  371.631425589000
     0.478895098294   33.439997217644   16.999514748932  372.227738861631
     0.479454026698   33.343558031619   16.996971631933  371.862478972786
     0.480012792199   33.296757036630   17.005587773802  372.503514837377
     0.480571394159   33.311704833142   17.014885282634  373.069237296970
     0.481129849136   33.296398050453   17.013131496781  373.042248431036
     0.481688130274   33.298574359764   17.014231164598  373.149736708672
     0.482246241356   33.337991227162   17.017772036381  373.185511094167
     0.482804196492   33.319650469067   17.020203824946  373.243393766147
     0.483361968570   33.286046258681   17.020145639659  373.139542411193
     0.483919593705   33.287230813206   17.018854121681  372.834038315770
     0.484362624347   33.280013172303   17.015379492085  372.532260850435
     0.484734193932   33.290101779130   17.012261274142  372.313734070542
     0.485105691747   33.300307107501   17.008923195787  372.219842141515
     0.485477118561   33.334880098547   17.010326460428  372.581350966072
     0.485848460278   33.374851298446   17.032215692236  373.313430385114
     0.486253158129   33.380202439122   17.038127248361  373.172591922084
     0.486809933605   33.397119526077   17.039645850429  373.053146559547
     0.487366551697   33.388747692673   17.038624768985  372.908526882481
     0.487923029220   33.350876529285   17.017532986892  372.275425166461
     0.488479319240   33.375021334055   17.020707383976  372.173463878137
     0.489035459267   33.452229175218   17.037951271174  372.586924678615
     0.489591467869   33.415588051720   17.046824311610  372.888602203268
     0.490147276969   33.365926059634   17.053539238980  373.246960926618
     0.490702946990   33.383782602432   17.066036199980  374.438505189880
     0.491249016951   33.462995123299   17.091268381351  376.397199923324
     0.491649936711   33.518699966575   17.096638583405  376.877481393411
     0.492053073347   33.559851970801   17.103862042816  377.307892059715
     0.492442778733   33.611769675035   17.113309480899  377.734311948947
     0.492829087521   33.541331829360   17.114647841851  377.266856114782
     0.493218638660   33.311485354096   17.069251352785  374.785634555774
     0.493614758236   33.022423337150   17.032115943093  373.501650908104
     0.494024119437   32.884642517411   17.011544851498  372.446188461531
     0.494420070694   32.969687895769   17.016530056544  372.334548331897
     0.494831982091   33.027993120821   17.016555618654  371.669205702491
     0.495454299158   33.083441050081   17.026063332684  371.895934849111
     0.496049585488   33.118666111259   17.034178479375  372.191644959597
     0.496603610112   33.232050437269   17.044287190775  373.614533175030
     0.497157450116   33.385057413290   17.085569988696  376.625565635578
     0.497711132466   33.535156759121   17.125420532406  378.650347914193
     0.498264697559   33.446256630568   17.135239773027  379.027476930789
     0.498818099355   33.259247911183   17.127967903742  378.566242730764
     0.499371324801   33.154418592831   17.112965412142  377.731156222829
     0.499924425252   33.129295892005   17.108653737303  377.451796778127
     0.500018426415   33.148299261272   17.110478659362  377.549220835028
     0.500018426415   35.974926262532   17.110478668060  377.549221218903
