# {0} signal over time, extracted at r = 500 km
# All quantities are measured in a resting observer's frame at infinity
# cols=4 rows=1046
#              time        luminosity               <e>             <e^2>
#               "s"           "foe/s"           "MeV^1"           "MeV^2"
  -4.5615412965e-04  1.1419523869e-06    8.285846560262   79.016315657008
  -4.5451225761e-04  1.1337167110e-06    6.698691965576   58.705456194146
  -4.2980032684e-04  1.0360382022e-06    3.636858290251   19.524133536833
  -4.1255913859e-04  9.9728322561e-07    3.388619872450   16.347867807440
  -3.9818069474e-04  9.8436923450e-07    3.287503684449   15.053974483381
  -3.8636952619e-04  9.8743409233e-07    3.234045697255   14.369724930414
  -3.7989983434e-04  9.9447487275e-07    3.211479313564   14.080764441809
  -3.6905881104e-04  1.0149504457e-06    3.180924921555   13.689285159774
  -3.5839838087e-04  1.0458711568e-06    3.157322516223   13.386537209365
  -3.4786251438e-04  1.0871270625e-06    3.138498938383   13.144686478225
  -3.3637062325e-04  1.1444477679e-06    3.121743944103   12.928882258205
  -3.3153905338e-04  1.1724271926e-06    3.115635933398   12.850019342297
  -3.1975473662e-04  1.2503926755e-06    3.102611478776   12.681336200124
  -3.0841233174e-04  1.3385588525e-06    3.092140400815   12.544969218299
  -2.9859128215e-04  1.4253686181e-06    3.084392474337   12.443403301915
  -2.9245180466e-04  1.4845931352e-06    3.080075627492   12.386472109584
  -2.8570814811e-04  1.5540564994e-06    3.075744601008   12.329031146881
  -2.7848792316e-04  1.6335577591e-06    3.071535657290   12.272818861156
  -2.7202222246e-04  1.7092559492e-06    3.068105205044   12.226645143306
  -2.6371256672e-04  1.8128054052e-06    3.064119027743   12.172473965828
  -2.5513317687e-04  1.9271017293e-06    3.060451424268   12.121996996520
  -2.4651067451e-04  2.0495266752e-06    3.057175560987   12.076229822464
  -2.4444127394e-04  2.0800344607e-06    3.056445765457   12.065925277128
  -2.3581877158e-04  2.2118347726e-06    3.053622459105   12.025598403793
  -2.2762135859e-04  2.3441313707e-06    3.051240875394   11.990873071655
  -2.1955224842e-04  2.4810022512e-06    3.049159073286   11.959809591151
  -2.1117117613e-04  2.6301306344e-06    3.047249314276   11.930529744318
  -2.0279010383e-04  2.7863398784e-06    3.045575833781   11.904029274421
  -1.9488876411e-04  2.9400757767e-06    3.044197526605   11.881381027539
  -1.8705225098e-04  3.0987386645e-06    3.043007496797   11.860983347998
  -1.7822928545e-04  3.2847386935e-06    3.041863262124   11.840291786634
  -1.6998038335e-04  3.4656721205e-06    3.040967310278   11.822961342413
  -1.6039647182e-04  3.6844184485e-06    3.040121806915   11.805084366430
  -1.5034742742e-04  3.9236075699e-06    3.039443925714   11.788744551744
  -1.3998979320e-04  4.1806519275e-06    3.038951374611   11.774273304080
  -1.3184452920e-04  4.3902788412e-06    3.038700492758   11.764459161992
  -1.2162919460e-04  4.6624885068e-06    3.038543813792   11.753960975251
  -1.1058234363e-04  4.9685165396e-06    3.038558825574   11.744718443475
  -1.0138217265e-04  5.2326253808e-06    3.038707488990   11.738577185351
  -9.4623810054e-05  5.4319881444e-06    3.038890903552   11.734913125081
  -8.5741745210e-05  5.7009168849e-06    3.039222826282   11.731133407797
  -7.7878152244e-05  5.9455723951e-06    3.039598505613   11.728719456323
  -7.0346135395e-05  6.1857123540e-06    3.040026889638   11.727187904067
  -6.8623016224e-05  6.2414493049e-06    3.040133989434   11.726941115661
  -6.1791774356e-05  6.4653546194e-06    3.040590877997   11.726330325344
  -5.5463711765e-05  6.6769651031e-06    3.041058779642   11.726272924866
  -4.9310841693e-05  6.8866040075e-06    3.041553416150   11.726668707088
  -4.3348289411e-05  7.0934287760e-06    3.042068791341   11.727462247355
  -3.7552469390e-05  7.2979466021e-06    3.042602644562   11.728607661420
  -3.2276264050e-05  7.4871195179e-06    3.043115944336   11.729960964471
  -2.7050298755e-05  7.6773135191e-06    3.043649303053   11.731584941136
  -2.2512885463e-05  7.8447337708e-06    3.044131988262   11.733217706635
  -1.7797300196e-05  8.0209893467e-06    3.044652489435   11.735128802771
  -1.3033627306e-05  8.2013908479e-06    3.045197377089   11.737275945690
  -8.6663213496e-06  8.3688624643e-06    3.045713389384   11.739431244831
  -4.3421095771e-06  8.5366505091e-06    3.046239520044   11.741737719385
  -5.9576953926e-08  8.7047592262e-06    3.046775209786   11.744187709413
   4.1813682122e-06  8.8731427892e-06    3.047319783370   11.746773348845
   8.1019197975e-06  9.0304990035e-06    3.047835461763   11.749302162487
   1.2339659511e-05  9.2024237823e-06    3.048405894033   11.752182780343
   1.6183294924e-05  9.3600153222e-06    3.048934791521   11.754925464062
   1.9156599397e-05  9.4830062125e-06    3.049351336261   11.757130636944
   1.9201801661e-05  9.5642306626e-06    3.049736620556   11.760209870496
   2.6087510059e-05  9.8579896013e-06    3.050720764028   11.765568967493
   4.0653009835e-05  1.0496513395e-05    3.052884067471   11.777911979212
   5.7610953545e-05  1.1269200006e-05    3.055547000592   11.794003616041
   7.4642818247e-05  1.2077146670e-05    3.058385895963   11.812048453809
   9.1179053783e-05  1.2892487853e-05    3.061307538938   11.831398329998
   1.0714579337e-04  1.3708983046e-05    3.064289482322   11.851815180628
   1.2289048109e-04  1.4542576238e-05    3.067389979038   11.873635790989
   1.3883937787e-04  1.5416126580e-05    3.070697206331   11.897466618947
   1.5629647695e-04  1.6406269625e-05    3.074513990248   11.925564837083
   1.7217177033e-04  1.7337812594e-05    3.078166935782   11.952959991292
   1.8918703421e-04  1.8369496377e-05    3.082278458188   11.984292746205
   2.0516404185e-04  1.9369805581e-05    3.086326424005   12.015583432984
   2.2293749722e-04  2.0518865670e-05    3.091045535880   12.052539199924
   2.3957640947e-04  2.1629467837e-05    3.095670987581   12.089194690020
   2.5723311118e-04  2.2845231258e-05    3.100800379135   12.130282313485
   2.7586443334e-04  2.4169993687e-05    3.106460145894   12.176089690117
   2.9560646894e-04  2.5621032215e-05    3.112733902112   12.227376783697
   3.1462546592e-04  2.7065250808e-05    3.119045176211   12.279452088205
   3.3437194436e-04  2.8613100249e-05    3.125872700261   12.336274738682
   3.5533706262e-04  3.0310640821e-05    3.133423218397   12.399647460122
   3.7758942561e-04  3.2173522328e-05    3.141769358283   12.470287978843
   4.0127100936e-04  3.4225019061e-05    3.151014987776   12.549198715463
   4.2517458055e-04  3.6367308272e-05    3.160710545775   12.632626203327
   4.4921650342e-04  3.8593514181e-05    3.170809534335   12.720200744197
   4.7466597470e-04  4.1026512109e-05    3.181851942737   12.816683995397
   5.0181318269e-04  4.3705719621e-05    3.193992598198   12.923575429627
   5.3062722329e-04  4.6639892119e-05    3.207236180204   13.041078385606
   5.6076400239e-04  4.9802313624e-05    3.221416819457   13.167867431802
   5.9319894296e-04  5.3304129051e-05    3.236971557609   13.308027696977
   6.2838657199e-04  5.7206171572e-05    3.254082141961   13.463447934929
   6.6670048651e-04  6.1560182398e-05    3.272856177950   13.635405506067
   7.0758255661e-04  6.6306019017e-05    3.292895182688   13.820542066450
   7.5134054952e-04  7.1475112002e-05    3.314179723013   14.018950252350
   7.9294758135e-04  7.6453438308e-05    3.334119308992   14.206456377781
   8.3913154011e-04  8.2029004589e-05    3.355781794175   14.411960186169
   8.8911610745e-04  8.8099885924e-05    3.378551002056   14.629987594998
   9.4315225768e-04  9.4685083967e-05    3.402272676173   14.859345043992
   1.0042235187e-03  1.0213757489e-04    3.427876399697   15.109404719986
   1.0652860497e-03  1.0958682821e-04    3.452135213194   15.348653968689
   1.1400612747e-03  1.1869564672e-04    3.479983259125   15.625847734927
   1.2222153905e-03  1.2915869248e-04    3.509528153406   15.918221121368
   1.3103385556e-03  1.5821552994e-04    3.627419450390   16.873041720573
   1.4157866882e-03  2.9924014116e-04    4.127619818181   20.792416932459
   1.5307149311e-03  6.8564779167e-04    4.446223426877   23.221445309427
   1.6426019304e-03  1.4937708002e-03    4.547822272238   24.108881248075
   1.7774307841e-03  3.5343177044e-03    4.598253998269   24.664641657962
   1.9061511396e-03  7.3681629044e-03    4.655037835948   25.299714645994
   2.0599917309e-03    0.014639742353    4.804026437801   26.954374840453
   2.2221912963e-03    0.023374177265    5.065496408325   30.047168627095
   2.3743238243e-03    0.030640244449    5.356899545909   33.801332772159
   2.5450686483e-03    0.037395289728    5.696293801272   38.558826592070
   2.7295101123e-03    0.043693909328    6.037248859415   43.763372374113
   2.9139515763e-03    0.049470941358    6.329510297754   48.576928813825
   3.0983930403e-03    0.055021530772    6.575787139715   52.875866579274
   3.1352813331e-03    0.056135354626    6.620468993110   53.676594185081
   3.1371257478e-03    0.056191254073    6.622668424903   53.716150620702
   3.3215672118e-03    0.061975417708    6.829235433764   57.486899782863
   3.5060086758e-03    0.068475042755    7.017947686689   61.001584545959
   3.6904501398e-03    0.076217372929    7.200238348457   64.426699898449
   3.8748916038e-03    0.085808653239    7.386045068983   67.928835357372
   4.1045286050e-03    0.101459556698    7.635610333884   72.648095556160
   4.3278246173e-03    0.122170572367    7.908121737743   77.851841583515
   4.5511206296e-03    0.150235177821    8.211729898328   83.755940087881
   4.7744166419e-03    0.187835629107    8.536455807450   90.224965580277
   4.9977126542e-03    0.237432427637    8.865662137115   96.957737306960
   5.2187757063e-03    0.300973734605    9.181245774109  103.570737037197
   5.4699620659e-03    0.393321706216    9.514505153727  110.727846017135
   5.7208410708e-03    0.508269259692    9.810559706669  117.267630640211
   5.9717200757e-03    0.644178299493   10.058977438255  122.917252660628
   6.2245567032e-03    0.798745626666   10.253518215760  127.477987948033
   6.4755778171e-03    0.968991588087   10.399321747508  130.972704094738
   6.7265989310e-03    1.154340762966   10.506832240868  133.587394732946
   6.9776200449e-03    1.354278365127   10.586446959653  135.559305855416
   7.2319158500e-03    1.575830513244   10.652117564316  137.203510622325
   7.4865785753e-03    1.815873211209   10.700809092833  138.384980657929
   7.7412413006e-03    2.073995124995   10.739415371586  139.306243062426
   7.9959040259e-03    2.352237939072   10.775671934382  140.163509316995
   8.2505667512e-03    2.652267434004   10.814724841048  141.080956635888
   8.5052294765e-03    2.963270721423   10.852135976542  141.963792921074
   8.7598922018e-03    3.271117446146   10.868179808639  142.292785852870
   8.9949654866e-03    3.559802972077   10.874696623550  142.379882855828
   9.2496282119e-03    3.886885924151   10.885186852353  142.592258909348
   9.5042909372e-03    4.223789636650   10.893057065867  142.711333384586
   9.7589536625e-03    4.562703748932   10.889246956992  142.491200127241
     0.010013616388    4.906134417987   10.881701858270  142.187998414388
     0.010268279113    5.263283812159   10.881540808475  142.088831537796
     0.010522941838    5.633172293681   10.884949799120  142.088069596580
     0.010777604564    6.014304443065   10.893078742326  142.231646978864
     0.011032268046    6.395526359038   10.902452487317  142.431654758632
     0.011289383870    6.773384135429   10.906888689608  142.525598973464
     0.011546499693    7.145829618284   10.904140966163  142.400484382745
     0.011803615517    7.516304380875   10.896938985144  142.108850081294
     0.012060731340    7.897884779287   10.895054691597  141.991140476662
     0.012317847163    8.295450367148   10.901788821511  142.159571395997
     0.012574962987    8.701143776114   10.912468548880  142.434623732272
     0.012832078810    9.109557451274   10.922977712522  142.678147851236
     0.013089194634    9.514507271317   10.929225981470  142.785403723407
     0.013346310457    9.922842170032   10.938291735375  142.981482187396
     0.013603426281   10.340439370403   10.953886652125  143.375653531708
     0.013860542104   10.757094188249   10.968223172221  143.735025843406
     0.014117657928   11.161795255221   10.976128496099  143.904010408304
     0.014374773751   11.560151228356   10.982086013184  144.000330684863
     0.014632390095   11.965353848517   10.989657425215  144.125408571771
     0.014886356107   12.384226125111   11.000749407659  144.372077477516
     0.015140322119   12.808270410149   11.013176911824  144.683348187477
     0.015394288131   13.229808965250   11.025528624868  144.980243816918
     0.015648254143   13.651974396940   11.038255641672  145.282414284313
     0.015824926152   13.947239292083   11.047224600574  145.516103816635
     0.016078892164   14.373617245896   11.060492952886  145.900375196044
     0.016332858176   14.811827789388   11.075939131329  146.335091879129
     0.016586824188   15.268452936255   11.093634314729  146.788695146062
     0.016840790200   15.736642908296   11.112462323991  147.249350671904
     0.017094756212   16.202085425141   11.128181018265  147.628835576265
     0.017348722224   16.657253346907   11.139468583554  147.902912316035
     0.017602688236   17.118677805128   11.152505739406  148.234387782572
     0.017856654248   17.606769955437   11.172125593849  148.750020653929
     0.018110620260   18.118279374613   11.197931794534  149.441882658632
     0.018364586272   18.628010255173   11.223009198533  150.115266902652
     0.018618552284   19.104091677198   11.239160178440  150.545960183339
     0.018872518296   19.569102020758   11.253053617443  150.927195475159
     0.019126484308   20.048172934962   11.271744661920  151.442345219287
     0.019380450320   20.530532701228   11.293083278161  152.017862960149
     0.019634416332   21.004452662125   11.315167765624  152.613734653044
     0.019888382344   21.459750782864   11.333237569192  153.107970167995
     0.020142348356   21.894591247054   11.345394370788  153.447878651986
     0.020400693371   22.333504454124   11.357650140289  153.791192008033
     0.020651848882   22.760435711651   11.370895777602  154.146207818012
     0.020908983347   23.183518315397   11.383115205161  154.445058627673
     0.021164912146   23.588067373812   11.394448278339  154.704647069990
     0.021417206267   23.968489040307   11.403548968057  154.940433601764
     0.021670973377   24.352458973810   11.413906724777  155.283136759811
     0.021929707299   24.776251631310   11.431288352486  155.848960631901
     0.022188441221   25.213836195896   11.448588792965  156.346021420654
     0.022445723803   25.616986089120   11.457314918975  156.515216949421
     0.022706892400   26.001880334752   11.463389361775  156.582337709462
     0.022960051694   26.374087772238   11.468731472773  156.676390209931
     0.023213557210   26.775340234299   11.478698229850  156.989834938079
     0.023471319539   27.228978153640   11.497295011994  157.584102812477
     0.023725657042   27.684952970580   11.517971044674  158.211010679956
     0.023984380992   28.107239927490   11.533219485396  158.632085558502
     0.024243853207   28.480160758572   11.539150601765  158.726072122093
     0.024502123184   28.849212517972   11.542960342500  158.739954067473
     0.024756754533   29.253984844391   11.548486103965  158.833983648919
     0.025002191631   29.697045857799   11.561875674846  159.227821816933
     0.025020563811   29.731852079905   11.563294398362  159.272093029161
     0.026031033706   31.454353960894   11.638509711511  161.629942295522
     0.027041503601   32.865611094679   11.650898947519  161.734357480052
     0.028051973497   34.137129344473   11.678311287099  162.471808613352
     0.029062443392   35.397690575387   11.710596037050  163.360355788450
     0.030072913287   36.648236111761   11.740454193519  164.246480716093
     0.031083456908   37.939282954297   11.784898478250  165.502952831976
     0.032103567534   39.101075929966   11.802177877856  166.023060848473
     0.033123678161   40.386414028029   11.846638343100  167.514323605591
     0.034143788788   41.530318223283   11.873594442691  168.192170223241
     0.035163899415   42.670116966419   11.908855172974  169.296572689330
     0.036184010042   43.591996002690   11.944225809386  170.410356447435
     0.037204120668   44.513209137257   11.976161258142  171.284250338104
     0.038224231295   45.408721614999   12.006205132152  172.259303260645
     0.039244341922   46.185283474766   12.032612034584  173.108920001279
     0.040264452549   47.113312512230   12.066552786871  174.068200765263
     0.041284563175   48.095627993488   12.085831649278  174.595614207609
     0.042318582604   49.086180807492   12.117129455424  175.570430762956
     0.043355567999   50.115421261419   12.152642828058  176.745765546178
     0.044392553394   51.143250398657   12.190263184567  178.182281724421
     0.045014744630   51.531121121448   12.201361091114  178.436925231690
     0.046051730025   51.781856599457   12.198360404374  178.346919572856
     0.047088715420   52.074682651119   12.212541955993  178.856982480347
     0.048125700815   52.653841898476   12.242256748736  179.771866569836
     0.049162686210   53.256301741297   12.248977411354  179.815058398477
     0.050199671604   54.231366312797   12.275529528776  180.643599420244
     0.051236655673   55.320978338277   12.319803886249  181.970017232692
     0.052273638305   56.013465462469   12.350840344504  182.960698732795
     0.053310620938   56.512622565957   12.376506951538  183.772152998339
     0.054347603570   56.747413049300   12.388842538560  184.198224256905
     0.055386534472   57.081083368384   12.396673788437  184.365122432174
     0.056387233187   57.596929563935   12.379886173310  184.103390020204
     0.057387931902   58.073147725086   12.396445255203  184.838238057299
     0.058399270005   58.536013256362   12.419425650103  185.498664499859
     0.059402771970   59.222037028955   12.458722356921  186.711338086105
     0.060424419313   59.594442153670   12.490579833244  187.602724845320
     0.061442128441   60.002802013082   12.514063850334  188.300021215117
     0.062462128441   60.343262735758   12.519463422697  188.515742857693
     0.063482128441   60.619799599992   12.531303335928  188.885858822657
     0.064502128354   60.889839716144   12.551557177435  189.588306998762
     0.065042128294   60.992625065745   12.562814835933  189.972762276035
     0.066069441915   61.234860138911   12.587725669726  190.779893639111
     0.067095584955   61.342943831901   12.605356002392  191.253514484435
     0.068133669205   61.210004383326   12.582031698382  190.665648583156
     0.069174495872   61.317339678323   12.609510607704  191.341937430124
     0.070214240460   61.556783244044   12.613124826061  191.667730379201
     0.071236216095   61.807262362609   12.629877439613  192.302846537197
     0.072284257732   62.227519679147   12.686291259947  193.797216714173
     0.073311753253   62.619221829296   12.696262279882  194.220904997755
     0.074357858193   62.767780388192   12.707160283733  194.780886211430
     0.075377464621   62.626116053630   12.743095830820  195.590837870802
     0.076447863385   62.283776446646   12.729308618183  195.405098344447
     0.077452916374   62.270900391394   12.752025862302  195.939043219875
     0.078492916374   62.680754659672   12.783252311711  196.733415743508
     0.079518699783   63.497755354787   12.800568179640  197.634003332453
     0.080535975783   64.342728063286   12.863637612523  199.385322143825
     0.081548943783   64.891889499590   12.897712307531  200.382415888389
     0.082553343693   65.276364708154   12.946001340854  201.613152905026
     0.083568184962   65.739326644249   12.970882725106  202.819350558970
     0.084575954562   66.154007837029   13.020125585138  204.422298328306
     0.085068350562   66.360078133759   13.026468238047  204.801411773845
     0.086110229440   66.762815532043   13.075740349540  206.215945028858
     0.087163116065   67.063027746277   13.084692050330  206.835771502082
     0.088216002691   67.075016120829   13.106207987257  207.574588250593
     0.089239569379   66.883895717126   13.122053208073  208.104731884087
     0.089959569379   66.720659505222   13.151327795423  208.743085873919
     0.090019569379   66.717166988026   13.153286959725  208.798360764149
     0.090969635652   66.570840624578   13.150226994185  208.843390477878
     0.090987911723   66.564846633948   13.150608185223  208.846504636062
     0.092031560444   66.637905308740   13.154701410170  208.845346741274
     0.093036684093   67.251897317971   13.169790008736  209.766907121264
     0.094086957845   68.283266252848   13.266903152863  212.478837694991
     0.095093537917   68.959389516679   13.297371661162  214.024545364825
     0.096097885822   69.301450763417   13.362033629651  215.685073742656
     0.097122531865   69.324232506541   13.381697382522  216.764273635084
     0.098147177909   68.791376263182   13.384171821197  217.280635387298
     0.099187108941   68.205855260323   13.391562340037  217.392803305457
     0.100215093656   67.966348199873   13.390584641448  217.449021825359
     0.101220429450   68.140032947356   13.427100665005  218.597358168314
     0.102247346496   68.347061801708   13.461798199365  219.655053982449
     0.103276066943   68.777201014065   13.468027632423  220.158509590004
     0.104296483938   69.178759846106   13.545836918916  222.405757950979
     0.105325820944   69.429403482104   13.567733272925  223.648272936047
     0.106334397364   69.269021355396   13.586676340003  224.309350396462
     0.107357049898   68.913281853947   13.593419925746  224.462660522013
     0.108377416618   68.833740720187   13.618018817139  225.317426869156
     0.109407296012   68.995220669273   13.633328115537  226.140225614082
     0.110450972137   68.862336262593   13.704922409205  227.961846191794
     0.110993429796   68.817772088783   13.702772940112  228.300337973807
     0.112007936387   68.691496171712   13.695500961292  228.435197766444
     0.113013377071   68.849345647952   13.727555070707  229.300377042910
     0.114047093742   69.209066627723   13.798433243996  231.606299966422
     0.115068079656   69.269907766345   13.807478804128  232.165949764328
     0.116079105219   69.617038701596   13.879250908464  234.407018425555
     0.117102495573   69.914800978127   13.894642807734  235.544092220000
     0.118104321540   69.960839166973   13.907851531796  236.066090514293
     0.119119128128   69.664363536323   13.975006545398  237.960676696598
     0.120119504435   69.589471897814   13.989988257139  238.859745118674
     0.121141979180   69.393349083702   14.010271908134  239.607883456979
     0.122167541965   69.256891323810   14.005894797491  239.446224984089
     0.123177279865   69.164167039023   14.065128483593  241.130931096342
     0.124204008492   68.991022450026   14.079723570694  242.219973858004
     0.125222907379   68.865055590360   14.097195425488  242.674959831026
     0.126244960052   68.812707243490   14.132165084609  243.713374699606
     0.127251949827   68.862084819665   14.149187829912  244.700275103241
     0.128260703577   69.178552531569   14.213344621251  246.678343997482
     0.129283658537   69.457306337695   14.249986635238  248.477964351821
     0.130286737307   69.207579300128   14.244352846735  248.406947906650
     0.131006656618   68.919818688331   14.271050222197  249.228198547704
     0.132033836961   68.715882917534   14.301813093674  250.764476463552
     0.133045951591   68.557401823457   14.332830154005  251.466086280404
     0.134052242401   68.568731485025   14.359796923920  252.222479050096
     0.135063372615   68.660282321752   14.404448465957  254.075801840568
     0.136075086081   68.566215971599   14.394960584564  254.047463859545
     0.137081257956   68.362116484406   14.453557285005  255.761657005352
     0.138084899641   68.150992888045   14.485561353195  257.334443774237
     0.139085473479   67.989354082395   14.488530239021  257.326199675114
     0.140093543792   67.906779504267   14.512902562383  258.111524949303
     0.141094750246   67.778289589317   14.565291790379  260.168914803061
     0.142096302442   67.495305265226   14.556873513052  259.980815317736
     0.143102474317   67.430323717616   14.577181821962  260.650645429582
     0.144108646192   67.386024958476   14.633197805253  263.068945120877
     0.145116409755   67.200581537228   14.646596794481  263.476011405913
     0.146121555105   66.971835959411   14.616425563715  262.877166035383
     0.147127138488   66.811272425693   14.710613786555  265.861473301677
     0.148128160692   66.790125046487   14.692147800312  265.406143415985
     0.149136231004   67.032082131718   14.779308121385  268.462635443444
     0.150145273621   66.768195975166   14.791381158097  269.212495123242
     0.150713675809   66.545008804532   14.786461699711  268.814032330771
     0.151720484805   66.443447094324   14.795635632867  269.460295995108
     0.152721102361   66.453278820395   14.872322725227  272.145562841189
     0.153721943323   66.210540003087   14.841617286322  271.414372539422
     0.154725084818   66.069632587920   14.868228166837  272.257922667280
     0.155735376302   65.731240251767   14.918205241692  273.980750427048
     0.156753503445   65.839012064243   14.947296685536  275.203346985976
     0.157756292055   65.842188208325   14.919419894280  274.574059896483
     0.158767210023   65.588778215190   15.003522118677  277.650266550713
     0.159785637088   65.167707227537   15.000382418952  277.746982352938
     0.160794034022   65.270554691950   15.019377336436  278.098994720463
     0.161803187008   65.284221486473   15.088596016524  280.602001141122
     0.162810552657   65.346934763010   15.065984438075  280.392904578196
     0.163814351485   65.218075340855   15.132169859976  282.410282369726
     0.164818401153   65.269775848352   15.164123621494  283.952780677216
     0.164938857012   65.263706546766   15.164060060230  283.898137848509
     0.165944079668   65.235048344700   15.137011658433  283.142536990410
     0.166954997637   65.135309737801   15.192718153108  285.621339488698
     0.167965915606   64.804219376449   15.202467816333  286.415686356880
     0.168976833575   64.790503789205   15.223220034631  286.978822552047
     0.169987751543   64.485039514524   15.234175673330  286.694725799867
     0.170998669512   64.664577305210   15.279588091718  289.705066055413
     0.171998974776   64.379811141304   15.279538363735  289.369452263727
     0.172906991547   64.209286625594   15.293385097163  289.337529819916
     0.173896738337   64.400054501327   15.373016139189  292.609792157640
     0.174904671936   64.322029686265   15.375326142654  292.633637474746
     0.175905091437   64.093579385279   15.351838695132  292.001826611794
     0.176908890265   63.984039853502   15.408065354124  294.422289249843
     0.177346717413   64.024147809203   15.421552317606  295.248689585295
     0.178359887755   64.129835980623   15.443301233078  295.881737861061
     0.179364720904   63.682027390854   15.403886310420  294.177076194972
     0.180369554053   63.937026422793   15.469902941692  297.804046073170
     0.181371350200   63.990874561015   15.478265987289  297.900263411379
     0.182238354741   63.834330110508   15.493479976756  298.174128889081
     0.183039258061   63.512253943735   15.525173057814  298.863756016071
     0.184048279112   63.782151126190   15.582986668451  301.741939024546
     0.184937783916   63.645193923622   15.537959326978  299.760413824892
     0.185731869452   63.846765407662   15.591060404914  301.811057740907
     0.186525361946   63.658564790956   15.635678608467  304.056157615324
     0.187247252512   63.700127340307   15.648239264787  304.681313971094
     0.188248946597   63.280616791898   15.646864086418  304.389955739339
     0.189032300067   62.994908381467   15.592322736862  302.240201771819
     0.189958303646   63.534251663419   15.699177963859  306.621917123651
     0.190966345814   63.544369961030   15.689240821322  305.979888124716
     0.191974387983   63.314762132748   15.678570141438  305.980702266595
     0.192974518502   62.971744114007   15.680739769348  306.074090097028
     0.193728820980   62.569421496845   15.676640874392  305.842058789033
     0.194464314564   62.392748116578   15.701969179079  306.738656843631
     0.195398867905   62.442317220092   15.754726032287  309.320521990573
     0.196118919590   62.481928522297   15.753870177598  308.757280352533
     0.196433670582   62.499295040313   15.734879744946  308.171735575464
     0.197182625324   62.645272586823   15.800557462066  311.563340865771
     0.198151329256   62.624787839299   15.817026210630  311.680320653352
     0.198557196528   62.674856773176   15.799577851194  310.971350808437
     0.198566860034   62.675951585548   15.799647563718  310.968569964637
     0.199438741189   62.990832149144   15.839991044490  314.000353295310
     0.200296506212   63.108202687594   15.869850577240  314.963005029097
     0.201154271234   62.836582599534   15.867512539163  314.458349436225
     0.202047553827   62.663085568628   15.869333593719  314.366950981545
     0.202642793650   62.573314390642   15.875743670679  314.287730265519
     0.203180660961   62.398874424265   15.872784512470  314.158018255691
     0.203718528271   62.524256209197   15.922524659464  317.039915403384
     0.204256395581   62.688094943223   15.976853873181  318.683904494312
     0.204794262891   62.663438648601   15.970061766214  318.438307520520
     0.205453379063   62.406438955714   15.958383562285  317.781686939951
     0.206260666662   62.296336135826   15.962201616608  317.905200603048
     0.207004237136   62.120102213140   15.920746511766  316.715808157013
     0.207733227797   62.049640517784   15.948351414279  317.310125737112
     0.208462218458   62.278042009679   15.989140698332  320.187535039750
     0.209191209119   62.480848616394   16.012292765491  321.156474632054
     0.209920199780   62.195371662005   16.002098332879  320.125367925271
     0.210757724520   61.960633827146   15.995632429071  319.605349696170
     0.211609986748   61.888746252395   16.003287489571  319.786019383676
     0.212433012358   61.994709859668   16.038244857316  323.103197547786
     0.213193910152   61.964986853848   16.053743364244  323.769373389366
     0.213954807947   61.581537483918   16.042918387967  322.562891674100
     0.214715705741   61.812488477717   16.059846009713  322.324647194961
     0.215476603536   62.063101285269   16.098305129561  325.162329253806
     0.216237501330   61.907116669754   16.114560795099  326.303805398997
     0.216998399125   61.771718002860   16.112142011463  326.087978777874
     0.217759296920   61.724986544511   16.106195483489  325.013962453565
     0.218520194714   61.789579530890   16.124091935568  325.162294295627
     0.219260547810   61.730237542479   16.138724871250  327.415564272742
     0.219945354129   61.841605965307   16.163745282334  328.657730193610
     0.220630160447   61.954929746545   16.174800316383  328.822282077715
     0.221314966766   61.779609212989   16.179006308605  328.721299818231
     0.222029955391   61.508580714463   16.168625105640  328.284730833987
     0.222736997203   61.415967087033   16.166534978270  327.761047987336
     0.223444039014   61.557749258116   16.176979807452  328.378210134717
     0.224151080825   61.919196376690   16.226863175452  331.385895544109
     0.224858122636   61.891334979040   16.227196696490  330.947039115453
     0.225565164448   61.795934340464   16.224022737112  330.942101136505
     0.226272206259   61.571000745091   16.232451581428  331.622342183461
     0.226961728762   61.308612073818   16.224182751951  331.216741814163
     0.227412236880   61.297760612149   16.227090998726  331.277263716215
     0.227862744997   61.219319729314   16.230634595959  330.921077622288
     0.228313253115   61.172084445503   16.245690753232  330.862319965945
     0.228763761233   61.405015146498   16.310262697195  334.101936946109
     0.229214269350   61.602837402203   16.330670902537  335.087942831391
     0.229734649427   61.617297336278   16.329140054905  334.771763360434
     0.230410550962   61.413989226509   16.312146247563  333.611712245592
     0.231086452497   61.285295207765   16.289794346079  332.844704347454
     0.231762354032   61.249983068349   16.285930174161  332.678743773271
     0.232298221983   61.261914699607   16.303866550504  333.829952619838
     0.232732306542   61.318145798331   16.323858312522  336.518127103876
     0.233166222911   61.402429174792   16.351279090106  337.957429373727
     0.233599967946   61.473129539662   16.389283048611  339.199937630602
     0.234033550240   61.363520239659   16.410231142385  339.053054213752
     0.234466966151   61.234478711401   16.388628564785  337.996632358974
     0.234900224920   61.170091820889   16.389365757591  338.059257998612
     0.235333305609   61.151014610940   16.390354017826  338.072108916630
     0.235766235343   61.079720777737   16.390732979024  338.086789935332
     0.236199008053   61.007435417945   16.393015643736  338.183727778487
     0.236631613904   60.943419849409   16.396177091979  338.354011576670
     0.237068369146   60.819478049891   16.395758069581  338.362934650685
     0.237711560837   60.640450010815   16.386526136666  337.859519630739
     0.238304407137   60.557378825950   16.375233254949  336.950378951010
     0.238878708242   60.564940699902   16.342360811465  335.596385422811
     0.239403043413   60.724690203846   16.380090454300  338.055640217016
     0.239982515062   60.839096062782   16.418265911812  340.414122550548
     0.240561169184   60.820144785533   16.420684010005  339.897500767893
     0.241153804680   60.781069506980   16.409009267258  338.817385287618
     0.241746137567   60.745450412337   16.423179711723  339.140206823422
     0.242338118638   61.046035149053   16.469346100252  343.135852163255
     0.242929838931   60.980023875748   16.468579680356  342.513825888680
     0.243521276872   60.979080960047   16.454434702397  341.171212092733
     0.244112636093   61.055029084350   16.467457784874  341.220733010036
     0.244703995314   60.995399826075   16.480918203284  342.389420749357
     0.245295354536   61.219853565354   16.529539145957  346.380990054841
     0.245876386078   61.284468478843   16.549168954552  347.124007058121
     0.246041921660   61.266137618206   16.548070755206  346.993250718204
     0.246047371297   61.265466918679   16.548013628528  346.988693973215
     0.246592335036   61.199424602079   16.554728765014  347.222853278393
     0.247154093516   60.759992379644   16.505563328681  343.519667998508
     0.247557748790   60.290348207395   16.468958741162  342.147141966971
     0.248063744543   59.875515097744   16.453749549004  341.246457626005
     0.248514252660   59.887488447018   16.457999966968  340.881931017644
     0.248964760778   60.299883299789   16.516266476968  343.717655681415
     0.249415268896   60.670715363251   16.524848945933  343.851135637812
     0.249865777013   61.052857887141   16.581228122283  347.270431811343
     0.250316285131   61.069810073187   16.598580419451  348.261131578362
     0.250762288167   60.996943407300   16.590397895333  347.728267005317
     0.251212796285   61.006802060075   16.589599525711  347.508472324811
     0.251663304403   61.107274085320   16.594692945901  347.535905508857
     0.252113812520   61.028645323027   16.594317966921  347.580122866762
     0.252564320638   60.865101650881   16.600349113474  348.289409382514
     0.253014757734   60.693016805262   16.612708852798  349.378872682742
     0.253494635271   60.426810808465   16.611333445920  349.609990266282
     0.253974342081   60.381101246046   16.608234101503  349.096490292667
     0.254477897157   60.510287226589   16.605152702726  348.658125479265
     0.254845000728   60.563864027113   16.597574670232  348.035904840521
     0.255192164180   60.512962375180   16.594361150213  347.394278296337
     0.255628731730   60.358684391772   16.592012211890  346.661219796456
     0.256151197334   60.473383573195   16.614886607583  348.430853767921
     0.256673662938   60.802164336015   16.659160512455  350.192858293447
     0.257196128542   61.046418998202   16.640723742538  349.380705059011
     0.257718594146   61.345223349754   16.690862392321  353.717495621178
     0.258328814293   61.228958202593   16.704143416930  352.886355803730
     0.258823761676   60.605118446372   16.637828754913  350.482740244215
     0.259310310443   60.246603883539   16.643299494300  351.510536944233
     0.259796859210   60.024020329967   16.631277006827  350.803941366664
     0.260283407977   59.911601667986   16.641169663178  350.862921496908
     0.260769956744   59.952874577555   16.652009506388  351.407367391502
     0.261267751648   59.921254560266   16.644767226753  350.490110973140
     0.261718259765   59.946214601640   16.641061623083  350.042963400124
     0.262165306598   59.849466833811   16.648638810515  350.523104029323
     0.262616913023   59.529009504904   16.641489783448  349.415179367086
     0.263068519448   59.757464293573   16.672497230985  351.975295144300
     0.263520125873   60.328552284774   16.730515776155  354.802892995521
     0.263763993342   60.394762884951   16.737079458489  354.746390386395
     0.263768509406   60.391945311064   16.738464102870  354.791204362480
     0.264187504747   60.094060442746   16.714661569626  352.812526453603
     0.264724986726   59.913804633715   16.698577685233  352.778052290972
     0.265262468706   59.781384885092   16.731624487818  354.297939902154
     0.265885799775   58.592360388543   16.594919360338  345.498307669597
     0.266462167179   58.453683630447   16.559423617126  343.790113218585
     0.267038534582   58.391068283153   16.560901034741  344.208177670967
     0.267614901985   58.919184544275   16.631942283686  348.874403221393
     0.268326042243   59.160392143827   16.677545545642  351.054481899355
     0.269077335158   59.050992210643   16.686281928574  351.697399424232
     0.269729472794   58.601182773975   16.627410429508  347.741354635200
     0.270361087196   58.361267832995   16.593347903119  345.880373778124
     0.270992399033   58.173749999167   16.590227229475  345.547863437977
     0.271574688757   57.904928898729   16.582772546205  345.065189964735
     0.272138895987   58.032586987049   16.594423333082  345.569591305812
     0.272690113911   58.104545920656   16.621969067628  347.897180401871
     0.273197845899   58.452642078389   16.673309884587  350.946630880391
     0.273705577888   58.740155594696   16.692430258740  351.561505605176
     0.274209248021   58.853255247960   16.705257589263  352.002693936518
     0.274681461538   58.761693542643   16.716704380763  352.829863609334
     0.275149701120   58.472874293349   16.712744978802  352.998967034015
     0.275621609588   58.133004736627   16.701172634821  352.256727397943
     0.276093358387   58.046337703612   16.695073723971  351.733666157067
     0.276564898285   58.157810994212   16.697827813128  351.827393972462
     0.277036328313   58.192426999496   16.708294016171  352.497910105672
     0.277507602713   58.135180503548   16.712538700367  352.853631616838
     0.277978669420   58.153019739184   16.716371079699  353.112707898038
     0.278449630921   58.213590032699   16.722698548181  353.316381785188
     0.278970057432   58.294255167252   16.731004656737  353.638576056514
     0.279649442716   58.259019859999   16.741586655114  354.369368781349
     0.280285697911   57.658812225623   16.713431088491  352.968716573019
     0.280868574293   57.253270624797   16.641131256829  348.824009172349
     0.281427416651   56.823891209568   16.609390533735  346.805944973204
     0.281972614780   56.697420437300   16.613000830271  347.684242680758
     0.282530776602   57.555676910795   16.700120597123  352.183636706468
     0.283088938425   57.783610244000   16.720456008166  351.974910618282
     0.283647100247   57.822494335668   16.727166796664  352.088367064475
     0.284205262070   57.774778858838   16.732227584972  352.348407671994
     0.284763423892   57.400026015143   16.714307753256  351.472954637822
     0.285321585715   57.415166985195   16.720571430243  351.971909963607
     0.285830481902   57.061464260712   16.703753963993  351.082831864418
     0.286291949650   56.935190361287   16.701830937573  350.919900185820
     0.286738431968   57.077607059413   16.719165684519  352.130725894826
     0.287173049514   57.340839437656   16.764113770317  355.400915073208
     0.287624473379   57.520839953095   16.799791468592  357.159623948809
     0.288084259388   57.650490958447   16.809412848225  357.477687218588
     0.288544045397   57.597882253960   16.812170738643  357.743244629495
     0.289003831406   57.430173464150   16.806931645953  357.722637743568
     0.289463617415   57.407575228379   16.811289104771  358.070112074038
     0.289923403424   57.467858048134   16.824313014178  358.741004366063
     0.290383189434   57.295568756338   16.818452182579  358.475498091084
     0.290842975443   57.190887043848   16.812303630569  358.241645445151
     0.291302761452   57.265428234204   16.816084182958  358.350247165528
     0.291762547461   57.344162725301   16.815451237508  357.940047941079
     0.292222333470   57.537164446840   16.817266956395  357.585207389234
     0.292682119479   57.683228237282   16.825841853813  357.843389753052
     0.293132069091   57.587918800473   16.822320327930  357.628828484100
     0.293571237322   57.416173743842   16.812868397571  357.300690353102
     0.294011059167   57.402254609999   16.814321561136  357.423349865699
     0.294444754969   57.315715807452   16.813019620961  357.269891043243
     0.294899088790   57.276080058293   16.813617399620  357.217639366292
     0.295353422612   57.195838524845   16.813377015094  357.241512221219
     0.295807756433   57.067157318313   16.810859108673  357.148869772871
     0.296262090255   56.990921026452   16.811733145335  357.305318446396
     0.296430193769   56.945704312763   16.809461116720  357.203446620869
     0.296434737107   56.944364418678   16.809382824105  357.199329668930
     0.296889070929   56.828883143547   16.802360958392  356.730881708731
     0.297343404750   56.821213131307   16.803702319386  356.501172444536
     0.297857810290   56.898274651698   16.810969842058  356.435773028376
     0.298413460057   56.994014622101   16.827213395497  357.035077030202
     0.298875062723   56.818629518449   16.824051278882  356.821204439435
     0.299322708366   56.727188957607   16.816467639439  357.399150382504
     0.299712934591   57.008313260985   16.864624983216  360.801217804272
     0.300108469317   57.253029980783   16.907855759527  362.902319261017
     0.300517555124   57.223020237853   16.910221222787  362.704453926352
     0.300919104650   57.248414217565   16.905178436631  362.116648735426
     0.301328001201   57.345247172957   16.919571730456  362.653234195880
     0.301740077202   57.285221168300   16.921292573557  362.655800915066
     0.302152006442   57.223304404312   16.923915349417  362.907640007886
     0.302563852362   57.138582610706   16.929660876381  363.370397398029
     0.302975611681   56.981847867284   16.928065451688  363.395489474582
     0.303387227138   56.937924956779   16.929582242281  363.566663719245
     0.303798728139   56.954838129149   16.936392391086  363.960405804896
     0.304210153657   56.826024058495   16.930956889358  363.526911958331
     0.304621445034   56.723840442987   16.921705303209  362.930894680251
     0.305032608168   56.792847964584   16.925220750832  363.036765313635
     0.305443686269   56.839749214442   16.929604028839  363.056927108106
     0.305848081613   56.754642386843   16.922247965820  362.371992674645
     0.306239202347   56.782119414023   16.922717294111  362.234654694718
     0.306636799476   56.900118898216   16.934877791879  362.792082598341
     0.307024454732   56.793089289535   16.933237464472  362.575020875628
     0.307428426345   56.606133445161   16.922185397433  361.854947709314
     0.307825713919   56.622040273742   16.925251947633  361.892866734923
     0.308226193524   56.685844798857   16.933638082215  362.106672384699
     0.308636414863   56.662440911209   16.940017195465  362.247042087608
     0.309046511941   56.593881050120   16.942984562375  362.466598152896
     0.309456508900   56.487093541487   16.938257363442  362.263515210781
     0.309999775083   56.319845676209   16.931676584398  361.997434521513
     0.310445823783   56.194433622161   16.926502665878  361.804039132650
     0.310891872482   56.024041913039   16.916125048371  361.484654156089
     0.311337921182   56.072851837384   16.928873340397  363.669775924796
     0.311783969882   56.406338466932   16.988982328549  367.147202381556
     0.312230018581   56.588226427776   17.010100950170  368.146012828313
     0.312676067281   56.609127424820   17.007519514661  367.640236058946
     0.313122115981   56.628551306850   17.010719723761  367.720205595709
     0.313505717862   56.643225222739   17.016556635076  367.988665021149
     0.313806988725   56.676021932238   17.022973197133  368.409647301924
     0.314113569875   56.699004242423   17.032637727431  369.161126725124
     0.314420100382   56.653545152656   17.039953031851  369.733944455269
     0.314726567281   56.536285172849   17.040330897119  369.789768121676
     0.315030514863   56.445968535260   17.046533459160  369.735102461540
     0.315336852574   56.460698798505   17.053361965249  369.656578085461
     0.315643139493   56.531085615555   17.053877433678  369.555636264896
     0.315946917350   56.560817513931   17.053007184402  369.319529813670
     0.316253074382   56.542713225027   17.048683345991  368.902921375943
     0.316559165012   56.514736332723   17.044617128107  368.606598883518
     0.316865204743   56.499140412093   17.042776285333  368.452572538628
     0.317261437057   56.503514402244   17.041088914011  368.111676273150
     0.317720264542   56.558906975637   17.038915255182  367.549056134920
     0.318178965396   56.670172991192   17.043025026082  367.378812683362
     0.318637534064   56.666835486066   17.037120600583  367.186767022128
     0.319069275709   56.615506962544   17.034317662452  367.242050937090
     0.319480840482   56.574608950075   17.038177531799  367.412523546631
     0.319892405254   56.569974656433   17.045281301622  368.185419019182
     0.320303970026   56.691497669989   17.077526417306  371.043368911972
     0.320715534798   56.812716564009   17.105095023891  372.833899631212
     0.321031529098   56.921617362246   17.111786531307  372.930300451790
     0.321285839143   57.038027297024   17.113830750967  372.688445461057
     0.321550327019   57.147778471521   17.117161971445  372.622849214482
     0.321943836596   57.156598996773   17.119756738319  372.740835653554
     0.322334216401   57.045519843972   17.124810840224  373.218247542984
     0.322346414179   57.042203573336   17.125356243184  373.246776829337
     0.322350480098   57.041107864587   17.125544875275  373.256460535350
     0.322737511560   56.949728170027   17.146863681326  374.174316992341
     0.323125510067   56.861189868272   17.142225785952  374.282899811198
     0.323484527406   56.740254708457   17.130874965301  374.071476566839
     0.323838980988   56.594540969854   17.124087956149  373.591313572178
     0.324201321460   56.555036114023   17.118493627988  373.323154979557
     0.324563661932   56.672418060319   17.126706640261  373.833081257344
     0.324926002404   56.854098676689   17.143201949077  374.664044463353
     0.325288342876   57.003871319694   17.156226512604  375.270592170162
     0.325650683348   57.013061467666   17.161444734929  375.597877027332
     0.326009400416   56.902014680335   17.159042320465  375.565850674279
     0.326371740888   56.846235661678   17.159837539497  375.589449880446
     0.326734081360   56.848731634787   17.165268949948  375.682058438471
     0.327096421832   56.737045841530   17.156792758971  375.076570967543
     0.327547537829   56.563490101446   17.142982334302  374.495270049362
     0.328040353663   56.617220880647   17.152870362858  374.863929180604
     0.328436247318   56.524518999475   17.148061574515  374.492878846231
     0.328829071782   56.308864173533   17.126241238608  373.725705190700
     0.329203524204   56.204127694543   17.109342130361  373.463396949492
     0.329598910995   56.265615828879   17.122938602556  373.909794675259
     0.329994297786   56.482774749633   17.136269275337  373.882406907042
     0.330389684577   56.785111968789   17.146692711076  373.533882781589
     0.330781090108   56.828581007226   17.147637956639  373.071662990820
     0.331171801898   56.662997137929   17.138908413583  372.606020889396
     0.331501285131   56.608687965188   17.137112323071  372.669276828432
     0.331821355508   56.540855324702   17.133430760331  372.493373445365
     0.332119627231   56.399194479793   17.126043702677  371.966831408867
     0.332422685982   56.406284999903   17.134404858491  372.826420021851
     0.332725686402   56.683502645271   17.175417169867  375.831033397723
     0.333028632823   56.979021959590   17.214415484244  377.919486903533
     0.333331534323   57.166210978637   17.230525633270  378.230345981565
     0.333634377135   57.215447954412   17.234511417403  378.135797765565
     0.334034019498   57.107500514992   17.237557849786  378.820105614103
     0.334488063181   56.893641956264   17.242905217378  379.609785983003
     0.334941994714   56.683745109398   17.236262847018  379.187619541875
     0.335395768379   56.687342932524   17.224711548216  378.804347312512
     0.335846658361   56.645807277533   17.219037948134  378.654872821132
     0.336234223014   56.459112325264   17.211918656548  378.221806037220
     0.336600511922   56.343538344173   17.206611211749  377.910647496179
     0.336966800829   56.376738983922   17.207983837724  377.884890345053
     0.337326261473   56.410136243529   17.209401829292  378.078080094813
     0.337637206119   56.527313462781   17.224641334366  379.005649436814
     0.337931978044   56.716398443514   17.245289613770  380.013160101774
     0.338217054141   56.838876564596   17.253747619285  380.201115279623
     0.338509335757   56.828342205877   17.249278655130  379.630025954749
     0.338791895232   56.765162394699   17.243532172983  379.120455387821
     0.339086460305   56.763850371127   17.249798855758  379.463465584321
     0.339388220245   56.823121496545   17.265115357211  380.520386516682
     0.339682699185   56.776630550209   17.271405833159  381.002738517876
     0.340076050334   56.559992335010   17.262389069991  380.642949839066
     0.340526582877   56.511004254966   17.263769469011  380.705907447956
     0.340862409923   56.491379312791   17.268094032918  380.760630624553
     0.341163869048   56.306900849597   17.254134741471  379.978000124393
     0.341465245551   56.132180393973   17.231747932059  379.284884932337
     0.341766555501   56.070610133129   17.222784954182  379.069911672136
     0.342085901142   56.023482738132   17.220671417357  378.781480136012
     0.342529962649   56.062256208783   17.231725195585  378.929523262394
     0.342936103728   56.307088074143   17.236401973938  378.544095543740
     0.343342244807   56.547467167990   17.238418996065  377.640995744154
     0.343748385885   56.721870342346   17.248216284766  378.748144265568
     0.344154526964   57.051210128375   17.302297332298  382.877211145747
     0.344560668043   57.231602693726   17.341222221777  384.978594570641
     0.344926222358   57.108029431839   17.340944732311  384.863758943909
     0.345162733439   56.939241060671   17.331540270917  384.314352308583
     0.345166372071   56.936370474120   17.331352494509  384.303691730404
     0.345530235271   56.677398725564   17.309935348818  383.124474468489
     0.345894098471   56.658585382365   17.303250121120  382.839078428650
     0.346142980900   56.797469831490   17.312814023301  383.418682840376
     0.346367891812   56.927184119279   17.324224427273  384.042177666428
     0.346614249110   57.001090858730   17.330056637435  384.184296200082
     0.346862571834   57.049389813809   17.330888443085  383.924821358122
     0.347112867134   57.079053594983   17.330757441903  383.759634457985
     0.347361124450   57.047629086678   17.331724461933  383.739582075436
     0.347611344106   56.994887934738   17.340870297719  383.846517914971
     0.347859008001   56.983497422472   17.349391618983  383.999088328176
     0.348109144976   57.014761217278   17.352993190447  384.503517568106
     0.348359245017   57.022326282212   17.359326547283  385.166726601923
     0.348609313674   56.958216340767   17.359579715656  385.171692868400
     0.348859345737   56.842500427438   17.351584787498  384.665871953842
     0.349107336992   56.753678633134   17.343446915462  384.209691418959
     0.349355288890   56.785556760388   17.344570467663  384.310723330249
     0.349605208494   56.888584702162   17.353979267593  384.901670412048
     0.349855084074   56.932605554859   17.361439193253  385.379285528143
     0.350104926064   56.871899058185   17.360365235601  385.329324226540
     0.350354731104   56.779645142666   17.354199760767  384.993747930034
     0.350604499909   56.730716034579   17.352098809987  385.007835998006
     0.350854233223   56.741013450927   17.357164734031  385.389432264519
     0.351103928806   56.792615120780   17.365423017513  385.819606550240
     0.351353583105   56.817053421961   17.371018606627  386.074313556389
     0.351603203330   56.766138311497   17.370106713944  386.008285408740
     0.351852763357   56.667467581153   17.364523329096  385.734508295582
     0.352102292840   56.581723996745   17.360011502441  385.519298980775
     0.352349809244   56.539930334221   17.358243181431  385.428009251927
     0.352599288298   56.533711426506   17.356802100446  385.338211653179
     0.352848729688   56.562894651197   17.356163826058  385.267780647822
     0.353098128848   56.652449554544   17.361031788833  385.450693951917
     0.353347488106   56.764857041347   17.370224225081  385.799267086176
     0.353596823879   56.790123728455   17.373958914095  385.791533523639
     0.353846123966   56.685677394464   17.365881301598  385.158500924283
     0.354095382312   56.548234030150   17.354156862115  384.438301608055
     0.354344593754   56.477866376716   17.348873553256  384.142327600645
     0.354711175128   56.497570979919   17.349783160399  383.993296008873
     0.355085249405   56.528818118174   17.349393018685  383.470329309343
     0.355410911770   56.517627930481   17.349409038966  383.058591547267
     0.355688596609   56.456360372268   17.346002087438  382.681140005378
     0.355976373228   56.375665637927   17.336045759289  382.272792728373
     0.356267002685   56.367878326247   17.337268273111  382.896543118513
     0.356553757969   56.534188040658   17.369038988952  385.512843366040
     0.356841452537   56.732300728721   17.412114727449  388.362747267762
     0.357138255877   56.851499126038   17.439550805885  389.672735053678
     0.357506210145   56.932401290363   17.445769571508  389.574780998710
     0.357847714344   56.887621867157   17.446513951621  389.632799133213
     0.358156929988   56.836932407183   17.452325088910  390.281643680437
     0.358448172188   56.759504851404   17.460275451468  390.969028227231
     0.358736983073   56.588307030247   17.457732596948  390.877272645778
     0.359030494123   56.284514264659   17.432947956117  389.175106770187
     0.359369569652   55.742359951982   17.371637242509  385.238859795743
     0.359680892263   55.329824543100   17.332330265854  383.202609024592
     0.359953364333   55.150031740379   17.322126851656  382.673709079257
     0.360239519313   55.139335640946   17.324184001222  382.501753255193
     0.360537539343   55.192650948358   17.328162800449  382.213339085755
     0.360835532106   55.274050977255   17.334300369166  382.893323908368
     0.361133475799   55.466801326705   17.374911596208  385.969830495584
     0.361431348676   55.631018215164   17.419456382308  388.584402222613
     0.361729166458   55.764533315916   17.432213898958  389.486133772321
     0.362026954645   55.908240464426   17.440454008734  389.782316182760
     0.362324689984   55.935083230208   17.444956476751  389.846139416648
     0.362622352596   55.834775489910   17.439296245713  389.334779033259
     0.362919967983   55.777987182486   17.432315184349  388.805194452600
     0.363217555949   55.810074974472   17.433358999815  388.855551011153
     0.363312772690   55.823751695830   17.434464589808  388.902721646173
     0.363315748088   55.824137924705   17.434499111695  388.903988194603
     0.363613253581   55.831793929030   17.436410986018  388.879639600518
     0.363910690140   55.781668420797   17.433564728301  388.663344168509
     0.364208069160   55.742304094475   17.433182477987  388.993803703437
     0.364505413476   55.699666763792   17.438842232881  389.766739367822
     0.364802715498   55.562819339275   17.436630629593  389.750443323670
     0.365099950861   55.432508767536   17.426462487744  388.967636047120
     0.365397150876   55.460798275712   17.422736169021  388.584115910650
     0.365691932313   55.541782914197   17.427877920264  388.809227340436
     0.365989031869   55.517128416603   17.428786712290  388.698846783478
     0.366280714562   55.438340953084   17.423853059786  388.406083877869
     0.366651375636   55.381948618307   17.426640818488  389.237381900431
     0.367053337146   55.336612076313   17.445071653170  390.663342667969
     0.367382939425   55.167385888670   17.443586801704  390.562131847220
     0.367679768918   54.982135972762   17.431626250762  389.932381168625
     0.367971793129   54.851012522872   17.417313510100  389.353787415858
     0.368263754887   54.782457947462   17.402715058261  388.873584125722
     0.368558042157   54.757239117448   17.402869807674  388.774325073108
     0.368854652091   54.775022058079   17.413941203719  389.184063252122
     0.369150039267   54.851029424346   17.427576767397  389.754948375129
     0.369439438020   54.919946483958   17.430875415683  389.744005443710
     0.369727604437   54.966577143966   17.428064914800  389.145033712988
     0.370021659373   55.053764603689   17.428921448534  388.776155628237
     0.370318032538   55.088481338210   17.431502300556  388.683222303254
     0.370607238648   55.012210572091   17.427176583477  388.274498933684
     0.370903505930   54.923871140574   17.421356418619  387.840981619259
     0.371199730614   54.888421983990   17.419055665398  387.732648622697
     0.371495913257   54.864146111950   17.418974115918  387.735183686547
     0.371792034580   54.791190837225   17.416433114527  387.606846937940
     0.372088106656   54.673678649418   17.410560020807  387.374943560266
     0.372530666951   54.431727836441   17.395473080431  386.702159946787
     0.372956539537   54.279319103814   17.386534395903  385.936603790015
     0.373300933414   54.335228461080   17.394962456142  386.050018508767
     0.373620227567   54.442178531880   17.409367532455  387.269125100150
     0.374022587583   54.617402249987   17.445838510244  391.155927967389
     0.374411264662   54.629885455345   17.477259562721  392.669135848133
     0.374762383664   54.315672479124   17.441452392388  390.431267125426
     0.375110675713   53.813800091111   17.410778594435  389.550564452216
     0.375452898435   53.198152897640   17.365224197428  387.144392483607
     0.375781727194   52.632652404042   17.294486792587  383.513340366109
     0.376108252789   52.370524668658   17.273839977313  382.699328619106
     0.376451290263   52.202124738171   17.268197569314  381.819683782725
     0.376773955913   52.177437988543   17.259674442415  380.773047196282
     0.377111494776   52.286324052226   17.268848437448  380.904974332212
     0.377433377176   52.266532731205   17.274066910662  381.243112845637
     0.377761644324   52.099456207821   17.267297340527  381.311714716811
     0.378099189913   52.016737154194   17.269542266079  382.205536035211
     0.378429420539   52.004747786140   17.285269262426  383.227097462819
     0.378762851217   51.916212755858   17.286269614908  383.378270499588
     0.379100047262   51.815600034009   17.280187675847  383.012011633524
     0.379448841290   51.833806060844   17.285279196921  383.524231335737
     0.379810161883   51.787763908942   17.290812777017  383.962030884384
     0.380187487861   51.676107706610   17.285634748639  383.717306017641
     0.380564765861   51.650393603944   17.288338976295  384.066145666264
     0.380954522392   51.573944317105   17.288662882706  384.139322013025
     0.381347334406   51.475990600410   17.287620965352  384.089958124536
     0.381740102184   51.365839432137   17.288656481691  383.777325493209
     0.382132761522   51.025184516955   17.243637728546  380.578082117789
     0.382525343594   50.651776523575   17.186755397415  377.947873992910
     0.382917867805   50.393787274478   17.171450041192  377.553321101593
     0.383310297583   50.171694363989   17.155225445981  376.277827596524
     0.383702650888   50.133794860733   17.150074311922  375.332292061915
     0.384094923724   50.294021222018   17.172305229441  376.524082200135
     0.384365523191   50.459713559490   17.206873731071  379.192882830322
     0.384369444641   50.461450232818   17.207345906736  379.230677485421
     0.384761570723   50.552188758123   17.239058188896  381.791432154727
     0.385153637854   50.558592140693   17.260027553582  383.036924005860
     0.385545590687   50.436655740464   17.261136121776  382.344186906990
     0.385915551231   50.048164153876   17.205935528277  379.562084072762
     0.386304266789   49.555960561461   17.180977460212  379.065464909292
     0.386689721903   48.927924070783   17.128584924503  375.731323883531
     0.387078268961   48.429901654775   17.056897543620  372.159176614708
     0.387463613143   48.153520511172   17.035643979120  371.227191818203
     0.387848849151   48.038975757148   17.026852232737  370.473692790924
     0.388223870750   48.100918593470   17.032895481549  370.372797495109
     0.388602736385   48.018261992240   17.033105521496  370.289090298757
     0.388984655209   47.817152885260   17.022475332298  369.797084848125
     0.389363388054   47.750679475273   17.019498099078  369.955696543347
     0.389748295605   47.729585847076   17.029177449090  370.781010783030
     0.390246185590   47.468581471606   17.011902238950  369.876679119226
     0.390820206348   47.287822589972   17.001627406588  369.192998332839
     0.391362676502   47.267380433149   17.003851639078  369.195290283474
     0.391826064403   47.542707825989   17.044575957060  373.271872401792
     0.392289452303   47.552964809616   17.081398949714  375.551579501678
     0.392752840203   47.266153510514   17.070941061971  374.148766390673
     0.393216228103   46.773690258140   17.011028579168  370.912215597509
     0.393679616003   46.410446194878   16.985163475222  370.138747597435
     0.394143003903   46.353632795894   16.992494367400  370.772786313619
     0.394711802890   46.288396921037   17.005904416389  371.713080438216
     0.395332639214   45.869259093067   16.987502896668  370.414723870521
     0.395953475538   44.966550260438   16.898249760011  366.933770413819
     0.396574311863   44.245680957202   16.801778369590  362.728932334808
     0.397188733925   43.675968109274   16.763709941467  360.679109279566
     0.397740574359   43.570707042519   16.744200630816  358.970454644824
     0.398259604273   43.620540999656   16.756420776679  358.856089381299
     0.398778079210   43.689705924418   16.783269862220  359.610553955522
     0.399309266662   43.564520794617   16.775661666600  360.037394527292
     0.399844622033   43.251640881981   16.766008115029  360.625838303140
     0.400516138100   43.037667799357   16.770702828411  361.275233799685
     0.401186330383   42.776339449786   16.752832860140  360.257855299902
     0.401831364290   42.530069929683   16.721957169979  359.007054026997
     0.402476398197   41.969016763410   16.663237595108  356.568035679455
     0.403121432105   41.282966111740   16.636614336487  354.716067870621
     0.403766466012   40.710033133159   16.547783703240  350.947766404520
     0.404411499920   40.282268325855   16.522726253759  349.843714902059
     0.405056533827   40.244168029859   16.524974488356  349.802336887735
     0.405701567734   40.098497716171   16.516935519929  348.906894432710
     0.406346601642   40.021474308907   16.520436494779  349.676369194584
     0.406991635549   39.819377449020   16.525460488555  350.252817848589
     0.407636669457   39.581841231049   16.508465025858  349.502487403229
     0.408281703364   39.591738893571   16.516152340837  349.730554830881
     0.408825524624   39.478346711087   16.509582035820  349.426002337946
     0.409407171579   39.337504303304   16.511797976405  349.796048894547
     0.409974723721   39.119516206880   16.514307627922  349.557305566448
     0.410556108188   38.836320491361   16.495495416379  348.181132009495
     0.411128055324   38.477813593083   16.431725343189  344.387399026566
     0.411695223276   38.126230573509   16.388093415213  342.509780106707
     0.412276209035   37.960933616456   16.378213286238  341.677477758040
     0.412847761003   38.031272739533   16.403890194115  343.258470158031
     0.413395957139   38.177452921277   16.436360493095  345.842955370578
     0.413950994038   38.154676128184   16.439249053605  346.292775519869
     0.414529155703   38.240010577292   16.455536648063  347.082835737964
     0.415109499781   38.201839715143   16.458824646672  347.243729593539
     0.415689722363   38.128847967580   16.461071417479  347.605669977890
     0.416269790123   37.946122093495   16.455596504397  347.372222313402
     0.416849738978   37.846408121537   16.454946059321  347.109652227600
     0.417429548685   37.646870229481   16.450052730134  346.582217651229
     0.417999970119   37.422352370805   16.428652474413  345.061692970946
     0.418302508750   37.152870666447   16.383592065157  342.539692414648
     0.418308304352   37.147490712706   16.382643467098  342.490322312839
     0.418883171600   36.855646556844   16.336721943115  340.072722907920
     0.419448626723   36.903533692908   16.355066118144  341.282282679417
     0.419995431165   37.185476610990   16.399083105720  344.391588789136
     0.420551375019   37.250052901259   16.413141847291  345.064529328101
     0.421116466658   37.250926008963   16.416587014865  345.289179011910
     0.421695333513   37.297655092053   16.435772344681  346.371369017575
     0.422237026056   37.165758292818   16.424378039710  345.862611299983
     0.422787865377   37.102391409570   16.415079335379  345.442884717415
     0.423338589164   37.097867245352   16.414645124079  344.858262558738
     0.423876483476   37.080976060633   16.416275461207  343.958555371604
     0.424433913610   37.230023117879   16.445735955190  345.995567759215
     0.425012043759   37.401470941193   16.477189210700  348.293039071476
     0.425590042213   37.492515938115   16.488667657618  349.139694972099
     0.426144792946   37.558484945087   16.502000988743  349.778999904555
     0.426713298158   37.552733000826   16.498936926482  349.562909384171
     0.427290911785   37.574225195110   16.505991116166  349.871041672447
     0.427868408961   37.584826286776   16.511500886250  350.003374450094
     0.428445802585   37.459339740613   16.498467983628  349.499559900725
     0.429023054896   37.441057354514   16.502707415177  349.763736626900
     0.429600209968   37.434232476232   16.504300324905  349.816427100063
     0.430177219557   37.360190060352   16.504240984676  349.899344172482
     0.430754119934   37.287168079003   16.505429271968  350.012078351615
     0.431330889863   37.222462489231   16.509962232232  350.231307485221
     0.431907534980   37.143216386812   16.508111280490  350.033829416662
     0.432456387641   37.091941697511   16.505396841324  349.843840918880
     0.432982062725   37.072024527196   16.505203991449  349.678068833717
     0.433526093190   37.025549838033   16.501315186210  348.807902109265
     0.434093044615   37.024218153449   16.504873138639  348.321282324717
     0.434659882756   37.129476248635   16.522375572558  349.281070229831
     0.435235789607   37.311860405989   16.554126287387  352.092084671801
     0.435811604574   37.522834682399   16.578856663794  353.573340033356
     0.436387282197   37.607971378924   16.586859685360  354.079098888055
     0.436962837271   37.582121332255   16.589223266917  354.355868288523
     0.437538265388   37.508624502495   16.588982971265  354.375561424997
     0.438104359919   37.450650374896   16.584769367369  354.077468269322
     0.438651938862   37.443478783635   16.583649521414  353.965632385408
     0.439226997898   37.386466654997   16.577675843784  353.617906802705
     0.439801935810   37.380341836520   16.569971537190  353.352349574515
     0.440376743193   37.499805019097   16.576517675339  353.660656582619
     0.440951434272   37.585992023182   16.577482884671  353.613875588587
     0.441525992876   37.683816584679   16.588834242242  354.147772896675
     0.442100454831   37.698709072039   16.593881023772  354.433299025989
     0.442674790333   37.716602222938   16.603455203271  355.029065935742
     0.443249005725   37.624149578960   16.602106360922  355.015883024364
     0.443823115053   37.604225161353   16.608490135984  355.300018342095
     0.444397071645   37.452789985746   16.592572442596  354.400324899744
     0.444970935029   37.407408094777   16.575739686178  353.251101893044
     0.445544659448   37.488525975198   16.592033510983  352.787867651179
     0.446118257013   37.826615794534   16.647769973684  356.344580765457
     0.446691748754   37.894871801325   16.672358280165  358.037276577119
     0.447265095679   37.798404418971   16.670100598073  357.989312696498
     0.447838352827   37.886617163903   16.679269789108  358.152908606492
     0.448411453980   37.832689340421   16.670987521136  357.865437682583
     0.448984459098   37.812156807512   16.670275328012  358.098684281676
     0.449557346364   37.811633372946   16.670843799065  358.126751972414
     0.450130090093   37.772367680098   16.666522880481  358.024318850638
     0.450702745297   37.777751892183   16.664010701261  357.970499025772
     0.451275246143   37.786269031000   16.669072564322  358.150326119385
     0.451847642688   37.825686424154   16.666686255557  358.246224651182
     0.452419915273   37.872098374179   16.669115538066  358.396536948793
     0.452992044823   37.978576507638   16.677389266733  358.771962317739
     0.453564098332   37.999949273889   16.676981276183  358.637363296928
     0.453872933272   37.993260806290   16.676499141711  358.637303041533
     0.453878652201   37.992562433874   16.676435124638  358.634201081248
     0.454450535060   38.014632150697   16.673842123087  358.228228395451
     0.454985677967   38.032212129668   16.677336129816  358.099770223653
     0.455511616875   38.026976360550   16.679635277379  357.638485295511
     0.456028281188   37.960036930757   16.681921386108  357.559708049348
     0.456590584732   37.952911956669   16.702272537054  357.743516517518
     0.457161894925   37.981473550557   16.721014558990  359.415940817209
     0.457733074760   38.118449296574   16.745855223044  361.691070681870
     0.458304171186   38.218384503815   16.745541266524  362.018287593430
     0.458875108922   38.297983873017   16.763390123256  362.943352254405
     0.459440241100   38.281813596854   16.765932451377  363.209041482279
     0.460010943111   38.182494503229   16.766885722105  363.329205093056
     0.460581530996   38.176292669372   16.769328906332  363.431294927076
     0.461152033452   38.191650361187   16.767483947039  363.277114997350
     0.461722374654   38.146577700927   16.769144136115  363.353028477037
     0.462292631999   38.172550702758   16.767931229467  363.305107852321
     0.462862770140   38.177368114682   16.772180188175  363.334137970899
     0.463432768541   38.198444803049   16.772858867491  363.463637963798
     0.464002686626   38.229751882334   16.771583862802  363.404124771854
     0.464572440487   38.211919210372   16.771099920328  363.474880226822
     0.465142106073   38.312670712242   16.776815230852  363.623284888934
     0.465697983636   38.248080331411   16.765855482869  362.564942932923
     0.466235517231   38.406561278792   16.783637045749  362.721731364515
     0.466804836796   38.412465423248   16.794955962807  362.594909466438
     0.467374006552   38.537700515494   16.829683489073  364.986396539143
     0.467943091558   38.696980672630   16.847330124088  366.392203638104
     0.468512038588   38.678026346421   16.853846769294  367.001678023380
     0.469080866519   38.663116666786   16.856212236875  367.165012964222
     0.469649596917   38.611487374220   16.848344830652  366.596425839443
     0.470218171170   38.607638522829   16.847950663958  366.717299270118
     0.470786677391   38.611907288294   16.841192386335  366.571045056430
     0.471355045395   38.615597375911   16.849273790025  366.815226459465
     0.471918749954   38.603795719274   16.851824933796  366.891942193226
     0.472432355580   38.518730399358   16.846099984096  366.201430165283
     0.472959493500   38.450061274311   16.835672118607  365.185858232851
     0.473527423223   38.292258123824   16.806249675624  362.996239824025
     0.474095217548   38.320318495823   16.822611196677  364.694754157724
     0.474662892565   38.487444960422   16.834649531708  366.335238341319
     0.475230449569   38.640362562415   16.845551830915  366.774632676824
     0.475797875921   38.729507774508   16.856352803559  366.658005768721
     0.476365196528   38.774881403441   16.856370113161  366.580136849993
     0.476932389418   38.788100667063   16.857253134533  366.804678446479
     0.477499476748   38.769461555601   16.856188201459  366.919103920922
     0.478066443485   38.722749226019   16.850857240908  366.884676659050
     0.478633278514   38.658998668918   16.848852884166  366.563226408272
     0.479200018167   38.633670323259   16.848734097662  366.143937141100
     0.479766615529   38.594102940097   16.851493501535  366.047793106487
     0.480333132840   38.554231565821   16.856244818381  365.851623081539
     0.480899527051   38.562414900551   16.867871936007  366.341412695776
     0.481465795217   38.692756144110   16.902430496806  369.030565598960
     0.482031977930   38.771562061093   16.923294810964  370.514265107870
     0.482598000182   38.751102627597   16.936115439844  371.140327118901
     0.483163935923   38.679066660147   16.933361991055  370.715762288912
     0.483702604003   38.491042033664   16.902268569354  368.313093679823
     0.484268302996   38.384710965152   16.875590112563  366.684398947414
     0.484833914901   38.348225287080   16.881107786770  367.025365581534
     0.485399369303   38.461291564693   16.911096234151  369.634662754286
     0.485964736767   38.612427108712   16.932835766663  371.165842342109
     0.486247366411   38.591676890761   16.935102190536  371.371859131761
     0.486253018972   38.591009249820   16.935098446324  371.372715141746
     0.486818212947   38.652326465217   16.947369828019  371.920330054484
     0.487383301038   38.584549329005   16.948122454159  371.649267673421
     0.487943739908   38.558961710697   16.942482251019  371.014866634883
     0.488508611377   38.367626026725   16.888865102412  367.565523644828
     0.489073361602   38.213447587139   16.869394623046  366.636481827437
     0.489637991414   38.268962794061   16.890555754081  367.275568866346
     0.490202522636   38.330153489764   16.909054426363  369.115534023563
     0.490766927904   38.431729872736   16.937137466442  371.390615331168
     0.491331225402   38.527807549540   16.947066305502  372.140518707176
     0.491889780069   38.539274733545   16.953620537035  372.530819627979
     0.492453845519   38.548046315692   16.959687963694  372.716278522192
     0.493017810580   38.546668303864   16.960006281631  372.545147796173
     0.493581655945   38.519020168818   16.960234800992  372.503210320749
     0.494145378077   38.550992274072   16.963399182370  372.692849726798
     0.494709009022   38.592064276250   16.965194263668  372.817137000866
     0.495272517259   38.628668597929   16.967719049515  373.005733618424
     0.495835923840   38.717645062699   16.973553587922  373.324176695333
     0.496399211603   38.737328930065   16.975379481478  373.456982438359
     0.496962382165   38.778380305867   16.984373852815  373.900567149566
     0.497525442790   38.769193398381   16.987829828739  373.920810966142
     0.498088390946   38.746308951309   16.989081127412  373.945916307487
     0.498651227209   38.715707794814   16.985979547391  373.772550612344
     0.499213954178   38.707103139544   16.983645068879  373.697410940543
     0.499776561297   38.715252504958   16.979676088595  373.676017527040
     0.500012827334   38.717961098774   16.979703154683  373.732537997234
