# {0} signal over time, extracted at r = 500 km
# All quantities are measured in a resting observer's frame at infinity
# cols=4 rows=1046
#              time        luminosity               <e>             <e^2>
#               "s"           "foe/s"           "MeV^1"           "MeV^2"
  -4.5615412965e-04  1.1422642129e-06    8.384509764718   80.256645532222
  -4.5451225761e-04  1.1381989887e-06    7.566155285170   69.532032518043
  -4.2980032684e-04  1.0928355682e-06    4.505560416494   29.422800522071
  -4.1255913859e-04  1.0787642145e-06    4.082916901280   23.883613844791
  -3.9818069474e-04  1.0785498382e-06    3.897692140760   21.455494574373
  -3.8636952619e-04  1.0864368787e-06    3.796407062007   20.127262278784
  -3.7989983434e-04  1.0939012569e-06    3.752910467866   19.556637715068
  -3.6905881104e-04  1.1114699439e-06    3.693273213466   18.773888340105
  -3.5839838087e-04  1.1350028639e-06    3.646575419369   18.160471460531
  -3.4786251438e-04  1.1644274470e-06    3.608892539532   17.664933542578
  -3.3637062325e-04  1.2035818245e-06    3.574968310844   17.218150675009
  -3.3153905338e-04  1.2222560531e-06    3.562496541412   17.053664479914
  -3.1975473662e-04  1.2733212183e-06    3.535676362152   16.699331853404
  -3.0841233174e-04  1.3298867095e-06    3.513838764759   16.409964612262
  -2.9859128215e-04  1.3847510152e-06    3.497472538205   16.192359177963
  -2.9245180466e-04  1.4218255002e-06    3.488256221570   16.069445034487
  -2.8570814811e-04  1.4650132879e-06    3.478923021234   15.944625024026
  -2.7848792316e-04  1.5141141321e-06    3.469752519208   15.821566184279
  -2.7202222246e-04  1.5605929357e-06    3.462189224283   15.719698622857
  -2.6371256672e-04  1.6238109166e-06    3.453276141643   15.599116084068
  -2.5513317687e-04  1.6931858845e-06    3.444926333158   15.485506895608
  -2.4651067451e-04  1.7671063909e-06    3.437311790396   15.381220149157
  -2.4444127394e-04  1.7854727992e-06    3.435590807101   15.357543697115
  -2.3581877158e-04  1.8646032675e-06    3.428829151733   15.264073606991
  -2.2762135859e-04  1.9437225063e-06    3.422967735733   15.182374851898
  -2.1955224842e-04  2.0253027908e-06    3.417687417058   15.108118725510
  -2.1117117613e-04  2.1139206924e-06    3.412671328567   15.036873162231
  -2.0279010383e-04  2.2064946292e-06    3.408091280417   14.971086896567
  -1.9488876411e-04  2.2973928108e-06    3.404139529992   14.913637865278
  -1.8705225098e-04  2.3910222904e-06    3.400543574322   14.860687740646
  -1.7822928545e-04  2.5005906934e-06    3.396850536410   14.805490377734
  -1.6998038335e-04  2.6070133199e-06    3.393712306902   14.757784740277
  -1.6039647182e-04  2.7355121969e-06    3.390417817358   14.706709706903
  -1.5034742742e-04  2.8758674991e-06    3.387336778180   14.657767904829
  -1.3998979320e-04  3.0265809128e-06    3.384527745354   14.611845006650
  -1.3184452920e-04  3.1494369591e-06    3.382559958178   14.578702718108
  -1.2162919460e-04  3.3089417979e-06    3.380369608597   14.540553057860
  -1.1058234363e-04  3.4882805243e-06    3.378322546107   14.503252685703
  -1.0138217265e-04  3.6431133369e-06    3.376853104390   14.475082891268
  -9.4623810054e-05  3.7600468590e-06    3.375900850877   14.455954075643
  -8.5741745210e-05  3.9178837503e-06    3.374803607563   14.432711200140
  -7.7878152244e-05  4.0615904514e-06    3.373970083935   14.413830847615
  -7.0346135395e-05  4.2027646796e-06    3.373286335307   14.397158131907
  -6.8623016224e-05  4.2355494790e-06    3.373145050169   14.393530375565
  -6.1791774356e-05  4.3673231832e-06    3.372638408095   14.379807310517
  -5.5463711765e-05  4.4919693239e-06    3.372242757780   14.368003397993
  -4.9310841693e-05  4.6155612439e-06    3.371923174941   14.357329345474
  -4.3348289411e-05  4.7376009145e-06    3.371672327883   14.347711550659
  -3.7552469390e-05  4.8583852770e-06    3.371481963538   14.339022518317
  -3.2276264050e-05  4.9702018727e-06    3.371352895649   14.331658471315
  -2.7050298755e-05  5.0827142560e-06    3.371265296235   14.324861205773
  -2.2512885463e-05  5.1818311090e-06    3.371220758136   14.319348602722
  -1.7797300196e-05  5.2862562883e-06    3.371204693775   14.313992459346
  -1.3033627306e-05  5.3932200308e-06    3.371218941742   14.308957644594
  -8.6663213496e-06  5.4925915376e-06    3.371258233888   14.304665276820
  -4.3421095771e-06  5.5922220791e-06    3.371321295019   14.300713024856
  -5.9576953926e-08  5.6921141575e-06    3.371406919768   14.297084324256
   4.1813682122e-06  5.7922404279e-06    3.371513960451   14.293764746274
   8.1019197975e-06  5.8858730922e-06    3.371632209276   14.290933340412
   1.2339659511e-05  5.9882443143e-06    3.371780494041   14.288124401632
   1.6183294924e-05  6.0821442859e-06    3.371933034094   14.285798290329
   1.9156599397e-05  6.1554694109e-06    3.372062616846   14.284141003208
   1.9201801661e-05  6.2119714940e-06    3.372450800069   14.286653377563
   2.6087510059e-05  6.3876883022e-06    3.372777252543   14.283229416592
   4.0653009835e-05  6.7702420769e-06    3.373614344760   14.277883865221
   5.7610953545e-05  7.2342323506e-06    3.374837993277   14.274812647828
   7.4642818247e-05  7.7205191589e-06    3.376325333846   14.274723175583
   9.1179053783e-05  8.2125923159e-06    3.378040638928   14.278068944044
   1.0714579337e-04  8.7065651247e-06    3.379940247596   14.284144430532
   1.2289048109e-04  9.2121098821e-06    3.382048077007   14.292824336019
   1.3883937787e-04  9.7431808739e-06    3.384421024717   14.304296180722
   1.5629647695e-04  1.0346706637e-05    3.387293100268   14.319902062058
   1.7217177033e-04  1.0916020095e-05    3.390154174603   14.336825258737
   1.8918703421e-04  1.1548227133e-05    3.393484819552   14.357825649029
   2.0516404185e-04  1.2162898668e-05    3.396860833842   14.380215374550
   2.2293749722e-04  1.2871027315e-05    3.400899526150   14.408141561871
   2.3957640947e-04  1.3557540277e-05    3.404949844090   14.437144064037
   2.5723311118e-04  1.4311412674e-05    3.409532422350   14.470927923542
   2.7586443334e-04  1.5135681058e-05    3.414684366407   14.509914280714
   2.9560646894e-04  1.6041886445e-05    3.420496057885   14.554942284542
   3.1462546592e-04  1.6947334492e-05    3.426435229370   14.601913182346
   3.3437194436e-04  1.7921640352e-05    3.432951899072   14.654387258487
   3.5533706262e-04  1.8994802212e-05    3.440256699987   14.714199975073
   3.7758942561e-04  2.0178080522e-05    3.448437650860   14.782256082384
   4.0127100936e-04  2.1487974708e-05    3.457615818659   14.859774023437
   4.2517458055e-04  2.2863600982e-05    3.467352134430   14.943202001104
   4.4921650342e-04  2.4302025723e-05    3.477579847128   15.032089241808
   4.7466597470e-04  2.5886510567e-05    3.488763025209   15.130877486779
   5.0181318269e-04  2.7655209564e-05    3.500708627823   15.239147471705
   5.3062722329e-04  2.9659887662e-05    3.511649511664   15.346660117583
   5.6076400239e-04  3.2064122944e-05    3.515762371080   15.415185469707
   5.9319894296e-04  3.5788668371e-05    3.494433509333   15.296472198808
   6.2838657199e-04  4.3292556923e-05    3.403459315351   14.604921219211
   6.6670048651e-04  5.8548407616e-05    3.284150377479   13.530230279441
   7.0758255661e-04  8.5193903002e-05    3.236736878259   12.913410163178
   7.5134054952e-04  1.2694567842e-04    3.262062493790   12.945757361046
   7.9294758135e-04  1.8246557145e-04    3.289301155103   13.064215099234
   8.3913154011e-04  2.6948581426e-04    3.317311276190   13.234216644112
   8.8911610745e-04  4.0516968496e-04    3.344564078118   13.430726471077
   9.4315225768e-04  6.1827889473e-04    3.378625937678   13.695425185963
   1.0042235187e-03  9.8109476407e-04    3.428024480280   14.094981872845
   1.0652860497e-03  1.5343360326e-03    3.484750318396   14.567962532570
   1.1400612747e-03  2.5998261331e-03    3.554706840460   15.151671594125
   1.2222153905e-03  4.5688174889e-03    3.631447634105   15.804399797345
   1.3103385556e-03  8.1574851969e-03    3.715898341246   16.522002078303
   1.4157866882e-03    0.015741140846    3.815407099272   17.382788906608
   1.5307149311e-03    0.030901368618    3.930513572136   18.393606225658
   1.6426019304e-03    0.056787165998    4.050297346747   19.459167676177
   1.7774307841e-03    0.108011033980    4.223348985197   21.112623360280
   1.9061511396e-03    0.179875963881    4.420511538099   23.155701736722
   2.0599917309e-03    0.296445092792    4.709187722220   26.382060454545
   2.2221912963e-03    0.461506569651    5.074634974515   30.797995481842
   2.3743238243e-03    0.664234185362    5.477931855584   36.061936815891
   2.5450686483e-03    0.964177339689    5.995054903990   43.366610040373
   2.7295101123e-03    1.390172697496    6.604640618509   52.755198012016
   2.9139515763e-03    1.926816044843    7.212873641965   62.912450251767
   3.0983930403e-03    2.560496772063    7.785187836743   73.214281463856
   3.1352813331e-03    2.696844799870    7.893945227030   75.256994610560
   3.1371257478e-03    2.703735204814    7.899318020350   75.358495533220
   3.3215672118e-03    3.421478275050    8.410727071680   85.346263481590
   3.5060086758e-03    4.176430711928    8.872181137821   94.934728125293
   3.6904501398e-03    4.942083518591    9.288433744253  104.107520547182
   3.8748916038e-03    5.693478930007    9.663305060799  112.832576279103
   4.1045286050e-03    6.581035637077   10.079784310199  123.101771622462
   4.3278246173e-03    7.377038578070   10.438529242669  132.482637817099
   4.5511206296e-03    8.086694272486   10.757024190664  141.289582353516
   4.7744166419e-03    8.683262040664   11.035113039803  149.422760117197
   4.9977126542e-03    9.159693799328   11.269113311143  156.667068191145
   5.2187757063e-03    9.536701605358   11.456797796711  162.807386559954
   5.4699620659e-03    9.891489864970   11.625125636436  168.600159774555
   5.7208410708e-03   10.191283001063   11.757881371461  173.375456319641
   5.9717200757e-03   10.444979425045   11.863255197816  177.326248619728
   6.2245567032e-03   10.657282484776   11.945471846302  180.553759304923
   6.4755778171e-03   10.845261593576   12.006721729167  183.063453091877
   6.7265989310e-03   11.033630455720   12.052919112971  184.996452210781
   6.9776200449e-03   11.238310218794   12.090726511248  186.537339111600
   7.2319158500e-03   11.474870815606   12.125152380425  187.850100216142
   7.4865785753e-03   11.751655995892   12.160118228985  189.063874898937
   7.7412413006e-03   12.069797806872   12.198987287699  190.313858391789
   7.9959040259e-03   12.424130533113   12.243660909269  191.686624812180
   8.2505667512e-03   12.806713952136   12.293420607189  193.184455611077
   8.5052294765e-03   13.210640596745   12.347675449454  194.805118790303
   8.7598922018e-03   13.629080767135   12.402548788764  196.450641650702
   8.9949654866e-03   14.033736002187   12.455866076777  198.048359031883
   9.2496282119e-03   14.486271467849   12.513438766849  199.769570163427
   9.5042909372e-03   14.960685477307   12.571703478260  201.495618749550
   9.7589536625e-03   15.451678988581   12.629247665002  203.203828160583
     0.010013616388   15.953373700070   12.685390220337  204.867869340100
     0.010268279113   16.481366725228   12.743756512969  206.584376349592
     0.010522941838   17.008530586949   12.798969066510  208.219724195341
     0.010777604564   17.534763762892   12.852804308144  209.835077494924
     0.011032268046   18.077306125465   12.906068777317  211.415463776439
     0.011289383870   18.619555476464   12.955539525899  212.889485326833
     0.011546499693   19.157121609744   13.001324895824  214.252320523917
     0.011803615517   19.713789138466   13.049226064332  215.659642774053
     0.012060731340   20.267347368002   13.094894602886  217.005372167391
     0.012317847163   20.789957014321   13.133138527496  218.143730076229
     0.012574962987   21.305176825488   13.169545444275  219.235699349613
     0.012832078810   21.835000749339   13.209359529199  220.434270257933
     0.013089194634   22.342550211225   13.245056173005  221.503437197920
     0.013346310457   22.821790305641   13.276333984925  222.439380617286
     0.013603426281   23.308073452247   13.308685150741  223.395180625284
     0.013860542104   23.784296655773   13.339703701872  224.309054170202
     0.014117657928   24.207547676233   13.362999372667  224.999892719571
     0.014374773751   24.612371834219   13.383459710384  225.597431321905
     0.014632390095   25.038106310829   13.406900666951  226.270119602620
     0.014886356107   25.455073162966   13.429908242581  226.951516800272
     0.015140322119   25.806988190295   13.443930324157  227.346560504006
     0.015394288131   26.137338351198   13.456860205388  227.706439942818
     0.015648254143   26.480412921414   13.472087636271  228.133164315428
     0.015824926152   26.720406934093   13.481936759023  228.414757678394
     0.016078892164   27.040220818630   13.493048181563  228.751526966071
     0.016332858176   27.334288489070   13.502405172856  229.023474479545
     0.016586824188   27.629088446104   13.513479313589  229.321515030128
     0.016840790200   27.938697564265   13.527909278254  229.723651877853
     0.017094756212   28.253751303321   13.540525045356  230.075824885052
     0.017348722224   28.547258509731   13.546700473336  230.216921323439
     0.017602688236   28.820535412189   13.551149754661  230.295662843637
     0.017856654248   29.094833345742   13.559493884689  230.511300297362
     0.018110620260   29.381242897538   13.572540588722  230.898027693854
     0.018364586272   29.689842639814   13.587697255784  231.366328883772
     0.018618552284   29.973805049824   13.595847646003  231.600001160228
     0.018872518296   30.230168835928   13.598771737306  231.650664919583
     0.019126484308   30.487570244659   13.605169496600  231.824506401190
     0.019380450320   30.752043852924   13.616375031145  232.172226882809
     0.019634416332   31.023130641314   13.630124342664  232.603838382471
     0.019888382344   31.283594211872   13.640504533610  232.911931248814
     0.020142348356   31.498037954115   13.642848905774  232.948581814956
     0.020400693371   31.678585038742   13.641956717130  232.887176730576
     0.020651848882   31.857957157224   13.644368564431  232.951162504414
     0.020908983347   32.064331909893   13.652596200145  233.214608611103
     0.021164912146   32.283079512928   13.664530028478  233.591607368931
     0.021417206267   32.470981448227   13.670744058643  233.766720828461
     0.021670973377   32.618150201714   13.669073290133  233.682175717789
     0.021929707299   32.745216294511   13.665893587323  233.556990948248
     0.022188441221   32.878588882849   13.666169789082  233.563665433431
     0.022445723803   33.035328161128   13.673136425379  233.816247340992
     0.022706892400   33.221513506688   13.686337268067  234.252126865609
     0.022960051694   33.383958034170   13.690433408973  234.306319029297
     0.023213557210   33.509843945254   13.685150914645  234.054650397925
     0.023471319539   33.627242727025   13.680927013024  233.898434489526
     0.023725657042   33.741901262428   13.681238595069  233.939112663432
     0.023984380992   33.868702126783   13.686533455401  234.162462927961
     0.024243853207   34.024730910778   13.695539215354  234.478822380555
     0.024502123184   34.200232238363   13.705282930919  234.772457285518
     0.024756754533   34.356807864643   13.704280790040  234.633044825294
     0.025002191631   34.492353337404   13.700709083941  234.455072310122
     0.025020563811   34.501892046741   13.700619275802  234.451409486735
     0.026031033706   34.955289486242   13.709718292323  234.935130775774
     0.027041503601   35.578417641334   13.728240989976  235.669554767151
     0.028051973497   36.025190177249   13.729875024842  235.785927754780
     0.029062443392   36.565791353978   13.733250977187  235.995042820082
     0.030072913287   36.955788405566   13.726589779164  235.959960617282
     0.031083456908   37.345473222109   13.739170149987  236.541742098634
     0.032103567534   37.578545521362   13.719327217646  235.942648389047
     0.033123678161   37.854528707389   13.736727043086  236.923637858655
     0.034143788788   38.114228300666   13.735492048305  236.760294977780
     0.035163899415   38.354896862853   13.744483757588  237.186729180270
     0.036184010042   38.588439692825   13.762983989682  237.975955809717
     0.037204120668   38.926555349043   13.773696626885  238.249812321876
     0.038224231295   39.065276661978   13.774928757049  238.378223618227
     0.039244341922   39.326054263554   13.797587724352  239.302831883941
     0.040264452549   39.644038407245   13.822468504296  240.139685715469
     0.041284563175   39.719977685124   13.808465335422  239.561868983791
     0.042318582604   39.926208221875   13.822157316150  240.131484240136
     0.043355567999   40.220220610902   13.845606651497  241.143715393167
     0.044392553394   40.620655877749   13.881218546606  242.858916564940
     0.045014744630   40.816389394545   13.893695758892  243.142477428640
     0.046051730025   40.950608870509   13.889828036893  242.911181578463
     0.047088715420   41.111538878415   13.910455883862  243.795817160339
     0.048125700815   41.164968219066   13.931216142065  244.677829978697
     0.049162686210   41.185079212707   13.927311115026  244.395525099220
     0.050199671604   41.330938465192   13.930713132659  244.543029014327
     0.051236655673   41.654141332646   13.964630658125  245.824837257299
     0.052273638305   41.872838782113   13.985581924921  246.675799185461
     0.053310620938   42.023070698121   14.005075641352  247.443040761522
     0.054347603570   42.018992419101   14.019129415888  248.036564833314
     0.055386534472   41.905002681196   14.017071039623  247.789350570465
     0.056387233187   41.876768197218   13.987765003750  246.988507265331
     0.057387931902   42.002087521450   14.016787640662  248.156490036000
     0.058399270005   42.160690823718   14.051569336729  249.215984618823
     0.059402771970   42.314640648198   14.088223515744  250.500860142061
     0.060424419313   42.341708293971   14.114007450976  251.287198868023
     0.061442128441   42.522948260596   14.137932340600  252.169349449394
     0.062462128441   42.620110793984   14.134658137671  252.067485722950
     0.063482128441   42.677109437692   14.140208496534  252.152669706881
     0.064502128354   42.755127030650   14.159684828414  252.956036868868
     0.065042128294   42.779935025146   14.171368388279  253.445056568533
     0.066069441915   42.843009947146   14.195057359293  254.390474275158
     0.067095584955   42.831726351555   14.210209656904  254.870531601271
     0.068133669205   42.724792870045   14.180662440524  253.885836752246
     0.069174495872   42.681645792586   14.204176411400  254.487703594150
     0.070214240460   42.670328787306   14.193701987020  254.649461855746
     0.071236216095   42.708911873231   14.220497560227  255.649678895566
     0.072284257732   42.786027919395   14.269949596505  257.038611122179
     0.073311753253   42.683024600785   14.246934777622  256.451815589632
     0.074357858193   42.686651810760   14.258292185183  257.170231276384
     0.075377464621   42.648402152695   14.306155162582  258.446475342243
     0.076447863385   42.463900457168   14.286677574677  258.186305970310
     0.077452916374   42.250827424406   14.286819348052  258.155789780760
     0.078492916374   42.061308929518   14.306546696938  258.533661368315
     0.079518699783   42.171473651976   14.308504695976  259.109381722801
     0.080535975783   42.283135212464   14.340157506929  260.068743848181
     0.081548943783   42.252704219492   14.346806841718  260.240877367706
     0.082553343693   42.219365287551   14.374873412733  260.896478555335
     0.083568184962   42.251967839044   14.377738892827  261.681863877012
     0.084575954562   42.302015908683   14.419056410312  263.307880468312
     0.085068350562   42.315965619860   14.419661915590  263.633148491420
     0.086110229440   42.318960742031   14.455996781114  264.731755320707
     0.087163116065   42.328348674881   14.447602761213  264.986703011102
     0.088216002691   42.316024375651   14.469063079993  265.775450671692
     0.089239569379   42.230150679549   14.483612604928  266.351991923837
     0.089959569379   42.107425486662   14.507721430659  266.863346336920
     0.090019569379   42.101364966271   14.508879127420  266.902346259723
     0.090969635652   41.947050550680   14.496254954476  266.776628576245
     0.090987911723   41.941895984279   14.496611298365  266.778382259415
     0.092031560444   41.773354268420   14.486501526313  266.477848283331
     0.093036684093   41.893487811554   14.507208502146  267.945957635964
     0.094086957845   42.001795773226   14.569926646520  269.708688872794
     0.095093537917   42.047872227131   14.574225303391  270.752323944622
     0.096097885822   42.131013785813   14.628461762969  272.187426767545
     0.097122531865   42.177394575706   14.636680881530  273.152046914429
     0.098147177909   42.028416796666   14.646051713660  274.131078756197
     0.099187108941   41.837637493835   14.664039832691  274.638324774765
     0.100215093656   41.680870845950   14.655953777020  274.515442374683
     0.101220429450   41.620135361812   14.677862537339  275.294267361632
     0.102247346496   41.510573969340   14.696736921752  275.985253033403
     0.103276066943   41.487835716736   14.677348503952  275.702644749571
     0.104296483938   41.462215828218   14.731871640518  277.229717966110
     0.105325820944   41.492794344613   14.744651160504  278.578320599676
     0.106334397364   41.388069023437   14.759627663212  279.188302525532
     0.107357049898   41.248902169600   14.757631093119  279.105470118809
     0.108377416618   41.118343427413   14.771609620313  279.592413307162
     0.109407296012   41.024667123418   14.766057632228  279.823447462790
     0.110450972137   40.923210138400   14.826358634305  281.340037272946
     0.110993429796   40.882974425129   14.814162051979  281.606732033991
     0.112007936387   40.675992947117   14.801296628918  281.629892106171
     0.113013377071   40.610377943470   14.822875728423  282.074494909133
     0.114047093742   40.615558177218   14.854839712102  283.380833046043
     0.115068079656   40.490437655707   14.853345481234  283.704355678993
     0.116079105219   40.414722219001   14.887088964217  284.887662008474
     0.117102495573   40.456292781151   14.900985897075  286.139596227207
     0.118104321540   40.380588787017   14.919806910023  286.599269605536
     0.119119128128   40.209606182661   14.943722521586  287.345657697972
     0.120119504435   40.153241825873   14.949632460773  288.349755245494
     0.121141979180   39.959551021826   14.952695550237  288.503634874192
     0.122167541965   39.811203373675   14.936084246075  287.826016387808
     0.123177279865   39.687355688173   14.968312464507  288.535792843653
     0.124204008492   39.526246152930   14.966786786623  289.374260060041
     0.125222907379   39.379261195481   14.975690236965  289.622009181120
     0.126244960052   39.241433393067   14.989559357952  289.842902822840
     0.127251949827   39.090472328427   14.975511590130  290.019695557575
     0.128260703577   39.019119603195   15.013198493386  291.060291814702
     0.129283658537   39.047449723111   15.032768274300  292.668352552503
     0.130286737307   38.864850451920   15.012255612440  291.961945181161
     0.131006656618   38.748474107094   15.037002078392  292.624839078572
     0.132033836961   38.643244198367   15.060397942342  294.308134292771
     0.133045951591   38.461549058696   15.068394090071  294.357841267683
     0.134052242401   38.312269195564   15.068053499863  293.979819543673
     0.135063372615   38.200721701428   15.078695946058  295.025307732390
     0.136075086081   38.059487490229   15.058195956544  294.507677027154
     0.137081257956   37.927887266181   15.098213072523  295.499863735501
     0.138084899641   37.803020008022   15.114723445208  297.058935814955
     0.139085473479   37.630467935294   15.102396450365  296.522726241897
     0.140093543792   37.474094620210   15.106566039814  296.295929491430
     0.141094750246   37.332207814525   15.126046397869  297.526087209465
     0.142096302442   37.161139555983   15.108769709534  297.201710060924
     0.143102474317   37.021431060998   15.110940959750  296.995590473165
     0.144108646192   36.908399893649   15.137338449016  298.628907376094
     0.145116409755   36.743340177852   15.139274267725  298.832026742835
     0.146121555105   36.581651624890   15.095431968112  297.509469347688
     0.147127138488   36.425129773653   15.161654819596  299.721509541873
     0.148128160692   36.245405954572   15.117909337744  298.498196415277
     0.149136231004   36.248788309687   15.180263978153  300.561279880172
     0.150145273621   36.089902059890   15.178080753136  301.258491741595
     0.150713675809   35.952491463285   15.165739854914  300.526984978717
     0.151720484805   35.855850900427   15.165517655380  300.514246504140
     0.152721102361   35.733910334053   15.201744985175  302.304420951728
     0.153721943323   35.565858648592   15.159737140552  301.297540084498
     0.154725084818   35.455155625998   15.175119273815  301.378733506041
     0.155735376302   35.275596555361   15.198976136996  302.293642671109
     0.156753503445   35.169433194725   15.207051920603  303.177680025335
     0.157756292055   35.073951459353   15.161065540867  301.565374506545
     0.158767210023   34.955436520761   15.222485531709  303.755292841944
     0.159785637088   34.788945347115   15.223896990497  304.668837931507
     0.160794034022   34.640547153655   15.206495958363  303.549368332645
     0.161803187008   34.567766985981   15.250056502728  304.944773177097
     0.162810552657   34.459197530728   15.203850397069  304.348727611214
     0.163814351485   34.321353027495   15.249173250419  305.205502803379
     0.164818401153   34.278690028315   15.266304054925  306.914461952786
     0.164938857012   34.258209415005   15.263920013369  306.774073542989
     0.165944079668   34.153401793112   15.219538035630  304.991310687758
     0.166954997637   34.076249912832   15.248507129474  306.356547758334
     0.167965915606   33.949012944134   15.271559418661  308.277218070453
     0.168976833575   33.873913024462   15.272237925138  308.095148768932
     0.169987751543   33.598903387356   15.241575312464  305.827919320683
     0.170998669512   33.682722726598   15.281176864511  309.084586794128
     0.171998974776   33.498233843206   15.271959312722  308.453629461029
     0.172906991547   33.329896788348   15.259958983151  307.106746361497
     0.173896738337   33.344395506915   15.307259637744  309.532825979118
     0.174904671936   33.241725337667   15.299403780032  309.526832984717
     0.175905091437   33.124391520494   15.264670858499  307.931182965729
     0.176908890265   32.996772640510   15.294493071318  309.374081294273
     0.177346717413   33.048181465755   15.317972042899  311.069537100736
     0.178359887755   32.976222088938   15.319732532883  311.111951906571
     0.179364720904   32.737970273116   15.260882398040  308.210175202116
     0.180369554053   32.815368205104   15.316092456870  311.501817166266
     0.181371350200   32.754101379573   15.323424694444  311.860778483224
     0.182238354741   32.621015372242   15.311959175479  310.852941709463
     0.183039258061   32.481957335557   15.326524976402  310.675792628513
     0.184048279112   32.550763296938   15.370000174210  313.975145047570
     0.184937783916   32.377064152797   15.309611372040  311.156156364364
     0.185731869452   32.377953297686   15.334086263943  311.500973013904
     0.186525361946   32.334920830713   15.375570878356  314.392089827891
     0.187247252512   32.330814371458   15.393033327159  315.591325167381
     0.188248946597   32.180729011184   15.381286875600  314.887714318218
     0.189032300067   31.992897903134   15.309039103416  311.599148414524
     0.189958303646   32.086306370061   15.385369092597  314.637864380357
     0.190966345814   31.992107471691   15.358684877775  313.655947734824
     0.191974387983   31.883499277655   15.336886159258  312.506797273255
     0.192974518502   31.765396667209   15.332724160481  312.236204144688
     0.193728820980   31.663834251781   15.330261266702  312.040683675793
     0.194464314564   31.586912216020   15.345199861695  312.511575507473
     0.195398867905   31.640193913430   15.397667684827  316.209040454355
     0.196118919590   31.526796401949   15.377214842970  314.800478214917
     0.196433670582   31.481794740518   15.345786606890  313.531576513292
     0.197182625324   31.534368116751   15.400205178340  316.200931429051
     0.198151329256   31.444675627960   15.406505519453  316.744225318920
     0.198557196528   31.417196483521   15.380741074238  315.524274324944
     0.198566860034   31.416565490327   15.380555492136  315.502362016672
     0.199438741189   31.480953762780   15.406072301162  317.627161252076
     0.200296506212   31.490392930439   15.447707523388  319.462975310213
     0.201154271234   31.365859566527   15.426517453173  318.138367549423
     0.202047553827   31.249325139917   15.413640255558  317.279132669049
     0.202642793650   31.202319620670   15.412630656028  316.775154368863
     0.203180660961   31.094540960237   15.390956621104  315.644266368996
     0.203718528271   31.195953726820   15.447721891084  319.095024464431
     0.204256395581   31.237693213656   15.503412156238  321.480482077177
     0.204794262891   31.200446760299   15.486238703204  321.113513810774
     0.205453379063   31.107657961996   15.468774959477  320.082793194128
     0.206260666662   31.031062080665   15.462617302990  319.702905924632
     0.207004237136   30.951395217569   15.417012108970  318.114994975512
     0.207733227797   30.863697799770   15.423299789911  317.256948818941
     0.208462218458   30.941464479736   15.464715441231  320.689883560354
     0.209191209119   30.979463962529   15.490575537073  322.123160847868
     0.209920199780   30.845831349394   15.467244864064  320.391899501688
     0.210757724520   30.714083294762   15.440609380072  318.719252395723
     0.211609986748   30.627100095500   15.423629963625  317.617850592750
     0.212433012358   30.758373323540   15.484385955406  322.493105157835
     0.213193910152   30.752257145381   15.508249492531  323.837454214861
     0.213954807947   30.589238598676   15.488293903815  322.167381111785
     0.214715705741   30.505875276294   15.460737071124  319.700043090543
     0.215476603536   30.557559770177   15.471969024587  321.415103674059
     0.216237501330   30.606867122900   15.524233889138  324.672160686881
     0.216998399125   30.526083196280   15.519992973346  324.472405858094
     0.217759296920   30.429786445827   15.495301822690  322.322591120882
     0.218520194714   30.323152729236   15.470297126317  320.173826013281
     0.219260547810   30.399776936987   15.495317914393  323.065278432937
     0.219945354129   30.445547019199   15.541824058161  325.833994011195
     0.220630160447   30.423879482995   15.546398236694  325.742166104868
     0.221314966766   30.352315871306   15.536545799330  324.996952132366
     0.222029955391   30.245116244467   15.522838495506  324.364959526918
     0.222736997203   30.204012621729   15.519481588905  323.683717210107
     0.223444039014   30.135266527588   15.492770826390  322.344704959089
     0.224151080825   30.291781915457   15.561439556681  326.764087499631
     0.224858122636   30.233361846913   15.551742068991  325.879094902707
     0.225565164448   30.178576385363   15.539470581292  325.298981310983
     0.226272206259   30.159476891758   15.557812555816  326.564931090273
     0.226961728762   30.073070040979   15.553689084958  326.395648331499
     0.227412236880   30.065623433364   15.554402513809  326.344952964549
     0.227862744997   30.007224001960   15.546651408933  325.424581952770
     0.228313253115   29.923921506100   15.538596492198  324.073519741014
     0.228763761233   30.003447808274   15.588230441176  326.824334564061
     0.229214269350   30.071058520739   15.616288750734  328.940404840803
     0.229734649427   30.017650546702   15.603103453054  328.230400173411
     0.230410550962   29.924944972100   15.576372608689  326.309507074527
     0.231086452497   29.845813716632   15.543250879472  324.902662399650
     0.231762354032   29.800175095853   15.530433112786  323.783159711589
     0.232298221983   29.793287651873   15.536918081293  324.209922731301
     0.232732306542   29.908254866163   15.577630763654  328.270641423491
     0.233166222911   29.995413126628   15.639606272455  331.858030223623
     0.233599967946   30.015441569056   15.680951631808  333.469133905466
     0.234033550240   29.950824602569   15.690860862991  333.054973081207
     0.234466966151   29.880782038021   15.655746494067  331.538530832947
     0.234900224920   29.841545409402   15.647394166288  331.139451811071
     0.235333305609   29.821319320927   15.646097412056  331.024724206196
     0.235766235343   29.791143663663   15.641929393886  330.793159104735
     0.236199008053   29.753047527795   15.639415159737  330.653196662142
     0.236631613904   29.727083301542   15.641246040219  330.760565639396
     0.237068369146   29.698068233248   15.641689729860  330.799203404334
     0.237711560837   29.634876818364   15.631372652393  330.205157742012
     0.238304407137   29.554902178940   15.610222425910  328.691578086574
     0.238878708242   29.480791543742   15.554815472351  325.931547595143
     0.239403043413   29.520182618681   15.576912062991  327.241636429521
     0.239982515062   29.610472858987   15.639776952662  331.443770888728
     0.240561169184   29.560501924968   15.643562831834  331.104457780877
     0.241153804680   29.473678211665   15.607680978544  328.801596383229
     0.241746137567   29.365644595012   15.589242223078  327.176409966541
     0.242338118638   29.558492351492   15.654049054061  332.618262665216
     0.242929838931   29.517234924638   15.662886200513  332.781893510051
     0.243521276872   29.410269382937   15.628659152982  330.185945448250
     0.244112636093   29.380567591582   15.616998723569  328.823880126425
     0.244703995314   29.345168775776   15.610563057009  328.882195006046
     0.245295354536   29.562101238210   15.702964710203  335.742167294407
     0.245876386078   29.579138682589   15.734356919449  337.440811116916
     0.246041921660   29.560597069005   15.731805713490  337.253821194182
     0.246047371297   29.560017218924   15.731701032947  337.246982283448
     0.246592335036   29.540217240557   15.736745009999  337.382743775385
     0.247154093516   29.342637338720   15.666221232123  332.123557593941
     0.247557748790   29.208546014862   15.622264531013  329.979792111477
     0.248063744543   29.127426725850   15.624650198823  329.934845449421
     0.248514252660   29.062477853423   15.613611708106  328.759503166884
     0.248964760778   29.145450694358   15.650492950945  330.633406992906
     0.249415268896   29.190924524565   15.646965163543  330.753694440607
     0.249865777013   29.295488354170   15.682905107920  333.180481932353
     0.250316285131   29.334644517661   15.720763970091  335.678778762300
     0.250762288167   29.295359412728   15.716664534157  335.453134431666
     0.251212796285   29.261014612376   15.708123529717  334.815448296451
     0.251663304403   29.239360390844   15.701185189709  334.200512766302
     0.252113812520   29.213639285152   15.696483078509  333.949756844825
     0.252564320638   29.212549856653   15.709476680615  335.034234643616
     0.253014757734   29.231699346817   15.736578928569  337.044550010761
     0.253494635271   29.224345323766   15.758537129194  338.630084968311
     0.253974342081   29.180406298892   15.755040875037  338.122648197814
     0.254477897157   29.133113154543   15.730565130885  336.563485433794
     0.254845000728   29.103474975948   15.710952478034  335.204150747283
     0.255192164180   29.053883865010   15.697854491023  333.791858652083
     0.255628731730   28.949279653589   15.675529028491  331.732461764193
     0.256151197334   28.961696600755   15.681568991712  332.537673192710
     0.256673662938   29.077797519000   15.743293687944  335.983131682669
     0.257196128542   29.031231632143   15.694846574885  333.727170403289
     0.257718594146   29.204724599947   15.754567002561  338.438434527513
     0.258328814293   29.161096830124   15.783952217083  338.670142699112
     0.258823761676   28.976996717970   15.707493647764  335.185196221055
     0.259310310443   29.007661117733   15.751672187609  338.284143172935
     0.259796859210   28.942755618348   15.748842476546  338.170487802877
     0.260283407977   28.887564568533   15.742079080331  336.967001959490
     0.260769956744   28.914319889189   15.753809293885  338.107002043981
     0.261267751648   28.796278934442   15.722610204328  336.123562998809
     0.261718259765   28.760614777195   15.704143113614  334.682429172289
     0.262165306598   28.749127988575   15.705413587396  334.801082423773
     0.262616913023   28.616397401670   15.688769958570  333.142796282578
     0.263068519448   28.683171237546   15.705153408669  335.036027966506
     0.263520125873   28.863978425893   15.773353291342  339.103088490975
     0.263763993342   28.849727486582   15.773338580567  338.870387748157
     0.263768509406   28.847768150696   15.774418045715  338.900392802601
     0.264187504747   28.704216721838   15.736809733659  335.950528384308
     0.264724986726   28.656789676064   15.706651665637  334.842085032370
     0.265262468706   28.727426302331   15.769186117638  338.121381127092
     0.265885799775   28.292706001466   15.638548234267  329.309240798806
     0.266462167179   28.313183575921   15.605437044597  327.313432474109
     0.267038534582   28.252584935421   15.590113017297  326.940706868944
     0.267614901985   28.486106908947   15.686982615015  333.433310937439
     0.268326042243   28.558906526876   15.739286803327  336.845478579503
     0.269077335158   28.548284880924   15.763952294690  338.485978346797
     0.269729472794   28.334559712551   15.679807183200  332.685357458815
     0.270361087196   28.175290328021   15.610831158307  328.094197694756
     0.270992399033   28.126698401896   15.607260860852  327.661933188229
     0.271574688757   28.038594683918   15.595042085162  326.920014633881
     0.272138895987   28.042089517519   15.599604058320  327.116726486708
     0.272690113911   28.124947122933   15.631609247234  329.877902062716
     0.273197845899   28.260103475623   15.706830833756  334.999526229880
     0.273705577888   28.292742482854   15.727259487486  336.091500895083
     0.274209248021   28.307431422056   15.727166302886  335.819466254396
     0.274681461538   28.294745255389   15.738083704868  336.717374655588
     0.275149701120   28.294003821464   15.760469018518  338.312621547090
     0.275621609588   28.234201495037   15.764118908073  338.318682410469
     0.276093358387   28.158801840902   15.744730603716  336.994837519826
     0.276564898285   28.169442359282   15.742486701808  336.786346198952
     0.277036328313   28.185653349502   15.747985585478  337.250125511013
     0.277507602713   28.152011108551   15.752279403502  337.761155499103
     0.277978669420   28.155797443165   15.762461043142  338.422361596894
     0.278449630921   28.156851239978   15.764451646052  338.456715784047
     0.278970057432   28.110878133863   15.755892490967  337.955914411745
     0.279649442716   28.136419402427   15.773754016959  339.038105737741
     0.280285697911   28.001814603969   15.756680950402  338.117699383499
     0.280868574293   27.785465037240   15.664413859666  332.106666685138
     0.281427416651   27.641173882832   15.610407175846  328.210937384221
     0.281972614780   27.586227724014   15.604780212126  328.629031280165
     0.282530776602   27.837014420937   15.700126497338  334.517627829479
     0.283088938425   27.775240026074   15.686437859368  332.855765785003
     0.283647100247   27.720355128636   15.659803748278  330.890496876741
     0.284205262070   27.695423568758   15.656636359535  330.673740130434
     0.284763423892   27.597047435356   15.643405490955  329.899741698638
     0.285321585715   27.604196959253   15.648290558288  330.311358986746
     0.285830481902   27.533312683081   15.641917557804  329.910629827598
     0.286291949650   27.499751130675   15.638943419820  329.579592752739
     0.286738431968   27.525212156827   15.647917971528  330.411021996914
     0.287173049514   27.673029643791   15.708203488495  334.941632390377
     0.287624473379   27.743132197523   15.764951123390  338.540242357275
     0.288084259388   27.737584003906   15.770457022842  338.937775537350
     0.288544045397   27.731447580127   15.772903522162  339.230347863013
     0.289003831406   27.703359675712   15.775013721442  339.649345299851
     0.289463617415   27.696376907313   15.783457599902  340.257047911800
     0.289923403424   27.720890202804   15.798852662904  341.111914156984
     0.290383189434   27.682843358621   15.796611884139  341.033372034041
     0.290842975443   27.643606109856   15.792016792271  340.849946631443
     0.291302761452   27.650025188176   15.794548665084  340.910263117182
     0.291762547461   27.615749562844   15.781426751692  339.834206838543
     0.292222333470   27.579235702043   15.759786389372  338.103946219078
     0.292682119479   27.575017218616   15.751790529658  337.345482888174
     0.293132069091   27.540820156925   15.744039550226  336.794538379986
     0.293571237322   27.484595456321   15.736455542634  336.472622269538
     0.294011059167   27.479731574800   15.741757834105  336.813866466706
     0.294444754969   27.456409407476   15.740351486013  336.678992483715
     0.294899088790   27.423813703787   15.735136136162  336.314487099907
     0.295353422612   27.409718851307   15.736106383300  336.358123331842
     0.295807756433   27.384286098042   15.734919170437  336.303289381035
     0.296262090255   27.353342322864   15.733333145077  336.355446316434
     0.296430193769   27.342495821313   15.733211252335  336.356103985186
     0.296434737107   27.342219970345   15.733206563830  336.355303777806
     0.296889070929   27.316113114337   15.729159813772  335.959009659847
     0.297343404750   27.275363859566   15.717314313365  334.982742010731
     0.297857810290   27.233752811320   15.704210503930  333.709190219259
     0.298413460057   27.231877021644   15.701052503027  333.143996748870
     0.298875062723   27.180215284569   15.693981712013  332.647742003060
     0.299322708366   27.171241042309   15.689805465643  333.376372036570
     0.299712934591   27.319404547317   15.755175257263  337.978154391390
     0.300108469317   27.415677584354   15.815451365629  341.601169054503
     0.300517555124   27.372737863211   15.818464882638  341.938972832569
     0.300919104650   27.340053655090   15.806510070539  341.026883795623
     0.301328001201   27.343140022334   15.805270883179  340.796824514831
     0.301740077202   27.301161898012   15.797522730861  340.407204415983
     0.302152006442   27.286569285874   15.799361387063  340.584037066763
     0.302563852362   27.299926014048   15.811920177260  341.444394414015
     0.302975611681   27.271852651117   15.814218665737  341.768466536258
     0.303387227138   27.250568616058   15.816652412268  342.031575464202
     0.303798728139   27.264968316865   15.826274882366  342.621688179923
     0.304210153657   27.230775600286   15.820618008722  342.190986914032
     0.304621445034   27.168335258201   15.803271323110  341.089296192192
     0.305032608168   27.156554007663   15.798815623831  340.709355718426
     0.305443686269   27.150367116774   15.795439492294  340.312230072900
     0.305848081613   27.092616183169   15.777492828284  338.977770791630
     0.306239202347   27.062084567660   15.765301049380  338.008201911472
     0.306636799476   27.078451194087   15.767990609797  338.000353779534
     0.307024454732   27.048398244562   15.764245897231  337.642958314312
     0.307428426345   26.986742507834   15.752004483619  336.709048602251
     0.307825713919   26.968450106550   15.747168061084  336.230140473211
     0.308226193524   26.964944696020   15.746409050578  335.942760032562
     0.308636414863   26.943656636801   15.743209872606  335.499149523993
     0.309046511941   26.927384951661   15.743504573439  335.489156997354
     0.309456508900   26.901422870801   15.741076994202  335.363667876480
     0.309999775083   26.857002193381   15.734091541657  335.025546434067
     0.310445823783   26.827174908250   15.731509111248  334.926531852650
     0.310891872482   26.793206408045   15.725455843623  334.786648405024
     0.311337921182   26.858942248492   15.747018720767  337.589621011369
     0.311783969882   27.018647893951   15.836481740379  343.265136921674
     0.312230018581   27.063020434725   15.865294294930  345.353424643011
     0.312676067281   27.030521473960   15.855408583292  344.553225300066
     0.313122115981   27.011232952318   15.846764276019  343.937061306920
     0.313505717862   26.997711289879   15.846136489461  343.887081127994
     0.313806988725   27.000661961584   15.849619959203  344.180216934008
     0.314113569875   27.022886302727   15.861457057046  345.101867934247
     0.314420100382   27.040292934244   15.877143847106  346.227217687930
     0.314726567281   27.028875109595   15.886560479766  346.849685898956
     0.315030514863   27.005132333625   15.897296976534  347.052064043994
     0.315336852574   26.989231658542   15.901029716408  346.937451708404
     0.315643139493   26.984889301891   15.893796842816  346.624651963973
     0.315946917350   26.968621554382   15.884294592558  345.962700688286
     0.316253074382   26.938928485050   15.871528406303  345.004506392859
     0.316559165012   26.913945303192   15.861151822534  344.239984623917
     0.316865204743   26.898535841554   15.855896397752  343.811306620086
     0.317261437057   26.866557293107   15.846733899230  343.009683395039
     0.317720264542   26.815716054984   15.826956968703  341.355723919829
     0.318178965396   26.790319369731   15.810633683144  339.847773723092
     0.318637534064   26.761240839258   15.790117493153  338.675210545480
     0.319069275709   26.744875727740   15.785564793183  338.329728568304
     0.319480840482   26.733208386657   15.789571085720  338.316540399780
     0.319892405254   26.737626236440   15.796610947874  339.090816843703
     0.320303970026   26.859176857132   15.851518626910  343.573295784455
     0.320715534798   26.949116945317   15.910091305100  347.727894419653
     0.321031529098   26.952619376273   15.921299704415  348.446119437241
     0.321285839143   26.941241259220   15.915060223498  347.838384534628
     0.321550327019   26.932893150976   15.904535625694  346.972229145260
     0.321943836596   26.917456921291   15.894991538771  346.301726210559
     0.322334216401   26.908008479328   15.904229732664  346.938404915641
     0.322346414179   26.908312840833   15.905168824739  346.987498510578
     0.322350480098   26.908422339676   15.905491417982  347.004214987935
     0.322737511560   26.928562682859   15.943096473484  348.961166748750
     0.323125510067   26.940795861966   15.951875251693  350.259665545769
     0.323484527406   26.919982520833   15.945830244880  350.329637254135
     0.323838980988   26.882222281703   15.942170795556  349.685698764531
     0.324201321460   26.866833569373   15.934962328591  349.180764970282
     0.324563661932   26.883074113803   15.937849969234  349.460600175965
     0.324926002404   26.906357158566   15.949027709476  350.182293414369
     0.325288342876   26.927841910696   15.959238417188  350.790673873753
     0.325650683348   26.931092840786   15.963942362669  351.151925054332
     0.326009400416   26.910658858557   15.965962376770  351.365624827970
     0.326371740888   26.897687484972   15.970678774033  351.603630753636
     0.326734081360   26.893261618090   15.975707958630  351.656666260679
     0.327096421832   26.854251706665   15.964480897533  350.796267647648
     0.327547537829   26.806140474511   15.950413495012  350.034432114931
     0.328040353663   26.803160901188   15.957348528125  350.248879955952
     0.328436247318   26.771529068244   15.948274393604  349.539294881337
     0.328829071782   26.716600340740   15.926765949326  348.660849722274
     0.329203524204   26.698185822232   15.914149752659  348.461077831254
     0.329598910995   26.711809413108   15.929016471318  348.803012916638
     0.329994297786   26.703340129373   15.929693328190  348.402376027248
     0.330389684577   26.671517243749   15.907170238617  346.348917663167
     0.330781090108   26.625700072028   15.881299437238  344.145119146987
     0.331171801898   26.564839201392   15.859009209205  342.629933472086
     0.331501285131   26.540406714344   15.853748451108  342.391916783827
     0.331821355508   26.527415898433   15.855916242025  342.508543164506
     0.332119627231   26.494185456609   15.852521547468  342.145127860121
     0.332422685982   26.501937868037   15.856768998968  342.765796146173
     0.332725686402   26.620451891582   15.904724765783  346.509664082979
     0.333028632823   26.730229592134   15.964068808439  350.368222930858
     0.333331534323   26.759861397333   15.983260987854  351.278898794984
     0.333634377135   26.744830777316   15.975005810953  350.569862758284
     0.334034019498   26.735454642661   15.975610314838  351.084545719360
     0.334488063181   26.758903868680   16.011349938876  353.733865493334
     0.334941994714   26.731430860154   16.019923395406  354.236195600885
     0.335395768379   26.700319031321   16.000191059462  353.340604597888
     0.335846658361   26.686570389262   15.989581967983  352.482692702148
     0.336234223014   26.637896353394   15.979285843725  351.545847898310
     0.336600511922   26.590142661906   15.971979074625  351.029089705469
     0.336966800829   26.580536988506   15.968787992952  350.721666665307
     0.337326261473   26.586447020146   15.965523148746  350.713113966043
     0.337637206119   26.614393550812   15.979397733410  351.778349608805
     0.337931978044   26.652445702400   16.001225580192  353.188955934832
     0.338217054141   26.668307567646   16.009577132042  353.616314229529
     0.338509335757   26.642062296916   15.999081339716  352.729161770406
     0.338791895232   26.596149088142   15.982664806326  351.509749158865
     0.339086460305   26.576802029146   15.980950588595  351.312872631932
     0.339388220245   26.608759030552   16.000008864469  352.708048425393
     0.339682699185   26.635837407505   16.020520055593  354.201716955228
     0.340076050334   26.608373498223   16.024804019798  354.691327822681
     0.340526582877   26.594942982564   16.030610897601  354.997489888644
     0.340862409923   26.596699350601   16.035739423326  355.040297820471
     0.341163869048   26.553928842785   16.022239824701  354.128205414644
     0.341465245551   26.505284753653   15.998520454332  353.203058536508
     0.341766555501   26.483325508148   15.991040333397  352.804216259295
     0.342085901142   26.466768498443   15.989268021522  352.187321772663
     0.342529962649   26.455080882587   15.994498620052  352.052050838752
     0.342936103728   26.435599219037   15.984823362275  351.375504589219
     0.343342244807   26.395898442422   15.952866608141  348.439227592710
     0.343748385885   26.401742521401   15.928059358061  347.274676763082
     0.344154526964   26.555988708296   15.995048126415  352.291738489469
     0.344560668043   26.644090338796   16.059732263669  356.350011123544
     0.344926222358   26.622161020237   16.068131330294  356.894786485059
     0.345162733439   26.580606115571   16.061097763705  356.430870922529
     0.345166372071   26.579877141386   16.060942978952  356.420696298228
     0.345530235271   26.512228006682   16.042500138521  355.227536834772
     0.345894098471   26.498727449273   16.032436996862  354.682078722935
     0.346142980900   26.526306990087   16.037541924571  355.116223221734
     0.346367891812   26.553788793205   16.047070144105  355.802096626606
     0.346614249110   26.558875410328   16.052543535317  356.119905060320
     0.346862571834   26.543551608829   16.048281910408  355.651449466528
     0.347112867134   26.525189887861   16.038607379578  354.890489885027
     0.347361124450   26.509077466282   16.034252927467  354.468280736493
     0.347611344106   26.495327358148   16.043035965367  354.473034915751
     0.347859008001   26.487781082261   16.050236262959  354.636779111083
     0.348109144976   26.500776141696   16.052390383976  355.310172662299
     0.348359245017   26.525124602509   16.065610953086  356.566470055567
     0.348609313674   26.527621650077   16.077379143595  357.330467925349
     0.348859345737   26.500239058732   16.074472494741  357.110860234364
     0.349107336992   26.467095604838   16.065425891745  356.539104763362
     0.349355288890   26.461630873847   16.062708123683  356.383640979758
     0.349605208494   26.484028421456   16.069216556066  356.835689446225
     0.349855084074   26.502931715032   16.077942207633  357.450545531784
     0.350104926064   26.495422334608   16.081193167114  357.689636835885
     0.350354731104   26.471954253159   16.077987883119  357.502305646486
     0.350604499909   26.459244235429   16.076209830670  357.489656710646
     0.350854233223   26.466584104406   16.082794102524  357.986020271638
     0.351103928806   26.480946988977   16.092410390989  358.585911125437
     0.351353583105   26.486225433501   16.098097414661  358.910380920807
     0.351603203330   26.474305027751   16.098124450345  358.904520083805
     0.351852763357   26.453897074704   16.095477419967  358.753353890821
     0.352102292840   26.436284590933   16.093486322793  358.630876701351
     0.352349809244   26.424154639976   16.091937106992  358.532211414201
     0.352599288298   26.416003162641   16.089435251245  358.383803575930
     0.352848729688   26.409649877441   16.085348383304  358.138233565729
     0.353098128848   26.410524342530   16.083061772653  357.956123934458
     0.353347488106   26.415174811362   16.083618047644  357.863733621799
     0.353596823879   26.404383064530   16.081298266503  357.514671298043
     0.353846123966   26.368186449451   16.070419089267  356.625491645405
     0.354095382312   26.325544257678   16.055363494825  355.557996508147
     0.354344593754   26.297593331505   16.045348404809  354.874983526466
     0.354711175128   26.281397659840   16.040180634700  354.345048560727
     0.355085249405   26.251111278346   16.026604499845  353.013253942465
     0.355410911770   26.200997788401   16.006424108512  351.305014661658
     0.355688596609   26.151455367502   15.988791886237  349.947591829460
     0.355976373228   26.112170144774   15.970104101336  348.870011572877
     0.356267002685   26.114481666113   15.965573386345  348.977703443119
     0.356553757969   26.204838833529   16.000614068437  351.818715796785
     0.356841452537   26.311861585008   16.061027522538  356.161039244916
     0.357138255877   26.359639723157   16.105724071411  359.063750567725
     0.357506210145   26.366392554807   16.112723015023  359.456731938254
     0.357847714344   26.338892153166   16.099946147910  358.804977842808
     0.358156929988   26.327796455240   16.102310540056  359.320464955903
     0.358448172188   26.339511166507   16.121110124298  360.726942165430
     0.358736983073   26.332959535523   16.130923075032  361.396049300846
     0.359030494123   26.256935046000   16.106686337509  359.520790541891
     0.359369569652   26.066047140334   16.030151189389  353.900956063345
     0.359680892263   25.960496725152   15.987340108371  351.119181020979
     0.359953364333   25.930110548298   15.981496839918  350.799758210997
     0.360239519313   25.907634899494   15.977700261540  350.454965882468
     0.360537539343   25.877192333986   15.966726134029  349.351678506275
     0.360835532106   25.881736382824   15.955020022068  348.873282175668
     0.361133475799   25.987508235674   15.994788310408  351.926690390484
     0.361431348676   26.079325277667   16.056792686065  356.083416981496
     0.361729166458   26.114110089132   16.080679869088  358.298117054023
     0.362026954645   26.136370600831   16.089362747413  358.880046788740
     0.362324689984   26.129440760036   16.086097641774  358.493291957919
     0.362622352596   26.085211706170   16.074337629126  357.576459048146
     0.362919967983   26.048154811161   16.062031517923  356.607119979181
     0.363217555949   26.045761254872   16.057643434381  356.228096308233
     0.363312772690   26.048083142747   16.057720654693  356.199708201271
     0.363315748088   26.048147507079   16.057725966450  356.198938338627
     0.363613253581   26.041443107538   16.055828122798  355.947545871840
     0.363910690140   26.010893336543   16.047256511957  355.355001822900
     0.364208069160   26.001687536055   16.045797904528  355.533932648921
     0.364505413476   26.023042820433   16.061649670474  356.935924693125
     0.364802715498   26.022895868100   16.076633835543  358.028853197457
     0.365099950861   25.986570028331   16.072659473607  357.623331343907
     0.365397150876   25.968025361649   16.061694658976  356.743316781691
     0.365691932313   25.974831868168   16.057868218042  356.392400419155
     0.365989031869   25.960252513921   16.054539397230  356.013572971628
     0.366280714562   25.928517285639   16.045587172954  355.401245150559
     0.366651375636   25.935659476849   16.051326262463  356.316062434368
     0.367053337146   25.986726978502   16.092590450487  359.282837363876
     0.367382939425   25.973489855316   16.106471403432  360.199191224574
     0.367679768918   25.941842742426   16.103708330542  360.033151637322
     0.367971793129   25.912599868508   16.091432001904  359.487157159482
     0.368263754887   25.883189480032   16.071493501104  358.547824923895
     0.368558042157   25.865142833733   16.066449383716  357.829384243052
     0.368854652091   25.872828186910   16.076706125144  358.117005512289
     0.369150039267   25.886362338502   16.087822596835  358.826371340909
     0.369439438020   25.880340798919   16.085780792866  358.828176494543
     0.369727604437   25.852307387972   16.073067538119  357.750138520787
     0.370021659373   25.824659931644   16.054784537775  356.171064748266
     0.370318032538   25.794169315885   16.038591805256  354.863477181800
     0.370607238648   25.750040203564   16.025006048545  353.796266048789
     0.370903505930   25.709818879347   16.013471535825  352.887141469489
     0.371199730614   25.689467170792   16.005581330319  352.353432025587
     0.371495913257   25.679480905465   16.002505756145  352.155285876430
     0.371792034580   25.659321654898   15.999123169122  351.940143288997
     0.372088106656   25.631174045418   15.994810629921  351.726044153441
     0.372530666951   25.582700809622   15.987258044907  351.411838559301
     0.372956539537   25.532347027566   15.976311837818  350.442685755994
     0.373300933414   25.515127611674   15.968402839703  349.525738054390
     0.373620227567   25.540629504309   15.969151796993  349.897602745178
     0.374022587583   25.676969684821   16.018682752381  354.732892770349
     0.374411264662   25.724714026811   16.075429346882  357.967344119629
     0.374762383664   25.617793128959   16.038150903182  355.477666240400
     0.375110675713   25.560931612314   16.032407350725  355.916283148350
     0.375452898435   25.480911743590   16.026022807229  355.764087360743
     0.375781727194   25.319606687750   15.959105971796  351.734734906446
     0.376108252789   25.275177149156   15.947895748388  351.121474629206
     0.376451290263   25.239251503653   15.950102652118  350.801179449170
     0.376773955913   25.184348076890   15.923440848793  348.729650472968
     0.377111494776   25.167654752054   15.906029083573  347.152455583541
     0.377433377176   25.154017313479   15.897867009759  346.608960912313
     0.377761644324   25.121669200658   15.891866112964  346.690610164133
     0.378099189913   25.131220500071   15.905977380344  348.288073038888
     0.378429420539   25.165214782220   15.939362940798  350.507304229492
     0.378762851217   25.164045010309   15.950657519063  351.477963862725
     0.379100047262   25.134373990181   15.948026722656  351.396665070569
     0.379448841290   25.133698957426   15.949846785776  351.743723355603
     0.379810161883   25.133624331309   15.959333134426  352.499093798857
     0.380187487861   25.105219238643   15.957690600781  352.491870226647
     0.380564765861   25.104963930683   15.961143570666  352.870998248518
     0.380954522392   25.098073666037   15.964417465267  353.123129586318
     0.381347334406   25.070688221198   15.961783170353  352.891872310548
     0.381740102184   25.034530490174   15.960782042261  352.302464946116
     0.382132761522   24.895085773033   15.901931106208  347.936703643793
     0.382525343594   24.744584528547   15.824203815644  343.486300499125
     0.382917867805   24.712035433626   15.823655760221  343.712141972726
     0.383310297583   24.644175180412   15.814253711120  342.867963116558
     0.383702650888   24.580041885877   15.789986661448  340.713624911324
     0.384094923724   24.586728303360   15.783272656488  340.110979076375
     0.384365523191   24.664095743604   15.811892778337  342.580365039169
     0.384369444641   24.665355809345   15.812481942320  342.628985482255
     0.384761570723   24.767102707618   15.873126619482  347.370390384538
     0.385153637854   24.803545550041   15.913429596119  350.068622416687
     0.385545590687   24.751018927834   15.911650269978  349.277574308317
     0.385915551231   24.608997302294   15.843377007748  345.265030568475
     0.386304266789   24.556894545637   15.843750951626  345.813405175311
     0.386689721903   24.429174970231   15.821241485367  343.990555264343
     0.387078268961   24.268957446803   15.745586805304  339.588524113915
     0.387463613143   24.224649939877   15.733150882728  338.914387282891
     0.387848849151   24.169589769806   15.719157926644  337.914703549901
     0.388223870750   24.143299527581   15.705620356812  336.619558575528
     0.388602736385   24.109005706845   15.690282961132  335.492990630732
     0.388984655209   24.049260537085   15.675058458904  334.615920069191
     0.389363388054   24.036595761535   15.672148896332  334.684911906046
     0.389748295605   24.044812556221   15.682016397456  335.636023718292
     0.390246185590   23.988435360910   15.679143255963  335.624992187828
     0.390820206348   23.929118270710   15.662160682881  334.465819715758
     0.391362676502   23.877593699702   15.643256633259  333.245042652258
     0.391826064403   24.003705513921   15.679251206832  337.170902983493
     0.392289452303   24.070388954439   15.743864878042  341.293755959873
     0.392752840203   24.004613838220   15.745178483757  340.511002871315
     0.393216228103   23.837047664721   15.673410909045  336.213607058368
     0.393679616003   23.777743783330   15.665283984825  336.396192982915
     0.394143003903   23.772212462830   15.677621033906  337.503867424951
     0.394711802890   23.774142422781   15.692032313438  338.546350724712
     0.395332639214   23.699656053313   15.685740539142  337.732845613449
     0.395953475538   23.542677983498   15.635413144395  335.668389994348
     0.396574311863   23.366066663703   15.558885834891  331.684470166097
     0.397188733925   23.252127386791   15.548688258205  330.902095101244
     0.397740574359   23.167435469657   15.509822760699  328.094964769464
     0.398259604273   23.109219187758   15.486996317523  326.003883273990
     0.398778079210   23.074816740140   15.474374318813  324.410677586275
     0.399309266662   23.052034403819   15.460760589344  324.451252556002
     0.399844622033   23.048919061347   15.487856564907  326.996775582273
     0.400516138100   23.050213743703   15.529031430030  330.021631784764
     0.401186330383   22.987896379072   15.517602122412  329.262514508644
     0.401831364290   22.925748420567   15.485935468121  327.758242021675
     0.402476398197   22.785856617892   15.432523968620  324.638198396100
     0.403121432105   22.707575346877   15.459255061480  325.577046909273
     0.403766466012   22.534936513485   15.365295887358  320.937409590889
     0.404411499920   22.473425218945   15.369670975250  321.298356539587
     0.405056533827   22.431939327195   15.355455313298  320.414445600574
     0.405701567734   22.358157051091   15.334760420372  318.741789095200
     0.406346601642   22.333294101277   15.323947535550  318.555212586412
     0.406991635549   22.321642710792   15.348685800569  320.307608694904
     0.407636669457   22.268315768708   15.341640154115  320.067818670026
     0.408281703364   22.236495721145   15.335516528289  319.663862726388
     0.408825524624   22.190352710357   15.322402570357  318.967010711115
     0.409407171579   22.165173122710   15.327866249310  319.410318429136
     0.409974723721   22.125224282921   15.342630149021  319.782783694821
     0.410556108188   22.052339885313   15.324262508935  318.350358418270
     0.411128055324   21.894358406281   15.246672558011  313.434270773909
     0.411695223276   21.783280119956   15.198160680170  310.832440676499
     0.412276209035   21.721728578350   15.189105016873  309.943571631581
     0.412847761003   21.726795720361   15.194324768939  310.412253536098
     0.413395957139   21.807500480578   15.234014320087  313.774924232439
     0.413950994038   21.818390099951   15.253874418425  315.406645304043
     0.414529155703   21.817236834002   15.261760334565  315.879096144284
     0.415109499781   21.793376691584   15.261376749937  315.912999682647
     0.415689722363   21.778129724728   15.265877651426  316.381035559229
     0.416269790123   21.745211650270   15.269217720481  316.587776933519
     0.416849738978   21.707427837240   15.265754155385  316.205379550174
     0.417429548685   21.651966961118   15.255915881403  315.348317900798
     0.417999970119   21.585862440798   15.232154818894  313.503406528384
     0.418302508750   21.487322451027   15.186737434012  310.723030840328
     0.418308304352   21.485210866855   15.185740689995  310.664748512905
     0.418883171600   21.365024125968   15.131438811383  307.274645701373
     0.419448626723   21.364650684456   15.135027506796  307.653495132974
     0.419995431165   21.470879115400   15.178351396916  311.164221331785
     0.420551375019   21.484409340568   15.200908990855  312.677631111523
     0.421116466658   21.469638491793   15.198611611589  312.579984699664
     0.421695333513   21.473361349712   15.213493590536  313.560250283928
     0.422237026056   21.450386345014   15.211661636909  313.576769023868
     0.422787865377   21.414919644079   15.202532333515  313.102878052081
     0.423338589164   21.367413027886   15.190373038929  311.918177576914
     0.423876483476   21.296331435222   15.166094375467  309.550030829140
     0.424433913610   21.325436681186   15.168666596183  310.088209138001
     0.425012043759   21.410618541476   15.211666041887  313.394477763884
     0.425590042213   21.434436597848   15.230234952529  314.962825177512
     0.426144792946   21.432899092014   15.237753125003  315.439396101213
     0.426713298158   21.406933340847   15.231150539983  315.059068737961
     0.427290911785   21.392490258258   15.229136204350  314.871081245824
     0.427868408961   21.379281347868   15.228229057828  314.746937987587
     0.428445802585   21.347172002024   15.219938985633  314.392583831686
     0.429023054896   21.339606658713   15.223807451291  314.613936064728
     0.429600209968   21.332699989782   15.225108369103  314.686486812401
     0.430177219557   21.311730676725   15.224948606404  314.771978553279
     0.430754119934   21.299402094128   15.228538734380  315.052161393818
     0.431330889863   21.280515153377   15.231223929769  315.276903764963
     0.431907534980   21.258097059223   15.224882127406  314.905637469930
     0.432456387641   21.232793687994   15.217848258457  314.479817038541
     0.432982062725   21.211716469017   15.209647487020  313.880331889848
     0.433526093190   21.162983312692   15.196077839876  312.415453967772
     0.434093044615   21.112452866618   15.174629730707  310.440055904440
     0.434659882756   21.111667376903   15.170425899078  310.199629245944
     0.435235789607   21.210232019763   15.211534592780  313.799838514209
     0.435811604574   21.268804080910   15.245952116580  316.225435606138
     0.436387282197   21.273514323275   15.252665140712  316.750076343255
     0.436962837271   21.271608275003   15.261331426677  317.308370410761
     0.437538265388   21.258802344389   15.271199682208  317.901510680079
     0.438104359919   21.242971524203   15.270841211450  317.784534702000
     0.438651938862   21.232315955669   15.268718962681  317.554113960459
     0.439226997898   21.220669582382   15.267759885580  317.368286837613
     0.439801935810   21.216506071796   15.264231589269  317.239748637928
     0.440376743193   21.221962481250   15.263570208135  317.282581559679
     0.440951434272   21.217975664866   15.256281694045  316.775153766023
     0.441525992876   21.212747719227   15.256625000002  316.693972143983
     0.442100454831   21.206677391895   15.259892981827  316.874929532388
     0.442674790333   21.208852443936   15.271206819358  317.614649001038
     0.443249005725   21.199779192483   15.278226847468  318.090326580553
     0.443823115053   21.191152557443   15.284660168403  318.460836932035
     0.444397071645   21.151961263100   15.273015632661  317.797513292556
     0.444970935029   21.109845179280   15.250694907199  316.313168626379
     0.445544659448   21.044744472047   15.231421419667  313.854069939330
     0.446118257013   21.127052412466   15.248742695796  315.403160201231
     0.446691748754   21.187014237252   15.293126013939  318.530835701684
     0.447265095679   21.181444720382   15.305543269009  319.319535999172
     0.447838352827   21.174201631414   15.305604669036  319.051664998073
     0.448411453980   21.150017499745   15.295285246062  318.607878383519
     0.448984459098   21.157234618993   15.301993552011  319.239475432187
     0.449557346364   21.146597851616   15.305821373012  319.487132817012
     0.450130090093   21.142064538403   15.306657715837  319.595519548010
     0.450702745297   21.136539878690   15.307662306130  319.716152109292
     0.451275246143   21.128766558665   15.309918260690  319.778872908145
     0.451847642688   21.131824129027   15.306092514887  319.792518485575
     0.452419915273   21.127883622858   15.308764383527  320.022299832909
     0.452992044823   21.131422401529   15.309149002336  319.970088289047
     0.453564098332   21.110070802041   15.304660531927  319.625778700450
     0.453872933272   21.102879962145   15.302097559023  319.478855532001
     0.453878652201   21.102586673012   15.302026814993  319.474800482248
     0.454450535060   21.079373735278   15.295030547069  318.847065542280
     0.454985677967   21.053346808863   15.283361136049  317.875954891951
     0.455511616875   21.020145750069   15.272661964339  316.732308983708
     0.456028281188   20.983915671176   15.256974461770  315.692953353802
     0.456590584732   20.958393876173   15.263006706740  315.144457690725
     0.457161894925   20.974621796177   15.268841266904  316.195829237174
     0.457733074760   21.068664335538   15.310797467132  319.832490345659
     0.458304171186   21.092475783671   15.319797627590  320.909469111276
     0.458875108922   21.102014841022   15.333367639972  321.638023539178
     0.459440241100   21.106268320899   15.340692750394  322.119186637438
     0.460010943111   21.092782409434   15.352923343054  322.877503033859
     0.460581530996   21.096380121401   15.356954838877  323.074548670896
     0.461152033452   21.087431670296   15.353893883283  322.860440819218
     0.461722374654   21.082160553253   15.359519904532  323.084544791463
     0.462292631999   21.083835684748   15.359045827046  323.038938289299
     0.462862770140   21.066231354194   15.360858946352  322.964052634360
     0.463432768541   21.068699048178   15.358513416853  322.902676873869
     0.464002686626   21.061107741191   15.357861973856  322.883207071808
     0.464572440487   21.052085280616   15.356623249480  322.929289172622
     0.465142106073   21.055756552344   15.354811147990  322.756914785941
     0.465697983636   21.003745214726   15.339005570170  321.411155076343
     0.466235517231   20.988063319180   15.325242745902  319.726492623375
     0.466804836796   20.940683976570   15.315927462358  318.350730228895
     0.467374006552   21.003064761713   15.343679430165  320.444498721059
     0.467943091558   21.062711667944   15.371713617719  322.739383218855
     0.468512038588   21.077218550712   15.392882605211  324.252399453905
     0.469080866519   21.081957537359   15.403460482711  324.856401577851
     0.469649596917   21.053031120068   15.397054393841  324.354063255347
     0.470218171170   21.052937692082   15.397741019794  324.482583832708
     0.470786677391   21.050740637305   15.397083764553  324.635737935864
     0.471355045395   21.044882193448   15.405819839711  324.956190893675
     0.471918749954   21.042850207461   15.408848327654  324.987854719219
     0.472432355580   21.002174596855   15.399898605381  324.071944684558
     0.472959493500   20.958031637465   15.377824264941  322.384978107781
     0.473527423223   20.856134306160   15.328447639562  318.895409262472
     0.474095217548   20.890234907568   15.341183225780  320.377643374661
     0.474662892565   20.970543237363   15.370916356104  323.381401071995
     0.475230449569   20.991008851503   15.385514232278  324.217195007797
     0.475797875921   20.964101857084   15.378714961916  322.963070710940
     0.476365196528   20.946025182875   15.367602727737  322.125863069649
     0.476932389418   20.942217126129   15.366580266885  322.226065877380
     0.477499476748   20.941861383650   15.374032716388  322.813404008731
     0.478066443485   20.933826625558   15.377942442617  323.281704869727
     0.478633278514   20.918482888277   15.382029818223  323.289352531259
     0.479200018167   20.887805996499   15.372846985199  322.341982769145
     0.479766615529   20.861209690309   15.364702560815  321.653419599239
     0.480333132840   20.836340981808   15.361709834920  320.956728860655
     0.480899527051   20.820427651063   15.359759626294  320.713029028374
     0.481465795217   20.902456979838   15.398003793056  323.788298533597
     0.482031977930   20.953599566655   15.434254199786  326.529317585734
     0.482598000182   20.960172508457   15.454170469308  327.685930400329
     0.483163935923   20.935130525273   15.451705321585  327.212350411487
     0.483702604003   20.848075053813   15.412179378859  324.229736786331
     0.484268302996   20.775726390699   15.363322230620  321.035886167556
     0.484833914901   20.757365989256   15.365711481002  321.096855840365
     0.485399369303   20.844882805962   15.406826782004  324.598793808287
     0.485964736767   20.905645007350   15.440164692612  327.119094585100
     0.486247366411   20.908704094350   15.448605440205  327.726235192090
     0.486253018972   20.908573882690   15.448709077125  327.733966884920
     0.486818212947   20.917138184956   15.463010834990  328.468054010401
     0.487383301038   20.893198653096   15.464593927652  328.185322354627
     0.487943739908   20.872621851628   15.455768895064  327.259634141058
     0.488508611377   20.753587088929   15.387668261792  322.691445264423
     0.489073361602   20.699989816185   15.362407325263  321.134701720094
     0.489637991414   20.694591581707   15.372761869017  321.265482159373
     0.490202522636   20.733851464760   15.387159134736  323.001276070497
     0.490766927904   20.820491406866   15.438649227014  326.980324778353
     0.491331225402   20.847580133925   15.456795848358  328.359787096752
     0.491889780069   20.849745348284   15.467528928881  329.041136842510
     0.492453845519   20.846774491162   15.473451483809  329.260437248294
     0.493017810580   20.830463166233   15.469240608123  328.881983972236
     0.493581655945   20.815922024023   15.466258426057  328.665804631065
     0.494145378077   20.818346822262   15.467709124970  328.760471375266
     0.494709009022   20.817108128879   15.468469360821  328.827990159407
     0.495272517259   20.819066105892   15.472336583638  329.074273776183
     0.495835923840   20.826887849887   15.476521179770  329.332878930977
     0.496399211603   20.823755624275   15.478002188006  329.471692491356
     0.496962382165   20.827008484529   15.485197555424  329.885934429693
     0.497525442790   20.812917992224   15.485021289306  329.782012680956
     0.498088390946   20.800571440797   15.484419380198  329.696338157425
     0.498651227209   20.781970873263   15.480127199004  329.439491603648
     0.499213954178   20.771902223759   15.477816242230  329.336320267711
     0.499776561297   20.769053613419   15.476647754588  329.427088380379
     0.500012827334   20.765778677880   15.477312109498  329.532551430937
