# {0} signal over time, extracted at r = 500 km
# All quantities are measured in a resting observer's frame at infinity
# cols=4 rows=1023
#              time        luminosity               <e>             <e^2>
#               "s"           "foe/s"           "MeV^1"           "MeV^2"
  -4.4028802497e-04  1.1163735025e-06    7.067220785865   63.644706945238
  -4.2946919518e-04  1.0978684360e-06    4.622670625356   32.267840894679
  -4.1150316288e-04  1.1093227604e-06    3.810437202298   21.839368201253
  -3.8844614000e-04  1.1821159001e-06    3.487804239769   17.658834765671
  -3.5640627659e-04  1.3616789275e-06    3.302674626736   15.281364981335
  -3.3872603994e-04  1.4923745103e-06    3.247340746831   14.570808195498
  -3.2486417476e-04  1.6097977430e-06    3.215628957241   14.158315880955
  -3.1436864922e-04  1.7079017505e-06    3.196348750552   13.901777859694
  -3.0179575552e-04  1.8353836373e-06    3.177610083723   13.647420913384
  -2.8908961184e-04  1.9751778721e-06    3.161876647571   13.431308765976
  -2.7636387017e-04  2.1268874913e-06    3.149161381673   13.254124629684
  -2.7372026835e-04  2.1598944332e-06    3.146839155084   13.221306873983
  -2.6243683191e-04  2.3066667345e-06    3.138043272075   13.094525058850
  -2.5150280427e-04  2.4580262420e-06    3.131077441537   12.990390655026
  -2.4270923076e-04  2.5863312860e-06    3.126326340429   12.916970972673
  -2.3463597832e-04  2.7091971009e-06    3.122571584146   12.856785469307
  -2.2840323530e-04  2.8073433986e-06    3.120035612759   12.814600194310
  -2.1987961250e-04  2.9461400788e-06    3.117028021366   12.762265946054
  -2.1151548965e-04  3.0876418628e-06    3.114333428580   12.714722477150
  -2.0306785727e-04  3.2358546815e-06    3.111830484521   12.669978468837
  -1.9278057145e-04  3.4236790590e-06    3.109404848712   12.622342198560
  -1.8281075445e-04  3.6143428083e-06    3.107745808473   12.583608401388
  -1.7953006154e-04  3.6790570311e-06    3.107396005150   12.572902976341
  -1.7022621834e-04  3.8683882142e-06    3.106493147552   12.544595593548
  -1.6033490130e-04  4.0793788895e-06    3.105800586703   12.518187571662
  -1.4999616139e-04  4.3108114750e-06    3.105457945030   12.495104138058
  -1.4026691584e-04  4.5383391405e-06    3.105944783605   12.480973356013
  -1.3152203770e-04  4.7505729700e-06    3.106639313032   12.471147561963
  -1.2078045386e-04  5.0213936675e-06    3.107729329874   12.461975341327
  -1.0944501044e-04  5.3192877542e-06    3.109111606103   12.455204338953
  -9.8320486548e-05  5.6253032415e-06    3.110736972811   12.452799211380
  -8.9317152880e-05  5.8849432679e-06    3.112220523195   12.454163689912
  -8.1122540722e-05  6.1298806804e-06    3.113674777708   12.457173721391
  -7.9862163238e-05  6.1682844411e-06    3.113916877788   12.457849212334
  -7.1158356439e-05  6.4386708164e-06    3.115534417818   12.462263116920
  -6.3098451289e-05  6.6971095871e-06    3.117084277232   12.467122009349
  -5.5998635087e-05  6.9309660444e-06    3.118505462568   12.472063974805
  -4.9014684106e-05  7.1665110250e-06    3.119997054032   12.477854731197
  -4.2542513580e-05  7.3897185817e-06    3.121409543604   12.483645726131
  -3.6940647232e-05  7.5866976687e-06    3.122666850399   12.489086724645
  -3.1392138039e-05  7.7853517234e-06    3.123934837858   12.494774068074
  -2.5440450975e-05  8.0023633011e-06    3.125324290858   12.501239682948
  -2.0072362037e-05  8.2015213287e-06    3.126606094816   12.507423759003
  -1.5143393721e-05  8.3878650120e-06    3.127629286690   12.512783401192
  -1.0285522897e-05  8.5751339110e-06    3.128549114990   12.517990796618
  -5.0650007714e-06  8.7801469584e-06    3.129537397908   12.523787536436
  -2.2675595329e-07  8.9735577851e-06    3.130475454273   12.529396734285
   4.1273899128e-06  9.1503961472e-06    3.131308763589   12.534398941278
   8.6271131239e-06  9.3357982740e-06    3.132189934376   12.539779972695
   1.2942578896e-05  9.5160754885e-06    3.133059639412   12.545170714546
   1.7264447435e-05  9.6990035371e-06    3.133960885133   12.550850758310
   2.0947198053e-05  9.8567268240e-06    3.134749243041   12.555868626558
   2.0989206615e-05  9.9684535008e-06    3.139543132434   12.596451551596
   3.0535585670e-05  1.0392141794e-05    3.142237932044   12.615014077388
   4.5511185432e-05  1.1075346646e-05    3.144886253528   12.631613295409
   6.2974932650e-05  1.1905647122e-05    3.146941704812   12.645233577636
   8.1521773506e-05  1.2832227560e-05    3.148284683212   12.653993666488
   9.9620814300e-05  1.3779083819e-05    3.149687643486   12.663120425223
   1.1626990445e-04  1.4684611177e-05    3.151813103668   12.678267440358
   1.3380126201e-04  1.5670062744e-05    3.155184064634   12.703357822921
   1.5163020765e-04  1.6706081530e-05    3.158887744901   12.731006429967
   1.6831880286e-04  1.7706242882e-05    3.162628353999   12.759055393504
   1.8530054866e-04  1.8753617445e-05    3.166807530021   12.790569293134
   2.0343683381e-04  1.9905670077e-05    3.171574995101   12.826795800648
   2.2099138906e-04  2.1053758863e-05    3.176499895647   12.864458285325
   2.3899084923e-04  2.2264829233e-05    3.181861448295   12.905718211474
   2.5798814728e-04  2.3579904896e-05    3.188126730905   12.954660110588
   2.7622223751e-04  2.4877441300e-05    3.194763112628   13.007192709467
   2.9564754206e-04  2.6297624385e-05    3.202480263992   13.068994086124
   3.1526671289e-04  2.7771526193e-05    3.210920934433   13.137310575992
   3.3536806890e-04  2.9322795754e-05    3.220205467739   13.213186700811
   3.5709603227e-04  3.1046373393e-05    3.230917817467   13.301544703150
   3.7809640588e-04  3.2758279856e-05    3.241887126534   13.392810897692
   4.0133925231e-04  3.4705525541e-05    3.254670132073   13.500061899645
   4.2611528078e-04  3.6841454387e-05    3.268960660840   13.620989365924
   4.5260409903e-04  3.9192764368e-05    3.284900243254   13.757039551968
   4.7681251820e-04  4.1401465376e-05    3.299975987248   13.886766967219
   5.0475416133e-04  4.4019620704e-05    3.317875361544   14.042038298670
   5.3439851155e-04  4.6874504438e-05    3.337324089744   14.212208220194
   5.6631579818e-04  5.0031973513e-05    3.358643667992   14.400425961840
   6.0066221714e-04  5.3519424010e-05    3.381856033056   14.607299950421
   6.3272619675e-04  5.6851528084e-05    3.403633402105   14.803206846433
   6.6929411014e-04  6.0732584706e-05    3.428446962333   15.028586146555
   7.0453765948e-04  6.4545590527e-05    3.452213079803   15.246644646017
   7.4268068565e-04  6.8742877617e-05    3.477659094373   15.482563848174
   7.8330300854e-04  7.3283849062e-05    3.504350958806   15.732847015203
   8.2692161283e-04  7.8231369542e-05    3.532466678363   15.999709313975
   8.7360191675e-04  8.3599332380e-05    3.561868823268   16.282435980409
   9.2336127977e-04  8.9396662027e-05    3.592368613376   16.579744355267
   9.7531579159e-04  9.5525512010e-05    3.623212118265   16.884584646560
   1.0285648154e-03  1.0187991480e-04    3.653656981317   17.189539270574
   1.0890095495e-03  1.0916948115e-04    3.686622445813   17.524117897282
   1.1580964335e-03  1.1757508002e-04    3.721997432706   17.887847526834
   1.2392896156e-03  1.2766108924e-04    3.760420037966   18.285916646285
   1.3258017729e-03  1.4541122550e-04    3.826625350207   18.857576735837
   1.4123980988e-03  2.1373385530e-04    4.113033233076   20.804209457834
   1.5126433943e-03  4.1111555517e-04    4.361417270690   22.443550675916
   1.6217890692e-03  8.6703218721e-04    4.431319006539   22.902144688184
   1.7365541292e-03  1.8318441958e-03    4.469636057496   23.319368551346
   1.7650754640e-03  2.1870494084e-03    4.475989523622   23.389977315815
   1.7667002791e-03  2.2091330149e-03    4.477648063758   23.409373480310
   1.8885614074e-03  4.5189048065e-03    4.532371079388   24.019314312847
   2.0302325882e-03  8.9938609748e-03    4.647434663929   25.258200815495
   2.1609994150e-03    0.014251518921    4.826979092204   27.279419385265
   2.3135903025e-03    0.020511177588    5.094076442527   30.510450915315
   2.4570645677e-03    0.025983319846    5.367834438841   34.090896027504
   2.6005388328e-03    0.031040946144    5.645879965264   37.987424704157
   2.7440130979e-03    0.035796514248    5.911029821657   41.957928811500
   2.9174355183e-03    0.041231769142    6.199778330902   46.566104753838
   3.0920463361e-03    0.046510438014    6.452335870247   50.822690607214
   3.2649110457e-03    0.051824989383    6.671369197311   54.665548706200
   3.4395218635e-03    0.057646092834    6.870772637166   58.261264349987
   3.6141326813e-03    0.064304394823    7.057926940762   61.698443842993
   3.7887434991e-03    0.072211188515    7.241864773787   65.116464810680
   3.9633543169e-03    0.081821826877    7.430001140076   68.642310000248
   4.1379651347e-03    0.093646325267    7.627378361069   72.373311567500
   4.3670286210e-03    0.113429388254    7.903026589895   77.651853664135
   4.6032827537e-03    0.140027783966    8.200165636197   83.452548558599
   4.8395368863e-03    0.174180329007    8.497150655193   89.378407418952
   5.0757910190e-03    0.217272373094    8.783303419059   95.211959334433
   5.3120451516e-03    0.270380726547    9.048766945858  100.746073679383
   5.5482844283e-03    0.334442190678    9.289011875119  105.882715343804
   5.7843977152e-03    0.410939099381    9.506521533519  110.654151625875
   6.0202496264e-03    0.500261856613    9.701604685242  115.045777909925
   6.2558857533e-03    0.600976626967    9.864233121448  118.821318898861
   6.4913802458e-03    0.712590190899    9.997566877681  122.011703815263
   6.7333709304e-03    0.839248981772   10.108197885604  124.703301458826
   6.9836289117e-03    0.985767402667   10.204537010172  127.077265487646
   7.2338868930e-03    1.152099222774   10.296078939544  129.355651584336
   7.4841448743e-03    1.339508081847   10.383492790623  131.533453358416
   7.7344028555e-03    1.551308739645   10.472176192095  133.746346254708
   7.8927031218e-03    1.697244462432   10.527709462219  135.137872377478
   8.1435477562e-03    1.946435894144   10.611407174826  137.244194260459
   8.3943345251e-03    2.214437460871   10.686702048017  139.140049533231
   8.6474280298e-03    2.498162212314   10.748821998516  140.695952830474
   8.8989945853e-03    2.792631399914   10.799539061484  141.953061988709
   9.1537424735e-03    3.100834872847   10.836023230166  142.815735659617
   9.4084903617e-03    3.423642035555   10.868414634512  143.543628481988
   9.6632382499e-03    3.754933443306   10.892795139923  144.057430134609
   9.9179861381e-03    4.086052163617   10.897426561224  144.011201193235
     0.010172734026    4.434764190161   10.901302316490  143.954543206249
     0.010427481914    4.801807456328   10.910015310558  144.047120341596
     0.010682229803    5.166448723801   10.913376289373  143.992921926470
     0.010936977691    5.531886950611   10.910461611509  143.788987559510
     0.011191725579    5.901897922456   10.905808239735  143.552550017110
     0.011446473467    6.270084109887   10.900624583005  143.299525859462
     0.011701221355    6.638861823793   10.891578954009  142.940757449844
     0.011955969244    7.024128861008   10.887359247422  142.729965514504
     0.012210717132    7.419925709438   10.890697051227  142.740754273287
     0.012269505106    7.510102808524   10.891161107718  142.736521431207
     0.012522234191    7.888545598581   10.887550544195  142.563816717363
     0.012772780398    8.253544968776   10.877813266794  142.198723458116
     0.013023326606    8.618133078230   10.871560533147  141.929030327672
     0.013273872813    8.982909936169   10.868928500570  141.801490314122
     0.013524419021    9.352566511215   10.867066086519  141.715266188665
     0.013774965228    9.728409455420   10.865710710382  141.611017898181
     0.014025511435   10.110178998487   10.867262428585  141.564735371823
     0.014276057643   10.507907966205   10.874719876698  141.714904642395
     0.014526603850   10.925737170304   10.890059923877  142.123722850856
     0.014777150057   11.348235099050   10.907973533825  142.583418176570
     0.015027696265   11.751984706803   10.919223605310  142.816703774261
     0.015278242472   12.140866368283   10.922538279971  142.824772125551
     0.015528788679   12.547893323319   10.928752804639  142.933821071115
     0.015779334887   12.993215409845   10.945465637215  143.359871022821
     0.016029881094   13.465679887493   10.968973253575  143.976786675182
     0.016280427301   13.943401786681   10.989933563814  144.519281624022
     0.016530973509   14.423873260393   11.007215846432  144.957959492121
     0.016781519716   14.912426323502   11.025146479646  145.402186905696
     0.017032065923   15.408727402341   11.045120502889  145.898300413909
     0.017282612131   15.907311896395   11.067614288556  146.475204179927
     0.017533158338   16.395617459856   11.087758537492  147.001310081685
     0.017783704546   16.872658070760   11.103494192316  147.411512170356
     0.018034250753   17.351500372967   11.117912346305  147.769119269000
     0.018284796960   17.853843197392   11.136815158078  148.249296504071
     0.018535881159   18.371612033371   11.159586888352  148.837690430364
     0.018790799302   18.884389707847   11.179570166839  149.345665937825
     0.019045717445   19.386328368342   11.196113689831  149.790532588634
     0.019300635589   19.890626626935   11.213540565924  150.270478877978
     0.019555553732   20.388795070520   11.230101165504  150.704475436916
     0.019810471876   20.869696964764   11.245028248570  151.095884531707
     0.020065390019   21.332492054531   11.260044120321  151.498524210462
     0.020220557585   21.600972108187   11.266853113672  151.673428206225
     0.020475475728   22.024200513109   11.274192222851  151.852672827566
     0.020730393871   22.444646362078   11.281954811448  152.033411442604
     0.020985312015   22.873412005939   11.292899626449  152.287484921205
     0.021240230158   23.306787862933   11.306117010894  152.590996279178
     0.021495148302   23.729406060213   11.316721098741  152.811505597050
     0.021750066445   24.138750312175   11.322555285846  152.912475347904
     0.022004984588   24.565964534744   11.330163237768  153.084140520320
     0.022259902732   25.025745356255   11.343661707659  153.430355637693
     0.022514820875   25.492482651263   11.359884384645  153.854410143001
     0.022769739019   25.946426247079   11.375693795954  154.263875480657
     0.023024657162   26.381672852501   11.387449138547  154.558152286984
     0.023279575305   26.814035512513   11.395830014677  154.764744817962
     0.023534493449   27.272001807782   11.407081153787  155.059093363164
     0.023789411592   27.756600044981   11.422053499657  155.460329391897
     0.024044329736   28.261291295450   11.439288098354  155.928047189114
     0.024299247879   28.795071572086   11.459509351131  156.495744366661
     0.024554166022   29.369017169667   11.484040849704  157.206577684764
     0.024809084166   29.975541177988   11.511601716308  158.008488547748
     0.025019668719   30.484075599274   11.534875715689  158.679683522342
     0.025030752117   30.510685435358   11.536092378838  158.714700270385
     0.026042298075   32.729599917620   11.632233716798  161.588850566676
     0.027049163876   34.613862291017   11.680137081200  162.851148065675
     0.028056029676   36.178782603241   11.708659147400  163.682684858426
     0.029062895476   37.271888993699   11.735585560405  164.563706998897
     0.030069761276   37.829848075750   11.741079024570  164.781747906780
     0.031076627076   38.162549125978   11.718041354329  164.129132438715
     0.032083492876   38.844324870377   11.708522950170  163.763680797588
     0.033090358676   40.164125274625   11.727803324323  164.283112662461
     0.034097224476   41.930997971867   11.788833296548  166.067789355539
     0.035109955346   43.351043170479   11.821422439539  166.963294567465
     0.036112390191   44.642574052149   11.865847769598  168.463515807532
     0.037114825037   45.431157087240   11.896429622578  169.350820619522
     0.038117259882   45.971673661293   11.899166325543  169.460192801129
     0.039119694727   46.757109119972   11.917562764795  169.949801719121
     0.040122224563   47.483650744775   11.918436033178  169.938863211958
     0.041147507661   48.858862615482   11.963314927940  171.265526395175
     0.042172790760   50.558500859708   12.017537942399  172.930732417935
     0.043200533487   51.850224354824   12.069112863487  174.519050149915
     0.044014921314   52.426838828518   12.097143069519  175.419232039749
     0.045024762220   52.880480369867   12.107143174594  175.655406198768
     0.046034603125   53.074904000858   12.114948477603  175.906414052517
     0.047078686429   53.251795595647   12.108744039184  175.625159016445
     0.048106565321   53.899654875415   12.100708461179  175.654336732993
     0.049134444212   55.145331751563   12.154599336098  177.162574312362
     0.050162323104   56.329920379183   12.181816730489  177.819454303345
     0.051190201996   57.297228371185   12.201822573325  178.458432747220
     0.052218080887   58.279435355476   12.273480073289  180.750047591867
     0.053245935562   58.394434949493   12.296737787288  181.499534760464
     0.054259603137   58.607062652947   12.305920011802  181.758737017690
     0.055294603137   59.427969700989   12.359073473623  183.295547367945
     0.056304340873   59.711813270815   12.385239738929  184.124684387848
     0.057315394706   60.083735433949   12.410136501087  184.839656230890
     0.058339608723   61.063954267230   12.437791138187  185.917277457487
     0.059388712715   61.702220610887   12.482036076767  187.133448919762
     0.060408712274   61.858429654772   12.487270615934  187.575013897335
     0.061439908402   62.009185611970   12.515083277965  188.414440444130
     0.062479409620   61.709269183459   12.519712330552  188.349015770426
     0.063483167877   61.755359897505   12.533658385639  188.558884371762
     0.064029073996   61.981970966910   12.526857060956  188.611583731755
     0.065051900612   62.613722870208   12.549791150960  189.456119787342
     0.066107358860   63.495008517798   12.611503286762  191.272210378322
     0.067153356723   64.181303812042   12.667361955085  193.091427977157
     0.068209776401   64.385200758344   12.692197163320  193.814865952058
     0.069245137361   63.963319107410   12.669719763791  193.491426269437
     0.070288507452   63.775516923422   12.709938764067  194.501592767409
     0.071307500949   63.787565158360   12.718032729517  195.024661649989
     0.072347232180   63.542536322276   12.728130398734  194.913397580903
     0.073411232180   63.893642663272   12.724605473849  195.066200812298
     0.074411259800   64.672032104315   12.776848314988  196.735395960121
     0.075466779800   65.641563532589   12.844477575013  198.724767076558
     0.076485515087   65.970545036123   12.877216679686  199.676744268845
     0.077521511929   66.163444795670   12.915976223262  200.910158583803
     0.078532490665   66.509535685508   12.962568123805  202.487108713747
     0.079549589084   66.730633126890   12.980688293869  203.399159454476
     0.080587710689   66.847539707635   13.030535554232  204.705766242336
     0.081601187205   67.164690504686   13.059923920655  205.847402551562
     0.082633012034   66.909031486229   13.076786596666  206.369450254207
     0.083655132343   66.741890023676   13.101101410378  206.996992258592
     0.084057694195   66.773692944327   13.109955624446  207.301676151746
     0.085116107339   67.051563065541   13.132423355881  208.204239339278
     0.086136590519   67.540435777102   13.174925325763  209.489883572210
     0.087147791014   68.075235181650   13.219782442209  210.823948603328
     0.088169112414   68.338675122859   13.274576263838  212.489492373759
     0.089176150550   68.582033163920   13.293992793398  213.505624203448
     0.089994452107   68.829292099579   13.325781680999  214.610982929847
     0.090037833283   68.789412552164   13.328920854319  214.692170908352
     0.091053104058   68.942955912089   13.382039357741  215.939831564472
     0.092069175150   69.185979843353   13.367244032276  215.868698365133
     0.093102127343   69.466278686836   13.429880334921  217.799610433155
     0.094109759573   70.197549517003   13.447708640091  219.420443545480
     0.095153779367   70.393590477075   13.498193417398  220.982326854071
     0.096165973997   70.204449355578   13.522270653216  221.663173165116
     0.097186340717   70.040476800947   13.559816435360  223.126065907825
     0.098206707437   69.910208465702   13.582576280006  224.171775423291
     0.099226927003   69.838016997754   13.609639080106  224.956674671776
     0.100257112900   69.904111069782   13.637767733654  225.869661225266
     0.101266340500   69.827345447316   13.673741582495  226.919669744146
     0.102288987761   69.981649122704   13.713590034231  228.500048510892
     0.103306672206   70.069594764760   13.728873923686  229.379733749290
     0.104318899665   70.200705127973   13.818928746315  231.617625347408
     0.105335172004   70.179990369599   13.808616369911  232.143624256772
     0.106354587379   70.249460908513   13.861867126514  233.542236597321
     0.107366273023   70.636050054456   13.911556994629  235.708157281977
     0.108388106843   70.747192677198   13.920372201355  236.332422313064
     0.109397844743   70.612106834098   13.998086276186  238.494282919629
     0.110014393198   70.521233609438   14.022203533240  239.587709660832
     0.111015031946   70.336251837204   14.027654940524  240.136566460454
     0.112032916705   70.203218989044   14.054573381628  240.939487074143
     0.113039788117   70.165377595207   14.101793788135  242.346673897976
     0.114053645958   70.410489749122   14.156318680669  244.149085816362
     0.114848801579   70.681985338072   14.193225719219  245.527513970193
     0.115853825419   70.807590518097   14.251349794869  247.608389572643
     0.116869554729   70.479026144484   14.244240652469  247.628737245751
     0.117876555971   70.136057735317   14.291627612683  249.424007534317
     0.118885931826   70.236682354243   14.339669969107  250.764363565470
     0.119750224873   70.303163109056   14.368686303435  252.112492575628
     0.120771995016   70.282993773320   14.419081279471  253.878767461054
     0.121787147167   70.251805086109   14.396558006240  253.799247217245
     0.122789650320   69.950559048883   14.487514645932  256.583632919276
     0.123518498149   69.712897629537   14.494336835125  257.128668729729
     0.124519909172   69.380588164889   14.474595071395  257.155576350402
     0.125529748989   69.182019292264   14.518017677130  258.006542309225
     0.126545861589   68.673913764572   14.561152256197  259.348702374414
     0.127400555384   68.669795826747   14.591359647342  260.699220242474
     0.128407820311   68.600885218089   14.643303776139  262.026878190556
     0.129408798935   68.453127753747   14.665752901563  263.372326933532
     0.130304930729   68.435599013275   14.688279621916  264.550657186124
     0.131305926862   68.846244595319   14.759931811176  266.814370614232
     0.132169497679   68.868082879120   14.794772444803  268.540087830142
     0.133140037042   68.619184862130   14.823707521620  269.477811181209
     0.133614342687   68.512871934376   14.856067383527  270.398418146101
     0.134545454969   68.448401665356   14.904168498637  272.785737741042
     0.135548512232   68.187657496016   14.897269643410  272.721120461064
     0.136154914718   67.815180726824   14.935961942464  273.444537067632
     0.136781541262   67.601928361331   14.939989298180  274.528269870289
     0.137610491776   67.275213329946   14.989657125319  275.924062820388
     0.138523751930   67.035211398868   14.956815104258  275.127425267613
     0.139283303952   66.791346930150   15.039869846783  278.073782766186
     0.140105255157   66.655774866330   15.069890801933  279.169325850340
     0.140890516164   66.364548812890   15.078256656110  279.439478622723
     0.141595759561   65.878135052781   15.094308058122  279.956950947626
     0.141606456962   65.873024175061   15.095583560753  280.000832004087
     0.142397438469   65.643493799414   15.132575171902  281.767048614459
     0.143371297866   65.646205445507   15.162338826852  282.701838037307
     0.144269738740   65.331551052756   15.209021172184  284.757867491446
     0.145283528292   64.939359366866   15.233946792777  285.368913188903
     0.146289885898   65.204569519592   15.294787806300  288.582973933572
     0.147296717480   64.767564784836   15.271729536053  287.848844302513
     0.148264474617   64.405333651855   15.349083943362  291.023259264570
     0.149264500304   64.084838507888   15.360636675375  291.243009800710
     0.149793953972   63.887934679174   15.342269883958  290.542493500798
     0.150805054810   63.764583966844   15.377314360736  292.748354016143
     0.151657231299   63.515564395564   15.399062706597  293.138758084137
     0.152591404932   63.402916200747   15.452476782207  294.977201344544
     0.153592221115   63.358040965868   15.498073652210  297.115566098249
     0.154596019943   62.872441244934   15.486206541239  296.531607467653
     0.155250314182   62.687317406974   15.518403217398  298.344896463902
     0.156251356835   62.695342139015   15.572340048479  300.457264249538
     0.156947016898   62.476716909406   15.558062228116  299.566308364072
     0.157887247962   62.043835539126   15.584014227071  300.879667945406
     0.158752223548   62.004835943420   15.604420239565  301.425366720544
     0.159736213649   62.457143908354   15.694715260548  305.611673078886
     0.160455424831   62.295108554651   15.710504659916  305.686305817130
     0.160700501247   62.112901066278   15.696624190886  305.100421189905
     0.161421314235   61.828885466681   15.727360921139  306.737370020533
     0.162423279059   61.862901766275   15.776074008388  308.929305002292
     0.163013665823   61.623646279472   15.749037324859  307.674582219964
     0.163737141591   61.323377146858   15.749965466371  307.822192163879
     0.164649331184   61.283804500118   15.827480727185  310.998488886834
     0.165450234504   61.380647514107   15.811047608349  310.305496886775
     0.166251137825   61.253977353701   15.868262752972  313.369626527113
     0.167136373987   61.000522447945   15.880502054942  313.970403271861
     0.167924941777   60.847427420310   15.890498349331  313.507861968816
     0.168761017480   60.758134312266   15.901746326718  314.771112540666
     0.168769026513   60.759356887184   15.902924198620  314.829338481339
     0.169569929833   60.614555106111   15.933430649829  315.909384396777
     0.170370833154   60.708788391380   15.960962529725  317.600149019775
     0.171171736474   61.002613125126   16.007379300314  319.547845780795
     0.171972639794   60.510154675840   15.996654435193  318.515761090928
     0.172795335953   60.003520621801   15.982582200262  317.806828039343
     0.173596239273   59.970373041294   15.997142548978  318.928976814317
     0.174108817398   60.060487282155   16.038849584903  321.458803144521
     0.174114824173   60.059561656581   16.039055968426  321.466433745886
     0.174715501663   59.878656808842   16.038271434533  320.736798568224
     0.175331298498   59.858791347942   16.075383043638  322.104020043451
     0.176234362870   60.162189302535   16.119974913448  324.017242593459
     0.177046503906   60.101672603002   16.103312277002  323.381175645685
     0.177847407226   59.569784724228   16.106317356081  323.894627689682
     0.178523069290   59.523449013591   16.131765414020  325.872539947386
     0.179063679031   59.714704180609   16.149969043361  325.995950990902
     0.179604288772   59.835172027194   16.173104518337  326.314967864228
     0.180144898513   59.714686567696   16.231337827634  329.318483562716
     0.180856115460   59.496987213774   16.231760993462  329.413659135922
     0.181517797354   59.525574871096   16.235385628508  329.168143324540
     0.182118474845   59.399863147399   16.207952636228  328.101204386288
     0.182719152335   59.358427791241   16.259123496739  330.883807713380
     0.183319829825   59.358225742373   16.305519079827  333.822731171559
     0.183920507315   59.209712081875   16.303751118172  333.263122285313
     0.184667337782   59.048201552401   16.293621387196  331.991785404999
     0.185381274381   58.989029785729   16.284405655947  331.113697515215
     0.186094486991   59.029394295943   16.320390552470  334.711090095403
     0.186807173517   58.926774521029   16.333933391747  335.023051368215
     0.187518995798   58.864347237927   16.337031487975  334.852464991780
     0.188230112604   58.505986039411   16.337629437485  334.025723494296
     0.188940757478   58.389035669109   16.347162589599  334.698527431140
     0.189651354958   58.616432470934   16.391505613485  337.918681070953
     0.190306992442   58.409694939244   16.388705699990  336.805363316095
     0.190907669933   58.227964466922   16.375879620115  335.963074276252
     0.191508347423   58.079888447436   16.397934279520  336.857030114106
     0.192071482570   58.193710641022   16.434834833036  339.294873834500
     0.192521990688   58.303215988080   16.438723603212  338.945154498600
     0.192972498805   58.371605255076   16.459845298397  339.171385556226
     0.193423006923   58.228718280450   16.465868990451  339.414954228355
     0.193938655251   58.128786618208   16.504149334174  342.065488575662
     0.194389163369   58.146091516483   16.505152435567  341.974654159536
     0.194839671486   58.349087923123   16.519634959607  341.995969036991
     0.195290179604   58.245584656059   16.503807438570  341.327032093991
     0.195740687722   58.332325169238   16.560689947103  345.072606470880
     0.196191195839   58.418903223994   16.588308811062  346.573100139135
     0.196641703957   58.296142920715   16.593938387727  346.793231175359
     0.197092212075   58.205398286396   16.585062034499  346.186887672934
     0.197624407358   58.188254672565   16.601464041933  347.076557380692
     0.198226619637   57.931063565697   16.588558666263  346.055959753424
     0.198827297127   57.755870889551   16.555906696168  343.754745117174
     0.199427974617   58.169124827566   16.586712610239  346.812910993316
     0.200028652107   58.338957512648   16.626540921765  348.310418393339
     0.200504689018   58.058513509506   16.605542660465  346.772384522376
     0.200955197136   57.988477932667   16.610588361891  346.644377056421
     0.201431556954   57.925171002190   16.615932629544  346.756378261946
     0.201906735221   57.951990079698   16.673551847542  350.175452761565
     0.202389347029   57.933382518668   16.698896597275  352.125997273855
     0.202848471868   57.919533119481   16.707276929929  352.829317355948
     0.203318899546   57.780972901886   16.713057574565  353.053803571581
     0.203789010645   57.580281055266   16.704717860471  352.667942448397
     0.204243417995   57.538929414867   16.719344708519  353.311689567617
     0.204705233614   57.471252752139   16.716611284860  353.098196513917
     0.205155203472   57.323688240979   16.704666604510  352.006297365938
     0.205671903238   57.256423848584   16.694752993103  351.173533841761
     0.206109797129   57.192062343772   16.693677577704  350.831003014306
     0.206547691019   56.981091909098   16.683467012090  349.927716809174
     0.207017554519   56.819545866727   16.674455943985  349.335137408764
     0.207459052474   56.982387184844   16.708170745418  351.956277278771
     0.207463557555   57.020932937439   16.709159661507  352.006559318301
     0.207774054263   57.232546765099   16.736509979739  352.719167984632
     0.208187769404   57.387453102498   16.746161154830  352.766299404535
     0.208800766502   57.626007347494   16.800406393164  356.655651380204
     0.209422067014   56.657969409763   16.737192373364  350.871305628023
     0.210043367527   56.023902999632   16.630113094823  345.768571309019
     0.210664668039   56.609257042513   16.682523813954  347.918757403932
     0.211285968551   56.200873013702   16.676258926067  347.609071967877
     0.211907269064   55.950523500810   16.674278891940  348.263140017656
     0.212528569576   55.415267981193   16.659163560951  347.643570571903
     0.213097479182   55.290803027152   16.647502312532  346.865584254216
     0.213655522295   55.582243757704   16.675309143669  347.709980562464
     0.214213565408   55.750074379448   16.713759132874  349.984644401022
     0.214771608521   56.227421373982   16.786045557780  354.366858076478
     0.215329651635   56.479874703813   16.816462526932  355.754054578111
     0.215887694748   56.241075239410   16.809195312569  355.504086743116
     0.216445737861   56.212481345027   16.821541949599  356.263083378516
     0.217003780974   56.021728910632   16.822180934351  356.047969872232
     0.217637504496   55.544972349971   16.790584647033  354.184855125037
     0.218178978047   55.426112713514   16.780796742288  353.428810186642
     0.218719844524   55.339253406148   16.750983798537  351.765720258344
     0.219260711001   55.512289265881   16.793303541035  354.731809186444
     0.219801577477   55.664853596685   16.821508376919  356.075922230998
     0.220342443954   55.795637999850   16.828487584860  356.198719984819
     0.220883310431   55.836308971335   16.837960450469  356.815723440942
     0.221424176907   55.707864447744   16.841777830277  357.207338466438
     0.221965043384   55.537245512745   16.840597163004  357.196517762346
     0.222505909861   55.413873447204   16.840230557349  357.026861035597
     0.223046776338   55.283828555673   16.834416232652  356.693820130461
     0.223587642814   55.253735054660   16.841355737648  357.186112575611
     0.224128509291   55.105621352600   16.849658200721  357.769440302921
     0.224669375768   54.718689898777   16.832138083028  357.026603289530
     0.225210242245   54.711899572634   16.833414457525  357.054019193388
     0.225751108721   54.829659625309   16.845017641364  357.391699559577
     0.226291975198   54.666172309365   16.831099955029  356.364604522131
     0.226832841675   54.645055623665   16.830236089544  356.051422097687
     0.227373708151   54.621185292460   16.833718379329  355.969294758913
     0.227914574628   54.605821220107   16.833350295578  355.744218844603
     0.228455441105   54.519553188918   16.840535787947  355.992149181432
     0.228996307582   54.259874362937   16.832447909180  355.508639547642
     0.229513285614   54.200636915876   16.833829377525  355.495802347324
     0.229999860171   54.019996310913   16.831049144461  355.303037763714
     0.230486434728   54.235959394643   16.874954905932  358.764585458237
     0.230973009285   54.644022572196   16.935471883215  361.769061489315
     0.231459583843   54.755952374278   16.943964274092  361.719132160350
     0.231946158400   54.639400730370   16.947481520607  362.359078865710
     0.232432732957   54.486527454800   16.963386503803  363.587368906934
     0.232919307514   54.081382643872   16.953666214207  363.227584099863
     0.233405882071   53.679200798977   16.928533386303  361.830129104003
     0.233892456628   53.585334078226   16.919495704467  361.289808495662
     0.234369342638   53.743174662945   16.935567179335  362.148127358808
     0.234777680365   53.770330941936   16.947907285283  362.901313576628
     0.235182508298   53.680523137173   16.943771733591  362.709404390126
     0.235587116756   53.722990763158   16.945259034055  362.639117400202
     0.235988253921   53.887441011770   16.964918530526  363.366866250645
     0.236399081082   53.763028322772   16.963058843678  363.000972619340
     0.236809710044   53.559283816391   16.948153250989  362.265481691046
     0.237220096617   53.588840288635   16.961052352387  363.200017947945
     0.237630266650   53.493232867988   16.965095488983  363.447991269160
     0.238040301875   53.230515174155   16.943996853003  362.132402921481
     0.238450129276   53.233989779543   16.941987280599  361.905873975324
     0.238859689313   53.361306951416   16.953861522157  362.333947791834
     0.239405186725   53.160228049880   16.936555000912  361.001981101587
     0.239901513493   53.138168537051   16.936376963527  360.673221667646
     0.240331829228   53.245897421312   16.944988539674  360.900453789583
     0.240771801992   53.434203454365   16.970299460609  363.324438948264
     0.241224029419   53.704973648451   17.035751504167  367.401430017017
     0.241683318725   53.649983980903   17.053581244073  368.494627427080
     0.241880725526   53.591731174946   17.057633829733  368.580709237495
     0.241885315840   53.590698189624   17.057731065904  368.582684981180
     0.242344268590   53.423043648201   17.052745934938  367.750813398895
     0.242865047152   52.659768753565   16.962769970341  362.383147665095
     0.243293331269   52.320117169507   16.929263171702  360.855034029567
     0.243589380199   52.231314505517   16.926543111626  360.695385224545
     0.243885429128   52.169786980285   16.926462728280  360.515200077264
     0.244180349585   52.213984820223   16.931555227379  361.053423092768
     0.244480652140   52.432640573406   16.968424931248  363.887522613902
     0.244778459542   52.705268339000   17.024443729826  366.799678511025
     0.245068892780   52.859637417882   17.059007817068  367.937655974336
     0.245368357335   52.803244014758   17.056432413885  367.613331250469
     0.245673149382   52.732273986910   17.048991875946  367.282731293861
     0.245972943055   52.755111369782   17.058551281513  368.026076181016
     0.246272681467   52.677743308423   17.066083347756  368.616626886698
     0.246574792602   52.498128322932   17.061928736441  368.466414258586
     0.246879205061   52.377116967631   17.056171661575  368.240003186189
     0.247183453459   52.375319413832   17.058319206546  368.400689387701
     0.247487588031   52.406156641878   17.062418369195  368.558132985407
     0.247791666796   52.348177890921   17.059854903674  368.316369975910
     0.248095671721   52.224931833020   17.049143541756  367.571142703640
     0.248527529301   52.185474029819   17.041613382571  366.992274696382
     0.248983754907   52.308704922114   17.053737185671  367.572627815068
     0.249439980513   52.271877401830   17.066288932990  368.373057606353
     0.249891580134   52.057096116199   17.059125441075  368.816078455328
     0.250342777813   51.674516561770   17.042789833256  367.690371098534
     0.250797402618   50.944739028623   16.959560579648  363.260649756700
     0.251244529550   50.427834822573   16.917306594301  361.556273803908
     0.251695034501   50.415368287624   16.921827879406  361.819860588695
     0.252179017160   50.463382569587   16.933946612696  362.092426470387
     0.252667280635   50.386387851331   16.943348076531  362.912778568257
     0.253153829402   50.088293363051   16.953611821485  364.093954920711
     0.253640378169   49.603990804658   16.938711499464  363.462739255755
     0.254126926936   48.845339229611   16.863660516042  359.621046428310
     0.254613475703   48.308759845712   16.824088422410  358.402999080471
     0.255091366283   47.894671031246   16.805454663922  357.265226710268
     0.255532859339   47.818158506997   16.804822218539  357.158822261611
     0.255974118265   47.682688515879   16.805988412676  357.322516116594
     0.256418848098   47.419485905541   16.801348309643  357.212104507720
     0.256859736644   47.087451993514   16.789999676283  356.697945953502
     0.257300388446   46.949314257977   16.783763212641  356.433234424409
     0.257740894149   46.897125673241   16.789327724705  356.728983681493
     0.258192012729   46.837658440986   16.793086566981  356.902975838455
     0.258826056889   46.629819057659   16.788820922321  356.799546393676
     0.259515825842   46.278887568251   16.778320362811  356.508925576205
     0.260216171734   46.061092576116   16.760855825737  356.447872624254
     0.260916197715   45.529084500258   16.717435088267  353.179346101679
     0.261407362756   45.187826323277   16.668060856910  351.199939702509
     0.262131617391   44.725229690462   16.675225606338  353.022527051078
     0.262401483336   44.448982600587   16.667800513061  352.713751097140
     0.263005427931   43.916724237969   16.649994671522  351.211536360467
     0.263604116119   43.330482772130   16.591975512632  348.372829967057
     0.264202265457   42.920295728604   16.543316731556  344.886605153462
     0.264800329617   42.591516308243   16.544445964314  345.890761280518
     0.265397920217   42.173474003438   16.524098227654  345.335147318126
     0.265995314257   41.858023070907   16.539006654813  346.643754759215
     0.266592325127   41.275122906801   16.492851096252  344.385407206967
     0.267188959838   41.401625787418   16.513222825281  345.420839262270
     0.267785387979   41.157593073110   16.498200201231  344.482785185462
     0.268381377361   41.190302252502   16.498133603970  344.450019482582
     0.268977183551   41.001830164542   16.501501117896  345.004828780610
     0.269712468082   40.873008815171   16.497284204696  345.056612336877
     0.270019771598   40.820987374553   16.507573697089  345.619564648190
     0.270681023740   40.448447041452   16.480244981985  344.380615106752
     0.271329213940   40.258923372243   16.473913072238  343.926561029362
     0.271965749905   39.729781339569   16.409976014520  340.721120225073
     0.272096451741   39.630063240121   16.402688263666  340.685494317085
     0.272661467269   39.043618616288   16.377616730592  339.846217806302
     0.272671107604   39.032990227520   16.377090972434  339.803390249662
     0.272672016646   39.031989658701   16.377041006431  339.799297327373
     0.273042970122   38.613580605608   16.334215626076  337.179222985940
     0.273507360712   38.053231258574   16.276897091137  334.644824624849
     0.274043505555   37.700568452417   16.256483125094  333.979108014090
     0.274595742575   37.243896615885   16.228925073679  332.759807551925
     0.275005122643   37.230866149713   16.234445837013  332.818558005713
     0.275494272662   37.118811996218   16.235324779831  333.042249017065
     0.275586586726   37.070406941740   16.232767686322  332.897082462407
     0.276305375335   36.823395759036   16.217676881128  331.637332703421
     0.277011879390   36.770885056195   16.230987870996  332.215343377406
     0.277531197130   36.722132339387   16.221533916230  332.153116285062
     0.277901967906   36.642624924167   16.209381289117  332.273017187979
     0.278160550351   36.573749222064   16.225100246958  332.885782604058
     0.278452928708   36.502022105894   16.245734158171  333.535986738907
     0.278955107303   36.362696058284   16.240025877585  333.596662182909
     0.279352983198   36.182955579045   16.234282655530  333.130756913860
     0.279923121741   35.870826650289   16.203782837859  331.797586499190
     0.280650775028   35.949860818486   16.216305945914  332.323469267110
     0.281112733409   35.842564567775   16.215765177777  332.484773443600
     0.281368598923   35.731361176679   16.205801957317  331.955318330552
     0.281954561980   35.590924228750   16.195262958111  331.734356998582
     0.282354044276   35.449703461151   16.201331585585  332.002387535704
     0.282821562896   35.453267437938   16.212161214190  332.478089154465
     0.283275759872   35.385077044894   16.210187016657  332.450582353509
     0.284189890601   34.883954149285   16.154451906919  329.637642049017
     0.284336749939   34.871776445171   16.152272973596  329.549728579257
     0.285117666722   34.841748686775   16.134274701196  329.194443550972
     0.285800902224   34.947233227758   16.161605885316  330.038213292140
     0.286363447506   34.895138251214   16.145508218717  329.789879475504
     0.286914610506   35.007638463547   16.170328694735  330.684995992649
     0.287451186736   35.012291098696   16.199465891738  331.822223001235
     0.287932105180   34.761223970007   16.173041482814  330.866695493938
     0.288621287248   34.746436453575   16.184845791808  331.484699791349
     0.289182957086   34.604446521163   16.165940781909  330.566171196241
     0.289599504144   34.640375223977   16.159863666092  329.959539792169
     0.290021642804   34.656628137703   16.157616026458  329.852499199013
     0.290568502959   34.685844841747   16.158582367336  329.612464000935
     0.291071522625   34.756382580924   16.165361534637  329.812612996123
     0.291726059801   34.565903437579   16.140226251628  328.556688028804
     0.292160345357   34.593488125040   16.140716925285  328.477348032041
     0.292824024445   34.773286246277   16.166237213892  329.666197384441
     0.293430539951   34.986399292851   16.211451545735  332.535282029646
     0.293762124202   34.931967024647   16.219621682173  332.990530992933
     0.294313893298   34.880876918698   16.215621761296  333.014657539807
     0.294992021066   34.869505247015   16.221788715499  333.444627275847
     0.295557669601   34.816940280256   16.217155622266  332.940670575622
     0.295972915882   34.773525987830   16.209081689490  332.862955453845
     0.296464225724   34.790496032473   16.216733764277  333.070280887188
     0.296819679313   34.837408671943   16.220787256545  333.302430167609
     0.297234976455   34.819922001134   16.227738998973  333.559615695932
     0.297641675099   34.759284298653   16.223832449438  333.283850949693
     0.298344893545   34.592684419610   16.184940883627  330.814067790482
     0.298644290022   34.489512643047   16.169006961524  330.298328141584
     0.298976024021   34.345838951199   16.154231735860  329.895557942576
     0.299486689947   34.282207893529   16.145730989272  329.855367250587
     0.300088317100   34.226496417812   16.154425742244  329.965051772292
     0.300757370850   34.139857501878   16.138155384392  328.758656314043
     0.301352760937   34.158033809435   16.140840727821  328.654707543510
     0.302018223556   34.359180946694   16.174211486762  330.846686670478
     0.302562830420   34.477582433051   16.203539630941  332.685439553280
     0.303219344355   34.642402451908   16.216007952570  333.417247078880
     0.303875858289   34.775239955782   16.242095076880  334.686793754862
     0.304532372224   34.903098669771   16.251517726970  335.243559738688
     0.305188886159   34.856950568336   16.254701189150  335.521402806474
     0.305845400094   34.801787657538   16.244296959722  335.038109110421
     0.306501914029   34.766997554455   16.239087056685  334.788519811097
     0.307158427963   34.832127012291   16.235430540274  334.543439262772
     0.307814941898   34.863249996904   16.234727279486  334.401340875276
     0.308471455833   34.977667456670   16.243031183179  334.640850711811
     0.309108274350   34.989656946806   16.242127833650  334.534190125185
     0.309114839489   34.989917734437   16.242116128237  334.532881399559
     0.309771353424   35.023142823543   16.245351076002  334.706655207097
     0.310427867359   35.026318297768   16.240690352394  334.226053648230
     0.311084381293   35.093411558065   16.245179452697  333.966239363755
     0.311740895228   35.239447606095   16.262493800271  334.573859947464
     0.312397409163   35.429857111017   16.302644255682  337.367617820963
     0.313053923098   35.544753519956   16.313757482212  338.070600477470
     0.313710437033   35.734748088639   16.334601864368  339.296021333056
     0.314366950967   35.856576844083   16.353620925212  340.244402611118
     0.315023464902   35.756331102141   16.347786991670  340.114891301842
     0.315673413698   35.747813267084   16.347008416451  340.073755044771
     0.316329927632   35.730366948350   16.338060213734  339.514821680706
     0.316986441567   35.831305527463   16.344249227360  339.555052328852
     0.317642955502   35.874182899318   16.345080818125  339.260891940368
     0.318299469437   35.919309326059   16.352586489438  339.662785578082
     0.318955983372   35.896634658231   16.351826171432  339.784032318351
     0.319612497306   35.819416945284   16.347491038447  339.563877490513
     0.320269011241   35.854084703336   16.351430067566  339.364460927925
     0.320925525176   35.868962928440   16.356094859245  339.078949858569
     0.321582039111   35.968404226414   16.377904028399  340.234911467447
     0.322238553046   36.072731714588   16.411136872558  342.579328614373
     0.322895066980   36.095506965029   16.413189959997  342.969742086334
     0.323551580915   36.271460265200   16.430969403010  343.719140243627
     0.324208094850   36.470071464057   16.455357095418  344.913686505320
     0.324864608785   36.399428153737   16.453304008750  344.869733114151
     0.325521122720   36.358682885056   16.457902429710  345.391882444468
     0.326177636654   36.320858958777   16.464372496010  345.712568584450
     0.326834150589   36.246168145590   16.463061148651  345.761904936467
     0.327490664524   36.143721125100   16.459213736922  345.428849639577
     0.328147178459   36.015468616539   16.438933693294  344.342944130068
     0.328803692394   36.065723154939   16.443785442652  344.381169550764
     0.329460206328   36.101137835266   16.435201527491  343.973074816998
     0.330116720263   36.250028818301   16.453710280354  344.128301455445
     0.330773234198   36.403775077300   16.477998007777  344.733093121151
     0.331429748133   36.577092924353   16.521205919472  347.596396284583
     0.332086262068   36.624123676058   16.542987420066  348.930754178129
     0.332742776002   36.674861927962   16.553602810901  349.523947916947
     0.333399289937   36.669518813675   16.554470349094  349.578350463908
     0.334055803872   36.590545374367   16.549445021107  349.420770686839
     0.334712317807   36.551755949443   16.549154496161  349.452866597439
     0.335368831742   36.458908194784   16.544086286425  349.132487879274
     0.336025345676   36.347931887828   16.531609409044  348.253345231035
     0.336681859611   36.173693905561   16.492310295078  345.533062807372
     0.337338373546   36.244149437209   16.511530695469  347.199251274650
     0.337994887481   36.396192861606   16.533996177851  348.733793817416
     0.338651401415   36.579700162700   16.550348959349  349.505179493335
     0.339307915350   36.743847648950   16.574057671489  350.088272055000
     0.339964429285   36.767566678401   16.580026706506  350.300724214108
     0.340620943220   36.736721724838   16.582702104875  350.603045706145
     0.341277457155   36.664986928372   16.579200156991  350.307991065173
     0.341933971089   36.652249208451   16.581077548819  349.984125163691
     0.342590485024   36.684783373380   16.590072390473  350.096914735551
     0.343246998959   36.684146786800   16.592089273463  350.484071729387
     0.343903512894   36.476548513463   16.569714221544  349.876578073547
     0.344560026829   36.307265583695   16.553846285193  349.065767168282
     0.345216540763   36.443292830073   16.577918398657  349.756415385426
     0.345873054698   36.647112521818   16.611180573107  352.626600286950
     0.346529567583   36.871733264200   16.638158783092  353.702477861381
     0.347185922724   37.018370844122   16.663211045852  353.892024151785
     0.347841980966   37.214946496836   16.686204358141  355.200969350292
     0.348497760407   37.112509518359   16.679681602577  355.843687947696
     0.349153200633   36.953916926495   16.691045425197  356.947632855024
     0.349808341715   36.716866090976   16.659073119993  354.951687624341
     0.350463151067   36.799957277487   16.659530771034  354.903306367563
     0.351117694630   36.890638705257   16.669301316362  355.274851353034
     0.351313987829   36.902318308283   16.671609438425  355.337818503877
     0.351320530477   36.902723174313   16.671665422439  355.340286846186
     0.351974711751   36.862203782887   16.669884417287  355.459918653601
     0.352628558741   36.901306409677   16.677369211169  355.779569830266
     0.353282141783   37.009184658963   16.692596583462  356.122771975125
     0.353935426092   37.032535664047   16.694110541110  355.827416149430
     0.354588380615   36.983448386561   16.694545695318  355.447259234923
     0.355241090391   37.132656932198   16.726176978714  357.288876361205
     0.355893444317   37.376630942829   16.765935837003  360.115650803634
     0.356545519341   37.459300957672   16.783311151280  361.452529579422
     0.357197303556   37.477135900482   16.795084713970  361.827326688174
     0.357842238514   37.351092448654   16.789023200382  361.227819782215
     0.358493450446   37.343427529721   16.792243191682  361.204188988950
     0.359144272844   37.220523342426   16.772101229720  360.157709655023
     0.359794866824   37.268807168415   16.777161298968  360.709353146615
     0.360445187568   37.475714463777   16.800656034271  362.026367327983
     0.361095193760   37.377334359956   16.800666419396  361.930522933463
     0.361744982148   37.317445987684   16.799330783458  361.644605147529
     0.362394414210   37.293911702154   16.795273317665  361.196076062747
     0.363043572471   37.344275646072   16.801191135148  361.950496720734
     0.363692451130   37.455202622536   16.813346398400  362.670904378868
     0.364340993314   37.449167078096   16.823193742019  363.244861870328
     0.364989302090   37.429923796124   16.831682176739  363.616379045688
     0.365637501692   37.344702129733   16.820803025167  362.959928186878
     0.366285701293   37.389201480722   16.826987823701  363.263571453398
     0.366933900895   37.451050258965   16.830026594116  363.359958909354
     0.367582100497   37.459573734261   16.837662170302  363.921076628272
     0.368230300098   37.398696141000   16.842487206682  364.137563804331
     0.368878499700   37.365415064550   16.838894114730  363.847073833385
     0.369526699302   37.338812810006   16.833813823375  363.338166997063
     0.370174898903   37.435577596658   16.836009101645  363.471482055567
     0.370823098505   37.462917541430   16.843399149653  363.192040953945
     0.371471298106   37.438424824755   16.842707909358  362.683860268359
     0.372119497708   37.495349296126   16.856397412574  363.005659953998
     0.372767697310   37.700531779323   16.891154938012  365.909600375883
     0.373415896911   37.870789510907   16.914642609504  367.714029234339
     0.374064096513   37.900074044994   16.923347230464  368.320499239976
     0.374712296115   37.815462942299   16.925795213481  368.314425293344
     0.375360495716   37.688575999553   16.916098630801  367.542098746379
     0.376008695318   37.637745971620   16.915374073058  367.278704201289
     0.376656894919   37.506356795392   16.910524738447  366.854597204833
     0.377305094521   37.429248014580   16.914033703588  366.870795218652
     0.377953294123   37.339910829890   16.906157713722  366.325074642106
     0.378601493724   37.245557248486   16.901413435078  365.949987188787
     0.379249693326   37.277950105566   16.907199784819  366.592406971535
     0.379897892928   37.355770481972   16.915206688351  367.435132013050
     0.380546092529   37.424344121533   16.924667510638  368.003380194357
     0.381194292131   37.500080586635   16.924766645089  367.966631810763
     0.381842491733   37.504932016824   16.935861711272  367.887406339196
     0.382490691334   37.515432979708   16.944336326470  367.557450550334
     0.383078550043   37.568488279080   16.960665239426  368.340111223904
     0.383660440972   37.758287058073   16.989885807733  371.092569989635
     0.384242331900   37.975333804093   17.015648235342  372.377723135011
     0.384824222829   38.015743881303   17.029450076151  373.225858317102
     0.385406113757   37.977108342673   17.037447461010  373.852398842378
     0.385988004685   37.834260439044   17.033728275538  373.330031717600
     0.386569895614   37.753434553776   17.025282124856  372.730310162855
     0.387151786542   37.733398165242   17.020597492268  372.504726261244
     0.387733677471   37.701622896105   17.021854665056  372.573324635091
     0.388315568399   37.727591188099   17.021920222171  372.625905235096
     0.388897459328   37.725925163153   17.022079191026  372.630673196494
     0.389479350256   37.794981647923   17.022782664995  372.820433974992
     0.390061241185   37.876744958942   17.028267268380  372.931627639293
     0.390643132113   37.975910718814   17.034723684084  373.199292826947
     0.391205205187   37.997774501758   17.038790013403  372.850707905016
     0.391221581631   38.000858872555   17.039145820373  372.851609541879
     0.391227040360   38.001877377299   17.039263318228  372.851930605107
     0.391768409163   38.014956954135   17.044289324009  372.547700762248
     0.392313961363   38.065143274774   17.064569637270  373.179555576253
     0.392859290409   38.258179111384   17.103946188814  375.982583448812
     0.393404443484   38.411674786640   17.119421161287  377.474062872050
     0.393949370135   38.477268608323   17.133727367882  378.496799674342
     0.394494117171   38.458003450061   17.140451463420  378.845005953725
     0.395038639018   38.328876214811   17.135454605093  378.188180242164
     0.395582989286   38.244783494172   17.128412649127  377.633847276934
     0.396127139489   38.158869104615   17.122475616134  376.983675882477
     0.396665676206   38.057896586967   17.107121096074  376.044784015646
     0.397209447539   37.921639995177   17.071634686948  373.589175681503
     0.397753072858   37.818930987962   17.052148500601  372.472614151677
     0.398296476066   37.780206274045   17.060030891722  372.862402845315
     0.398839689690   37.921338980781   17.092940579450  375.432412854290
     0.399382715488   38.023773023517   17.109770107947  376.971595430773
     0.399925537776   38.133649648297   17.131133221649  378.083794053958
     0.400468184398   38.101890914192   17.133248797109  378.159712256541
     0.401010608552   38.064459276994   17.140605569610  378.898421318808
     0.401552867272   38.017642696060   17.140966991495  378.770474105969
     0.402094904954   37.971220394788   17.142436126019  378.755030699477
     0.402636778959   37.941161928740   17.142975184462  378.604983229046
     0.403178497904   37.868351935681   17.140204497019  378.316898609154
     0.403720214443   37.817505190753   17.135840686883  378.001035350545
     0.404261930983   37.786513804267   17.128654216460  377.736194770786
     0.404803647522   37.895281964499   17.139492101600  378.474206194025
     0.405345364061   37.980860183804   17.155974456658  379.245560304998
     0.405887080601   37.882090499926   17.164150098138  379.198100225705
     0.406428797140   37.536058331333   17.089371959799  375.441093047259
     0.406970513680   37.172801457936   17.047707422525  373.557421632211
     0.407512230219   37.288069827543   17.070769258166  373.546476526776
     0.408053946759   37.598976653904   17.106793463321  376.476746293754
     0.408595663298   37.833040052195   17.142715837966  378.139762203991
     0.409137379838   37.779878647198   17.147146925893  377.811734806070
     0.409678011823   37.819771676050   17.160128676698  378.002920404700
     0.410165500644   38.007625577225   17.194671732062  380.204526127724
     0.410652989464   38.193391345601   17.222027791584  382.668847683476
     0.411140478285   38.247719213181   17.229703014098  383.328953480712
     0.411520719566   38.280081509106   17.246064398940  384.136961115080
     0.411525594454   38.274768759797   17.247258555223  384.191546214865
     0.412013083275   38.199068482010   17.244854592305  384.175479443637
     0.412500572096   38.122329695888   17.245148750923  384.198565033791
     0.412988060916   38.006784882359   17.238466473166  383.431584514956
     0.413475549737   37.717394566609   17.195867324995  380.304330706339
     0.413958924178   37.608053133993   17.156785812984  377.951065807698
     0.414432158164   37.528393957181   17.136139337767  376.471658748780
     0.414909178393   37.458064714103   17.123483982328  375.462816287008
     0.415401834933   37.470626699101   17.140905709898  376.692469249076
     0.415894318444   37.622709146174   17.178856669978  379.117815801024
     0.416381749008   37.714742690061   17.193591700096  380.182949269601
     0.416873940945   37.800412402855   17.210114251375  381.326794070453
     0.417365985441   37.850491627395   17.218983966491  381.845901125417
     0.417857870304   37.884985448016   17.225094351427  382.165416418012
     0.418349611989   37.911322179358   17.228285067040  382.246791291843
     0.418841194362   37.918770131207   17.229982807358  382.267190681192
     0.419332623896   37.917392795484   17.231519381637  382.276022490659
     0.419823903277   37.905188130087   17.229662220858  382.098139674589
     0.420315028669   37.922248882504   17.230496695250  382.173261003580
     0.420805999966   37.998632314165   17.240158199011  382.664257286536
     0.421296852884   38.020490340959   17.242626339395  382.860892730674
     0.421787542097   38.046897374969   17.248450180333  383.153119543676
     0.422278114756   38.053180550179   17.247825111502  383.061386773632
     0.422768507573   38.075949538013   17.249916425765  383.203915939716
     0.423258777921   38.096545545416   17.251017621881  383.254151332218
     0.423748870154   38.132692951251   17.260815757498  383.648927235088
     0.424238840319   38.106082558452   17.261528844281  383.446235177964
     0.424728632271   38.092302567920   17.266357141742  383.759865770569
     0.425218298126   38.055262833398   17.268584124718  383.896446573627
     0.425707787246   38.016578080815   17.271224790690  384.122195450552
     0.426197149072   37.988723487131   17.270330758666  384.045753850429
     0.426686339676   37.962660335978   17.268632083502  383.948585702612
     0.427175400963   37.949367420525   17.264859030288  383.622616637423
     0.427664300282   37.934340226337   17.260990824041  383.330293695637
     0.428153058844   37.937693968267   17.256857908969  382.906305839513
     0.428641655983   37.973793362109   17.257475566201  383.223622418269
     0.429130180750   38.022685681073   17.264406069424  383.510775551649
     0.429618704938   38.043891650953   17.268082121596  383.365040424312
     0.430107229126   38.051988709008   17.269204243367  383.040926225244
     0.430579951968   38.048325483029   17.270650559319  382.822017795881
     0.431063932517   38.055532858856   17.277922229024  382.951761906658
     0.431551679989   38.139325357792   17.302112072647  384.485044256840
     0.432039276308   38.228075237409   17.327754555015  386.342081631183
     0.432526721136   38.301325161833   17.341963365663  387.427763173028
     0.433014018891   38.328747362686   17.348781620635  388.043189472431
     0.433501164509   38.342960658123   17.356800661937  388.601761271653
     0.433988166307   38.300276024781   17.359713675026  388.651652724401
     0.434475009385   38.245319290158   17.357457728227  388.379063936910
     0.434961724730   38.158330567706   17.347746732536  387.760809022602
     0.435448271820   38.167503496121   17.349329490180  387.792631966158
     0.435934697289   38.162844966636   17.348753029317  387.753893444088
     0.436420948783   38.148800778553   17.349222289365  387.766160895764
     0.436907075726   38.130251682386   17.347244773216  387.560021315188
     0.437385265346   38.083598055022   17.344436741634  387.369156013903
     0.437871135493   38.106620764146   17.348188246514  387.506077666340
     0.438356990805   38.072096117279   17.347175172720  387.436139003372
     0.438842846118   38.053691685582   17.346133583378  387.433093164796
     0.439328701430   38.035795623501   17.346267886682  387.424649568268
     0.439814556743   37.993972771286   17.341521337109  387.273042342045
     0.440300412055   38.042794179982   17.350973138734  387.805410310499
     0.440786267368   38.053832470390   17.361682448964  388.326400329889
     0.441199244383   38.018899659393   17.363647122609  388.465962356341
     0.441204102936   38.018528628839   17.363702191564  388.468989711290
     0.441689958249   37.934205160276   17.362569196686  388.406541767865
     0.442175813561   37.923197675895   17.363611229015  388.498342117498
     0.442661668874   37.911830994417   17.365701784739  388.629668653017
     0.443131974851   37.942192963172   17.370706656215  389.104872809121
     0.443588163919   37.944664580487   17.373683885364  389.364435637671
     0.444044352987   37.991384982308   17.377858663820  389.712308785562
     0.444500542055   38.014458495441   17.382486372152  389.922698610474
     0.444956731123   38.060388875172   17.388832568879  390.011527292229
     0.445412920191   38.055649563167   17.387622457974  389.855766355344
     0.445864547368   38.067032566063   17.387976020988  389.743957608971
     0.446320736436   38.049144536112   17.385595565042  389.524622164738
     0.446776925503   38.067709076870   17.383956993214  389.444501214312
     0.447233114571   38.099279116077   17.386567615075  389.734596077481
     0.447689303639   38.129274203733   17.391570392931  389.686877304319
     0.448145492707   38.147161277534   17.395057155968  389.452758146888
     0.448601681775   38.134938267108   17.397676646290  389.287458550618
     0.449069242815   38.121770843769   17.402594995589  389.243560986795
     0.449551682339   38.143165317935   17.418829107575  390.070577369569
     0.450033976461   38.222020109783   17.442997818159  391.823598200503
     0.450516121207   38.273571232824   17.458492015974  393.161591553810
     0.450998165745   38.322805072154   17.467689974939  393.876269823271
     0.451480079088   38.290958274068   17.468342995567  393.983030868058
     0.451961836996   38.265877472317   17.469078924672  393.969504746743
     0.452443487719   38.177639717420   17.461621359655  393.535991515441
     0.452924970667   38.145475630656   17.462618162353  393.535019942996
     0.453406353090   38.100824598423   17.464251429435  393.502579673343
     0.453887564208   38.079154976057   17.466631303654  393.717370378477
     0.454368672898   38.091688704381   17.469101564094  393.919825098880
     0.454833254476   38.143504643723   17.476728054975  394.418243801827
     0.455266056498   38.172846578864   17.480102640564  394.750025116581
     0.455698858521   38.226022613433   17.490401780336  395.411200789439
     0.456119873950   38.253500540591   17.493466734220  395.570638361524
     0.456506678008   38.306649018448   17.505753290904  396.008562599540
     0.456899695351   38.312457820190   17.505549076303  395.797656733076
     0.457292609644   38.347724238060   17.506784337860  395.777923831774
     0.457685442570   38.316191949291   17.506753612895  395.522334552469
     0.458068074222   38.330286011947   17.509225766654  395.382427503759
     0.458448358671   38.348045903383   17.509330584162  395.417395509550
     0.458828643121   38.354855095621   17.507436515337  395.564270598093
     0.459208927570   38.388456881235   17.514710420836  396.045134883335
     0.459589212020   38.410414107907   17.519657417460  396.170532245015
     0.459969496470   38.382929973822   17.515665436797  395.848697220961
     0.460349780919   38.361892709136   17.513334751885  395.657332256683
     0.460730065369   38.381246794954   17.517267432895  395.722674345199
     0.461110349819   38.340209201208   17.515366329187  395.389014123408
     0.461490634268   38.323971462846   17.515625134133  395.166539856490
     0.461870918718   38.305604069593   17.516775860752  395.047104216301
     0.462251203168   38.302282973224   17.521750536803  395.072037368145
     0.462631487617   38.318016433514   17.530703146835  395.485827917840
     0.463011772067   38.332149778514   17.540466032479  396.138116466645
     0.463392056517   38.349071203245   17.552929103537  397.137110182274
     0.463772340966   38.373449303453   17.564095496497  398.007758384545
     0.464152625416   38.413257737462   17.574537033366  398.699657217228
     0.464532909866   38.405581692669   17.577848240290  398.953405815099
     0.464913194315   38.359643097956   17.575338645758  398.917564084591
     0.465293478765   38.310366168760   17.572500652873  398.769179134589
     0.465673763215   38.308914355147   17.574045508185  398.761173422721
     0.466054047664   38.261481036947   17.570863551954  398.558078040699
     0.466415317892   38.228216018214   17.567085355824  398.363190320250
     0.466419120736   38.227946108179   17.567047735581  398.361244459771
     0.466799405186   38.205534968266   17.564830782503  398.252727513599
     0.467179689635   38.224566858173   17.567490492173  398.395542942660
     0.467559974085   38.277277108515   17.575689034115  398.824613276119
     0.467940258535   38.230589577431   17.571572272987  398.707905376497
     0.468320542984   38.270994982450   17.579801073221  399.170844673746
     0.468700827434   38.281746936088   17.586075021371  399.414476394144
     0.469081111884   38.273403582931   17.588168799141  399.568331077662
     0.469461396333   38.265320935585   17.594086968756  399.873897249157
     0.469841680783   38.251596914960   17.593427257703  399.870954715674
     0.470218162388   38.259619018241   17.598037452526  400.116081750555
     0.470598446838   38.267386897979   17.600565472667  400.223418659523
     0.470976162213   38.233868442170   17.598442813628  400.169066090411
     0.471359621541   38.208359528300   17.595897505913  400.041912114407
     0.471746086706   38.232086302539   17.598334417675  400.149556271413
     0.472129380556   38.228289038572   17.598439525631  400.173126477385
     0.472515670454   38.259024047275   17.604141152217  400.574620425624
     0.472901905608   38.273786942598   17.609998319434  400.930144107591
     0.473288026881   38.285975083479   17.613205981651  401.114911993601
     0.473658508799   38.243053039017   17.611200373114  401.018583654853
     0.474035035847   38.232393360226   17.608652137128  400.868526763922
     0.474413746065   38.245172101523   17.610243412041  400.978357194194
     0.474794105415   38.275634550100   17.611143415393  401.122825193684
     0.475174464765   38.345141308416   17.620866198714  401.785372535834
     0.475554824115   38.370864869776   17.624895325915  402.084292117338
     0.475935183464   38.418015667991   17.633199655698  402.612823165864
     0.476315542814   38.399530346529   17.638089700584  402.839169321913
     0.476695902164   38.395646149041   17.639897505499  402.895191337502
     0.477076261514   38.366136845292   17.641645568388  402.976905245631
     0.477456620864   38.360161454726   17.640230910585  402.862120740154
     0.477836980214   38.361557716610   17.643029810075  403.000378421956
     0.478217339563   38.347929961879   17.641216049490  402.678063946722
     0.478558600680   38.355453396485   17.640613528459  402.460024896555
     0.478897979076   38.343035352862   17.636832616479  402.172140761599
     0.479242779933   38.380228729941   17.638143864474  402.367002322607
     0.479587529408   38.408439096248   17.645356066708  402.700646281775
     0.479932204812   38.434115836190   17.654836082586  402.727279518030
     0.480276812424   38.442714269124   17.661038802514  402.601434333121
     0.480621370878   38.428307462219   17.661258772002  402.368976551109
     0.480965830969   38.447768092999   17.668780997161  402.588083846026
     0.481307486298   38.464415098353   17.679787645898  403.143596288340
     0.481643582115   38.517602160933   17.693990841520  404.139112644323
     0.481982343978   38.587392830113   17.712427847845  405.569537865364
     0.482315567271   38.633172506653   17.722306042549  406.364099478806
     0.482659702200   38.697273096541   17.732287650869  407.113386086262
     0.483003794978   38.687612328550   17.736946930698  407.509989440681
     0.483347811077   38.652688300697   17.736377824093  407.575250606493
     0.483691740210   38.622462698128   17.740509328727  407.704955017560
     0.484035640001   38.534691019197   17.732945956342  407.151022724467
     0.484379440059   38.481554589264   17.728681194941  406.896383745682
     0.484723200932   38.421389644244   17.727128326512  406.763189902721
     0.485066883366   38.396577119920   17.724902286946  406.634177850982
     0.485410494858   38.394389697220   17.727659548259  406.829638990881
     0.485754063772   38.370660118431   17.725542925966  406.787148705476
     0.486097526121   38.420016540723   17.733786291214  407.343121658658
     0.486440960254   38.435839927886   17.741162830329  407.730477010131
     0.486781343313   38.447675844822   17.741719160866  407.841355408365
     0.487103346156   38.464793070158   17.747980814644  408.309761042231
     0.487428043097   38.471126663217   17.749764361533  408.381874429894
     0.487750687335   38.519178566583   17.754780086949  408.737801693855
     0.488065027764   38.537013854382   17.761078294882  409.155774923183
     0.488138803997   38.540647958755   17.762130715562  409.205997552663
     0.488142223842   38.540853393626   17.762176722089  409.207968654341
     0.488446922969   38.565684940732   17.765970138913  409.323896097319
     0.488750088355   38.544905499672   17.766100953469  409.294541470033
     0.489031064016   38.511762415990   17.762799874308  409.124007813612
     0.489332830079   38.539744845486   17.765068184591  409.146539577129
     0.489646046541   38.523315280346   17.764352335677  408.899731337328
     0.489945309122   38.508806511731   17.759794253670  408.463099072938
     0.490267420409   38.573584772519   17.768228968713  408.883482569131
     0.490595094953   38.581298648272   17.772447483598  408.985331733080
     0.490926941306   38.588230387527   17.768943744967  408.710101341972
     0.491255469196   38.580378519799   17.769065302855  408.655910122296
     0.491587315549   38.539516187430   17.763998722245  408.131030709011
     0.491919161902   38.561513398387   17.765792136900  407.901084615813
     0.492251008255   38.560901755415   17.771324046737  407.945451704938
     0.492582854609   38.583243609675   17.782926513361  408.397213181389
     0.492914700962   38.619839590530   17.800487226585  409.530791463560
     0.493246547315   38.632618978581   17.810383939492  410.357171836413
     0.493578393669   38.676965411036   17.820450037834  411.142320020073
     0.493910240022   38.665376945148   17.823033903773  411.444300582191
     0.494242086375   38.674193903524   17.825004508691  411.772859378472
     0.494573932728   38.673162045749   17.832646153634  412.315301262962
     0.494905779082   38.628831073127   17.830591073454  412.196364168022
     0.495237625435   38.614847800514   17.833257824904  412.374887938633
     0.495569471788   38.518987834642   17.825701026650  411.888726421616
     0.495905645820   38.480656743392   17.820010404265  411.524551999818
     0.496244437926   38.441782301647   17.818306013028  411.338800252464
     0.496564045262   38.397489087132   17.810338800823  410.908964424566
     0.496905430033   38.391007017772   17.809763886304  410.939173267414
     0.497246775870   38.385115255756   17.808557443199  410.878147029237
     0.497588027280   38.431276401904   17.812974556752  411.269419588823
     0.497929246370   38.456452631150   17.820279152616  411.713112429100
     0.498270367454   38.474301622833   17.821719560909  411.890913365334
     0.498611438272   38.502182905752   17.829160264548  412.378226026588
     0.498946999147   38.484251720564   17.829757356174  412.340767865730
     0.499287921479   38.479556226570   17.830495867951  412.475718261721
     0.499623368198   38.487277229737   17.838542947766  412.905427856548
     0.499964171209   38.492880553852   17.839219168590  412.912584181014
     0.500022100231   38.490344616842   17.839062487067  412.926745878475
