# {0} signal over time, extracted at r = 500 km
# All quantities are measured in a resting observer's frame at infinity
# cols=4 rows=860
#              time        luminosity               <e>             <e^2>
#               "s"           "foe/s"           "MeV^1"           "MeV^2"
  -4.4872663928e-04  1.0612428244e-06    5.277409333280   41.146443334088
  -4.1158218610e-04  1.0434366920e-06    3.428489895002   18.066357460555
  -3.9743391170e-04  1.0650281615e-06    3.273323599783   16.151097000449
  -3.9654245223e-04  1.0668505838e-06    3.265621053027   16.056387352819
  -3.8668295178e-04  1.0906254858e-06    3.192999908925   15.161430604784
  -3.7798260322e-04  1.1168582603e-06    3.143017854395   14.544441011155
  -3.7011806087e-04  1.1446279705e-06    3.106074890293   14.087120322304
  -3.6252219787e-04  1.1749668263e-06    3.076048409354   13.714225728206
  -3.5479873125e-04  1.2092349350e-06    3.049990466570   13.389458042034
  -3.4681109646e-04  1.2481459760e-06    3.026861978599   13.099005835174
  -3.3852088630e-04  1.2922565608e-06    3.006177889541   12.837322696085
  -3.2921760467e-04  1.3463280091e-06    2.986244901502   12.583797882565
  -3.2059720915e-04  1.4006966269e-06    2.970288764954   12.379479326877
  -3.1252653511e-04  1.4553163087e-06    2.957185624750   12.210629050250
  -3.0434642756e-04  1.5143037210e-06    2.945403936469   12.057764126759
  -3.0093329722e-04  1.5399947616e-06    2.940890336823   11.998871529733
  -2.9317205134e-04  1.6007688257e-06    2.931395457432   11.874363081378
  -2.8643312979e-04  1.6561753207e-06    2.923941760653   11.775835755536
  -2.7938103400e-04  1.7167913718e-06    2.916855759911   11.681411197103
  -2.7140669507e-04  1.7885581798e-06    2.909624997549   11.584046764164
  -2.6474261365e-04  1.8511429828e-06    2.904156340737   11.509539086357
  -2.5878459692e-04  1.9091501037e-06    2.899713421173   11.447884108142
  -2.5780698294e-04  1.9188587258e-06    2.899017022367   11.438168761128
  -2.5212497927e-04  1.9763611807e-06    2.895136943310   11.383746821804
  -2.4689579101e-04  2.0309082640e-06    2.891804654020   11.336622508014
  -2.4366838894e-04  2.0653591440e-06    2.889852542575   11.308886220122
  -2.3606313615e-04  2.1488917878e-06    2.885561033619   11.247181093579
  -2.3246956709e-04  2.1895137337e-06    2.883672512096   11.219738011861
  -2.2499340925e-04  2.2764065851e-06    2.880003483043   11.165856309356
  -2.1915695115e-04  2.3464768555e-06    2.877364388442   11.126633175129
  -2.1105824233e-04  2.4469396525e-06    2.874008697613   11.075946834259
  -2.0654356014e-04  2.5045682724e-06    2.872281166240   11.049442833289
  -2.0154028675e-04  2.5698009474e-06    2.870476143265   11.021467467265
  -1.9336060225e-04  2.6795141432e-06    2.867765984007   10.978617473167
  -1.8941509733e-04  2.7337894613e-06    2.866556690160   10.959148536523
  -1.8338963317e-04  2.8184010542e-06    2.864820255120   10.930883944619
  -1.7620069866e-04  2.9220153824e-06    2.862930958567   10.899233785610
  -1.6940195357e-04  3.0227067176e-06    2.861304457074   10.871352647151
  -1.6025798775e-04  3.1622305256e-06    2.859343643766   10.836617792734
  -1.5443547453e-04  3.2535820546e-06    2.858225187489   10.816116006710
  -1.4488086138e-04  3.4079480759e-06    2.856577047478   10.784890406246
  -1.3930142149e-04  3.5006564393e-06    2.855713244204   10.767946618886
  -1.3512595126e-04  3.5712762239e-06    2.855112819615   10.755858175307
  -1.2617924684e-04  3.7261896521e-06    2.853943693281   10.731542472880
  -1.2017422811e-04  3.8329040678e-06    2.853254044019   10.716410935361
  -1.1158643935e-04  3.9893422708e-06    2.852385147778   10.696299720286
  -1.0256766675e-04  4.1584656631e-06    2.851614238087   10.677005112935
  -9.4984179168e-05  4.3044957747e-06    2.851080524839   10.662178845052
  -8.6428742505e-05  4.4734230793e-06    2.850595793494   10.646889274137
  -7.8791791685e-05  4.6279576642e-06    2.850256247145   10.634431926435
  -7.1585142858e-05  4.7770063647e-06    2.850027711060   10.623718990626
  -6.4890923539e-05  4.9182668398e-06    2.849877057691   10.614570782715
  -5.8601461183e-05  5.0534426527e-06    2.849799204560   10.606702012299
  -5.2241664229e-05  5.1925519765e-06    2.849778442129   10.599423455071
  -4.6689319191e-05  5.3161494026e-06    2.849756297794   10.593195007114
  -4.1226214261e-05  5.4397599277e-06    2.849764231596   10.587459346392
  -3.5878031801e-05  5.5626936916e-06    2.849802011802   10.582232160266
  -3.0695657998e-05  5.6836320727e-06    2.849870892112   10.577536455978
  -2.5993485805e-05  5.7949125913e-06    2.849957124103   10.573572082235
  -2.1308810066e-05  5.9072455235e-06    2.850064530624   10.569891074579
  -1.6828655254e-05  6.0160382144e-06    2.850189720854   10.566637841517
  -1.2410518465e-05  6.1246336913e-06    2.850331481510   10.563656771509
  -8.2043211490e-06  6.2292252681e-06    2.850485451836   10.561042253469
  -3.9434244054e-06  6.3363746821e-06    2.850659685108   10.558608918271
   1.6944437289e-07  6.4409419134e-06    2.850845904928   10.556468809206
   4.1872832699e-06  6.5441765681e-06    2.851044029313   10.554566328579
   7.8597695248e-06  6.6394728435e-06    2.851239977261   10.552995051840
   1.1800152738e-05  6.7427135542e-06    2.851465062442   10.551479091472
   1.5541580158e-05  6.8416939412e-06    2.851692525629   10.550196679766
   1.9446227350e-05  6.9459789653e-06    2.851945387338   10.549030284395
   2.0423581728e-05  6.9722382660e-06    2.852011824541   10.548771299927
   2.6948412048e-05  7.2280985531e-06    2.848205459454   10.517087176465
   4.0986142092e-05  7.6168482332e-06    2.849429842713   10.515777762920
   5.7326522970e-05  8.0838925675e-06    2.851202616349   10.517591615379
   7.3830776797e-05  8.5717459557e-06    2.853346380391   10.522851197650
   8.9785200648e-05  9.0590862671e-06    2.855737779782   10.531051800303
   1.0545253116e-04  9.5528723534e-06    2.858399290837   10.542137575909
   1.2116633452e-04  1.0063671980e-05    2.861345955108   10.555982872971
   1.3861518378e-04  1.0649751792e-05    2.864933064969   10.574455778974
   1.5477888573e-04  1.1210906334e-05    2.868551224643   10.594456358342
   1.7188448915e-04  1.1824335265e-05    2.872688178995   10.618620376249
   1.8746285586e-04  1.2400846786e-05    2.876726101532   10.643254211016
   2.0512088417e-04  1.3075289333e-05    2.881609009163   10.674145709671
   2.2181973448e-04  1.3733892017e-05    2.886518623684   10.706193109798
   2.3931697175e-04  1.4445957828e-05    2.891959431717   10.742653789976
   2.5789369960e-04  1.5226792212e-05    2.898057068576   10.784493872243
   2.7555860638e-04  1.5993132789e-05    2.904149727609   10.827162284245
   2.9478886351e-04  1.6853800318e-05    2.911092877186   10.876672892113
   3.1540371783e-04  1.7806814174e-05    2.918873808265   10.933109095035
   3.3580901933e-04  1.8780625815e-05    2.926893706472   10.992175755595
   3.5647168498e-04  1.9796882880e-05    2.935307573754   11.054986405291
   3.7837440471e-04  2.0906114360e-05    2.944511927848   11.124556116537
   4.0164338401e-04  2.2118843570e-05    2.954566498445   11.201446883320
   4.2647746591e-04  2.3449568811e-05    2.965552845208   11.286400418363
   4.5299815341e-04  2.4908584844e-05    2.977503481013   11.379790186442
   4.8140280012e-04  2.6509700711e-05    2.990463740382   11.482095643575
   5.0736566283e-04  2.8003066811e-05    3.002375914920   11.576978856086
   5.3670358100e-04  2.9719006214e-05    3.015826701398   11.685021026474
   5.6872198680e-04  3.1618800559e-05    3.030397073829   11.803072423080
   6.0313037434e-04  3.3683140543e-05    3.045823867618   11.929168082938
   6.4010622291e-04  3.5918160879e-05    3.062035363728   12.062885096235
   6.7994012599e-04  3.8335405529e-05    3.078991323305   12.204084393692
   7.2251325284e-04  4.0920636216e-05    3.096474336541   12.351165298809
   7.6500506023e-04  4.3496098972e-05    3.113248403107   12.493783874222
   8.0955623918e-04  4.6186851622e-05    3.130125946809   12.638850061270
   8.5773565836e-04  4.9083432964e-05    3.147601871128   12.790787677876
   9.1040900546e-04  5.2234142186e-05    3.165846758669   12.951318316725
   9.7062428971e-04  5.5817800717e-05    3.185681008678   13.127990928783
   1.0355255179e-03  5.9663242345e-05    3.205913438238   13.310345930043
   1.1064925363e-03  6.3859937217e-05    3.226784968865   13.500316886868
   1.1886430322e-03  6.9579957025e-05    3.257206457773   13.768063910625
   1.2755815289e-03  9.4420351661e-05    3.548603620746   16.083372930890
   1.3802394392e-03  1.9245861760e-04    4.154276556899   20.821877041863
   1.4941743974e-03  4.5220686669e-04    4.463473478044   23.210500216816
   1.6086302267e-03  1.0148295603e-03    4.550853387201   23.973026450536
   1.7543237540e-03  2.6096460752e-03    4.596224180089   24.520430165767
   1.8852258104e-03  5.5414171260e-03    4.644963383332   25.055236546560
   2.0393562134e-03    0.011060257809    4.775417822170   26.520273097979
   2.1892190828e-03    0.017073068353    4.991126282997   29.055672510928
   2.3601305295e-03    0.022871399932    5.294204325010   32.920970746674
   2.5251215195e-03    0.027225102113    5.599430617618   37.164784612436
   2.6908890225e-03    0.030829503119    5.886613170103   41.490592040318
   2.8896416961e-03    0.034607154594    6.182845983136   46.305027712091
   3.0798411219e-03    0.037963255730    6.417570209627   50.369870229896
   3.2700405476e-03    0.041364203445    6.617072011533   53.958065064845
   3.4602399733e-03    0.045190481244    6.795686841423   57.228673190677
   3.6504393990e-03    0.049855917398    6.966362326952   60.363163905964
   3.8874050997e-03    0.057462911212    7.184520895950   64.343944643809
   4.1195745841e-03    0.067636611773    7.416818949594   68.562728729437
   4.3517440686e-03    0.081506269239    7.672158689189   73.225983502968
   4.5839135530e-03    0.100240143455    7.948165183379   78.342356004797
   4.8346158356e-03    0.127377114761    8.258122606939   84.210544627695
   5.0855356227e-03    0.163073985928    8.561725973788   90.098157148512
   5.3364554098e-03    0.208384200404    8.842077570068   95.672658746907
   5.5873751968e-03    0.264378022872    9.091663251936  100.761187700988
   5.8382949839e-03    0.332245383938    9.312271015382  105.376016438043
   6.0906317942e-03    0.413335140351    9.504937826995  109.517144643559
   6.3418203275e-03    0.506882047003    9.667362520495  113.107308583437
   6.5926332214e-03    0.615029118545    9.811170789753  116.366732188803
   6.8437647185e-03    0.737403084462    9.936837765074  119.267088202569
   7.0965538976e-03    0.877725997570   10.050234658048  121.945914011202
   7.3468120214e-03    1.030185174406   10.148420812067  124.297574059992
   7.5995513929e-03    1.196665625324   10.234295646416  126.369309454247
   7.8495886622e-03    1.368886970132   10.300446686936  127.966462440123
   8.1010221010e-03    1.549206800977   10.347587052399  129.079627075360
   8.3526875815e-03    1.740981203469   10.387360606876  129.995696490740
   8.6067889326e-03    1.952909273774   10.431450438386  131.016190322413
   8.8601327259e-03    2.184026138222   10.477696398689  132.087598573257
   9.1101377851e-03    2.433003360858   10.531374585436  133.362796295734
   9.3601428444e-03    2.704015227379   10.591284766219  134.824051797292
   9.6101479036e-03    2.986729815724   10.645694619913  136.139015216996
   9.8629905321e-03    3.282613580265   10.692524949285  137.255655175696
     0.010118614538    3.583817189523   10.729136600098  138.110938466760
     0.010374238544    3.896971323091   10.762458754408  138.898042209362
     0.010629862550    4.223912770180   10.793160023854  139.609085570618
     0.010885486556    4.563193537282   10.814588624477  140.042332062881
     0.011141110562    4.925339738569   10.835698910025  140.459127946407
     0.011396734568    5.311935024532   10.866051473604  141.155795531122
     0.011652358574    5.719121545309   10.898485130744  141.957890785177
     0.011907982580    6.145611422513   10.931206602623  142.757221633554
     0.012163606586    6.586090389807   10.967189246089  143.613986545011
     0.012419230592    7.018266138917   10.995466104010  144.265531336014
     0.012674854598    7.436597931677   11.011219775969  144.597350648170
     0.012930478604    7.859048981355   11.026753823918  144.952131978504
     0.013186102610    8.292243073455   11.048747401727  145.477253870908
     0.013441726616    8.713669611591   11.069204694318  145.949736603309
     0.013697350622    9.105217571351   11.079384199359  146.164483968200
     0.013952974628    9.490170067904   11.086250731529  146.300328632287
     0.014212670944    9.892916356461   11.096479474368  146.512852869493
     0.014464483255   10.284486974764   11.107793427852  146.753823494378
     0.014716295566   10.652887587146   11.116592493446  146.951481713456
     0.014968107877   11.006890553252   11.123856336396  147.115409515539
     0.015226434574   11.380434078131   11.132196317050  147.285988142842
     0.015481845562   11.760690379927   11.138113485458  147.397110442235
     0.015735732369   12.137493633315   11.144712951977  147.583915068942
     0.015992926328   12.505795570981   11.155917371483  147.898629180754
     0.016248694977   12.860727807712   11.167471205794  148.179362436884
     0.016499531277   13.208999398016   11.177725932079  148.422845769586
     0.016751153201   13.562531969294   11.187554317588  148.704799737913
     0.017005006739   13.916024078279   11.196498291501  148.968020975851
     0.017261755569   14.263350011143   11.202737386774  149.095515335628
     0.017516240311   14.610799453217   11.208775886705  149.183239132399
     0.017767042666   14.968596153956   11.216715104700  149.377735633763
     0.018021353722   15.351123376842   11.230346979397  149.808547162728
     0.018275664779   15.740397209807   11.245472938097  150.269293988460
     0.018529445575   16.111911705523   11.253725497279  150.456644230300
     0.018793554432   16.480058491110   11.261142817275  150.572863170517
     0.019047646133   16.831216229003   11.272380184508  150.830287932340
     0.019297652310   17.191857903466   11.285083822928  151.203359626578
     0.019548552012   17.580983086935   11.301607041108  151.727470779121
     0.019799451714   17.985886368565   11.320475608867  152.303126292290
     0.020055033618   18.376049323491   11.335045071949  152.719940052577
     0.020315500172   18.724221236373   11.340760046911  152.839985255558
     0.020570207979   19.053093693526   11.343772362336  152.837071112039
     0.020825011170   19.411993313857   11.350826272830  152.965326889645
     0.021078927352   19.805916040565   11.370622823356  153.543624099644
     0.021333880021   20.195759378518   11.396609231647  154.354584048565
     0.021588832690   20.538141076895   11.414608000094  154.926195447784
     0.021839457860   20.825858962098   11.420403675567  155.103052991841
     0.022097093449   21.103015251969   11.420626591237  155.037596872815
     0.022356510499   21.392400523142   11.418112822232  154.826539308310
     0.022613109201   21.706725908838   11.422649721338  154.915345127340
     0.022869833801   22.039003007541   11.438478393711  155.445848522963
     0.023126558401   22.373598342087   11.459010244360  156.123577737965
     0.023383283001   22.692392731425   11.476595376711  156.665563687382
     0.023640007601   22.972075837793   11.485635388634  156.893105136561
     0.023897289215   23.208492827933   11.482728215978  156.694851990575
     0.024159883248   23.450363265662   11.476653261533  156.429073840873
     0.024417170923   23.729358739854   11.482489482276  156.626172960028
     0.024672627469   24.040759455170   11.497468872240  157.136655077246
     0.024928084015   24.364567514055   11.513731201678  157.661750597362
     0.025015669116   24.473073922478   11.518307528501  157.802380721658
     0.025015669116   25.713067909168   11.518307582981  157.802382214421
     0.026022010254   25.470616316963   11.524587184816  157.734215864118
     0.027036035524   26.614246635110   11.554432230747  158.670924348803
     0.028038666436   27.729059936568   11.585329380587  159.436471559117
     0.029039933664   28.700262063727   11.615001015248  160.351475114629
     0.030047537806   29.698031088244   11.657516435296  161.623592114775
     0.031055141949   30.454433190107   11.683792306124  162.442379465878
     0.032055430330   31.232559757905   11.715917486823  163.387469134571
     0.033058567035   32.043215365130   11.736468222777  163.957539976742
     0.034061703739   33.074589459887   11.788243512154  165.535832218684
     0.035064840444   33.809064347081   11.811431961816  166.175782390582
     0.036067977148   34.683582309141   11.834706645393  166.824213450297
     0.037071113853   35.409784608556   11.862200608126  167.678443012074
     0.038074250558   36.008527809850   11.874927357796  168.049400561276
     0.039077387262   37.005500426213   11.921372610557  169.420714056419
     0.040080523967   37.846209892943   11.943008918691  170.084885580885
     0.041083660671   38.404749220924   11.957504606618  170.571320590336
     0.042086797376   38.793681323029   11.978708478466  171.193378875920
     0.043089934080   39.040456151277   11.991016000828  171.604208530391
     0.044093070785   39.253278154953   12.003653381326  172.058192665272
     0.045096207489   39.535616692392   12.001641161960  171.858344460018
     0.046099344194   40.233694761691   12.030758241667  172.762774983180
     0.047102480898   40.993910839525   12.065864772960  173.802733693464
     0.048105617603   41.241321375297   12.062332473148  173.704138165938
     0.049108754307   41.824648434960   12.085576109078  174.323960924314
     0.050111891012   42.397329144725   12.113906446427  175.254002837290
     0.051115027717   42.505204390294   12.122275671683  175.553119583969
     0.052118164421   42.492048541068   12.114698891938  175.194602742719
     0.053121301126   42.597806588157   12.130261800931  175.753883557870
     0.054124437830   42.821485471515   12.147738961790  176.191168985343
     0.055127574535   42.959352504875   12.147073913463  176.122535527130
     0.056130711239   43.262374056662   12.167246693968  176.783049618047
     0.057133847944   43.627248279561   12.188602854160  177.439233427468
     0.058136984648   43.868108074371   12.198870837601  177.760890644112
     0.059140121353   44.265655814437   12.218633313527  178.265617369865
     0.060143258057   44.771063977960   12.257554386464  179.516401782709
     0.061146394762   45.044388892150   12.286756770593  180.505208987098
     0.062149531467   45.061390459607   12.299411595416  180.819462495980
     0.063152668171   44.699628212461   12.280647621764  180.222187108830
     0.064155804876   44.440776931575   12.274580282779  180.093987931398
     0.065158941580   44.455723779542   12.277701955377  180.210577914479
     0.066162077244   44.802485415477   12.292447587262  180.652219544752
     0.067165212781   45.470553527890   12.334502590569  181.920267271620
     0.068168348317   46.155707028322   12.378902236489  183.278310417975
     0.069171483854   46.654819983972   12.414450146392  184.354363038289
     0.070174619390   47.001976881628   12.442209343739  185.190615211648
     0.071177754927   47.171339265271   12.461638257659  185.821293328624
     0.072180890463   47.226261745284   12.476517117829  186.326169902439
     0.073184026000   47.193896849748   12.481584518689  186.487908845162
     0.074187161536   47.340466912916   12.499753216503  187.042802040028
     0.075190297073   47.692373589038   12.528660233659  187.935438393128
     0.076193432609   48.137319039553   12.562054729724  188.977927623026
     0.077196568146   48.567938739472   12.593378945175  189.958770215481
     0.078199703682   48.936866920556   12.621120827343  190.831400310391
     0.079202839219   49.187638492614   12.646609276128  191.621540515056
     0.080205974755   49.235125510936   12.664108180063  192.162173389776
     0.081209110292   49.215533707374   12.678516869300  192.605775137455
     0.082212245828   49.263228874232   12.696911619924  193.189813091128
     0.083215381365   49.504986590601   12.724152632914  194.054019391732
     0.084218516901   49.851542187519   12.757809949051  195.142356637904
     0.085221652438   50.156664119910   12.789389877918  196.141780949010
     0.086224787974   50.270687638187   12.815081353051  197.047435106103
     0.087227923511   50.165905486486   12.830149737100  197.593284829700
     0.088231059047   50.044939710317   12.841456461694  197.949058115622
     0.089234194584   50.009994586336   12.856411056594  198.449884727303
     0.090000225357   50.106762309113   12.874857122340  199.054203790876
     0.091003360893   50.245447623528   12.897772342542  199.785215472655
     0.092006496430   50.406824455835   12.906285325836  200.003310476852
     0.093009631966   50.480938570848   12.938518926360  201.170753335715
     0.094012767503   50.619780558599   12.968669132581  202.169724736251
     0.095015903039   50.568261181354   12.985208330838  202.709406731888
     0.096019038576   50.352182151008   12.993274582146  202.965323416597
     0.097022174112   50.181471042514   13.006838887518  203.418044879995
     0.098023542652   50.205656655153   13.029239401993  204.189469260999
     0.099034460621   50.225783044024   13.045513310803  204.710996285413
     0.100045378590   50.161143457053   13.066434145412  205.305292375342
     0.101056296559   49.986845959630   13.079305093124  205.738844092634
     0.102067214527   49.792975897909   13.088050351027  206.020168160586
     0.103078132496   49.811655493636   13.107622060688  206.687047275773
     0.104089021782   49.861262842290   13.135985875557  207.642239075724
     0.105099882044   49.797823777365   13.161205211557  208.597114585942
     0.106110742305   49.635933193034   13.174938281824  209.080541397472
     0.107121602567   49.682914044615   13.199241890990  209.890831081618
     0.108132462828   49.584227986080   13.217094834318  210.529112448542
     0.109143323090   49.483767477767   13.235449406119  211.163658565213
     0.110143422295   49.323705087975   13.253332419466  211.776516243989
     0.111158326983   49.015335122384   13.260885285049  212.097721137799
     0.112173231670   48.753440703143   13.272790343333  212.538330682989
     0.113188136358   48.374657310981   13.278661618848  212.792543669710
     0.114202990813   48.078365702261   13.284275634589  212.952126001516
     0.115217833939   47.729365320377   13.291188942985  213.093703697970
     0.116224488799   47.420551050947   13.291943399825  213.092097956047
     0.117232559112   47.286644852913   13.308465190193  213.660619126125
     0.118240629424   46.945606877582   13.312240173140  213.854432819213
     0.119248699737   46.614854378812   13.320164240381  214.100527428557
     0.120256770049   46.358222342350   13.329681912989  214.412060359945
     0.121264840362   46.377810789420   13.355261302587  215.282593861660
     0.122272910674   46.325574390355   13.380347003918  216.180059650544
     0.123280769327   46.130995693354   13.398567558007  216.908589453517
     0.124293673947   45.926385230926   13.407756793386  217.231283939507
     0.125306578567   45.880043924545   13.435509292982  218.173117552316
     0.126306798187   45.798966928110   13.456407567042  218.859665437034
     0.127310802533   45.806974510364   13.480464258869  219.602695043748
     0.128314806878   45.610272167026   13.500003705261  220.467835364652
     0.129318811224   45.389852784331   13.513156138372  220.954491377377
     0.130322815570   45.424342997546   13.539046414888  221.799746686980
     0.131326819916   45.434380568568   13.563573513626  222.611726733532
     0.132337108275   45.346696848586   13.580742791137  223.202878584278
     0.133348732463   45.311053330646   13.606970146457  224.294152015156
     0.134363637150   45.290362995630   13.627353937830  225.011067404434
     0.135378541838   45.093038881792   13.641828877516  225.462850459155
     0.136393446525   44.963345319276   13.653340125799  225.808364993052
     0.137408351213   44.841374732858   13.676759773526  226.858149861947
     0.138423255900   44.719279770771   13.696903742080  227.624436073581
     0.139435757481   44.598891821749   13.715149513823  228.223752815629
     0.140448816887   44.407177452392   13.726512495418  228.611162857749
     0.141461876293   44.249519702518   13.734986384905  228.924860596216
     0.142474935700   44.007213501262   13.745648313774  229.299309559649
     0.143483507200   43.821838797755   13.757695030232  229.830723010469
     0.144498411887   43.639337761443   13.779530016503  230.792084081333
     0.145513316575   43.491717136879   13.792152152659  231.213206895022
     0.146528221262   43.327105816086   13.798109696385  231.383262876566
     0.147543125950   43.342147962221   13.821316458809  232.139936342591
     0.148557570188   43.214767369760   13.835599230681  232.656998810880
     0.149560020703   43.182220891380   13.863741593321  233.945472384477
     0.150562471219   43.019839968819   13.876738393119  234.419826330368
     0.151564921734   42.986043900942   13.890480255649  234.858175397428
     0.152567372249   42.975562823707   13.910885026153  235.574171598168
     0.153580738668   42.637777979551   13.908742401020  235.442104383530
     0.154587669918   42.540725505463   13.927176085001  236.481949345751
     0.155595740231   42.618021549130   13.959593238010  237.627999005243
     0.156607370113   42.697649304038   13.976471453846  238.114322939205
     0.157621982329   42.604331853839   13.998782038974  238.981411979477
     0.158630052642   42.522344999036   14.017697822306  239.811924229473
     0.159638533017   42.722679734747   14.044465014144  240.774519319876
     0.160651592423   42.632175946806   14.062502175767  241.369932982852
     0.161656128554   42.614942991178   14.091265059644  242.805826389217
     0.162671033241   42.496754598655   14.110184853404  243.432396288069
     0.163685937929   42.306077484662   14.111053752647  243.443072540422
     0.164700842616   42.051771676780   14.109002672402  243.354547444009
     0.165705763538   42.067792145785   14.131040865854  244.107262776935
     0.166713833851   41.881426383043   14.129654787411  244.049725505985
     0.167721904163   41.739043725191   14.147283496034  245.206713130620
     0.168729974476   41.777948283112   14.163586062255  245.683919231031
     0.169735775521   41.849165687952   14.187762154481  246.466713362366
     0.170748834927   41.596958016780   14.189000972970  246.461794154552
     0.171761894333   41.717470154150   14.219930019789  248.114692548440
     0.172774953740   41.770916194246   14.237224455018  248.586527028730
     0.173790382848   41.684417705053   14.240545652573  248.636392282428
     0.174795263786   41.612337723416   14.255777753780  249.070214831844
     0.175810168473   41.527863144213   14.265316667154  249.506089888707
     0.176825073161   41.280086578817   14.272495436976  250.291043382514
     0.177839977848   41.327800989517   14.295478986629  251.175421918544
     0.178854882536   41.194444453743   14.303246008441  251.363020655865
     0.179869787223   40.991937455286   14.294739603210  250.883275072782
     0.180884691911   40.938023452408   14.312987816106  251.431087200964
     0.181899596598   41.072655274444   14.344791574618  253.161821633094
     0.182915293840   41.055485244981   14.359801970350  253.627869833037
     0.183928353247   41.025024222836   14.368132644589  253.736046390506
     0.184930927583   40.914510805277   14.375612735462  254.142602786708
     0.185943986989   40.959054619975   14.395799902093  255.509988903297
     0.186957046395   40.928596698651   14.413907463263  256.114681492546
     0.187970105801   40.895436284237   14.417571646251  256.003764648689
     0.188983165208   40.769805245900   14.427241451179  256.461192845007
     0.189996224614   40.546696712965   14.427744198340  256.310504584962
     0.191009284020   40.575668220040   14.452132225923  257.933800515711
     0.192022343426   40.754714215299   14.477262832641  258.738319079465
     0.193035402832   40.649950378258   14.478536512711  258.502481606242
     0.194048462239   40.697491489399   14.504070152726  259.908578996520
     0.195061521645   40.783952352056   14.529132396749  261.177127718609
     0.196076889384   40.738330485353   14.525903862531  260.867975319158
     0.197080079770   40.741882705708   14.537617916950  260.968520759740
     0.198089451615   40.830443960109   14.569248413246  262.148931572531
     0.199102511021   40.825801873201   14.575908697530  263.078236664950
     0.200115570427   40.902577566656   14.589452357420  263.651954368166
     0.201128629833   40.545209844419   14.580279793729  263.087467298867
     0.202141689240   40.502918607841   14.593741276007  263.673468834469
     0.203154748646   40.281515092271   14.597474650335  263.552458263995
     0.204157503462   40.148273246945   14.603089124507  263.635757890241
     0.205157982680   40.170617898144   14.623119224939  264.846802864106
     0.206158461897   40.124976236581   14.627273589702  265.622556940895
     0.206862604412   40.048765425989   14.627880870923  265.563752688598
     0.207870172625   40.041691723213   14.635172099901  265.688048999375
     0.208870250991   39.965612372055   14.630862847715  265.257737494052
     0.209883310397   40.056129217826   14.662131819833  267.050156209042
     0.210896369803   40.217668148808   14.687838893791  268.013853966164
     0.211909429209   40.061719567798   14.686254210859  267.576731179698
     0.212912174669   40.078973730248   14.700707976719  268.068007238246
     0.213915277340   40.009454511625   14.732514721879  269.289038500051
     0.214920124518   40.112662029462   14.727225631676  269.994871724824
     0.215935031188   40.153160509157   14.722043754387  269.774244681877
     0.216945427237   40.118807285717   14.754000233720  270.169934197854
     0.217957310183   40.218744405103   14.781625750821  272.119157785913
     0.218960659779   40.280170464796   14.791282924872  272.571800421558
     0.219967325804   40.162399327669   14.790684789389  272.535788382389
     0.220977388512   40.153179866832   14.790161659209  272.410874321187
     0.221994170869   40.026286968477   14.783168205086  271.977527369340
     0.223001734928   40.154211781046   14.844880403583  274.217446513104
     0.224014487708   40.187163006717   14.823110738179  274.294940270748
     0.225020447114   40.346773695460   14.862336831900  275.370845661534
     0.226035351802   40.179754361965   14.825205018601  274.456719913727
     0.227050136801   40.019352017119   14.824640401157  274.605388635378
     0.228055222226   39.989426103497   14.856015530887  275.304249538242
     0.229056612569   39.975204653172   14.866318077241  275.161307872782
     0.230069619259   40.044870681477   14.898565078724  276.848028747410
     0.231072980825   40.051851949440   14.855924823700  276.016440796086
     0.232079752188   40.270600600669   14.925506212863  277.580045735619
     0.233086560643   40.269889535915   14.953024561882  279.345540146403
     0.234093369097   40.401882412748   14.977144763398  280.416753728653
     0.235099419953   40.331814599649   14.973779728820  279.961047309188
     0.236114324640   40.174279211735   14.894631723887  278.054434654491
     0.237115081458   40.191070781727   14.968712554200  279.649460803305
     0.238120509927   40.316055274777   15.028562412574  282.233696783199
     0.239127181858   40.292662536659   15.008070691625  281.916119926501
     0.240127189041   40.398220917587   15.008757484845  281.730859559709
     0.241134426331   40.315174551915   15.035278196114  282.171182198395
     0.242145706385   40.514722571767   15.082955771369  285.055767579286
     0.243156986440   40.519692091468   15.088058099816  285.110946942539
     0.244168266494   40.405158833688   15.084767395637  285.015654176509
     0.245176137723   40.449346508092   15.087797918788  285.038195025035
     0.246186429207   40.426370605201   15.069089995712  284.265670670068
     0.247195093224   40.364086107038   15.073477373714  284.231525557513
     0.248200068604   40.462931624625   15.131220944839  286.169650102943
     0.249204696652   40.567636397585   15.147822358466  287.533594152597
     0.250215252094   40.672948262516   15.155678365213  287.657968793679
     0.251225885308   40.465109467440   15.113432864255  286.275333714915
     0.252236518522   40.463024251070   15.129643828216  286.910306920349
     0.253239579446   40.430688592682   15.145053338831  286.951347829728
     0.254244451339   40.389130436290   15.178231554212  288.380435168691
     0.255249323233   40.413159985410   15.180941161211  289.401082366057
     0.256254839037   40.484089436888   15.196017522042  289.737624245564
     0.257262857271   40.351561560958   15.180326587887  288.751225482403
     0.258271764794   40.495742889879   15.237841683081  290.759118729416
     0.259276359409   40.649699009294   15.275203883805  292.804162823962
     0.260286533686   40.674071969444   15.253061541312  291.909009564829
     0.261290172805   40.676561102767   15.258005773816  291.830969746051
     0.262303692538   40.680362389313   15.247153375543  291.755212728575
     0.263305325538   40.545730782853   15.246727447541  291.921966419964
     0.264313534855   40.341239704020   15.246206457700  291.958086115645
     0.265315985370   40.343730991740   15.268506738948  292.271829553480
     0.266318435885   40.560829556181   15.318710640514  295.022199250949
     0.267330233350   40.577397652345   15.323135818806  294.754214200807
     0.268338401970   40.536435424355   15.294940418007  293.691846173527
     0.269319060083   40.731920154301   15.379862109742  296.866557549260
     0.270299718196   40.777725198269   15.383740089657  297.756480385792
     0.271280376308   40.862350063200   15.392004520275  298.103544492266
     0.272288235940   40.786682415480   15.389237453034  298.071647761088
     0.273295067522   40.742088172474   15.377964171725  297.787995993507
     0.274304740932   40.736639581180   15.377836675719  297.410255520936
     0.275216256549   40.805274306336   15.390139582590  297.518274197730
     0.275506821916   40.723954416115   15.380736535467  297.129752976063
     0.276143421873   40.740042523727   15.423865681232  298.901023982472
     0.277143511217   40.861125360891   15.499812947827  301.233653394020
     0.278150550393   40.146689713812   15.366257332734  295.130195663320
     0.279160729401   40.119267999484   15.373852912283  295.240665512742
     0.280171647370   40.109638049390   15.365680930519  295.002387085409
     0.281179286975   40.224489171854   15.393680924388  296.023391446483
     0.282100512902   40.177538159664   15.414688326075  296.972651505228
     0.283027022996   40.508435746748   15.487948994183  300.695271620495
     0.283953533090   40.558906041017   15.490539121484  300.673307521537
     0.284880043185   40.539319052101   15.496430754708  300.960621395031
     0.285806553279   40.506713841366   15.502908179469  301.400875834940
     0.286733063374   40.486824118919   15.505434077701  301.743473031771
     0.287659573468   40.416592307911   15.501913537497  301.548423002508
     0.288586083563   40.516408754193   15.506585230862  301.519603523866
     0.289512593657   40.627769255501   15.513684808504  301.758753547120
     0.290439103751   40.718014632830   15.522098854523  301.974173577198
     0.291365613846   40.773450948646   15.527153852635  302.135059906232
     0.292292123940   40.790401604007   15.535746878823  302.387940762378
     0.293299681571   40.788574207868   15.539667154850  302.491356603459
     0.294303053250   40.775512928954   15.533898977495  302.124550703515
     0.295156857143   40.813123995501   15.536730974152  302.092310339282
     0.295997613412   40.888504221470   15.561289486380  302.950458560677
     0.296838357702   41.295126406019   15.637179952932  307.158796180095
     0.297678854226   41.234047252573   15.637537332628  307.122072319162
     0.298683394795   41.141367737217   15.649193296418  308.035806929748
     0.299692303928   41.026618226852   15.640288697479  307.704801205557
     0.300651915536   40.845586399318   15.608359663239  306.068184233582
     0.301552483348   40.808514205889   15.621544953899  306.873984097728
     0.302453051160   41.014577646256   15.653748400725  307.921027355454
     0.303353618972   41.080745484444   15.659432595197  308.156034032855
     0.304254186784   40.992507394025   15.660443040830  308.190181184036
     0.305154754595   40.957968277458   15.670182176516  308.728612027504
     0.306055322407   40.661985131698   15.654879103255  308.396302845810
     0.306955890219   40.560859714703   15.653485368694  308.295432683208
     0.307856458031   40.599223279636   15.655936817213  308.039932029760
     0.308757025842   40.722932686755   15.665938707520  308.013842192397
     0.309770380945   40.903664743988   15.684044314766  308.391621522813
     0.310780909204   40.820249011532   15.657559902615  307.867306863161
     0.311644635349   40.813774283589   15.673239145474  308.472001066858
     0.312401315991   40.712756492448   15.687870645528  308.639124297484
     0.313157996634   40.619084370639   15.706129637106  309.701963993970
     0.313914677276   40.989729722219   15.757675264216  312.416004066047
     0.314671357919   41.050326646311   15.763273163743  312.360136624222
     0.315428038561   41.058473409718   15.769169459520  312.710495481009
     0.316184719204   40.986107710338   15.771642553842  312.938501333446
     0.316941399847   40.901601406107   15.772632990422  313.143663063004
     0.317698080489   40.775885358659   15.767991579718  312.962299295556
     0.318454761132   40.742827732378   15.768660373883  312.876744991758
     0.319211441774   40.852325695338   15.783068213369  313.406191150385
     0.319968122417   40.704625672902   15.778957342978  313.315322752159
     0.320724803059   40.610979679948   15.774174753736  313.107359687827
     0.321481483702   40.665228724211   15.784507600404  313.380132406721
     0.322238164345   40.691758527871   15.788355113671  313.375559972306
     0.323104608841   40.593438945754   15.783023706731  313.066165096453
     0.323957640907   40.615566989014   15.788342145839  313.277782898501
     0.324810977537   40.561761580914   15.780203034624  313.042210089557
     0.325724051380   40.413558721616   15.760696953514  312.429358247281
     0.326480732023   40.540998006602   15.794731635434  313.638877859296
     0.327237412665   40.430772563593   15.835311778906  315.519501825099
     0.327994093308   40.713465912748   15.890130491606  318.471763825417
     0.328750773951   40.664243392107   15.890385442286  318.508003824029
     0.329507454593   40.442368215914   15.878138797969  318.095502198732
     0.330264135236   40.521431076890   15.887456767986  318.591504035078
     0.331020815878   40.444836626012   15.882937411428  318.332314417955
     0.331777496521   40.484158937399   15.885757088595  318.433625478241
     0.332534177163   40.605972517623   15.892299109058  318.533173730375
     0.333290857806   40.615790556064   15.894796751050  318.549548085800
     0.334047538449   40.624772339407   15.897232594535  318.644981067578
     0.334804219091   40.597996274308   15.895905232168  318.501371975603
     0.335560899734   40.652248864930   15.907549685643  319.148222693867
     0.336317580376   40.448516565711   15.890960158312  318.436049485384
     0.337119684815   40.424668305306   15.892364280076  318.400584273650
     0.338066465707   40.425040632155   15.894827647596  317.963390242162
     0.339066841425   40.503895164994   15.903281770276  318.292715127297
     0.340067544635   40.490466384492   15.896866161791  318.683550331297
     0.340846022662   40.331932926194   15.903536302222  318.908472071957
     0.341624500689   40.348467312946   15.960988028727  321.763747062369
     0.342402978717   40.261937842362   15.976219019450  322.994179051561
     0.343181456744   40.373951866897   15.990193745941  323.618202512794
     0.343959934771   40.240374980534   15.979567362249  323.160175134364
     0.344738412799   40.225035349567   15.984230298630  323.500319816450
     0.345516890826   40.329818802241   15.991830964025  323.682765356007
     0.346295368853   40.312000298370   15.993012451131  323.694834726550
     0.347073846881   40.302786779334   15.994193731729  323.744030219773
     0.347852324908   40.344939733269   15.995661970195  323.800419889012
     0.348630802935   40.328783261625   15.993985493414  323.579929664152
     0.349409280963   40.420339717419   15.999171698564  323.640754515373
     0.350187758990   40.408801287718   15.994118113693  323.055676115760
     0.350966237017   40.479996845621   16.003694142036  323.326743638176
     0.351695368075   40.415017604697   16.000178526792  322.895386276840
     0.352325935278   40.421979225165   16.003964438174  322.860911635223
     0.352956502480   40.484741056307   16.019983190810  324.213747100705
     0.353587069682   40.724079670786   16.085125552228  327.732161790875
     0.354217636884   40.743490901474   16.085157410068  327.556434988162
     0.354848204086   40.775105662327   16.091726824552  327.849947207420
     0.355478771288   40.736886779594   16.092014318230  327.914972228314
     0.356109338491   40.662531624874   16.094141426980  328.129580190477
     0.356746233727   40.581365734782   16.088198549102  327.852669493856
     0.357528338157   40.728152328567   16.116399439612  329.351726248062
     0.358369094427   40.360936974647   16.091316188529  328.075954397432
     0.359018675527   39.987699053423   16.007700217096  323.876009746342
     0.359597744336   39.817230526146   15.995632821129  323.146738771783
     0.360176813145   39.852849552407   16.013395975252  323.406248633937
     0.360755881955   40.191432833906   16.077988054751  327.125897671269
     0.361334950764   40.466504675637   16.106767502782  328.169461721039
     0.361914019573   40.453375306537   16.108981204084  328.276027435708
     0.362493088382   40.300486557217   16.104495402668  328.335957460549
     0.363109827724   40.191143941779   16.099293598433  328.145876363626
     0.363835081587   40.277621774131   16.105362558054  328.124281141197
     0.364563114970   40.203033483412   16.089187916777  327.339447603557
     0.365177721093   40.161825354658   16.091839893650  327.351545154222
     0.365761579613   40.113612004065   16.099417417418  327.346858148100
     0.366345438134   40.199540087058   16.125190461240  329.026515241082
     0.366929296654   40.452230247161   16.192714168121  332.690461292573
     0.366946812410   40.457529092447   16.193452942819  332.716448120010
     0.367530670931   40.582096780205   16.206152341925  333.150273338716
     0.368114529451   40.417051897396   16.203216851551  333.175871083090
     0.368698387972   40.327531131872   16.199107530779  333.270899918297
     0.369282246492   40.292305294674   16.204575517658  333.552495369564
     0.369866105013   40.339065749105   16.199491721272  333.098187740459
     0.370449963533   40.360165961796   16.205266443400  333.305976293936
     0.371033822054   40.368496357045   16.208674639375  333.499857898822
     0.371617680574   40.300760299152   16.214306633207  333.897286709526
     0.372201539095   40.265141286674   16.210533649739  333.678549394101
     0.372785397615   40.337850872471   16.219758960113  334.003748997340
     0.373369256136   40.384141102193   16.228473142751  334.400068579340
     0.373953114656   40.304641345604   16.228635876674  334.527382776619
     0.374536973177   40.170648697600   16.217158696946  334.011453204143
     0.375120831697   40.258699783802   16.221083538760  333.986826310642
     0.375704690218   40.374060430154   16.227379384256  333.914644601952
     0.376288548738   40.387758638949   16.231160782849  334.095133714870
     0.376872407259   40.221885865703   16.221788652100  333.829728104904
     0.377456265779   40.191925546869   16.226592914605  334.165843134682
     0.378040124300   40.123539500331   16.223357854929  333.902984405879
     0.378857865447   40.078363313180   16.212330136768  332.760692924126
     0.379569753291   40.252782461192   16.226552105670  333.003172643521
     0.380200320494   40.198357272060   16.208714524360  332.671619409266
     0.380830887696   40.062685175911   16.227146255153  333.627003127185
     0.381461454898   40.413244553781   16.293588456831  337.757739934130
     0.382092022100   40.465186735817   16.302382537005  337.801914891443
     0.382722589302   40.462915061470   16.308081258562  338.328367052032
     0.383353156504   40.243091613809   16.296797133599  338.064802312356
     0.383983723706   40.287814043549   16.310946374022  338.991154143070
     0.384614290909   40.196066832927   16.300431486719  338.209362663122
     0.385244858111   40.302653257890   16.314414610319  338.842911806037
     0.385875425313   40.230333763635   16.312927999607  338.829743678834
     0.386505992515   40.133849623089   16.307247955645  338.563542527782
     0.387136559717   40.218224988786   16.308168566027  338.241895259276
     0.387767126919   40.350774091135   16.313840847532  338.101128045258
     0.388397694122   40.324735031028   16.310129313666  337.719522557366
     0.389028261324   40.263712706521   16.307704751703  337.633174161734
     0.389575816196   40.200505014755   16.302638521100  337.236291609291
     0.390101288865   40.177153368996   16.301436701852  336.813673971606
     0.390585622408   40.185878101253   16.306957046501  336.935785994614
     0.391055718105   40.454798362046   16.365107258543  340.789200909786
     0.391711739047   40.682619123144   16.409977268554  343.088321885167
     0.392360470737   40.570941092488   16.414556136059  343.495539421355
     0.392922271595   40.300849945938   16.365624442940  340.456791661169
     0.393489782077   40.001276080388   16.307276177426  337.072660395763
     0.394057292558   39.967349519401   16.308836279583  337.072459985885
     0.394624803040   40.289441318793   16.373461740057  341.461718385424
     0.395192313522   40.430359857703   16.393990039397  342.209355387825
     0.395759824004   40.459720258292   16.406859124615  343.158481464737
     0.396327334486   40.280296291428   16.400462880932  343.156588555394
     0.396894844968   40.274465902696   16.408449263249  343.777914445882
     0.397447992144   40.351111152338   16.415216947010  343.726283762152
     0.397994914029   40.361763114928   16.415600633669  343.721142766798
     0.398537008235   40.314370600383   16.420413332278  344.159715715698
     0.399097660756   40.191139934802   16.417606298644  344.215813473140
     0.399658163083   40.225816721597   16.422131319930  344.317081483881
     0.400232522084   40.301267301807   16.426119175611  344.252060767215
     0.400792725559   40.267834631543   16.421804598207  344.023760559562
     0.401251272548   40.244537367417   16.429344817023  344.553735403009
     0.401752887653   40.134573714384   16.426749295056  344.466778299745
     0.402231000909   40.072323956810   16.423308058315  344.192278691723
     0.402692744300   40.115700168061   16.428535246966  344.139533218311
     0.403146750892   40.112400710036   16.432549161883  343.908700793681
     0.403596860402   40.021047890577   16.417638890496  342.771289761698
     0.404058330577   40.043609462941   16.418031901140  342.592968125177
     0.404515882461   40.156729505162   16.435317713874  343.340934743826
     0.405090199905   39.984377871938   16.421583116406  342.592631182928
     0.405805209635   39.883314910129   16.413390175139  342.142509751439
     0.406441868140   39.911699257664   16.398662575207  341.658096975473
     0.406928416907   39.839326507921   16.389024589591  341.365889814872
     0.407414965675   39.759884423057   16.392012006325  341.376182863162
     0.407901514442   39.747015260917   16.416656134259  342.435166230360
     0.408388063209   39.991800300376   16.475718293120  346.321784263713
     0.408874611976   40.117784259382   16.491490021676  346.890568772207
     0.409361160743   40.106627606716   16.482793512011  346.257660262293
     0.409847709510   40.101773482818   16.485424258947  346.609043973722
     0.410327680859   40.088796179476   16.491570397780  347.257573951098
     0.410794724189   39.982811771002   16.489305233366  347.333143430580
     0.411250916673   39.947563814595   16.484053736852  347.057935432910
     0.411710806109   40.000618983694   16.487969626414  347.075897782501
     0.412178202470   40.066379847988   16.487392305842  346.548291084682
     0.412630310549   40.072069917117   16.480698978689  345.871821879823
     0.413074726063   40.116596470141   16.481198035738  345.678198086189
     0.413610426911   40.195761682434   16.489761797463  345.977646974589
     0.414075043978   40.137586626833   16.487088732863  345.656094967200
     0.414526820232   40.127520689114   16.484123735086  345.342213505342
     0.414978471102   40.147374002498   16.474016682532  345.010623812536
     0.415490480495   40.350917813601   16.526090387884  348.298295518793
     0.416209060874   40.605441973073   16.594531253086  352.251254727872
     0.416799439348   40.494412835493   16.596770177807  352.584879098561
     0.417401041100   40.024036596472   16.496127526050  347.216407012210
     0.417931887241   39.812340487263   16.485612508972  346.598902864705
     0.418404812643   39.612769617903   16.468540929851  345.421200858783
     0.418877738045   39.675169598121   16.473927184788  345.413641188037
     0.419350663446   39.701926317899   16.494783735136  346.056834747088
     0.419823588848   39.914445344853   16.547269806444  349.936291862917
     0.420296514249   40.088341158004   16.581117281944  351.837265648674
     0.420769439651   40.138944724598   16.584980654758  351.960827291375
     0.421242365053   40.112000289230   16.584808587163  352.055903623611
     0.421715290454   40.109486179674   16.588930286257  352.414328803305
     0.422188214470   40.066305790970   16.590803431763  352.582144009261
     0.422661074947   40.039414747226   16.586122657005  352.242647739219
     0.423133831948   40.097293048293   16.591871925247  352.436878230219
     0.423606493756   40.087980826006   16.588713101498  352.109148851050
     0.424133328524   40.089670731571   16.580491364251  351.230117888870
     0.424619877291   40.175289179872   16.582277104556  350.737162789849
     0.425082392028   40.274473937080   16.592693089956  350.463934785030
     0.425585144253   40.444895634943   16.610415025811  351.752570922540
     0.426162223142   40.728680411254   16.693496421643  357.146297060652
     0.426720709567   40.720195139420   16.708826128933  357.874392256193
     0.427265205108   40.319337202186   16.618503347913  352.799423608054
     0.427800365313   39.919346385728   16.563559006301  350.548031716982
     0.428286641416   39.831012640524   16.565062290713  350.536941868533
     0.428856894220   39.879330145824   16.574100260025  350.063787580863
     0.428891109388   39.884680953558   16.575054163534  350.058337901369
     0.429448842590   39.925220184007   16.596314081797  350.850992313690
     0.429755878480   40.041903741086   16.620881778104  353.178861990659
     0.430037465560   40.173321193442   16.643743295520  355.448712995331
     0.430364410546   40.274899179546   16.668730796364  356.932993467427
     0.430720449541   40.393880595174   16.685163415583  357.466317836554
     0.430996929780   40.450869250182   16.708321191157  357.910533355473
     0.431355878774   40.373397438083   16.726876814887  357.939696611634
     0.431763324544   40.317435238023   16.708056259017  357.112328457317
     0.432171889326   40.375142494714   16.717681739716  357.789662869431
     0.432590413028   40.292851793565   16.709574408844  357.022354848825
     0.433008882205   40.277746124255   16.688941410231  355.993326904346
     0.433501947976   40.313156910762   16.695511335693  356.447899819649
     0.433956464805   40.252357904340   16.688212050807  355.733306155674
     0.434429390206   40.229872449534   16.685640828011  355.166024494773
     0.434902315608   40.318649344839   16.684648607585  355.020510238576
     0.435375241010   40.653297784732   16.751595457360  359.492389919741
     0.435848166411   40.773924431995   16.783823487611  361.691446796520
     0.436321091813   40.849464107136   16.796137646801  362.266465684487
     0.436794017215   40.725375259642   16.791116300616  362.196403551567
     0.437266942616   40.675517493479   16.791085283726  362.341981001704
     0.437739868018   40.634610859669   16.798625596791  362.740238412738
     0.438212793419   40.519020948943   16.787925990040  362.269614367675
     0.438688086157   40.502148921886   16.794177993144  362.562857173279
     0.439161011559   40.494946275643   16.796772180592  362.603226482872
     0.439629486598   40.411078943567   16.795583879188  362.551350584209
     0.440091340392   40.304338108451   16.782650628992  361.266170584426
     0.440526071001   39.997464055872   16.718532726544  356.974452175736
     0.440970487293   39.646903366531   16.671302450147  354.718936228599
     0.441439592288   39.612024053041   16.673622599723  354.541583453403
     0.441908608162   39.777964103923   16.707152292797  356.176978558569
     0.442377531440   39.950127533848   16.752618920417  360.029715835662
     0.442761688988   40.000455339407   16.768996555247  361.091806712331
     0.443147919365   40.052846891753   16.776264065818  361.112238939015
     0.443521813400   40.021924454499   16.774526260149  360.836219358819
     0.443990419560   39.961661094538   16.770509065472  360.701306178624
     0.444458930850   39.949595581041   16.792936671885  361.587935727157
     0.444927360056   39.841501288390   16.782067007445  360.766923794105
     0.445380708647   39.822553815981   16.762978821818  360.300528051798
     0.445795055411   39.779741676056   16.761474994321  360.094484551753
     0.446240759515   39.713775237132   16.748469401437  359.131006539805
     0.446708837951   39.693417741706   16.745482620178  358.223582476188
     0.447176832708   39.831635640180   16.770838600969  359.242342504436
     0.447664689163   40.184899195321   16.830496370030  363.928690984372
     0.448117517860   40.312340663842   16.859127701957  365.703750336239
     0.448585002933   40.226650753026   16.868440624057  366.250576698261
     0.449082715493   39.956967768654   16.837924430480  364.205652710477
     0.449627850022   39.654907091025   16.771209910402  359.089040394399
     0.450142084774   39.612902804891   16.761532479403  358.835663694519
     0.450656319525   39.826251133936   16.792734210668  362.810684566785
     0.451170554277   39.949888928573   16.833994983004  365.033683758140
     0.451684789029   39.910792108245   16.828988620431  364.533506690415
     0.452199023781   39.957196989440   16.823894970276  363.647065832734
     0.452713258532   40.018273024442   16.823916635337  363.040968986526
     0.453179407505   39.973898166092   16.816738673933  362.281914998074
     0.453665956272   39.957799155416   16.814547373886  361.867441995852
     0.454152505039   39.900685031019   16.815324713227  361.290070818386
     0.454594795889   40.082196234986   16.852314078677  363.948337323060
     0.454936353123   40.285537737155   16.888306134903  366.828901707526
     0.455372976200   40.385461569702   16.913223283851  368.447948106548
     0.455809471502   40.382055788163   16.938304883641  369.353963601788
     0.456227247799   40.031814155567   16.891606348172  365.673596917165
     0.456659863266   39.722702585241   16.836029890017  363.832934109914
     0.457096125454   39.589320887983   16.843768267688  365.095152476243
     0.457543499563   39.511873697313   16.839309904412  364.654740386038
     0.457990787644   39.485709538425   16.826681010750  363.548965133643
     0.458409502712   39.520534194769   16.817199637981  362.401554350882
     0.458846666779   39.572607299700   16.816044903206  362.067083562124
     0.459284729062   39.532259128239   16.810464456199  361.382450805455
     0.459700271066   39.559044219273   16.816146553504  361.234541069190
     0.460126444368   39.722513407087   16.846092627941  363.592279477334
     0.460547961265   40.024314165354   16.889448055973  366.943815068461
     0.460973761322   40.088272362483   16.899890159918  366.919735214355
     0.461420478445   40.057201485135   16.889698487346  366.508772869257
     0.461851219962   40.060643883104   16.904008402811  367.790040657559
     0.462280457852   40.070248959363   16.914322277768  368.540655896141
     0.462688875365   39.970148902631   16.906880280682  368.330579960374
     0.463073639746   39.941196867654   16.900231125278  367.897498508267
     0.463379902456   40.021180273082   16.905255309455  367.774852267286
     0.463687643363   40.111965496032   16.909763543793  367.444834559311
     0.463995384270   40.135230135185   16.907884441165  366.895109348774
     0.464303125177   40.099098219378   16.901297734068  366.559514361802
     0.464610866083   40.086753112674   16.914148643879  367.263899308781
     0.464918606990   40.123008584546   16.941350604437  368.573387746547
     0.465343876259   40.152984126339   16.954696770277  369.354221384372
     0.465793457892   40.038759385224   16.943594642293  368.740106547035
     0.466257820298   40.016006628555   16.930813307985  367.672148812231
     0.466758947373   40.030886316098   16.894519613953  365.648238993233
     0.467284420042   40.099071492597   16.897019590612  364.988721773937
     0.467778987853   40.164436871351   16.910429418445  365.666362038428
     0.468184445159   40.265298386322   16.932020400909  368.386158360762
     0.468589902465   40.340138674247   16.964441464630  370.582534674838
     0.468995359771   40.350661147975   16.976050834688  370.928320154342
     0.469400817077   40.234468941483   16.967652869682  369.169000903463
     0.469806274383   39.993526134285   16.921275946280  366.349952929677
     0.470211731689   39.761225239974   16.892817749197  365.035295572234
     0.470617188995   39.749913058573   16.893129803924  364.802831828922
     0.471022646300   39.839898160873   16.904889629723  365.130368144895
     0.471428103606   39.782290576040   16.903385334784  365.168069132400
     0.471833560912   39.640973820000   16.892279658307  365.202213985669
     0.472239018218   39.535375670826   16.888283300922  365.488254218674
     0.472640377499   39.474590938933   16.886282274804  365.404234482634
     0.473052033784   39.498176550933   16.886957209512  365.181477634693
     0.473463613347   39.455695416183   16.882954402582  364.810655771181
     0.473875135766   39.375747208355   16.874526476517  364.247343765118
     0.474295905922   39.364115605475   16.873291593794  364.094479649924
     0.474832061026   39.365901832940   16.875010948795  363.949502438693
     0.475302195881   39.353027991112   16.878520781355  364.085437053375
     0.475760117631   39.282112567577   16.869520778353  364.470478887226
     0.476170344487   39.439653423502   16.890394606961  367.604779785840
     0.476613808365   39.690982295094   16.944389413733  370.444898623954
     0.477070660106   39.780206825039   16.957529655751  370.660901790354
     0.477532955146   39.767710219621   16.969795936590  371.386644485789
     0.477984094117   39.779192340261   16.982919575714  372.069715296155
     0.478076853059   39.758643539311   16.983371588877  372.025372227961
     0.478538650407   39.609258701345   16.970938268615  370.796741292919
     0.479000696480   39.513410721847   16.935382387438  367.615859634631
     0.479462648022   39.341193774998   16.902238633289  365.527760434225
     0.479892641840   39.477544475349   16.928760241285  368.343269069766
     0.480287193931   39.697189349617   16.964186538517  370.994473034130
     0.480695714600   39.764818873115   16.973117386771  371.556691252474
     0.481108799486   39.865046619847   16.985505116081  372.186601330655
     0.481500064111   39.848338812356   16.996703136691  372.721027248552
     0.481888696784   39.822624670853   16.997663259237  372.728273827792
     0.482279394299   39.867788001693   17.000625983406  372.972170394978
     0.482674107916   39.891293201530   17.007588239180  373.204347547060
     0.483061184047   39.888117389512   17.006107500069  373.064534878365
     0.483451478160   39.902825679576   17.006608830430  372.876354740722
     0.483854836525   39.990902799098   17.010759063268  372.777477140734
     0.484264679169   40.047458538615   17.018786054158  373.161519500355
     0.484674459752   40.019127663653   17.021806444095  373.581467431382
     0.485084164094   39.950060741950   17.018702323730  373.538834794321
     0.485493797464   39.980881821277   17.021835520985  373.577250508070
     0.485903382220   40.024995423676   17.025718364024  373.406442057682
     0.486312892848   39.965001371086   17.015829720590  372.521481063999
     0.486722349727   39.903356049408   17.003093658931  371.712284479272
     0.487131723875   39.931518604471   17.006634882141  371.707262737512
     0.487541048359   39.933995307652   17.007337923322  371.420310833714
     0.487950298179   39.907886419909   17.005663083751  371.343657314497
     0.488359493401   39.856709586309   17.003252179513  371.329016041467
     0.488768616127   39.776059123675   16.997145123368  371.001630180111
     0.489177665513   39.751469162241   16.996838275465  370.722853174402
     0.489586663750   39.758532014163   16.998217797119  370.541473279681
     0.489995591162   39.733754962790   16.998664431266  370.512198611400
     0.490404462172   39.633863171539   16.990389791374  370.025649998840
     0.490813262733   39.618886505083   16.993444489586  370.357508130229
     0.491222009017   39.579517348413   16.995492579706  370.637060515081
     0.491607027861   39.450244963350   16.987593514985  370.409756633608
     0.492029257186   39.333548014766   16.979907765016  370.150640197511
     0.492452214892   39.316340545024   16.980924662670  369.819457590293
     0.492875172598   39.311497145588   16.990523821692  369.951658346648
     0.493298130304   39.603476395253   17.036345990926  374.079406979622
     0.493721088010   39.879293506959   17.089356972589  377.540712870887
     0.494144045717   39.942743452056   17.105730454492  378.462258018862
     0.494567003423   39.825043058353   17.107465386473  378.430465086738
     0.494989961129   39.771490005083   17.103107699500  377.941500864130
     0.495412918835   39.858010863491   17.110433609649  378.156250161556
     0.495835876541   39.921779811940   17.113594108742  378.507256074925
     0.496258834247   39.931715016296   17.119072062318  378.960814555535
     0.496681791953   39.936490339501   17.125436158358  379.260123762814
     0.497225082521   39.999136572159   17.149195669664  380.067564925729
     0.497650319972   39.843281702114   17.138682925686  379.197700043847
     0.498082636754   39.720885384254   17.125309317655  378.293598499663
     0.498508424743   39.710173155529   17.097666908604  377.587587664620
     0.498934212731   39.836841796321   17.129271079569  379.140709377864
     0.499360000719   39.835435110769   17.141015118000  379.612481199199
     0.499785788707   39.794320336231   17.141536490297  379.745483832890
     0.500015714221   39.780841080925   17.139933632914  379.704117591455
     0.500015714221   43.385272359904   17.139933662208  379.704118889402
