# {0} signal over time, extracted at r = 500 km
# All quantities are measured in a resting observer's frame at infinity
# cols=4 rows=739
#              time        luminosity               <e>             <e^2>
#               "s"           "foe/s"           "MeV^1"           "MeV^2"
  -2.7579610965e-04  1.4501863272e-06    3.492236782640   16.895546091810
  -1.5934766854e-04  2.2893325369e-06    3.356650394524   15.057323465802
  -4.8666534399e-05  3.5719092966e-06    3.310169566246   14.327549995386
   7.5847124781e-06  4.4275696405e-06    3.302056138573   14.139254155600
   1.5048682744e-05  4.5521644429e-06    3.301561660358   14.120930702740
   1.8099846917e-04  8.1202488163e-06    3.316986937627   14.011587188214
   3.7716975791e-04  1.3812808143e-05    3.370831366536   14.314530437251
   6.9617850948e-04  7.7816518338e-05    3.291211807911   12.998613537037
   1.2940705814e-03  7.3252980373e-03    3.753694994420   16.733319522247
   2.2951320668e-03    0.460780208355    5.129265884059   31.133963638745
   3.2961331567e-03    2.408826945891    7.746130915008   72.096276612020
   4.2973390568e-03    5.077102363362    9.497698591447  108.526397009561
   4.7511994061e-03    5.980109817872    9.994053369386  120.796706686758
   5.7513654709e-03    7.203098076742   10.656572445687  139.430562735292
   6.7528791840e-03    8.068553886535   10.999893705893  150.196521748631
   7.7556748441e-03    9.275658203216   11.273371078876  158.292507301313
   8.7563837413e-03   10.967701314059   11.629630971715  168.535538913093
   9.7580855866e-03   12.855807476225   11.955022538539  178.020076873545
     0.010759008460   14.589604812396   12.192622976435  184.948544037308
     0.011765541939   16.100207012049   12.361171542311  189.832371240496
     0.012769846194   17.471261611850   12.489385702892  193.576616138775
     0.013774150450   18.807675303986   12.619172859256  197.411909928732
     0.014778454705   20.096080671024   12.731091643998  200.741951544511
     0.015782077217   21.310969158608   12.826099659397  203.601494298848
     0.016786139717   22.382989716675   12.907754136308  206.185459798174
     0.017790202217   23.332592195670   12.987619350106  208.737965772282
     0.018791732597   24.201821408256   13.039931490495  210.308507116678
     0.019792982597   24.986305397565   13.091066858212  211.996065444609
     0.020796944732   25.810869562753   13.166650551615  214.475045426517
     0.021799937203   26.459078049208   13.192889425937  215.279879613379
     0.022805452830   27.189670836245   13.238536584304  216.668802627198
     0.023810705201   27.762134207496   13.275112973649  218.062751575482
     0.024819192707   28.394289303957   13.295670200723  218.589996614400
     0.025827193596   28.990241726480   13.330740462341  220.070375354650
     0.026838437278   29.566921429640   13.340949426772  220.423671417394
     0.027840048972   30.046373252281   13.352895422497  220.982053410649
     0.028841855251   30.410073214602   13.380632057356  222.013416044337
     0.029844195035   30.690085822121   13.378380158096  222.027315696836
     0.030844812400   31.070089086068   13.397659070266  222.707634700939
     0.031853394955   31.381404377009   13.415650488816  223.417860514114
     0.032858562910   31.768227031291   13.451137887750  224.775132523991
     0.033866210067   32.145517677887   13.469335565247  225.280650204607
     0.034875257465   32.478130507099   13.495691340976  226.515802142574
     0.035876649693   32.716256846311   13.504035250271  226.608011782865
     0.036884088833   33.022867336386   13.531822473253  227.608952265317
     0.037890531878   33.271822252186   13.569246324348  229.306573253401
     0.038896484086   33.517094134742   13.587088406166  229.954519313082
     0.039904047303   33.714191196152   13.582520297847  229.527307425921
     0.040904115307   34.011011092551   13.598430640334  230.069869994557
     0.041911708623   34.377706228873   13.641677446279  231.923733892947
     0.042919051378   34.721142736417   13.682850345589  233.533843767658
     0.043929761025   34.627238119227   13.646380935028  231.764911112957
     0.044937282949   34.697544772984   13.651090439624  232.019670924732
     0.045949121498   35.052755836151   13.713305048484  234.738060686560
     0.046949268127   35.254844786500   13.733596725744  235.411704174794
     0.047956586151   35.161107420412   13.681451826628  232.977139557285
     0.048967809894   35.356388170120   13.689632134168  233.322080501702
     0.049972431260   35.749307084985   13.755425788978  236.179514819948
     0.050972871333   35.995823752683   13.802267700820  238.261844051035
     0.051979786566   35.797258068059   13.742910734115  235.347374099462
     0.052983511223   36.025067887074   13.782618734675  237.213055593994
     0.053989320059   36.222743700945   13.829121952043  239.161735663220
     0.054990975011   35.925262893255   13.788354483067  237.108137199876
     0.056001560569   36.101844550909   13.846546745604  239.830437086099
     0.057009303310   35.926111818338   13.836799014257  238.926143934749
     0.058012005578   35.777876855887   13.832622529291  238.476326955976
     0.059029939987   36.005251327919   13.900336200869  241.526204110501
     0.060032347365   36.012803489960   13.908675827295  241.451499731347
     0.061033487940   36.017404859213   13.905962466482  240.818811439717
     0.062044625187   36.152591219782   13.954863638091  243.221251383913
     0.063054818375   36.095474782962   13.957885550439  243.112204388677
     0.064064991177   36.012944093139   13.952129483439  242.576052744402
     0.065069000833   36.187296006649   14.006495639336  245.262095085943
     0.066071064684   36.083289016299   13.982258299238  243.793380422099
     0.067077204249   35.962909487257   13.979149237590  243.485884841228
     0.068092728201   36.076059150089   14.031404427881  246.133384896253
     0.069104845912   36.084400827854   14.050804985038  246.716349945352
     0.070009127219   36.013008487221   14.041320587701  245.939903717242
     0.071019299021   36.199789059294   14.097901672342  248.776260002935
     0.072038299021   35.888971393742   14.067898933106  247.200627687134
     0.073046299021   35.623275878829   14.043456114509  246.128480438470
     0.074062299021   35.594639024417   14.057568412729  246.716312507394
     0.075070439021   35.622408252300   14.077320644831  247.475695572329
     0.076078579021   35.555003435298   14.091866964337  248.099728207020
     0.077090579021   35.596606096243   14.114562960677  248.922852340562
     0.078109579021   35.739654904611   14.145107863246  250.077121781083
     0.079123969021   35.739855382402   14.172983089623  251.319196155426
     0.080135969021   35.662326492895   14.188999357086  251.993534274904
     0.081147969021   35.746971422734   14.215855509419  253.025950019276
     0.082159969021   35.828238087644   14.245052832930  254.220655541102
     0.083174109021   35.775207842062   14.254867212823  254.598247790352
     0.084193109021   35.662116327837   14.265497944352  255.174224477295
     0.085198109021   35.542022036673   14.281541000405  255.935660396372
     0.086210109021   35.613681921253   14.314870275268  257.311490039732
     0.087229285021   35.610781158562   14.335075234925  258.083549162907
     0.088248285021   35.610927093004   14.351581354613  258.697648452592
     0.089266285021   35.556361390515   14.366147947230  259.256931939579
     0.090012285018   35.477056273798   14.377128315083  259.814063461565
     0.091024268238   35.439801176296   14.407720853137  261.264461721058
     0.092040974238   35.485382512711   14.421970017605  261.924881807889
     0.093045974238   35.449684620178   14.443414211935  262.830892077199
     0.094050974238   35.450823428697   14.465915634182  263.770240982732
     0.095055974238   35.244815750825   14.465060720029  263.747431894514
     0.096071580238   35.061102287137   14.464819094857  263.795981230427
     0.097076580238   34.957703555933   14.475949754469  264.296163175828
     0.098087580238   34.909578732694   14.493804909544  265.068322530130
     0.099101445318   34.839237344888   14.511570521013  265.770420471566
     0.100120445318   34.721334402871   14.523396970110  266.364812105967
     0.101135585318   34.640815728998   14.542414777351  267.375885854693
     0.102144975318   34.538194553379   14.556269478952  267.995154592796
     0.103150475318   34.427442448537   14.564625424376  268.324804783871
     0.104151115318   34.321136543438   14.570791107283  268.573462617338
     0.105157115318   34.170098883315   14.576543343060  268.841822017760
     0.106169115318   34.044573099071   14.585993154200  269.281971048754
     0.107174115318   33.982780936862   14.602252512343  270.021616180788
     0.108175505318   33.923621715649   14.627274482329  271.256189228707
     0.109187505318   33.773734019210   14.637381933496  271.732211974221
     0.110201643995   33.664792955631   14.649382403022  272.242661770012
     0.111217033995   33.556487732796   14.661281382477  272.780582403200
     0.112225173995   33.365433297825   14.658276293554  272.711771158352
     0.113237173995   33.175611652137   14.656842715685  272.686747239765
     0.114238212495   33.034501230986   14.666142685715  273.146408111297
     0.115238212495   32.882903552358   14.674318102922  273.569874957168
     0.116248212495   32.764653129185   14.685444155169  274.039285987581
     0.117254428495   32.572906048556   14.684190303541  274.000058352991
     0.118255568495   32.358035531875   14.681196645329  273.878973661924
     0.119270708495   32.214931662453   14.686368050278  274.158198553172
     0.120282884495   32.079262696401   14.696480100337  274.655010073789
     0.121296884495   31.968932436399   14.716688760531  275.699249538363
     0.122313884495   31.839742385671   14.725209863425  276.124217398864
     0.123316274495   31.658754328101   14.722312056581  276.007388441658
     0.124333274495   31.510717257025   14.727039805139  276.226259466106
     0.125350054495   31.365771035348   14.735141621539  276.651549283877
     0.126365194495   31.229168279675   14.750242600981  277.537049591894
     0.127368720409   31.098627256652   14.762523151392  278.156732851176
     0.128387110409   30.936899904529   14.764927082176  278.139491107672
     0.129406110409   30.782469718797   14.766680702188  278.230903285929
     0.130426033160   30.663459632418   14.779262035418  279.062301288006
     0.131435927414   30.539005400343   14.787888106919  279.366967126471
     0.132442457645   30.429047594324   14.799801464606  280.076572577976
     0.133461457645   30.353009498850   14.826303882412  281.380257218176
     0.134462563645   30.193058828466   14.823908495119  281.338186279569
     0.135481563645   30.013127483931   14.822372125304  281.198451745023
     0.136490752278   29.881207437615   14.829276963582  281.723918070536
     0.137510500325   29.820726865153   14.862949802875  283.365657388596
     0.138516500325   29.684006216111   14.865046135828  283.618804336658
     0.139529067368   29.503587062198   14.861554043523  283.332090433676
     0.140532037368   29.344164120888   14.866587874904  283.474132051741
     0.141532177368   29.254014876781   14.883685648163  284.919317843284
     0.142548533415   29.140892228866   14.898205400344  285.467051373893
     0.143554459415   29.010796901114   14.899506847520  285.598517809304
     0.144558700345   28.868474946369   14.906570655823  285.693926259374
     0.145568679782   28.739071622183   14.911494176656  286.394691874854
     0.146577238862   28.588806240120   14.923247634546  287.096523256179
     0.147596474862   28.452283278702   14.922440091927  286.868773697532
     0.148606153362   28.312912292082   14.924487837881  286.945969645555
     0.149616543362   28.249859939376   14.947365735210  288.436470627042
     0.150631779376   28.137683348541   14.955007907822  288.628623632920
     0.151632919376   27.948535239662   14.951961446906  288.262361369318
     0.152634025775   27.877330545816   14.962178197117  289.828855999297
     0.153642252443   27.785170956388   14.982576004111  290.437570214224
     0.154644618443   27.616215919876   14.977999449851  289.872770497218
     0.155658758443   27.465309146426   14.969271460406  290.015082619508
     0.156660646606   27.398482093215   14.992862633103  291.369558414584
     0.157674517943   27.247909994240   15.001226599183  290.955063501517
     0.158680769943   27.167480045059   14.990033818258  291.676708244168
     0.159681764943   27.065915462852   15.022842131814  292.186714992074
     0.160688436943   27.018245745073   15.023080915976  293.197506929172
     0.161689436943   26.908748506674   15.044150945013  293.856022339823
     0.162694686943   26.869609977594   15.053524280507  295.225520671467
     0.163699769474   26.731111857698   15.060227858378  294.747218364046
     0.164712343812   26.641603880170   15.058964282936  295.740535577406
     0.165720969709   26.550640193022   15.091314107416  296.450292968912
     0.166730300125   26.430311578217   15.097009947135  296.310130413963
     0.167746700125   26.369240940699   15.098909559915  298.034448209630
     0.168761476479   26.266015829322   15.107509452274  298.182549243651
     0.169779300941   26.095591191896   15.091161984589  297.036588976496
     0.170781561191   25.983024483563   15.106652397953  297.377589530663
     0.171794934587   25.920265719007   15.114558000423  298.833252190784
     0.172809934351   25.770651347401   15.099395441818  298.045624108634
     0.173820673794   25.633945409752   15.102633116126  297.566313969770
     0.174821912994   25.507619112647   15.107834926191  297.873605460505
     0.175830234234   25.472036115441   15.125717431969  299.424815707328
     0.176835234234   25.350822038733   15.142709280197  299.252078899344
     0.177835797102   25.290345225986   15.144072170093  300.684333520650
     0.178836251769   25.159177011876   15.123753805285  299.422864835059
     0.179837751769   25.130385974054   15.160503772782  301.590139251463
     0.180837874304   25.048811195605   15.175132748828  302.207358826102
     0.181843445707   24.907645676257   15.176549851893  301.307753541822
     0.182846359210   24.864969432264   15.179014903939  302.696201104137
     0.183851930612   24.720653109490   15.176225816898  301.737637955116
     0.184871503986   24.723792333404   15.200911415082  304.324599141796
     0.185879210912   24.629524955839   15.203916841964  303.788579583497
     0.186886823048   24.531493420617   15.223528860636  304.153128071841
     0.187887058644   24.478159382960   15.227827905349  305.564158717948
     0.188891252552   24.356177790851   15.211156691428  304.193885312984
     0.189894710422   24.349587183459   15.252123728929  307.039275088166
     0.190899037151   24.231749638834   15.219946642432  305.529110575190
     0.191901412151   24.216897407788   15.277479075905  307.955555482378
     0.192909225363   24.142307953153   15.284861517677  308.591441804257
     0.192999225363   24.127836865838   15.282911592403  308.490513862326
     0.194004926086   23.999523300238   15.261708486549  307.392587809316
     0.195011814838   23.879335178032   15.243297365278  306.216753191203
     0.196013295165   23.888086096377   15.286211833451  309.079058763393
     0.197014680905   23.773060213761   15.246730135161  307.536213288861
     0.198021472860   23.745553783777   15.333628015684  310.060940367732
     0.199026321092   23.721230969232   15.345554726902  312.389470208914
     0.200033678389   23.597415666298   15.326860431805  311.472832774302
     0.201033791325   23.454073160868   15.285366637735  309.179374339350
     0.201785926251   23.485208973118   15.324066404469  311.317597227515
     0.202794602396   23.446697762605   15.342854493870  311.670176871019
     0.203803234708   23.399887110318   15.326608870839  311.543777437356
     0.204805984619   23.327865894766   15.321262276791  310.844432514935
     0.205808708537   23.312621060762   15.343347178201  313.607370762352
     0.206816001808   23.212151867982   15.391674265111  313.735198129742
     0.207819829899   23.228659776942   15.399110958864  315.571842826733
     0.208824768900   23.083392517202   15.331341342409  312.706032181515
     0.209832797184   23.023443963736   15.367276219237  313.234294705989
     0.210836499855   23.024193140665   15.423316458780  316.958600886736
     0.211843245737   22.953577390207   15.387035998308  314.936658800414
     0.212845620737   22.966661932360   15.453650755079  318.786494036384
     0.213847995737   22.867528518918   15.437392109774  317.576525361356
     0.214855398994   22.726225899498   15.410557296104  316.012454981557
     0.215856560656   22.671041509444   15.417777101363  316.222715948669
     0.216861422864   22.696878824590   15.432083608557  317.877369935515
     0.217866056490   22.681491713381   15.492708502627  320.640843615482
     0.218874457820   22.589363689540   15.473566166385  320.119908614960
     0.219878942075   22.474514874690   15.436838999355  318.289071155833
     0.220888227274   22.468582899217   15.484541363843  319.175375124214
     0.221894836118   22.475431759013   15.519040031847  322.398594585940
     0.222899822977   22.313898118749   15.438674439549  318.055341543082
     0.223901936295   22.304553531918   15.510332828314  320.601376192538
     0.224907676682   22.300840134572   15.542674895205  323.778722520742
     0.225907891181   22.200600372755   15.516331461977  322.346087955589
     0.226913449066   22.129764055042   15.502752843342  321.152629291731
     0.227917005349   22.135881765127   15.549837145945  323.612711093164
     0.228919380349   22.093324172578   15.563495100916  325.114638628354
     0.229924341038   21.987559250458   15.534783732492  323.278568501553
     0.230925203418   21.917152304489   15.494070297610  321.409010283617
     0.231925466722   21.918574414459   15.554116928516  324.411897482488
     0.232560405856   21.853924846518   15.550705722619  323.535859846362
     0.233563120058   21.897047966419   15.584489151886  325.658305493673
     0.234566481439   21.842334650935   15.608403199433  325.983124877324
     0.235571124980   21.742248757803   15.522236240640  323.211540801709
     0.236574083101   21.767234735013   15.616657189132  327.718630947093
     0.237575517236   21.674749051716   15.585018252721  325.462125639240
     0.238576951370   21.722251125762   15.647349183364  329.795789950016
     0.239578385504   21.729184308748   15.659898894148  330.193885471548
     0.240582730311   21.655098585086   15.662728658159  330.472743681279
     0.241584164446   21.483615731937   15.613846560989  327.153181230378
     0.242585598580   21.558557421925   15.671806119345  330.857210270968
     0.243589579578   21.530349423640   15.670446980945  331.029471558034
     0.244594703672   21.458018301945   15.678092133341  331.234139886419
     0.245598897579   21.428984846680   15.682795066696  331.849870730352
     0.246602235594   21.443461182897   15.718537588808  333.805913037007
     0.247603290428   21.308124370878   15.662891706309  329.713626082682
     0.248606649438   21.341676216422   15.719722770732  333.367520149892
     0.249608781212   21.245079618543   15.677247049697  331.127593811851
     0.250609515962   21.239617574299   15.708525183217  332.543858311979
     0.251613291749   21.299442074269   15.785182211242  337.415247985504
     0.252614736244   21.186432966119   15.720774574832  334.797081321159
     0.253615007568   21.208805611689   15.784434378947  336.673258493328
     0.254615666208   21.083366563662   15.727122584645  333.410522227817
     0.255238919798   21.072373251724   15.743705976268  334.114759670336
     0.256242000619   21.103122575870   15.799703765816  337.383644163992
     0.257245593622   21.034509989682   15.754541040175  335.072787154671
     0.258245776216   21.035703328288   15.794841852720  338.420870924540
     0.259248505329   20.919482760142   15.764606864960  335.394262487796
     0.260249242457   20.934492981294   15.817850099266  338.166338727097
     0.261249792856   21.036063450192   15.870790030093  342.313844842566
     0.262251518912   20.959635473911   15.831860240032  340.608293723171
     0.263254330216   20.857270847136   15.800565329342  338.115277603390
     0.264256026174   20.781461478067   15.797588658054  336.975500952600
     0.265257808238   20.757521928499   15.816116681595  337.530540301212
     0.266261579167   20.903256371653   15.919281737002  345.990055048578
     0.267263347083   20.741288694079   15.867486233722  341.355432562512
     0.268265548197   20.665848551618   15.834484126827  339.474441760404
     0.269267464943   20.564384946684   15.807896701688  337.014076535978
     0.270268106585   20.669742663573   15.873653436217  343.300522940979
     0.271270948996   20.651792308574   15.961980929754  345.393260770038
     0.272274898251   20.597687243629   15.897506513266  343.545370854200
     0.273275052193   20.548350409290   15.902189798615  343.082989434283
     0.274278642996   20.456570751107   15.868313945079  341.313118299207
     0.275279269936   20.588782550480   15.942853696200  347.762686045166
     0.276280279592   20.577246869112   15.984398380209  350.077553942044
     0.277280661628   20.410430991872   15.895878461762  345.018862345651
     0.278282221062   20.313258350871   15.893386894302  342.991301405022
     0.279283852866   20.408360304645   15.952558420580  347.348404359632
     0.280284264253   20.400231192229   15.964179302123  346.187869120199
     0.281284980752   20.510112103433   16.023660248187  352.302061593649
     0.282288063926   20.488349306784   16.059300897191  353.815621453466
     0.283292093970   20.381666642630   16.017037126749  351.114081619025
     0.284295981567   20.380925435922   16.006957048184  350.769026871878
     0.285298042953   20.305059956147   15.985418643856  348.949615854105
     0.286301025933   20.237266650212   15.980695724979  348.632275555159
     0.287303686395   20.152736743268   15.985545791750  348.305094869939
     0.288202557385   20.223772664052   16.010062571096  350.636791434577
     0.289204835106   20.210758893838   16.041796732704  352.631315206880
     0.290205754479   20.210162830767   16.052257642503  352.601402154671
     0.291208061661   20.173537375277   16.063355773283  353.424599791905
     0.292208707480   20.041456063897   16.018174351143  349.525363423778
     0.293211408632   20.145004140901   16.069481491478  354.214027152732
     0.294213101904   20.051590573558   16.033871747882  350.472117119524
     0.295214200582   20.117692257099   16.074825080208  354.431963095390
     0.296216544322   20.187341122460   16.152706350669  358.433423540280
     0.297217502579   20.074756699886   16.110431807626  354.050049183764
     0.298219822960   20.241724195330   16.198265248233  362.151195575741
     0.299221239040   20.268077225078   16.252945827055  365.537754503365
     0.300223848417   20.253329426677   16.252135926127  365.205898497484
     0.301227143681   20.238885591242   16.243963087004  364.479342489342
     0.302227152156   20.178055741700   16.240216139961  363.245035930310
     0.303227882942   20.029887046477   16.152257460112  356.660570781754
     0.304058130023   20.147358308544   16.256604279073  363.039622493510
     0.305059684823   20.293991094945   16.313937722681  368.808167725990
     0.306059924081   20.195248644770   16.299182955750  367.306942332234
     0.307060831755   20.012919149405   16.217937581483  362.799799602060
     0.308062832429   19.932942646438   16.202204711013  359.906186756955
     0.309064991835   20.035329997567   16.264175644731  364.367410397927
     0.310067284965   19.980261100761   16.228323484200  362.030157352124
     0.310136980844   19.999470203832   16.236841672320  362.925810828769
     0.311138544951   20.102217323080   16.350182505051  371.214791651123
     0.312141238787   19.846306447856   16.267552438444  363.360204128639
     0.313143061363   19.783864406993   16.215280191887  360.255305262430
     0.314145330163   19.771050511126   16.213925062644  360.007916735809
     0.315145415146   19.777580297792   16.251241692011  362.738659987658
     0.316147863564   19.754497431860   16.238573262117  361.231044010139
     0.317150726664   19.719882799418   16.224973381181  360.049914506725
     0.318151440731   19.707316520038   16.236721057725  360.946597462082
     0.319154518611   19.672022864617   16.261403602596  363.083729443223
     0.320156729530   19.625662122342   16.249373237298  362.268348555446
     0.321158717348   19.575224334557   16.231782658856  360.572721842715
     0.322159866229   19.516052711560   16.217029534881  359.475442340049
     0.323162735409   19.490477786528   16.234703210635  361.272630368187
     0.324164748036   19.470232119733   16.244248773645  361.811738375764
     0.325166531118   19.352881663749   16.197776533855  357.832387507247
     0.326166871018   19.445927978285   16.251194557870  361.435753973893
     0.327167022055   19.487522256261   16.298982192777  365.079669472404
     0.327784889063   19.505913812476   16.316061217205  366.367238797659
     0.328784967699   19.499354547988   16.338544657370  367.827548765799
     0.329786115362   19.436162075985   16.321968759727  366.706306707951
     0.330788676424   19.406159438235   16.295371902173  363.933421872041
     0.331790899344   19.429199126137   16.290549131139  363.827865500353
     0.332793088753   19.539763727875   16.389720211925  370.654431335128
     0.333795044856   19.520695062337   16.405263998652  371.536379063032
     0.334795099237   19.540520167291   16.423284012913  372.123053642362
     0.335797484016   19.492730438346   16.407523409028  371.099057959278
     0.336799845307   19.425531118092   16.371456299775  367.663471371109
     0.337802726958   19.361134063213   16.362397096567  366.944350212094
     0.338804611287   19.492140345721   16.423702715188  371.511631597572
     0.339806494177   19.519731161101   16.481502521399  375.514548365682
     0.340808635253   19.526603621657   16.500175718887  376.972450058489
     0.341808684391   19.485315149983   16.492135867815  375.961807454319
     0.342811066793   19.442990785519   16.480613720937  375.145130439945
     0.343401141125   19.461787945391   16.491907263048  376.050176125632
     0.344401633642   19.481788909151   16.508523053464  376.798407183066
     0.345402966721   19.490807970920   16.519868628449  377.659070137728
     0.346405165836   19.450153172556   16.532382735644  378.829691284074
     0.347405304907   19.428967908442   16.535841386476  378.993406240843
     0.348405764939   19.411976186759   16.541906415597  379.295507671372
     0.349408367142   19.376588741310   16.536515527518  378.920985944002
     0.350409640426   19.329629384966   16.508181706414  376.513304933161
     0.351409959482   19.386151103025   16.531055635104  376.738546968750
     0.352412346958   19.453877498169   16.601451514705  381.861384788269
     0.353413937117   19.385808984097   16.563311970685  378.852018244156
     0.354416105658   19.363811427123   16.547489347277  376.840750025151
     0.355417225950   19.471274186096   16.612082260706  381.647764844172
     0.356311830441   19.450534170672   16.604174842451  380.689121617301
     0.357312074012   19.422078583566   16.604043699922  380.599905289938
     0.358314298304   19.371560025826   16.581974491910  378.044718739743
     0.359315187668   19.465869841090   16.653755655036  383.076090292910
     0.360315288904   19.449688445504   16.656990111063  383.134209661764
     0.361316122968   19.494204993679   16.686277261096  385.543226196322
     0.362316650904   19.583860010440   16.749748350209  390.156937884516
     0.363317904095   19.529575410839   16.732363505225  388.552182614018
     0.364318357956   19.491047646100   16.721186729192  387.260992488630
     0.365320610840   19.337682503521   16.628815481954  380.650554749289
     0.366322067129   19.317156410885   16.638387375673  381.214530004201
     0.367323889486   19.408863378470   16.720370175625  387.617847793592
     0.368326319330   19.390601464362   16.725268851921  387.516672802937
     0.369112671151   19.247412269722   16.664857231052  384.466924651728
     0.370114835615   19.153344468866   16.622368120445  380.299981691961
     0.371117000080   19.238036381468   16.680859861949  384.914299472250
     0.372117613506   19.287558697483   16.736814108475  389.238709783924
     0.373119888771   19.248840255919   16.727716210656  388.654826253200
     0.374121372576   19.238518668787   16.742171036217  389.427271121134
     0.375123615881   19.163337581871   16.711158596239  387.159026484448
     0.376124565004   19.176761853248   16.730391898674  388.507568891653
     0.377126802016   19.105713836171   16.717801040218  387.584836532045
     0.378127167073   19.070585697076   16.706424714303  387.129639391886
     0.379128771152   19.117301987903   16.752944803482  389.988346720548
     0.380131265891   19.102463264767   16.756971706023  391.025030013530
     0.381132998050   19.012239203569   16.726934324722  388.688917742398
     0.381671874348   18.988636753982   16.713661149395  387.954131558757
     0.382671907547   19.013881839185   16.718076367755  387.155132914610
     0.383672909497   19.020927055350   16.732599020119  387.808082723690
     0.384674596811   19.115034942271   16.788654617048  391.665263474040
     0.385675034034   19.097315139851   16.799869194492  392.651956305573
     0.386675914938   19.088267404484   16.785103081501  390.287249518381
     0.387676064468   19.173372015825   16.851704808251  395.657710746352
     0.388676213997   19.265656779964   16.908310919857  399.565321805471
     0.389676363527   19.263818839722   16.916493139070  399.693015938301
     0.390677122882   19.258918732646   16.900881710508  397.149573236779
     0.391677219530   19.359858516008   16.956313214824  400.904110043016
     0.392409318284   19.492902121118   17.049846500995  407.556919719382
     0.393409490550   19.469805346647   17.047885494228  407.698830201433
     0.394410046556   19.262138443028   16.940744739246  398.457163358891
     0.395411264042   19.377318788929   16.989141399160  402.703613967471
     0.396412846140   19.487414902930   17.073695390538  408.929699149424
     0.397414123419   19.459990362001   17.060552214434  407.757314749044
     0.398414191458   19.516024360278   17.088359351995  409.064852891605
     0.399415238517   19.513726537291   17.085708432839  408.495938140555
     0.400415283108   19.479364238174   17.056058529505  404.553629453020
     0.401415899366   19.580623972559   17.123547615490  409.924368808047
     0.402416278336   19.601429079978   17.158833655363  412.833718547578
     0.403008631063   19.519234471885   17.119913924943  409.549488783379
     0.404010111106   19.589261906574   17.151085527144  411.802953348563
     0.405010897634   19.587574930457   17.168972540390  412.856346574960
     0.406011684161   19.566102567627   17.143090181143  410.390961260705
     0.407011766691   19.530883705892   17.124567122286  408.143984878374
     0.408011976831   19.529428528390   17.133879847217  408.104118633322
     0.409012622066   19.569796108674   17.176898210322  411.427836301948
     0.410014450465   19.610802870941   17.188106123219  412.934938356210
     0.411015301008   19.689980785848   17.237233726353  416.448758226001
     0.412015992666   19.642866324605   17.216489268786  414.610464293964
     0.412470445477   19.695046534074   17.236890167326  415.969604262415
     0.413471297742   19.713769141610   17.254533433767  416.880072558608
     0.414472053638   19.726731785138   17.267337897207  417.646628229639
     0.415472809535   19.724388281451   17.252940015244  415.878596974114
     0.416473565431   19.766173877082   17.255344174924  414.317389309695
     0.417474321327   19.746002245655   17.259869766928  414.816334135146
     0.418475077224   19.747349496352   17.261102068981  414.743985958230
     0.419475602770   19.705067167831   17.256139179950  414.542776056158
     0.420476618632   19.881399151787   17.332473558118  419.558601449562
     0.420512301528   19.888039706202   17.336586457223  419.862284293851
     0.421512506043   19.887222213222   17.352884001175  420.794207989729
     0.422513404354   19.900336599495   17.352947318358  420.448244309534
     0.423513538648   19.938807253088   17.376928288594  421.717357449147
     0.424514367193   19.782334384124   17.304073671055  416.544461432514
     0.425514454195   19.935001755305   17.390741770871  422.659901184502
     0.426515255889   19.825059209074   17.386224788924  423.946059788109
     0.427515303307   19.622506160122   17.303991487846  417.777059801422
     0.428515617924   19.602358785137   17.296935857226  417.374854451002
     0.428681740914   19.603817380717   17.301695969188  417.796048346688
     0.429683097252   19.525968949848   17.289134113896  417.530468239681
     0.430683526798   19.566226554104   17.307924293116  419.189697548693
     0.431684967945   19.388377522099   17.230475301913  415.546924179345
     0.432686674883   19.611631929455   17.327864357366  421.401195174585
     0.433688613698   19.556259342965   17.288360589946  417.441714803915
     0.434689435966   19.578082812669   17.294087352531  417.494215061702
     0.435690950603   19.615164275665   17.313159649604  418.769644481319
     0.436692465240   19.668546232679   17.352869596508  421.592598968855
     0.437693757946   19.758427526863   17.387514550290  424.004838813304
     0.438693784963   19.730478125424   17.392761639685  423.912982626830
     0.439694139526   19.690379095548   17.366350631401  421.804195375835
     0.440249185221   19.785992962487   17.421777626102  425.496071640354
     0.441249539783   19.840196874893   17.448446216378  427.234550428009
     0.442250367034   19.839162693317   17.445712766978  426.545762972066
     0.443250966029   19.832553514147   17.441908337911  425.800645609235
     0.444251719020   19.852405238480   17.461696032465  426.908800222453
     0.445252002140   19.817024708015   17.459237930466  427.071766137845
     0.446252715042   19.898419643949   17.476737192130  426.457375859494
     0.447254139139   19.876665444632   17.486961458329  427.244938279731
     0.448255098292   20.052764710834   17.577241894786  434.034268165274
     0.448352650783   20.063853882943   17.587095398014  434.769881840210
     0.449353978527   19.912867832790   17.523551432786  429.919499479284
     0.450354554769   19.974399683352   17.539310883701  430.543392817976
     0.451355835146   20.090289833739   17.616721976950  436.457671010530
     0.452356382966   20.004057710594   17.587053399825  433.999967471246
     0.453357061306   19.975900273540   17.575222717786  432.868442274602
     0.454357871690   19.978755130498   17.587730460611  433.877729572625
     0.455359099900   20.015278535556   17.610349665938  435.576168481882
     0.455887664699   19.958066590974   17.598314891956  434.743128607900
     0.456888354832   19.866050446605   17.550727156648  431.164443006286
     0.457889778268   19.785790833787   17.519721754189  429.052366097040
     0.458890480386   19.738246186039   17.513799709501  428.451892509996
     0.459891319660   19.797407095228   17.562693502116  432.463902951230
     0.460891450231   19.755583626158   17.561427550795  432.585533653882
     0.461892305644   19.682252102828   17.513245542047  428.835632667483
     0.462893036290   19.677968500529   17.546440661208  431.480644857926
     0.463571414277   19.570542998911   17.498101110224  428.039960229522
     0.464571836670   19.638151611624   17.536855722557  431.104490320927
     0.465572997455   19.608032637359   17.543763646420  431.878903545351
     0.466573449247   19.671964978616   17.582337611109  434.955536810539
     0.467574326603   19.698006862501   17.599193188283  435.843842900410
     0.468574485326   19.709183053342   17.594491876031  434.401224683631
     0.469575654723   19.782939366892   17.630720066686  435.948611755036
     0.470576112658   19.680503995830   17.611508277861  435.155211939860
     0.470958627421   19.634469817367   17.591277909464  433.938717956483
     0.471958977693   19.686527547249   17.608564851672  434.471686203058
     0.472960117250   19.772050288391   17.653103841206  438.163797293967
     0.473960409852   19.953861232896   17.742694575703  444.347344899077
     0.474960620991   19.909311945877   17.751326695466  445.606121075488
     0.475961571648   19.844629265122   17.710393385971  441.850372426372
     0.476961797314   19.874568396994   17.724585328572  442.680714119348
     0.477962754422   19.891842913968   17.741106859514  443.883237744377
     0.478430427521   19.911999705329   17.751101911454  444.658228491918
     0.479431469738   19.934256148354   17.774116186881  446.569698927405
     0.480432024046   19.942021449851   17.778186522354  446.433227935332
     0.481432356812   19.972869949800   17.788475835290  446.498705801560
     0.482432978959   19.871746844062   17.775210754935  446.930634417665
     0.483433647544   19.784659260607   17.733240356610  443.408049972883
     0.484434436756   19.838798465486   17.758095178516  444.695609296108
     0.485402682799   19.864147892134   17.771078042150  444.470206329389
     0.486402823927   19.785746507547   17.775257105867  446.776811618816
     0.487402851347   19.566817104811   17.691113032128  440.565569577591
     0.488403595190   19.539778037595   17.662779700266  438.269959573284
     0.489403679705   19.534388876251   17.702641201590  441.756345722657
     0.490403754647   19.316945196020   17.602392514326  434.584682557277
     0.491404127676   19.421161992975   17.662596549315  439.607680631610
     0.492405035756   19.424343563585   17.705435815723  443.518522595106
     0.492969419120   19.361830769649   17.680326179708  441.704306984271
     0.493970684062   19.393992003220   17.706449805473  443.611108185155
     0.494971661067   19.348399370332   17.691101570812  442.591298372206
     0.495971903822   19.324294277995   17.687568887302  442.146248561287
     0.496972314122   19.272181156428   17.672401055118  441.014685208633
     0.497972651245   19.272728078957   17.670382210777  439.828531864932
     0.498972988367   19.157846275999   17.646859914787  438.876833083874
     0.499570962167   19.159076343928   17.645173220250  438.008424516495
     0.500571299290   19.257466650254   17.697758464737  442.080521364510
     0.501571727631   19.185902279022   17.702702520349  442.782045012055
     0.502572076190   19.205719743194   17.693963084405  441.910084460927
     0.503572630315   19.195042581450   17.717013707895  443.754629492908
     0.504573888035   19.128826410533   17.690198978921  441.758457178159
     0.505574939406   19.227439374690   17.743917944271  446.147792764733
     0.506467051242   19.227964907978   17.767910422202  448.272804288066
     0.507467795394   19.219350475660   17.763838173410  447.708475805061
     0.508468312903   19.275571526821   17.772162669598  445.955646004491
     0.509468830411   19.269282288335   17.790992547397  447.397846770693
     0.510469347920   19.172216482824   17.755152467125  445.270598228690
     0.511469865428   19.225592193741   17.778130554068  446.610403467516
     0.511970634130   19.293439813408   17.826470577184  450.661490302574
     0.512970779014   19.262643947604   17.840664404388  452.005417893532
     0.513971126891   19.226030696506   17.807557528529  449.102054775118
     0.514972112140   19.340696808912   17.881743132696  455.452741190286
     0.515973198564   19.309630153981   17.868893456813  454.369920585342
     0.516973610581   19.353809270492   17.900249910370  456.568955759073
     0.517974326881   19.352454449225   17.893385894651  455.079263243641
     0.518161058439   19.350705910899   17.893714190722  455.056693984616
     0.519143856113   19.312039898238   17.892054288025  455.320463919305
     0.520126653787   19.237984041186   17.886440161251  455.796887559180
     0.521109451461   19.272429627576   17.891878412330  455.200905896754
     0.522092249135   19.231938966120   17.884326303987  454.192134522591
     0.523075046809   19.241223654514   17.889022138682  453.789431172734
     0.523392490457   19.226375942683   17.889350527011  453.937138766749
     0.524375288131   19.144583210201   17.867697700438  452.654997582054
     0.525358085805   19.092285786642   17.865403660280  453.111610631152
     0.526340883479   18.998774259979   17.839240999711  452.929535497863
     0.527323681153   19.018935293858   17.846734756138  452.357978410951
     0.528306478827   19.028031454353   17.855736027037  452.165839652207
     0.528680924741   19.029599955468   17.856398164661  452.047683530520
     0.529663722415   19.065737011572   17.890563179128  455.293569421641
     0.530646520089   19.115000548249   17.940256389478  459.730721111039
     0.531629317763   19.066225816923   17.923116891573  458.153148943708
     0.532612115437   19.094115964203   17.925883750628  458.132078416096
     0.533594913111   19.108851435022   17.928376905193  456.677987719397
     0.534259284339   19.074902485559   17.925014777878  456.719724549689
     0.535242082013   18.997639336602   17.928138205126  458.906338639641
     0.536224879687   18.928539404847   17.902180440821  457.061907294323
     0.537207677361   18.909720010038   17.900700063365  456.717846523142
     0.538190475035   18.910444958841   17.900512187581  456.709291014793
     0.539173272709   18.914404808786   17.916974374139  458.254794350291
     0.539441576474   18.911928802291   17.915755926504  457.956624858631
     0.540424374148   18.919492878292   17.894533468386  454.008315075349
     0.541407171822   18.843718431017   17.866490523198  451.809125318416
     0.542389969496   18.760453008649   17.848917235930  451.165589733598
     0.543292456880   18.765654429194   17.850244043649  451.388295586142
     0.544176106047   18.869501448456   17.899075105667  455.157151886549
     0.544466826623   18.907394611785   17.918093960237  456.366941037957
     0.545350475791   18.814274713593   17.915146319584  456.797311775226
     0.546234124958   18.828299167894   17.901922873371  455.413818879988
     0.547117774125   18.835380578248   17.907101196779  455.752798570309
     0.548001423293   18.872192808960   17.921575935440  455.946760012174
     0.548885072460   18.883121859956   17.940330354208  457.789800239473
     0.549101566506   18.862870452257   17.938344922451  457.915576406582
     0.549985215674   18.829118818186   17.914767792317  455.247877647381
     0.550868864841   18.857714573052   17.937355689670  456.631310253395
     0.551752514008   18.842400558298   17.932873230399  456.271395561872
     0.552636163176   18.847347633298   17.937895353602  456.573112511836
     0.553519812343   18.803662848563   17.923056072375  455.471734922159
     0.554076511319   18.826858029266   17.929207972940  455.363564479365
     0.554960160486   18.824926495043   17.927265887816  454.880192812673
     0.555843809654   18.819945674801   17.927874277088  454.759849797540
     0.556727458821   18.812849697911   17.936545148742  455.520697310870
     0.557611107988   18.788699105003   17.925180306152  454.558273592495
     0.558494757156   18.976550966743   18.023362194506  462.404362289297
     0.558645861163   19.020062014725   18.051321474775  464.534189018299
     0.559529510331   18.943751703751   18.028730175808  462.235531272633
     0.559646152021   18.911003727789   18.011035036199  460.899689128888
     0.560625727335   18.804517596678   17.954355726436  456.624909349873
     0.561626574258   18.751553042587   17.927086969782  456.768022789835
     0.562627486044   18.774964762358   17.951704269340  458.896120046753
     0.563628397829   18.734040658371   17.905853169975  454.729361006102
     0.564629309615   18.820729410376   17.945748736381  456.945983259187
     0.565067947648   18.830380222252   17.952855767681  457.232991469011
     0.566068859433   18.825938617026   17.952422397256  457.086570045206
     0.567069771219   18.896701733760   17.976948489807  458.021960114263
     0.568070683004   18.846340342415   17.977323380488  458.759912799614
     0.569071594790   18.797652647520   17.955994292919  457.387113573097
     0.570072506575   18.890338532414   17.983778244740  458.223056261836
     0.570493943117   18.994741613222   18.037218495358  462.239756050518
     0.571494854902   19.003192257478   18.066565627325  464.692477207560
     0.572495766688   18.932216795381   18.018718733890  460.530115079077
     0.573496678473   18.926680450102   18.010544863993  459.561521850043
     0.574497590259   19.115313944686   18.113590473124  467.551261355664
     0.575498502044   19.039403097385   18.090150859097  465.742919912599
     0.576119905924   19.046255674485   18.079917450475  464.570917781605
     0.577120817710   19.161842410378   18.147903367963  469.737870692541
     0.578121729495   19.110779066290   18.126917489562  467.963321864201
     0.579122447050   19.156305836928   18.142360318374  468.802710390400
     0.580089752098   19.172507015482   18.149603911272  469.311658665872
     0.581042547571   19.296780001549   18.217655851325  474.007253482846
     0.581975740287   19.162803546859   18.177722423200  471.196390755758
     0.582845859203   19.093678157002   18.105738006642  465.029385630398
     0.583746459378   19.326877424574   18.239077478924  474.698512198530
     0.584746522538   19.292250607215   18.238598259608  475.287850775232
     0.585746831000   19.203331756198   18.203625329952  473.246715864702
     0.586702061432   19.096678960634   18.149199331616  468.596194584914
     0.587703114726   18.991897678014   18.099328200925  464.586915721410
     0.588704168020   18.924166111098   18.071229481722  462.887760846639
     0.589705221314   19.078394500464   18.176111443700  471.623089075156
     0.590706274608   18.946814323691   18.128451194794  468.027704959025
     0.591707327902   18.925366818607   18.097563976763  465.348298626634
     0.592708381196   18.996740094845   18.158000282208  470.435934457247
     0.592903422096   18.985997397989   18.155184556398  470.339203516648
     0.593904163159   19.002952767307   18.175472956360  471.844788770908
     0.594855276314   18.953300642571   18.151579634118  469.959427668955
     0.595806389469   19.022481558003   18.180285467935  471.164246518048
     0.596757502623   19.060451624655   18.211854202028  473.249716127904
     0.597708615778   19.027960775599   18.192801497302  471.614957419895
     0.598240288031   19.088680994392   18.204523355300  471.525634801435
     0.598953860675   19.129991487562   18.231728128831  473.195686743189
     0.599667195541   19.061749899435   18.217031176811  472.587231295827
     0.600380530407   19.051562533539   18.220774640719  472.760356811121
     0.601093865273   19.053015121152   18.215705254292  472.164652725908
     0.601807200139   19.093794673027   18.228162315802  472.606877668930
     0.602166007577   19.094093392154   18.232499412549  472.976502207911
     0.602879342443   19.070085190450   18.229822109415  473.014064550090
     0.603731814975   19.053335706022   18.230624831063  473.043895356412
     0.604660392345   19.043295431545   18.223090258839  472.289087306420
     0.605526696468   19.230377799203   18.303416970093  478.480267828846
     0.606393000591   19.345926726805   18.384247881288  484.538534077901
     0.606898055894   19.225624594981   18.341173109193  481.524623184602
     0.607742254683   19.167598448964   18.284755445621  476.088063842207
     0.608521871220   19.172899632321   18.280582475375  475.720324704840
     0.609301487756   19.392875680457   18.387062033378  483.369393732330
     0.610081104293   19.485090853301   18.450137620378  488.055512478065
     0.610860720830   19.324571984547   18.400561186163  485.163708296792
     0.611273917594   19.166904773708   18.321868130109  479.430884273997
     0.612154114010   19.083530654546   18.273807705944  475.711578951688
     0.613006288879   19.183349801406   18.301174504700  477.002085680904
     0.613858463748   19.380527129111   18.416757971231  485.529462585171
     0.614643802073   19.392625849185   18.437268202358  487.076807164089
     0.615644337070   19.469975437826   18.473602575656  489.154225808724
     0.616357296009   19.324289699805   18.414023591661  486.066293291940
     0.617195267247   19.351502713695   18.417387940784  485.830797991357
     0.618033238485   19.447892953685   18.451175936866  487.060620747445
     0.618871209723   19.525752830627   18.483151959734  488.586036449137
     0.619709180962   19.485180054121   18.475483197041  488.348733362250
     0.620547152200   19.470087890912   18.475611898302  488.419919266338
     0.620891558379   19.463416659615   18.475434296743  488.394486665983
     0.621729529617   19.482103944323   18.486907601919  488.955552586908
     0.622567500855   19.421615638692   18.480552830392  489.424903303290
     0.623366634150   19.420822340312   18.473475330566  488.372369670505
     0.624120722140   19.405475693779   18.469571775210  488.167352492986
     0.624874810131   19.343893500403   18.467531052764  489.259564114860
     0.625386835877   19.176672724985   18.406072269723  485.590907980441
     0.626140923868   18.958250335990   18.288545531127  476.548466061510
     0.626895011858   18.873749587512   18.252941946097  474.043692951195
     0.627649099849   18.893874076803   18.267648330937  475.219870837516
     0.628403187840   18.883315633470   18.295841809146  478.033744941982
     0.629392243459   18.707012470600   18.210083752004  471.768173908000
     0.629971439922   18.670702722189   18.193218485983  470.554845776267
     0.630971458816   18.801673203313   18.280093005793  478.065882874785
     0.631971477710   18.768928005675   18.289288800079  479.259209690574
     0.632971496603   18.588425423588   18.201418781069  472.261987329341
     0.633959222325   18.481551441606   18.157311880901  469.055223464733
     0.634875189558   18.513974803531   18.184722623697  471.801771577510
     0.635574191870   18.599503676233   18.247523648156  476.680464011341
     0.636398393386   18.525166621746   18.227846970830  475.916009617960
     0.637222594903   18.610187929486   18.258255473910  477.008347843599
     0.638046796419   18.658003609963   18.296797167095  479.647348086088
     0.638870997936   18.624529817362   18.290621990108  479.577677776368
     0.639695199452   18.562091978915   18.261021321827  477.448162226724
     0.640056199716   18.599136776841   18.275884195404  477.962233583111
     0.640880401232   18.631234742982   18.277386897967  477.264038963049
     0.641704602749   18.649178955986   18.316420807701  480.752493985041
     0.642528804265   18.585426600469   18.279957911544  478.113106396479
     0.643353005782   18.641441276676   18.290277324502  478.143337843173
     0.644177207298   18.765780832864   18.377069218775  485.264906543343
     0.644426940357   18.742310962188   18.374401096095  485.264678256972
     0.645251141874   18.729077163493   18.364465496528  484.252126891961
     0.646075343390   18.707167416512   18.352491122600  483.072204782839
     0.646899544907   18.653417327167   18.334240238810  481.596673274145
     0.647723746423   18.582293932309   18.302719951138  479.322586342422
     0.648547947939   18.603120951683   18.301007785718  478.763960457664
     0.648928729040   18.665214714630   18.348768366072  482.731276538363
     0.649752930556   18.611661627275   18.337828236876  482.156291229327
     0.650562285997   18.576190660318   18.333381050246  481.914075596219
     0.651304009317   18.561225938248   18.309683906745  479.980081411222
     0.652045732636   18.710277806322   18.395156955739  486.537186545918
     0.652787455956   18.715290695147   18.419059170145  488.566438248682
     0.653214688588   18.608504091021   18.378136771763  485.668579125872
     0.653956411908   18.436793024572   18.285960432828  479.064903553635
     0.654698135228   18.512599173666   18.298012362145  478.877173180715
     0.655439858547   18.699104492286   18.419159404822  488.097988994733
     0.656181581867   18.498693659950   18.349198574891  483.816699350752
     0.656923305186   18.405995602080   18.275432541431  477.521093284486
     0.657275623763   18.473241067129   18.304622052790  479.728379958570
     0.658017347083   18.621796108389   18.398523004073  486.619718984769
     0.658759070403   18.582953474610   18.395499314832  486.908416376764
     0.659500793722   18.587885766645   18.394872243933  486.720056850192
     0.660242517042   18.627265286918   18.418755205240  488.092003312430
     0.660984240362   18.575671602576   18.407872596784  488.054623160668
     0.661201565294   18.559708187388   18.398308030496  487.476304520991
     0.661943288614   18.561432488218   18.399829787196  487.559858394418
     0.662685011934   18.561198606779   18.396397711579  486.771754429692
     0.663426735253   18.612514702785   18.433027846242  489.426937201506
     0.664168458573   18.551357806559   18.402759962925  487.061538273527
     0.664910181893   18.633465053773   18.438786885168  488.889260137652
     0.665226156027   18.652042598360   18.446399548228  489.194943777561
     0.665967879346   18.667051502880   18.451866805544  489.175190366274
     0.666709602666   18.595621678269   18.441908609381  489.348106087578
     0.667451325986   18.654477855340   18.443968627260  488.595566984438
     0.668193049305   18.828604098534   18.549498850201  496.975032153069
     0.668929132859   18.774546522949   18.531912187209  495.502846361062
     0.669126050043   18.736828495293   18.515369758755  494.181828529002
     0.669793565919   18.677553169769   18.470550408563  490.305226395244
     0.670461081795   18.803923203407   18.517892057270  493.511218241757
     0.671128597672   18.950953833023   18.615199029384  500.692626586794
     0.671796113548   18.880255371268   18.590992549000  499.583591908639
     0.672401373548   18.913320195978   18.584695893024  498.550991536956
     0.672745502493   19.002056112769   18.628551297995  501.381139550948
     0.673445968859   19.094057701126   18.693846575849  506.137731315693
     0.674227125171   18.967531397157   18.632679804903  502.219358395788
     0.674956883288   18.974949995229   18.638790596764  502.912835765786
     0.675957961240   18.740516018501   18.554240558794  497.194291062176
     0.676937615302   18.170509756898   18.305525444257  481.462701263159
     0.677120529380   18.052519537240   18.247663862408  477.405127862476
     0.678008461794   17.918889170681   18.136237090062  468.617169444716
