# {0} signal over time, extracted at r = 500 km
# All quantities are measured in a resting observer's frame at infinity
# cols=4 rows=689
#              time        luminosity               <e>             <e^2>
#               "s"           "foe/s"           "MeV^1"           "MeV^2"
  -4.9540376683e-04  9.8384704531e-07    7.951714702298   75.094057668690
  -4.8775630202e-04  9.8161109233e-07    6.621605959829   58.867087721526
  -4.7705506692e-04  9.8069363480e-07    5.568903249999   46.002509945277
  -4.5991113295e-04  9.8598239575e-07    4.666951869769   34.967671775964
  -4.3858952032e-04  1.0051293659e-06    4.074433801251   27.669659064977
  -4.0333715189e-04  1.0621195665e-06    3.574435446134   21.492738040945
  -3.8301237406e-04  1.1051795560e-06    3.402434897487   19.374175854143
  -3.6861849125e-04  1.1391586418e-06    3.307407352855   18.211822558019
  -3.6027100976e-04  1.1600355471e-06    3.260226508160   17.634153876707
  -3.4687180061e-04  1.1951845537e-06    3.194213371790   16.825570296080
  -3.3354582064e-04  1.2318722772e-06    3.138274853567   16.139167368696
  -3.2475675383e-04  1.2568667137e-06    3.105702688381   15.738865095235
  -3.1050390797e-04  1.2989242909e-06    3.058925965933   15.162212442322
  -2.9719184816e-04  1.3399849290e-06    3.021154432863   14.695451296253
  -2.8483420410e-04  1.3798722450e-06    2.990166686179   14.313007404143
  -2.7417323536e-04  1.4154970971e-06    2.966107234368   14.015092987334
  -2.7224567027e-04  1.4220318954e-06    2.961980915278   13.963989956937
  -2.6154732437e-04  1.4588168848e-06    2.940321969740   13.695358157124
  -2.5098425623e-04  1.4959563777e-06    2.920648770319   13.452573358664
  -2.4034859394e-04  1.5340201672e-06    2.902351075730   13.227033769236
  -2.2910027821e-04  1.5750134688e-06    2.884550965426   13.007311202413
  -2.1830658698e-04  1.6151137637e-06    2.868821349291   12.812873440318
  -2.1116236164e-04  1.6420817196e-06    2.859077268652   12.692220277566
  -2.0130205998e-04  1.6798614180e-06    2.846416329240   12.535142200828
  -1.9161361632e-04  1.7176186335e-06    2.834793983035   12.390680217745
  -1.8100477147e-04  1.7597096531e-06    2.822917032019   12.242666208374
  -1.7067061330e-04  1.8014573588e-06    2.812111940552   12.107723600810
  -1.5795802718e-04  1.8538045772e-06    2.799763229409   11.953104905620
  -1.4549160133e-04  1.9062203993e-06    2.788577668665   11.812560707861
  -1.3244281031e-04  1.9622520261e-06    2.777745909161   11.675952424375
  -1.2013185506e-04  2.0162212293e-06    2.768274220794   11.555983567283
  -1.0936628411e-04  2.0643102031e-06    2.760525354992   11.457462093494
  -9.9506424968e-05  2.1090967985e-06    2.753846847139   11.372128134890
  -9.0883913153e-05  2.1488584462e-06    2.748306429892   11.301037399414
  -9.0539310485e-05  2.1504573344e-06    2.748096786806   11.298293161001
  -8.2547974618e-05  2.1878301036e-06    2.743209852070   11.235286710827
  -7.4935591413e-05  2.2238872210e-06    2.738760592920   11.177640183844
  -6.8055556764e-05  2.2568667235e-06    2.734909777725   11.127456938964
  -6.1489521198e-05  2.2886993131e-06    2.731373265492   11.081157570698
  -5.5744924060e-05  2.3168410947e-06    2.728388335269   11.041879599739
  -4.9474536120e-05  2.3478776900e-06    2.725244148673   11.000291524494
  -4.3890984051e-05  2.3757948769e-06    2.722540180941   10.964332970928
  -3.8389503469e-05  2.4035632038e-06    2.719966792750   10.929891786850
  -3.3354619480e-05  2.4292086795e-06    2.717683525928   10.899175678276
  -2.8089623822e-05  2.4562655408e-06    2.715373265965   10.867886366691
  -2.3187716814e-05  2.4816807560e-06    2.713288319480   10.839481843006
  -1.8451165600e-05  2.5064460671e-06    2.711335406483   10.812698448521
  -1.4051789129e-05  2.5296333797e-06    2.709574099479   10.788386889658
  -9.5041313452e-06  2.5537923394e-06    2.707804544501   10.763805821344
  -4.8766512748e-06  2.5785750675e-06    2.706060423311   10.739386886793
  -4.1166146705e-07  2.6026814369e-06    2.704427258082   10.716354636006
   4.0103162119e-06  2.6267455886e-06    2.702857494303   10.694050931253
   8.3888781102e-06  2.6507616891e-06    2.701348920919   10.672449506700
   1.1375883833e-05  2.6672531851e-06    2.700347764281   10.658001418800
   1.1414958036e-05  2.6642500041e-06    2.698773076913   10.647656870165
   1.7953557851e-05  2.6948914551e-06    2.696812011077   10.617603241712
   3.1097448604e-05  2.7594283697e-06    2.692820583241   10.558395454259
   4.8587807705e-05  2.8508116816e-06    2.688139455220   10.486207323891
   6.7077474832e-05  2.9539106330e-06    2.683890893487   10.417189296459
   8.4731974227e-05  3.0582257445e-06    2.680456946084   10.357685495516
   1.0275576040e-04  3.1703901676e-06    2.677588532648   10.303272290119
   1.1996841140e-04  3.2826995658e-06    2.675441009465   10.257098087211
   1.3759458585e-04  3.4028494527e-06    2.673816360236   10.215397329715
   1.5463303224e-04  3.5238344357e-06    2.672774670430   10.180208308686
   1.7244987769e-04  3.6553344090e-06    2.672216482835   10.148548991940
   1.9031652349e-04  3.7922213318e-06    2.672176919169   10.121836647337
   2.0830811086e-04  3.9350512687e-06    2.672638993539   10.099806023182
   2.2719079586e-04  4.0902453539e-06    2.673640524909   10.081709951895
   2.4649547868e-04  4.2544221749e-06    2.675186003416   10.068302751461
   2.6511818137e-04  4.4180118307e-06    2.677154076167   10.060048112818
   2.8610139480e-04  4.6084069496e-06    2.679908886617   10.056036643861
   3.0533594417e-04  4.7885311980e-06    2.682913146919   10.057096405181
   3.2699161743e-04  4.9976941588e-06    2.686822108245   10.063517965699
   3.5013593239e-04  5.2286469006e-06    2.691591861720   10.076287619553
   3.7094681635e-04  5.4428115044e-06    2.696383133496   10.092806730132
   3.9557884931e-04  5.7041992977e-06    2.702646059180   10.118325689126
   4.2180689234e-04  5.9919067914e-06    2.709992430896   10.152376312224
   4.4980956540e-04  6.3097227201e-06    2.718575085766   10.196302212540
   4.7639960524e-04  6.6216054532e-06    2.727400578949   10.245011106781
   5.0595493338e-04  6.9796823049e-06    2.737946344133   10.306880666097
   5.3742753604e-04  7.3739570904e-06    2.749980231784   10.381354625773
   5.7125697230e-04  7.8122530638e-06    2.763774312586   10.470795822417
   6.0755204447e-04  8.2984723694e-06    2.779471384199   10.576868117930
   6.4646185965e-04  8.8369073140e-06    2.797202015127   10.701179143073
   6.8773572775e-04  9.4257069624e-06    2.816854519953   10.843562748357
   7.3108171248e-04  1.0061211558e-05    2.838204471657   11.002799976672
   7.7143340444e-04  1.0666236293e-05    2.858517938848   11.158015486795
   8.1829801170e-04  1.1382431370e-05    2.882380584325   11.344252714375
   8.6880666555e-04  1.2167938457e-05    2.908129449019   11.549163122704
   9.2311337738e-04  1.3026462247e-05    2.935538697541   11.770935615108
   9.8604352840e-04  1.4039639275e-05    2.966725097553   12.026748626440
   1.0584610132e-03  1.5232217195e-05    3.001758372495   12.317088576366
   1.1341629046e-03  1.6871722835e-05    3.062144808011   12.799129063965
   1.2155209049e-03  2.3208830777e-05    3.436857288860   15.539931200067
   1.3129037322e-03  4.6362064496e-05    4.058395137223   20.049613560590
   1.4091206515e-03  9.7464310074e-05    4.339574455048   22.050265084852
   1.5053375708e-03  2.0061628577e-04    4.440905423511   22.827232151930
   1.6147914381e-03  4.3060927033e-04    4.468531241286   23.129562295726
   1.7484752748e-03  1.0217910382e-03    4.506820202795   23.571474580797
   1.8790865148e-03  2.1810683289e-03    4.552389968918   24.067613820130
   2.0096977548e-03  4.0111855880e-03    4.643777524228   25.073382392581
   2.1403089949e-03  6.1550623045e-03    4.796349718343   26.809604732891
   2.2879801097e-03  8.4112512260e-03    5.013291182565   29.439129934745
   2.4475018916e-03    0.010442839235    5.265394780714   32.733790751403
   2.6060952623e-03    0.012165558031    5.512486717257   36.212589445363
   2.7646440776e-03    0.013754668730    5.744008754462   39.707809606971
   2.9231551357e-03    0.015301920095    5.956471406006   43.109792265994
   3.0814587710e-03    0.016866117253    6.150791860939   46.354828832865
   3.2397624063e-03    0.018515332378    6.331805646926   49.456213784407
   3.3980660416e-03    0.020334191739    6.504428536388   52.454470420469
   3.5643853444e-03    0.022545757990    6.681321618171   55.549283337191
   3.6549100678e-03    0.023933295439    6.777847919977   57.242868089984
   3.6568206367e-03    0.023964262996    6.779899243928   57.278872667218
   3.8478775300e-03    0.027491116672    6.991621240502   60.992601614045
   4.0389344233e-03    0.032124545511    7.224730409255   65.076820870016
   4.2299913166e-03    0.038349102561    7.482118223786   69.628076577090
   4.4210482098e-03    0.046780670312    7.755911987721   74.580373182148
   4.6121051031e-03    0.058123157190    8.039417043730   79.846711775907
   4.8069843510e-03    0.073452553032    8.332404804044   85.425239610572
   5.0583343433e-03    0.100086359040    8.699757614437   92.611261908837
   5.3085145474e-03    0.135495451534    9.032203576283   99.315739649318
   5.5586947515e-03    0.180717510835    9.319214124003  105.273406245018
   5.8088749556e-03    0.236433779256    9.560991137851  110.423868487568
   5.8527209707e-03    0.247294085801    9.598672054776  111.238637509528
   6.1029011748e-03    0.315561825204    9.786130885246  115.347230008272
   6.3544902756e-03    0.395105476611    9.933902944088  118.681177110006
   6.6064770697e-03    0.485193681350   10.045690741305  121.280518509354
   6.8584638637e-03    0.585282552446   10.127753852357  123.257699791194
   7.1104506578e-03    0.694979314714   10.186361320354  124.713101108094
   7.3624374518e-03    0.817784733185   10.241796633320  126.083108799508
   7.6144242459e-03    0.953121835025   10.296572726849  127.434772435685
   7.8664110400e-03    1.097843615151   10.339287819362  128.484847170474
   8.1183978340e-03    1.253317172461   10.380058316638  129.501223128083
   8.3703846281e-03    1.420035205310   10.419249728880  130.483825886197
   8.6223714221e-03    1.594911254920   10.450517729663  131.243616074098
   8.8743582162e-03    1.776765259212   10.475796389189  131.850161653871
   9.1263450103e-03    1.968255167446   10.504113269019  132.552160874636
   9.3783318043e-03    2.167243733626   10.530936694087  133.218436719383
   9.5531184454e-03    2.307511659240   10.545310293390  133.562621121626
   9.8037657354e-03    2.513514054308   10.564652405486  134.015548654994
     0.010054413025    2.724204126346   10.580680386661  134.392782977965
     0.010305060315    2.939798633722   10.592499954635  134.633764869220
     0.010555707605    3.165854394279   10.606555180565  134.927892182592
     0.010806354895    3.402895773595   10.623087994257  135.319023225689
     0.011057002186    3.650749182504   10.643058073755  135.797441177698
     0.011307649476    3.905579262157   10.665044434676  136.325625776636
     0.011558296766    4.166286210863   10.688538458902  136.910863090720
     0.011808944056    4.439580342029   10.717596280306  137.640851679624
     0.012059591346    4.719924615147   10.744330103522  138.298197976359
     0.012310238636    5.003518779061   10.767195976052  138.844005868687
     0.012560885926    5.299055125639   10.792884972063  139.447551489451
     0.012811533216    5.605927306669   10.820738036919  140.118060617853
     0.013061816338    5.911227055064   10.847558496099  140.811735055947
     0.013317318146    6.223684893445   10.875770956033  141.553721239078
     0.013572762792    6.543409536607   10.903794017552  142.249388381466
     0.013828109590    6.861379669468   10.926179928103  142.781209950322
     0.014083398350    7.177741010238   10.945837000417  143.263196264396
     0.014338687110    7.505120579866   10.967319843309  143.794702147389
     0.014593975870    7.835595892051   10.987836632898  144.295203070045
     0.014849264629    8.154983623540   11.004558950770  144.697810386483
     0.015104553389    8.475098021203   11.023190501559  145.143413323502
     0.015359842149    8.803496209107   11.043550127879  145.618013066373
     0.015613595175    9.127607908909   11.060358057836  146.016911249787
     0.015870216984    9.453365869877   11.077680148279  146.455828594174
     0.016126838793    9.787530436832   11.098296840664  146.966583256949
     0.016383460602   10.130888753770   11.120142363207  147.504504878524
     0.016640481893   10.469994159979   11.139400425302  148.018465738858
     0.016890774071   10.790592183921   11.155280874126  148.461723410240
     0.017002015039   10.934063792970   11.162494333412  148.658137747022
     0.017252307217   11.266873693279   11.181625935187  149.151229584210
     0.017510685212   11.616997380255   11.201926687632  149.666010110820
     0.017761783127   11.949038034301   11.217993138041  150.105037751595
     0.018012881041   12.282700987034   11.233414343156  150.498723059224
     0.018264965084   12.641674083900   11.252882383291  150.951590183454
     0.018524511509   13.025198798355   11.277596699266  151.564109287333
     0.018777896724   13.386260077025   11.299554607853  152.148050434554
     0.019031896631   13.746735806630   11.320795344422  152.782125708213
     0.019288160674   14.137023046814   11.350740201532  153.691755251787
     0.019544424717   14.536433970209   11.383722464256  154.662530949179
     0.019799917475   14.898686979965   11.408180488501  155.344344087523
     0.020050422990   15.207110061135   11.420185265711  155.604764736072
     0.020306256948   15.518052962184   11.428658889320  155.744693239746
     0.020560168117   15.862384106510   11.444592385068  156.173695168606
     0.020815839976   16.235980846189   11.472702676025  157.033205569180
     0.021068089122   16.590817332623   11.501131232672  157.909051657784
     0.021319108537   16.908714976011   11.522448351412  158.532949965519
     0.021576482550   17.196157494079   11.532546987056  158.717525533570
     0.021832652396   17.470757525084   11.533523169144  158.601404976868
     0.022084395604   17.768383095684   11.545798001098  158.952495002938
     0.022338889568   18.078428643924   11.570931798371  159.768633221064
     0.022595407716   18.363068715318   11.591154373179  160.397307087700
     0.022851229088   18.606175634283   11.599102549303  160.567276161636
     0.023103147712   18.809720135384   11.593716044534  160.269005063378
     0.023353864127   19.022780354242   11.590207886222  160.086596542043
     0.023605384828   19.267096102519   11.600798613783  160.417599239581
     0.023856960914   19.526324046336   11.619030306348  161.011047279270
     0.024108448989   19.770360470932   11.632789743863  161.444487098268
     0.024359875952   19.970005085877   11.634567408903  161.438495953397
     0.024613740748   20.150056117283   11.624937953331  161.010362321528
     0.024854413473   20.368899198959   11.622994898808  160.876463556182
     0.025004970587   20.534664546403   11.629434612764  161.069258878231
     0.025011814092   20.542520484959   11.629833457345  161.081958811959
     0.026032759556   21.583298270887   11.684659964082  162.835681241650
     0.027037111170   22.452521063831   11.667802460398  162.203801035545
     0.028048542517   23.432469149160   11.715465213416  163.545331104689
     0.029051008681   24.309775922221   11.745357941980  164.570612489517
     0.030063871731   25.164815690136   11.779595015693  165.604409173514
     0.031094078314   25.903175438850   11.812603113381  166.637861190480
     0.032101834886   26.750325634248   11.853600217258  167.827854226861
     0.033133003691   27.453198138312   11.863686149692  168.094411481873
     0.034164172497   28.292050137716   11.901212043681  169.324099625713
     0.035191538465   29.124999961948   11.936814910987  170.231885253472
     0.036205390807   29.720388482245   11.957822241255  170.947302671845
     0.037212628933   30.103955854077   11.964865866461  171.359283194825
     0.038224230373   30.452880265786   11.980669748948  171.653910805783
     0.039231671159   30.818599162471   11.999832006787  172.292492208663
     0.040250125207   31.161081197208   12.008032051354  172.404676722533
     0.041260061207   31.715378096158   12.049649460600  173.802545757796
     0.042269738224   32.037572632613   12.053170323417  173.902160552335
     0.043285830724   32.058399361789   12.047425084748  173.824901460326
     0.044289194059   32.546686539121   12.098623035602  175.220460193040
     0.045010862501   32.948285945701   12.127953912420  175.903963119631
     0.046027296480   33.396781242650   12.137434734781  176.338649244356
     0.047050302351   33.691826883383   12.155197957915  176.925072188990
     0.048050897534   33.818409762784   12.171344755440  177.241227728800
     0.049066936335   34.062849560040   12.186078012857  177.543247259179
     0.050081428134   34.722694963788   12.233208026217  178.988689450958
     0.051095439953   35.226211749479   12.268721743135  179.915360791058
     0.052107519593   35.007735667477   12.258600010358  179.652682655398
     0.053124483858   35.170337264445   12.286149496141  180.758318132320
     0.054128556582   35.322053796089   12.287599013875  180.773394185742
     0.055135388314   35.419952060545   12.308365163628  181.222609141345
     0.056139264694   35.503348099169   12.329121999970  181.994182211135
     0.057170066457   35.144378883116   12.312368237905  181.361622540275
     0.058183420743   34.856876573710   12.272485708600  179.969312082902
     0.059204810828   35.118524943306   12.297916726960  180.768188895079
     0.060215433324   35.482693822231   12.332430796527  181.915304184440
     0.061236894352   35.683201285712   12.340082143306  182.060579986599
     0.062272076428   36.131566123293   12.364494358404  182.605628596971
     0.063302359926   36.819264402695   12.420765215976  184.790482240832
     0.064308741345   37.054276679076   12.460258543017  185.927993543258
     0.065011719405   37.371688078541   12.480340509374  186.621080224453
     0.066015719254   37.811933480623   12.521417207337  187.853320422786
     0.067018868086   37.433896887128   12.518176563404  187.756347224169
     0.068034477993   36.899957053048   12.509120736094  187.398182677118
     0.069037224154   36.384314531704   12.482228583443  186.502603947068
     0.070041194237   36.455639407208   12.492301605371  186.857099139899
     0.071066799252   37.107851055456   12.549213930118  188.810484248722
     0.072071669690   37.910954230007   12.610861076070  190.714069096568
     0.073086046311   38.274334372758   12.637193945377  191.343109381821
     0.074093162816   38.019280763315   12.636379734805  191.352040859264
     0.075115230861   36.915215133336   12.592602520336  190.081837720653
     0.076119043697   36.169666803084   12.561556315577  189.120257374454
     0.077128491356   36.820193287766   12.614551844758  190.923009401549
     0.078130545384   37.373902599318   12.678500895098  192.687497209494
     0.079133123517   37.237959922622   12.685048833138  193.098550945242
     0.080134920032   36.336251857355   12.651906958933  191.873771764778
     0.081165027869   35.773493761731   12.616151783680  190.759145508558
     0.082190965995   35.876836811129   12.639577888364  191.454696650342
     0.083208832561   35.825633299021   12.661204165372  192.125338528950
     0.084220265635   35.470512450059   12.658546100481  192.057711082376
     0.085039150744   35.282849374688   12.662479185950  192.245701888720
     0.086043789441   35.326312715164   12.684680554788  192.936569073070
     0.087064091792   35.351001388706   12.710455893940  193.576726798182
     0.088078534677   35.204744052318   12.723718983438  193.872529030205
     0.089125318300   35.026872962384   12.733423070478  194.248073820839
     0.090005751457   34.781876070586   12.733947290983  194.399512630262
     0.090044794516   34.716862969484   12.735204737852  194.430586252088
     0.091030734748   34.451133515146   12.757632533667  194.961342710114
     0.091070572986   34.441563864969   12.757745135850  194.963246658769
     0.092116519696   34.344427531790   12.756373379148  194.929383953518
     0.093145371847   34.349989268878   12.774815119042  195.710378895000
     0.094156965446   34.196280599475   12.814392680292  196.892985200732
     0.095183826236   33.692945419202   12.809142357265  196.750370925610
     0.096186122533   33.349282532420   12.806861262345  196.719119588930
     0.097215447145   33.030181429085   12.811850597233  196.880463364659
     0.098248719691   32.731649919790   12.821330705855  197.189849992195
     0.099303992364   32.415718383989   12.824123551870  197.300740345572
     0.100332462203   32.156178962941   12.834438655183  197.615158571022
     0.101357239822   31.888196939758   12.841655924917  197.817689101851
     0.102380778776   31.653090796917   12.845084682563  197.968099950342
     0.103399101256   31.370019437263   12.851483328628  198.119571482079
     0.104410507209   31.190732747642   12.863328925569  198.503911286966
     0.105442954747   30.991926535699   12.877591359985  198.965681945665
     0.106453367942   30.794344259240   12.890684158073  199.408987672679
     0.107472799507   30.606498563333   12.900309389770  199.761834986348
     0.108528425027   30.376989228588   12.913705139026  200.122357919560
     0.109559473734   30.186654167843   12.922888881700  200.454680489718
     0.110579480260   30.014016316168   12.933414347554  200.894032483175
     0.111039844454   29.950409545410   12.943139135204  201.182302699048
     0.112077565945   29.788691845840   12.956978953321  201.646634440222
     0.113106772543   29.633049601353   12.972406626706  202.116912062161
     0.114119122122   29.498085689817   12.987410141920  202.633297468522
     0.115138095952   29.382471785213   13.003778882777  203.245657244730
     0.116168737474   29.255219230374   13.019301247835  203.805693477279
     0.117168884773   29.063195793379   13.033475473355  204.180190891125
     0.118177256410   28.917784970680   13.046575143613  204.623538062756
     0.119203042732   28.776428436502   13.066748458268  205.261810074264
     0.120228924622   28.672229625608   13.086485282311  205.948452178229
     0.121243265637   28.503937364691   13.097350663727  206.351202118306
     0.122258075840   28.323691445781   13.106525275304  206.651383818511
     0.123269283874   28.217638405428   13.119832166815  207.189533628073
     0.124276321350   28.079929315408   13.137660119900  207.760844653815
     0.125284696407   27.901961612852   13.145664115597  207.978705702739
     0.126290020577   27.734989101058   13.156724610382  208.345549659056
     0.127331932885   27.629952820569   13.170160335557  208.936468384206
     0.128332503648   27.529413981478   13.189818382103  209.549839125785
     0.129364011489   27.379087681126   13.203927368974  209.947328316014
     0.130377859587   27.304960936978   13.219828049889  210.585510048089
     0.131066675066   27.225165620398   13.231147244347  210.977219004736
     0.132068398940   27.095982980859   13.245101162631  211.397846313234
     0.133080533235   26.994934578576   13.256235900040  211.970077294465
     0.134115530426   26.878300387244   13.276864777872  212.585761798626
     0.135119960701   26.815005422489   13.296068490239  213.264246903983
     0.136134093992   26.694433215361   13.310974917561  213.783800238697
     0.137145918218   26.577816411378   13.317235468065  214.043313561832
     0.138154393088   26.450300536379   13.322204300581  214.332674642970
     0.139170745249   26.340021841152   13.337442463837  214.894304125293
     0.140194925355   26.192337585991   13.347889940741  215.206917676899
     0.141223563508   26.044277009821   13.357626347667  215.609378704395
     0.142233268292   25.880726978884   13.368529315738  216.075196440571
     0.143243124911   25.746012906935   13.377829520934  216.436909079398
     0.144256928033   25.551162600785   13.378797737996  216.532391474374
     0.145274833522   25.402456423278   13.386857979308  216.916272429345
     0.146289221453   25.215046810334   13.403060765661  217.301471785018
     0.147305426216   25.065578613400   13.399240840969  217.306816842185
     0.148345780257   24.916411488858   13.401680929932  217.395220340922
     0.149374182642   24.756968139230   13.397387936313  217.433426985538
     0.150391094424   24.585614515995   13.404660385974  217.666062090512
     0.151106082067   24.519172115870   13.412488870379  217.991211611487
     0.152108673980   24.321875413809   13.408297067292  217.883131668451
     0.153131741455   24.141243938836   13.406518579814  217.873826570878
     0.154138238684   23.910550415964   13.400037468771  217.682244050733
     0.155153278439   23.763532146089   13.408771786282  217.925579452188
     0.156192100123   23.589703741814   13.408749329227  218.024765173010
     0.157206660163   23.444460498952   13.404132578776  218.062108995648
     0.158233055591   23.278922224422   13.409281564751  218.174042222037
     0.159251574410   23.142304880426   13.402479024810  218.077970462902
     0.160288852140   23.000552423425   13.407743115826  218.213461462688
     0.161326129869   22.854320099559   13.400416655252  218.163974487866
     0.162363407599   22.783993344257   13.408795297980  218.518635466972
     0.163400685328   22.706462792017   13.414999670205  218.820689572941
     0.164418004486   22.582694577119   13.411736488004  218.711707453410
     0.165449085393   22.544062942496   13.424258607340  218.975167761148
     0.166482145506   22.471602776956   13.418209546931  218.958288763721
     0.167482940466   22.437769282928   13.416400100030  219.017298902345
     0.168483788625   22.437161802801   13.433980012648  219.640938024252
     0.169511238523   22.373726185161   13.448705775589  220.102115972839
     0.170548390352   22.266659683962   13.455487972736  220.316464700932
     0.171135593510   22.198402542703   13.455673725814  220.386165973772
     0.172138158008   22.107601149635   13.464465430823  220.757665022685
     0.173140855372   21.941862443916   13.468640445574  220.864309862494
     0.174164617806   21.825564634764   13.471541518777  221.048681447720
     0.175188380240   21.689730569123   13.471750385077  221.162459370373
     0.176212142674   21.610276876039   13.478547955739  221.490004591507
     0.177223705246   21.581386326442   13.490045172657  221.881944729714
     0.178255852761   21.530429203515   13.495046362819  221.941327786941
     0.179288533323   21.447345750260   13.481521160990  221.676963997583
     0.180315221174   21.461855867787   13.500830549584  222.254778905576
     0.181330340711   21.356473186308   13.496150525068  222.339580664904
     0.182345460249   21.352263831322   13.514000934426  223.058835538121
     0.183357561930   21.203865249059   13.515514645485  223.060962010984
     0.184379339936   21.206803064190   13.537012412253  223.678858886412
     0.185394943854   21.030716133545   13.518385171712  223.124245632408
     0.186426669560   21.008907551691   13.520175467822  223.343294768965
     0.187459625881   20.978881495595   13.544937320631  224.095665839570
     0.188492582201   20.956659287534   13.551669242426  224.524320857808
     0.189520879873   20.896774018592   13.553444484165  224.545402751355
     0.190523907848   20.889391395700   13.566636996412  224.956308867678
     0.191152247129   20.852975037704   13.558998842694  224.806262745223
     0.192175661776   20.789175498734   13.559423908809  224.813133902035
     0.193188612182   20.747670603029   13.549371270148  224.718580739459
     0.194199099482   20.668201121815   13.548777758528  224.749720982940
     0.195218557136   20.590130796927   13.577813865574  225.432619856206
     0.196223563154   20.568239597084   13.583219655001  225.921980331342
     0.197228872379   20.462649283093   13.588046316800  226.010590599734
     0.198249239099   20.482081750592   13.591414721011  226.227312547381
     0.199269605819   20.379771171042   13.581923236266  225.920090225115
     0.200289972539   20.398131626693   13.591088527465  226.288202969536
     0.201310339259   20.385267108095   13.599766122853  226.744960009600
     0.202330045876   20.356724016654   13.605119454233  226.919571615023
     0.203338465766   20.380994080890   13.619061152281  227.433602106065
     0.204347066483   20.321285688354   13.605299332626  227.094481857838
     0.205348496527   20.310097840880   13.609059479505  227.231959917225
     0.206352660821   20.251233926242   13.613836353271  227.453438596845
     0.207367713131   20.207614328200   13.658331557306  228.524022522932
     0.208388079851   20.176167363968   13.639495605468  228.561970757838
     0.209408446571   20.111014269291   13.647783883834  228.742583978890
     0.210422239331   20.110034861909   13.654380464818  228.986982009189
     0.211158087572   20.083381036091   13.654732169764  229.054160620488
     0.212166201259   20.078079584348   13.673123620137  229.454550288998
     0.213167268856   20.066565472120   13.651484167818  229.142368854821
     0.214196361129   20.039115878103   13.664256314209  229.614395504914
     0.215225432556   20.064648365008   13.694253505906  230.650634067225
     0.216226059342   20.019947017948   13.701749906234  230.886486296940
     0.217233238827   19.957308066400   13.692352802496  230.591840523035
     0.218247638411   19.902125940008   13.698893269000  230.747306440804
     0.219249991024   19.913412119290   13.690286539237  230.649977503810
     0.220261944274   19.830372785997   13.710220392698  231.011116977585
     0.221289646349   19.834928307527   13.725444486796  231.793393535544
     0.222298106558   19.820432975362   13.754911882224  232.692672158574
     0.223306551615   19.797322294376   13.732493571084  232.179191529791
     0.224323677785   19.718015578572   13.731263815298  232.097764408211
     0.225332433889   19.693908801704   13.737671066642  232.318668018980
     0.226348329561   19.720929151902   13.748818011735  232.778245985495
     0.227358067461   19.684967606684   13.746917561113  232.991524590488
     0.228367805361   19.721878703446   13.774494667821  233.782278624103
     0.229379750511   19.683676862554   13.776926687326  233.923682723245
     0.230391522287   19.631664589520   13.789093568348  234.234932160780
     0.231179201866   19.621201667353   13.801319911710  234.553587736003
     0.232194397649   19.610150377896   13.798920276813  234.957115751796
     0.233206725210   19.634058230485   13.822653805983  235.710152095166
     0.234222507615   19.615391516155   13.825242296897  235.889305701561
     0.235229898471   19.539455390405   13.830129342921  235.996874044628
     0.236242597158   19.527220058859   13.817166101600  235.575935440419
     0.237264595288   19.500420485207   13.820113457007  235.673855121494
     0.238286596444   19.556040361410   13.864272381458  236.916513287155
     0.239297277581   19.591197531439   13.860620568101  237.145014582831
     0.240307866207   19.575038119140   13.848235493542  236.828772853924
     0.241322886260   19.587446882231   13.868224426464  237.483664192529
     0.242338640121   19.461614990033   13.891998611037  238.000954771062
     0.243365312076   19.418821765082   13.909033079166  238.355410795300
     0.244369884086   19.446429888979   13.881033968064  238.413380460574
     0.245378573145   19.428651267851   13.897455095626  238.662782760927
     0.246382139639   19.358899654342   13.877320307527  238.064961463001
     0.247384602828   19.398700618413   13.895762066623  238.697465465702
     0.248387066017   19.357212710795   13.902275385963  238.814975404962
     0.249393615306   19.314046210894   13.900774680334  238.837624383234
     0.250401284929   19.306070962145   13.914409576249  239.276624925135
     0.251195814230   19.317949460763   13.917450587893  239.729121751597
     0.252209680092   19.325947872394   13.915433820935  239.765682340339
     0.253218862095   19.316630292007   13.935820976362  240.244449974554
     0.254232274682   19.231233966101   13.919336466608  239.860034210304
     0.255233170468   19.195698310852   13.953066125363  240.722233884074
     0.256235545468   19.152425647944   13.941934537970  240.444894344633
     0.257237920468   19.144345042489   13.939001900473  240.364437855241
     0.258252031532   19.152452736416   13.947530567219  240.623712899126
     0.259269864883   19.158874358371   13.957456463398  241.303001109130
     0.260292690907   19.208970153115   13.984798126209  242.118597747907
     0.261299223281   19.150525667257   13.942133411498  241.058382574439
     0.262306259915   19.144274943282   13.980572363014  242.114842792264
     0.263327520943   19.090618824707   13.979011427215  242.299914299269
     0.264348063629   18.925133124400   13.962716868510  241.763569127724
     0.265368080908   18.951471457790   13.996498998788  242.749592682453
     0.266388031549   18.879710850741   13.991357919680  242.410199982471
     0.267395194570   18.838968792132   13.984549864354  242.116174018164
     0.268407943210   18.880903218372   13.998476407040  242.567042370341
     0.269419807308   18.914785006136   14.004094605463  243.135876572033
     0.270423687675   18.912598762378   13.974377151762  242.525323330926
     0.271207516574   18.991309544959   14.020935204879  243.769916659508
     0.272224373851   18.943996591520   14.029567119757  243.987387299040
     0.272881094176   18.907389418496   14.030026431268  244.032179472795
     0.272902278703   18.905070812806   14.030057711761  244.029970382563
     0.273903246385   18.877496101970   14.032076906386  244.319964390876
     0.274921841635   18.866658397578   14.037387837936  244.223194953775
     0.275940436885   18.862836385010   14.023973652384  243.904542519897
     0.276947182088   18.886978469568   14.044770021396  244.628547439719
     0.277961574198   18.814971977748   14.053511262384  244.913147672681
     0.278977955110   18.814886731630   14.072285324808  245.883260623347
     0.279994336023   18.780647106256   14.071781285524  245.885857522919
     0.280831355598   18.784964836688   14.070341934723  245.862943587351
     0.280851284635   18.808236966529   14.070712519427  245.876051619425
     0.281851798664   18.822998084202   14.071884068377  245.936320501611
     0.282859689960   18.810233117895   14.108320624169  246.229972993241
     0.283871460865   18.773155094736   14.068834786404  244.890566916792
     0.284884030821   18.826036013908   14.071854207121  245.115677115841
     0.285891254571   18.821009447161   14.097139006315  245.890781641002
     0.286909849821   18.685116530183   14.096530943096  245.806330928535
     0.287928445071   18.586970260487   14.100178023679  245.959544916548
     0.288947040321   18.546437804104   14.107785322215  246.231344783266
     0.289965635571   18.477155925629   14.100312853534  246.038012136895
     0.290984230821   18.470997002821   14.092064645154  245.841790019554
     0.291992531004   18.537408027299   14.088336579559  245.681710431778
     0.293008911916   18.663105599186   14.105080815402  246.484714852436
     0.294025292829   18.762303030247   14.120661069146  247.314649496367
     0.295043800215   18.819075161846   14.130899188548  247.661644834781
     0.296059668301   18.818280789352   14.158401062615  248.246055236959
     0.297074572988   18.766355290340   14.140578681461  247.985221113240
     0.298089477676   18.725046983085   14.144412273862  248.059200370527
     0.299104382363   18.781662853956   14.154519740047  248.432439103261
     0.299990117363   18.781977126742   14.155059567250  248.420658222546
     0.300992584912   18.799827731187   14.160672525788  248.663348993733
     0.301993303032   18.830416813902   14.171099746804  249.025910019281
     0.303008207719   18.815549168168   14.172085767309  249.024212305332
     0.304023112407   18.795105504726   14.172710165947  249.141234711908
     0.305038017094   18.774687831728   14.180879624463  249.401686743544
     0.306047030394   18.697005460903   14.183597859273  249.407134497736
     0.307051453884   18.689854588305   14.198068911805  249.896157072119
     0.308055877374   18.640707431775   14.193249272242  249.744997999343
     0.309060300864   18.630147935797   14.194121395688  249.804657964630
     0.310064724354   18.659258554159   14.211213962216  250.493486857821
     0.311066235945   18.607219155183   14.211225371077  250.437550607004
     0.312082616857   18.556119396047   14.211881824896  250.419418612372
     0.313098997770   18.586183198073   14.224374221002  251.421136927836
     0.314115378682   18.671595190858   14.249534097699  252.385219709720
     0.315131759595   18.613632961327   14.246276907307  252.259273427873
     0.316148140507   18.606273057663   14.253856392073  252.653424233465
     0.317164521420   18.579395411389   14.252699702086  252.543347872537
     0.318178034280   18.596462520598   14.261743245103  252.918818067158
     0.318344109593   18.603983672452   14.263791250760  252.985724889256
     0.319359014280   18.540673662957   14.259785418773  252.631709285440
     0.320373918968   18.547980284785   14.262156912229  252.804863584803
     0.321388823655   18.571685792601   14.276835095871  253.287969817527
     0.322398488655   18.511702143120   14.277447290772  253.280819191398
     0.323406558968   18.465024351693   14.284126491565  253.419208735465
     0.324414629280   18.456564099868   14.290794102149  253.669490771023
     0.325422699593   18.458335953086   14.301979020086  254.142524035105
     0.326430769905   18.394916734498   14.303637990149  254.272222845336
     0.327438840218   18.367358624776   14.305942234312  254.341232775777
     0.328441592548   18.318505245770   14.301210078128  254.112179438110
     0.329452140322   18.363563789240   14.315690582474  254.584027209792
     0.330465199728   18.385363290755   14.330814593524  255.627083394739
     0.331478259134   18.364145190009   14.342584112775  256.080136790975
     0.332491318540   18.332485023899   14.351181645901  256.367370966233
     0.333504377947   18.328168113255   14.361435163179  256.652349779975
     0.334517437353   18.288899265070   14.359600515651  256.594104032463
     0.335397636509   18.326504466931   14.371705364521  257.116184772770
     0.336410695915   18.231885875159   14.355411365954  256.403174283733
     0.337423755322   18.294361397411   14.377695624476  257.330816237220
     0.338436814728   18.232190284732   14.368789540811  256.807229835838
     0.339448808541   18.258293466759   14.377517509532  257.263725568406
     0.340457851613   18.271257202861   14.390789857866  257.574873022673
     0.341475163980   18.273166733569   14.392249478059  257.691102089841
     0.342480356495   18.219823720306   14.391415580693  257.945878501108
     0.343484550403   18.294068547042   14.434597518406  259.729101174077
     0.344485829937   18.265745443554   14.434098327349  259.726554488248
     0.345499516288   18.192567652482   14.434624430196  259.738597973373
     0.346514568020   18.158524422851   14.407092331303  259.355477780129
     0.347525040006   18.106763945614   14.414654335048  259.546567245918
     0.348539944693   18.065895974387   14.419105260154  259.533720753456
     0.349554849381   18.114958731283   14.452966719367  260.369589042490
     0.350569754068   18.071558579596   14.446605205748  260.105473304527
     0.351584658756   18.061725615793   14.454531210121  260.505512743027
     0.351661545475   18.056448288841   14.454596579887  260.483905797077
     0.352676450162   18.034103911125   14.456441765643  260.497317614800
     0.353691354850   18.021255813522   14.460657876106  260.667900015225
     0.354706259537   17.989839961816   14.461821799206  260.661004274791
     0.355721164225   17.984728360542   14.465547477334  260.804272282547
     0.356736068912   17.991462641406   14.472355402062  261.042931727263
     0.357750973600   17.962923145717   14.467888397356  260.955441438536
     0.358759586106   17.975559338579   14.470835432608  261.043125572168
     0.359764810815   17.959071248988   14.471703895007  260.986216759371
     0.360773735425   18.082493426620   14.500221616544  262.733729423145
     0.361788640112   18.092912655658   14.511975336234  263.126553284279
     0.362803544800   17.995073586300   14.511131385884  263.075092016291
     0.363818449487   17.950361164945   14.528327340078  263.707334647930
     0.364833354175   17.876428812697   14.524245003218  263.502664225442
     0.365848258862   17.866672650555   14.529621644131  263.734139121966
     0.366863163550   17.824471625531   14.523183678003  263.420844061576
     0.366924672925   17.822911785277   14.522748332848  263.405029304673
     0.367930215942   17.853959347797   14.531190407830  263.740730176533
     0.368933241632   17.861141638231   14.528286880190  263.441780588299
     0.369934675766   17.925733227412   14.544415203048  264.121223733361
     0.370936109901   17.871462476488   14.539609923508  263.885751278188
     0.371937544035   17.849225020892   14.550933769306  264.423128305984
     0.372943877277   17.808685489649   14.555344761865  264.469578605924
     0.373958781965   17.754782317278   14.550667768362  264.348149004521
     0.374973686652   17.727930244042   14.549544052507  264.456357148401
     0.375986388037   17.683363870684   14.553504456424  264.391599296592
     0.376987822171   17.676772721294   14.573942500629  265.337963603906
     0.377989256306   17.732723088997   14.591235528102  266.424840905658
     0.378723091911   17.760281380288   14.599312340895  266.820287831413
     0.378736931520   17.760097109240   14.599362112882  266.820353411050
     0.379747223004   17.673980199585   14.583047349433  266.167387058617
     0.380757514489   17.731841013779   14.602346130889  266.937282774375
     0.381767805973   17.703679509475   14.600571533095  266.592105695965
     0.382778097458   17.708623145230   14.615000097421  267.267903204832
     0.383788388942   17.656980531897   14.608181292915  266.819879301443
     0.384798680426   17.690753912278   14.615074994149  267.212235987878
     0.385802991833   17.683630006935   14.616928911849  267.120661855100
     0.386811046377   17.664288298179   14.613244912096  267.013859497684
     0.387817218252   17.690550466392   14.593827225899  266.651843708458
     0.388823390127   17.634114078299   14.601495667045  266.981439453143
     0.389829562002   17.655640655363   14.626919081586  267.862548560903
     0.390831334248   17.588073120481   14.620751989700  268.185816730390
     0.391841625732   17.652526520515   14.678193169659  270.138832254621
     0.392851917217   17.658682964118   14.665481178095  269.670084674293
     0.393530058076   17.618074672193   14.664927551777  269.642723054808
     0.394540349560   17.641657994678   14.680136640866  270.225005735012
     0.395550641045   17.609080305951   14.677922459179  270.123087324020
     0.396560932529   17.557354820965   14.676052086522  270.054757261495
     0.397571224014   17.552223206425   14.680263381946  270.241588193214
     0.398581515498   17.546730305770   14.680413320009  270.152430477269
     0.399587813144   17.538730164006   14.684232112231  270.337107720094
     0.400598104629   17.518870701832   14.675589216354  269.841707517927
     0.401608396113   17.554640913957   14.685949613443  270.095740126988
     0.402618687598   17.563823130514   14.707186267095  270.869199135273
     0.403628979082   17.448341872914   14.696987323726  270.560769476853
     0.404639270566   17.461717605235   14.708771149805  271.065176943434
     0.405649562051   17.397771894067   14.703956670043  270.739908557966
     0.406649799268   17.412539557705   14.709772526475  271.110078370981
     0.407061433538   17.401556513593   14.713665134587  271.143194556690
     0.408066305431   17.417159941947   14.727448532871  272.235623829853
     0.409071177324   17.501616957651   14.754804376907  273.278426216026
     0.410076049218   17.457243807334   14.747270104171  272.985819641123
     0.411080921111   17.446564393424   14.750182003270  273.202496389601
     0.412085793004   17.460708911491   14.756466754654  273.380389184488
     0.413097703305   17.439804731577   14.752326479907  273.241520642479
     0.414106610828   17.421238804709   14.749279479606  273.017930228338
     0.415115518351   17.445136842115   14.750588919260  272.914212295556
     0.416124425875   17.424123683877   14.761504026308  273.268887402933
     0.417133333398   17.331427331914   14.768431447075  273.403404433019
     0.418142240922   17.312418912483   14.783576484536  274.157337923249
     0.419151148445   17.208237094144   14.763379836896  273.225429523205
     0.419325527523   17.211801595522   14.763756542966  273.335461429157
     0.420334435047   17.276076925760   14.782527088805  274.028949751669
     0.421343342570   17.241875115825   14.784158184549  274.361335740644
     0.422348439930   17.249779527580   14.782861922645  274.025960444283
     0.423360781726   17.249999826162   14.784516634220  274.956611573350
     0.424373123523   17.345764206838   14.807401301516  275.728050666047
     0.425378844519   17.314670913147   14.805166740411  275.428918137329
     0.426382216199   17.339673402954   14.833016720649  276.699449778947
     0.427385587879   17.186274357733   14.807980122971  275.577503122769
     0.428388959558   17.203557921651   14.835867819985  276.465008197324
     0.429392331238   17.210149552035   14.842286568501  276.511013172963
     0.430395702918   17.188614065109   14.837568052865  276.393122679699
     0.431352942566   17.158435581042   14.830123961229  276.074694774276
     0.432356314246   17.182776077841   14.844595561870  276.641589963644
     0.433357170240   17.177712103111   14.851796798513  276.891408211314
     0.434363979235   17.173312524879   14.859685969851  277.779629143216
     0.435370788231   17.213165913276   14.877938644716  278.911697184878
     0.436371821290   17.195608756247   14.874214039774  278.815111094101
     0.437375192970   17.201654132315   14.891532909990  279.361818139981
     0.438378564650   17.160929519367   14.873800345131  278.669244579383
     0.439381936329   17.190550741718   14.895860324297  279.464192145009
     0.440387016603   17.117129475770   14.882986229659  278.857511173545
     0.441390388283   17.132321800963   14.902582717365  279.706017650279
     0.442393759962   17.065380827788   14.892286968546  279.065856667617
     0.443108806447   17.045566483423   14.891939113612  279.078426751195
     0.444112178126   17.062973196935   14.910431515392  279.666672374612
     0.445115549806   16.990738544379   14.899666756932  279.083273192987
     0.446120249917   17.041275605859   14.918286805844  279.857487948075
     0.447123843714   17.032333056433   14.927779666965  280.507287886883
     0.448130598320   17.019578568326   14.913635745316  279.807849185043
     0.449135470213   17.063453586449   14.942389475134  281.698043760324
     0.450140342106   17.104002874583   14.953521595371  281.790708579644
     0.451145214000   17.133901419462   14.966607384571  282.616720179610
     0.452150085893   17.047018700613   14.949894277913  281.961931244588
     0.453152303520   17.087184994892   14.960407972021  282.312040397143
     0.453636689848   17.112804174948   14.967001665265  282.312232163245
     0.453648222856   17.113655902402   14.967148139217  282.308971189255
     0.454651594536   17.107571958237   14.963651215908  282.079782169441
     0.455654966216   17.078504764237   14.963664995693  282.085854337598
     0.456658337895   17.037092263691   14.968915425045  282.124341810144
     0.457661709575   17.023099594026   14.990748908934  282.906340341498
     0.458665081255   16.962910011907   15.005564387800  284.430670996753
     0.459668452934   17.009297332377   15.017541371084  284.852388187659
     0.460673533208   17.027035631967   15.011718668865  284.688894127902
     0.461676904888   17.047686967513   15.026846383081  285.494136649085
     0.462680276567   16.939989295865   15.013779156065  284.741697347729
     0.463683648247   16.958627627238   15.027059068060  285.064476908443
     0.464687019927   16.899206812593   15.016822847928  284.531397952465
     0.465159873247   16.866688399761   15.008055142078  284.309220554229
     0.466163244927   16.849782508961   15.016737349233  284.477437855388
     0.467166616606   16.872927190972   15.027924960681  284.859875869204
     0.468169988286   16.838043217265   15.013317967769  284.411631057241
     0.469171224223   16.857234769573   15.012843647154  284.167411089464
     0.470174595903   16.883865614582   15.033882777131  284.812707944983
     0.471177967583   16.961024834703   15.064095807868  287.114945552031
     0.472104621666   16.944876332084   15.060393683251  286.864833679661
     0.473110946658   16.942178525466   15.095615135829  288.027496801250
     0.474111217933   16.856381335424   15.078544675765  286.746685585084
     0.475115572479   16.728368268054   15.028964403832  284.765190443737
     0.476033678326   16.721605679985   15.049077099846  285.489049925754
     0.477042585849   16.736348644254   15.073895166188  286.887925549884
     0.478051493372   16.743517489947   15.078881725300  286.937481149335
     0.479060400896   16.704858123214   15.063249047988  286.269863695533
     0.480069308419   16.788414779505   15.089598782547  287.472052298140
     0.481078215943   16.703735876585   15.063036187239  286.497448525843
     0.482087123466   16.750873117309   15.087129003883  287.296595056992
     0.483096030990   16.702483551472   15.079870106084  286.683222839755
     0.484104938513   16.695740357961   15.091308236755  287.561425385606
     0.485087525694   16.800487958594   15.132023813447  290.166277848940
     0.486001567005   16.746180470542   15.122383977234  289.426969215865
     0.487007722229   16.751341945040   15.115363121564  288.353037576262
     0.488013877453   16.656233851263   15.082023179768  287.043710299240
     0.489020032677   16.653138879286   15.082418550996  286.995081662765
     0.490026187900   16.738593192983   15.115166896132  289.165837631929
     0.491032343124   16.786253510023   15.134633093662  289.843519575694
     0.492038498348   16.695121483449   15.119235119332  289.348799448121
     0.493044653571   16.753738200087   15.145103826037  290.401400160697
     0.494050808795   16.716993382998   15.134460577038  289.976912036059
     0.495056964019   16.712507108029   15.136637742205  290.009855060533
     0.496063119242   16.756025141459   15.143004682141  290.267804345730
     0.496541796618   16.751559452118   15.143375422103  290.197610260080
     0.497502880602   16.693132501840   15.142940862387  289.814261543802
     0.498463964587   16.672594012537   15.162801296173  290.245774532024
     0.499425048571   16.609504445108   15.165988180473  290.268665698769
     0.500001698962   16.566456937393   15.167725285858  290.454557127224
