# {0} signal over time, extracted at r = 500 km
# All quantities are measured in a resting observer's frame at infinity
# cols=4 rows=1009
#              time        luminosity               <e>             <e^2>
#               "s"           "foe/s"           "MeV^1"           "MeV^2"
  -3.7743020997e-04  1.1976273475e-06    7.270756999345   69.016952888545
  -3.6722285276e-04  1.1760702907e-06    4.383729528558   28.996089994549
  -3.2642043529e-04  1.4809633129e-06    3.556580929939   17.197220800099
  -3.2272155736e-04  1.5305206781e-06    3.540188303346   16.952118874972
  -3.0529914882e-04  1.8114382766e-06    3.486401548610   16.135623758158
  -2.9050307392e-04  2.1099241682e-06    3.460546758932   15.722239171468
  -2.7658928431e-04  2.4384556359e-06    3.445231654434   15.460372116733
  -2.6252861875e-04  2.8180722568e-06    3.439612820613   15.307949606828
  -2.5705361324e-04  2.9787258581e-06    3.438446533963   15.262527568948
  -2.4517921887e-04  3.3511733957e-06    3.436961474854   15.181317643867
  -2.3235109662e-04  3.7890625980e-06    3.436938467426   15.117350527677
  -2.2168613787e-04  4.1819416318e-06    3.437473675950   15.076762375107
  -2.1757996340e-04  4.3408922688e-06    3.437559898071   15.062398944322
  -2.0728007942e-04  4.7558725149e-06    3.438371066614   15.034428800173
  -1.9789857429e-04  5.1530773041e-06    3.439798766586   15.018432056230
  -1.9274841651e-04  5.3791110958e-06    3.440768808249   15.012386050789
  -1.8515688211e-04  5.7226613167e-06    3.442406937738   15.006521161737
  -1.7844994212e-04  6.0376623857e-06    3.443251764413   14.997625228125
  -1.7174895597e-04  6.3625145287e-06    3.443881757545   14.988018275884
  -1.6580748964e-04  6.6581103615e-06    3.444605580804   14.981619025631
  -1.5761301002e-04  7.0831580776e-06    3.445776768713   14.979364326816
  -1.4724337651e-04  7.6467930377e-06    3.449172005153   14.991705755050
  -1.3718804308e-04  8.2197467432e-06    3.451699552350   14.995995355104
  -1.3352762530e-04  8.4340052106e-06    3.452686376056   14.998274268999
  -1.2502393564e-04  8.9455010643e-06    3.454939926165   15.006150042348
  -1.1775281429e-04  9.4044941448e-06    3.456118470395   15.010680572629
  -1.1106667402e-04  9.8421123064e-06    3.457368626321   15.016403899528
  -1.0149770608e-04  1.0486977686e-05    3.460237612162   15.030466838172
  -9.6207841275e-05  1.0846735672e-05    3.462362199088   15.040706589412
  -8.9753307929e-05  1.1295264469e-05    3.464671616293   15.054129784450
  -8.2170844140e-05  1.1838961080e-05    3.466238820307   15.061223094442
  -7.7124834727e-05  1.2215133630e-05    3.466346362241   15.058797098861
  -7.5595858065e-05  1.2331201537e-05    3.466349359718   15.057698564055
  -6.8830044267e-05  1.2855689610e-05    3.466492894991   15.054128726942
  -6.6719833035e-05  1.3022719436e-05    3.466575791004   15.053391206129
  -6.1846246030e-05  1.3412832874e-05    3.466979229481   15.052344431135
  -5.8992185098e-05  1.3643216713e-05    3.467306998903   15.051909131431
  -5.4348169468e-05  1.4021933944e-05    3.468063252366   15.053777139125
  -4.8391468181e-05  1.4510795415e-05    3.470502833365   15.069684665395
  -4.0961894642e-05  1.5131681066e-05    3.473396758221   15.091156288711
  -3.3972207303e-05  1.5727185009e-05    3.476083338841   15.111013590509
  -2.7348975927e-05  1.6301356433e-05    3.478631449722   15.129893917558
  -2.1542753098e-05  1.6819107302e-05    3.479346973560   15.132884455421
  -1.6160506235e-05  1.7310856931e-05    3.480272124066   15.138585240233
  -1.1219752277e-05  1.7770369954e-05    3.481253086229   15.144948672201
  -6.4179562539e-06  1.8224160947e-05    3.482247158522   15.151661093888
  -1.7498742118e-06  1.8671716392e-05    3.483289795694   15.158924331513
   1.2608493509e-06  1.8963705685e-05    3.483952225651   15.163627151805
   5.0837580854e-06  1.9337790390e-05    3.484857495173   15.170105492860
   8.1721105565e-06  1.9642437425e-05    3.485694932469   15.176474661022
   1.2132693155e-05  2.0036466659e-05    3.486769738201   15.184755778222
   1.4143253707e-05  2.0237738121e-05    3.487332803424   15.189067681088
   1.4184692742e-05  1.9599961281e-05    3.497181160736   15.253473497215
   2.1759619959e-05  2.0300834017e-05    3.501552488694   15.289099225906
   3.8195396994e-05  2.1893145396e-05    3.504595868406   15.326620855241
   5.7406570179e-05  2.3837552294e-05    3.507080372024   15.360622570673
   7.4692262626e-05  2.5656123863e-05    3.507733676596   15.374390724118
   9.0427635940e-05  2.7360201727e-05    3.507919904757   15.383253080012
   1.0525829509e-04  2.9003446649e-05    3.507524780745   15.385674374238
   1.2043503731e-04  3.0718656337e-05    3.506659936383   15.383924115349
   1.3550088413e-04  3.2450206623e-05    3.505311063936   15.377715567693
   1.5096689806e-04  3.4252628670e-05    3.503522458787   15.367523307445
   1.6524222901e-04  3.5935531020e-05    3.501459061296   15.354253506935
   1.8082006680e-04  3.7789803441e-05    3.498835343883   15.336628321611
   1.9589990441e-04  3.9598724837e-05    3.496023706130   15.316801548822
   2.1122040122e-04  4.1448964053e-05    3.492798291668   15.293482154703
   2.2622673843e-04  4.3269598147e-05    3.489548198823   15.269464001144
   2.4200479946e-04  4.5189725935e-05    3.486159106105   15.244302724112
   2.5808764419e-04  4.7150253852e-05    3.482857309327   15.219795361653
   2.7382943249e-04  4.9068564395e-05    3.480123429090   15.199571435080
   2.9041085792e-04  5.1086645165e-05    3.477775881085   15.182334054008
   3.0805602498e-04  5.3229880999e-05    3.475863842515   15.168511937226
   3.2614790513e-04  5.5422104357e-05    3.474508970991   15.159057280224
   3.4398224205e-04  5.7577727382e-05    3.473747652428   15.154252921645
   3.6285024258e-04  5.9852502627e-05    3.473530878891   15.153843839792
   3.8298190262e-04  6.2273910148e-05    3.473925409770   15.158428264531
   4.0445060875e-04  6.4851216694e-05    3.475006260173   15.168677918621
   4.2695052063e-04  6.7549358848e-05    3.476810782969   15.184955360395
   4.4887360079e-04  7.0178394328e-05    3.479172675265   15.205873742462
   4.7214521621e-04  7.2972871087e-05    3.482271973325   15.233138515929
   4.9690466133e-04  7.5954727066e-05    3.486176842231   15.267453563604
   5.2318523920e-04  7.9135392526e-05    3.490942598893   15.309445191532
   5.5133779528e-04  8.2567828652e-05    3.496691990774   15.360381435220
   5.8153194352e-04  8.6287465290e-05    3.503535017989   15.421485230519
   6.1425880066e-04  9.0375712034e-05    3.511683330962   15.494983564948
   6.4958147380e-04  9.4869231594e-05    3.521281009083   15.582625275035
   6.8755576679e-04  9.9813230806e-05    3.532492000907   15.686470292251
   7.2800361464e-04  1.0523024554e-04    3.545445503962   15.808370643689
   7.7131218900e-04  1.1122778817e-04    3.560479703013   15.952321392816
   8.1801793106e-04  1.1795336393e-04    3.578056526513   16.123796771822
   8.6326004649e-04  1.2475023303e-04    3.596432387623   16.306469666933
   9.1319356009e-04  1.3260437718e-04    3.618214277836   16.527131995168
   9.6751186040e-04  1.4160141429e-04    3.643544516990   16.788888551146
   1.0231663154e-03  1.5134409436e-04    3.670930305486   17.077630685057
   1.0816730667e-03  1.6218897308e-04    3.700696954106   17.397906366331
   1.1445871853e-03  1.7458777833e-04    3.733047169941   17.753057265558
   1.2068778881e-03  1.8816388209e-04    3.765421143071   18.110637878508
   1.2796787774e-03  2.2134015978e-04    3.878028597195   19.045213574109
   1.3629516157e-03  3.6196778326e-04    4.272429134605   21.976069683387
   1.4530297543e-03  7.1139831554e-04    4.474505153073   23.443994359397
   1.5464894274e-03  1.4361814091e-03    4.547999826418   24.162683798295
   1.6425965203e-03  2.8381176664e-03    4.582032701346   24.603690562924
   1.7495138740e-03  5.7285716885e-03    4.616100238357   25.040401099173
   1.8630924812e-03    0.011398298533    4.670602339314   25.672339687832
   1.9791216018e-03    0.020959348581    4.759108704776   26.673839304138
   2.0938808518e-03    0.033652959904    4.907904077496   28.372288378534
   2.2364244359e-03    0.050810712432    5.182357041366   31.710809576647
   2.3789680200e-03    0.066855547468    5.509038284946   36.040957989110
   2.5528001450e-03    0.084783603022    5.928697457274   42.127322638538
   2.7237916789e-03    0.102220111998    6.329113577562   48.437958905325
   2.8947832127e-03    0.120778765426    6.698635624851   54.651685840747
   3.0657747465e-03    0.141357365404    7.035457247108   60.606709119588
   3.2367662804e-03    0.164861118221    7.346875914379   66.322744149260
   3.4681555680e-03    0.203386817053    7.742754733825   73.832427044372
   3.7202841263e-03    0.256866471023    8.147568595822   81.754584402568
   3.9724126847e-03    0.323791127233    8.515229183577   89.172721799320
   4.2245412430e-03    0.403933074598    8.833890993040   95.811628697225
   4.4766698014e-03    0.495779174883    9.098555700113  101.517830361277
   4.7287983598e-03    0.597967533448    9.309872827671  106.219464594399
   4.9809269181e-03    0.709604610656    9.472351086999  109.923724763924
   5.2330554765e-03    0.830966479508    9.594386691509  112.748480056880
   5.4851840349e-03    0.964671885062    9.688144156775  114.902063970522
   5.7388510795e-03    1.111576020815    9.761786690969  116.552456848070
   5.9320005443e-03    1.229276544948    9.801928061967  117.439010217073
   6.1829870181e-03    1.394505576539    9.849948876674  118.467071341359
   6.4347425662e-03    1.568852959706    9.888053067153  119.264485712080
   6.6864981144e-03    1.746840163826    9.906830326245  119.649498486077
   6.9379031040e-03    1.936310034139    9.926345992783  120.085214420199
   7.1895263250e-03    2.134776991708    9.942685580011  120.442624300629
   7.4411495461e-03    2.343434026655    9.960596976157  120.856753310824
   7.6918758168e-03    2.565099820450    9.985361275740  121.424213039242
   7.9422723166e-03    2.795114186262   10.008543208079  121.941591614532
   8.1940599102e-03    3.033706684587   10.028822156634  122.404460488395
   8.4458475038e-03    3.286921947299   10.057372148087  123.081696964292
   8.6976350975e-03    3.549128967301   10.085106045972  123.746033623310
   8.9494226911e-03    3.820234548369   10.103658318857  124.147148442786
   9.2032234087e-03    4.120706406369   10.138503711443  124.934003379038
   9.4551609462e-03    4.441317315089   10.186685965303  126.089592081332
   9.4952419180e-03    4.492932745627   10.193645137145  126.256213522078
   9.5009677711e-03    4.500307380913   10.194605488292  126.279086458642
   9.7529053086e-03    4.825472883387   10.228559400611  127.038465453186
     0.010004842846    5.160863406639   10.257398124798  127.611600351022
     0.010256780383    5.510899423045   10.292570497517  128.390874272095
     0.010508717921    5.868629596220   10.327878752397  129.219169129830
     0.010760655458    6.232925008202   10.356858170833  129.852888327915
     0.011012592996    6.598178186366   10.373832453075  130.133814270467
     0.011264530533    6.970709577192   10.389074093302  130.400599694590
     0.011516468071    7.367889555516   10.417890091960  131.059007588682
     0.011768405608    7.778448358594   10.449485914032  131.768756672131
     0.012020343146    8.178144116731   10.467799719733  132.094133389882
     0.012272280683    8.557691403976   10.472874459397  132.074729328249
     0.012524425263    8.933671217801   10.476730227606  132.055470838068
     0.012782709782    9.327555339532   10.484638941073  132.133129661426
     0.013040994300    9.732505226676   10.496679086698  132.308421105793
     0.013299278819   10.132272125967   10.506559990661  132.446119751920
     0.013557563337   10.501132716398   10.501865651649  132.170958237906
     0.013815847856   10.856239672905   10.490627179884  131.712983580921
     0.014074132374   11.238654069481   10.489638673785  131.598811772518
     0.014332416892   11.665939817611   10.501746683165  131.790913313817
     0.014590701411   12.138386442433   10.527001890023  132.296823529188
     0.014848985929   12.628073846753   10.557791766938  133.006469915192
     0.015107270448   13.125105093942   10.590169076630  133.749823542258
     0.015365554966   13.639328369503   10.623585466307  134.524354140441
     0.015623839485   14.183045343995   10.661807688902  135.468999939168
     0.015882124003   14.759646076037   10.707509803914  136.605363594281
     0.016140438897   15.347518937313   10.750262102532  137.663400827956
     0.016398774040   15.937044813610   10.786645339299  138.549520307929
     0.016657109183   16.541845395867   10.823943955516  139.440784199234
     0.016915444326   17.175440529285   10.865213448356  140.475441682302
     0.016941277840   17.240330411270   10.869425421950  140.584875817565
     0.017199612983   17.898477072620   10.910258085498  141.662520908758
     0.017457948126   18.571646623618   10.949824893110  142.711837851567
     0.017716283269   19.267352489895   10.992546880991  143.834716842486
     0.017974618412   19.971866620898   11.032669839322  144.862303630883
     0.018232953555   20.681735346318   11.067261032630  145.741014215921
     0.018491288698   21.398691991675   11.100069561346  146.566232196468
     0.018749623841   22.114809399312   11.132262270929  147.366331646218
     0.019007958984   22.836614651673   11.165814696266  148.220075618411
     0.019266294127   23.573262479606   11.203153526398  149.203659923523
     0.019524629270   24.301796976744   11.240625466087  150.204805411934
     0.019782964413   24.998490205111   11.271699082153  151.032754954646
     0.020041299556   25.684731897135   11.299316896387  151.777128338611
     0.020299634699   26.362956560989   11.326119934884  152.499700396783
     0.020557969842   27.000652125809   11.348798227427  153.086438711786
     0.020816304985   27.592469172153   11.367803662093  153.566604521678
     0.021074640128   28.149150905451   11.385145943968  154.018326824752
     0.021332975271   28.670724063373   11.400938567873  154.438548684980
     0.021591310414   29.171761903208   11.417304124296  154.881697295787
     0.021849645557   29.669305572431   11.436348651946  155.405857122787
     0.022107980700   30.143892100127   11.453002133805  155.862481344693
     0.022366315843   30.586018330635   11.464126306668  156.187917034160
     0.022624650986   31.013344223857   11.472861044776  156.460472037535
     0.022882986129   31.424456742738   11.478558832761  156.616348336087
     0.023141321272   31.811718953981   11.480354249638  156.619794851668
     0.023399656415   32.186065544192   11.480982419481  156.568716884732
     0.023657991559   32.568794791049   11.484302282169  156.609665819642
     0.023916326702   32.971780894036   11.491805195564  156.805014847295
     0.024174661845   33.380856370677   11.500957286253  157.067120832937
     0.024432996988   33.774288301220   11.508853224326  157.294096895808
     0.024691332131   34.150849407301   11.515497035176  157.483083324639
     0.024945007774   34.531028496746   11.523961273995  157.728973055526
     0.025011509737   34.636457739620   11.526935696878  157.816521281014
     0.025023532920   34.655820104602   11.527508054103  157.833422348163
     0.026033480262   36.391716832354   11.574205105245  159.262929722744
     0.027043427605   37.532481634637   11.548570239256  158.097013466199
     0.028053374947   38.562070948442   11.551584342428  158.138170126472
     0.029063334763   39.146411322044   11.538643664446  157.809729820155
     0.030080554644   39.739842284748   11.532668649774  157.632003646151
     0.031097774524   40.218119546167   11.513380773393  157.221454056667
     0.032114994405   40.627721511041   11.504445210385  157.027805416918
     0.033132214285   41.420424110415   11.505789581705  156.974560264610
     0.034149434166   42.373659486324   11.527704970878  157.636222281070
     0.035166654046   43.314466245141   11.559392459273  158.620745717316
     0.036183873926   44.208319438029   11.570310009163  158.871886195129
     0.037190301055   45.245890895871   11.610818161299  160.085049449032
     0.038197590273   45.991411156266   11.630470888975  160.627364208020
     0.039204877183   46.970817590883   11.650150133807  161.374548742552
     0.040212164017   47.673646069312   11.677003582221  162.178697945079
     0.041219450850   48.457001267341   11.702824962075  162.867100708499
     0.042226737684   49.357990917928   11.735714332676  163.829084525712
     0.043234024517   50.046199052394   11.771395188914  164.855207159018
     0.044250197262   50.328377235659   11.765976493121  164.712382631581
     0.045043410012   50.747950463661   11.786807868960  165.354124074211
     0.046066926012   51.217665822419   11.792416685723  165.541829980167
     0.047084978840   51.787352314324   11.821056181886  166.318870427095
     0.048119978840   52.538692360725   11.827857724479  166.601227184476
     0.049154978840   53.490470065462   11.880443377551  168.047369914988
     0.050190272788   54.443772074326   11.921723583316  169.135249546294
     0.051210729929   55.276694155081   11.936754654435  169.763247541632
     0.052262133718   56.178550526040   12.001150021685  171.369285519574
     0.053263850641   56.885394641011   12.011498415708  172.011181593175
     0.054265578257   57.501961899025   12.052475285837  173.107835737594
     0.055304360291   58.332527638770   12.094815246486  174.327391038305
     0.056322394647   58.947652703534   12.110418170862  174.883451699982
     0.057344322309   59.361996025441   12.131964490203  175.415416932619
     0.058370718067   59.897298305898   12.159586419714  176.312512277349
     0.059390677144   60.144080954877   12.189894595654  177.184216617712
     0.060433329960   60.275020454141   12.207132023243  177.704686680669
     0.061469101608   60.692464999360   12.231247663206  178.551188475941
     0.062478389304   61.300157341921   12.259150778377  179.444316110110
     0.063536948099   61.890588317371   12.294729145756  180.429150071043
     0.064567151298   62.327999071645   12.319679054163  181.278896706908
     0.065045130117   62.512984235482   12.336235899872  181.744350414369
     0.066045519795   62.940034042667   12.359088669300  182.524466165814
     0.067095279795   63.353636089574   12.395065084280  183.462740389526
     0.068127156858   63.966916300693   12.427106178039  184.564917423385
     0.069151759682   64.556858799550   12.484137276933  186.115027510239
     0.070158481095   64.517078855624   12.482030508874  186.173498746875
     0.071167138086   64.473106071507   12.504296056054  186.705521337090
     0.072212266968   65.068583856979   12.536462776618  188.047085943664
     0.073247540070   65.227150111477   12.572481644702  188.957375470038
     0.074283192080   65.387133568295   12.582309178271  189.114030238271
     0.075283824046   66.020062567381   12.619773095730  190.364646711863
     0.076339093931   66.030809730692   12.627606490965  190.707620837159
     0.077386953020   66.081564078947   12.623674974565  190.957126177953
     0.078425584512   66.750948712060   12.688373226600  192.867887724789
     0.079469796466   67.250999149331   12.742734286139  194.123655649699
     0.080485477203   67.926733952417   12.744264647627  194.535708142397
     0.081489046772   68.645024369578   12.821370078675  196.570364268178
     0.082526759615   69.229739517930   12.870150640777  198.224124530362
     0.083564113900   69.840798981322   12.901629768564  199.574836140640
     0.084565807710   69.786235555650   12.932241837908  200.404812577035
     0.085080931173   69.650773273687   12.936714349702  200.591753206564
     0.086101618871   69.715154651489   12.964540143058  201.549818215019
     0.087108830689   69.820151948094   13.004727905680  202.695722795968
     0.088133040940   69.576322949252   13.001529033861  202.753566508129
     0.089154130051   69.879152243330   13.029386681715  203.841736602844
     0.089987035554   69.775150312373   13.060285104308  204.576979898917
     0.090028360407   69.730820581674   13.058481530612  204.540020945390
     0.091057937799   69.408215527407   13.068734433245  204.612528366364
     0.092081286363   69.870024312753   13.074163504466  205.045899573102
     0.093109036335   70.821828554180   13.131204595563  207.257796497827
     0.094114448835   71.390412662986   13.177295267123  208.622828566867
     0.095115185689   71.455690591683   13.222065193269  210.148706432577
     0.096130223348   71.672473493987   13.244111444365  211.199635911688
     0.097163344652   71.653348285304   13.289614084450  212.345421025106
     0.098192399424   71.766719010527   13.308640727124  213.146597406262
     0.099221553911   71.817449292242   13.361388653478  214.563063114915
     0.100250708397   71.590069132109   13.359214253860  215.199911383135
     0.101263835496   71.790921648840   13.396578499971  216.431340142916
     0.102268029404   72.114092941720   13.453107314230  217.989121545049
     0.103272223311   71.932202429669   13.450027078930  217.972225947745
     0.104295746052   72.222338834304   13.490997407404  219.817003542066
     0.105312982780   72.457777611390   13.562427881680  221.814241913669
     0.106318203375   72.368886815929   13.585919121760  222.427560867496
     0.107322913049   72.686277152217   13.634072584428  224.019251264562
     0.108350952714   72.385990026548   13.653899324278  224.952179444058
     0.109372703226   72.364574635542   13.639903740451  225.168926300466
     0.109995126441   72.568962269923   13.673161012477  226.250941042455
     0.111007589784   72.411152740385   13.703699854974  226.913565257768
     0.112009375304   72.567652346016   13.773665377301  229.051032797544
     0.113030358199   72.787629099640   13.803787987926  230.256915080053
     0.114031905524   72.607891894372   13.809633913862  230.573951922730
     0.115055682775   72.921398887670   13.878847421394  232.891696154550
     0.116058128011   72.744081268475   13.868364308484  233.212423894388
     0.117059561953   73.091880103402   13.961844342653  235.517775976651
     0.118073979360   72.949867751923   13.978774502671  236.321396347715
     0.119086996407   72.575539590584   14.014559758614  237.961976584246
     0.120091656825   72.278775351960   13.999283209591  238.178153251575
     0.121094885750   71.980808371602   14.063447129469  239.673535738992
     0.122098086139   71.706857239161   14.072424261449  239.894299158277
     0.123119510405   71.420261852063   14.077088700096  240.152218904041
     0.124123984275   71.747100322761   14.123695699266  242.237241997578
     0.125132580459   72.025558066023   14.200412215341  244.320866684553
     0.126147835369   72.360296315045   14.252976370739  246.903729171111
     0.127163139835   72.105540957489   14.293323060704  248.351995122459
     0.128166581222   71.498120167046   14.307848375430  249.049707304373
     0.129170234101   70.539676571805   14.301331725928  248.943549651605
     0.129995210593   69.971357089933   14.286171460014  248.466637081574
     0.131006530340   69.860227138864   14.314167762025  248.899757970559
     0.132015529190   70.398176601103   14.373809561132  251.138649169710
     0.133020588139   71.169523197586   14.444542597492  254.004361174575
     0.134031476486   71.672659132027   14.524272133175  256.906112372071
     0.135040322181   71.751729467578   14.563073001166  258.715469606795
     0.136056023161   71.843945606741   14.604929058485  259.953925671824
     0.137056956560   71.957658344424   14.624032375308  261.232770069645
     0.138066521674   72.034790634385   14.697907391593  263.583216790551
     0.139070670036   71.881517477075   14.690164044647  263.849505826919
     0.140073271236   72.040108162417   14.761609770307  266.415420280796
     0.141082536386   72.116610489120   14.783361043002  267.124157907453
     0.142083514711   72.465210282020   14.856710041020  270.068890187983
     0.143088883066   72.543190788937   14.908379871783  272.015365039416
     0.144092987746   72.188791317517   14.927552007198  272.973033324004
     0.145097365281   71.782056890523   14.912899084719  272.474001717273
     0.146099322013   72.058660221702   14.975218267642  275.083454161723
     0.147108856604   72.133953844627   15.027296024005  276.575706039376
     0.148112655432   72.348246453413   15.046128507560  277.663215316294
     0.149118271651   72.615497782149   15.106330994719  280.129990805048
     0.149997904433   72.794599371388   15.175319143362  282.689928461361
     0.150999033583   72.928050365835   15.188845706332  283.332713458787
     0.152001004446   73.360222004436   15.261185294214  286.357562190560
     0.153010449177   72.888391113884   15.257922404205  285.877469102724
     0.154013455298   72.620373345561   15.286603284547  288.013272081423
     0.155018037326   72.498443618426   15.308187651124  288.516274436071
     0.156019787206   73.045497934629   15.396050242786  291.764136891283
     0.157026500505   73.159362624828   15.409169248805  292.633668700772
     0.158033213804   73.364121958765   15.461995299464  294.488171381026
     0.159035768755   73.575168795312   15.501137329838  296.575378413656
     0.160036444177   73.955428694041   15.562065953571  298.858947416014
     0.161037119599   74.590256900447   15.626310367319  301.983000987861
     0.162037795021   74.321012269598   15.640510751230  302.140859157138
     0.163038470443   73.857050340743   15.644013000073  302.198713920082
     0.164039062073   73.379691605052   15.654559979610  302.337584352508
     0.165043244278   73.511336199316   15.715183600356  305.764102179040
     0.166049041197   73.677125459128   15.742931507893  306.505273711754
     0.167051193078   74.331490913210   15.814635678782  309.194496168617
     0.168053344960   74.450431764875   15.857650456377  310.643296160121
     0.169055496841   74.537764638525   15.899931869703  313.492045934139
     0.170001021265   74.525272860330   15.918905556766  313.481043106779
     0.170137330846   74.431816294140   15.918860195423  313.358225210937
     0.171138682000   74.484529398867   15.981460754479  317.533137342539
     0.172140033154   74.353086684715   15.985717222908  316.561185132639
     0.173143210764   74.511948957038   16.025523435491  318.575026956127
     0.174147881819   75.240571776195   16.102379847908  321.822252776900
     0.175148146175   75.785900272155   16.160613889851  324.491845388803
     0.176151751663   76.049150799501   16.211562424324  326.865937618618
     0.177155357150   76.095505000270   16.239294537150  327.425726405433
     0.178156124619   75.612912283622   16.227723364477  326.817593627285
     0.178380071340   75.514585066283   16.231643688462  326.953091747867
     0.178384218501   75.511794420199   16.231702557983  326.951632239635
     0.179385836153   75.672471796034   16.297240288243  330.684357271319
     0.180388042264   75.537724356942   16.299959404520  330.303363990823
     0.181388432690   76.090093915297   16.363910668945  332.770692286017
     0.182388692471   76.553748280859   16.433587205569  337.003493118667
     0.183389605833   76.413611526691   16.441581680139  336.989896403241
     0.184390884963   76.944581574809   16.520740171510  340.677856282524
     0.185392603758   76.336329645453   16.491473786972  337.903091999878
     0.186393505461   76.515663411364   16.539345694262  340.954069195131
     0.187393927405   76.860004959104   16.593233084316  343.960804121590
     0.188394349349   76.992819706643   16.623970708546  344.633356849661
     0.188573118906   76.769542160139   16.622321913013  344.174710124433
     0.188576556782   76.765126161014   16.621827201731  344.148197821921
     0.189578919965   76.938958593052   16.675509204369  347.631919892480
     0.190579093218   75.909097922636   16.595932428308  341.465796900496
     0.191580795100   75.780066880645   16.570110232823  339.974092802197
     0.192582496982   76.577451115756   16.669743564345  345.266801667529
     0.193584198864   76.906811610028   16.702529964363  346.543346032227
     0.194585900746   76.742909023564   16.710887792023  346.938350699012
     0.195589220608   76.954113066963   16.741800252780  348.149550953036
     0.196589865280   77.202151073629   16.756318774796  347.845834738145
     0.197591443354   77.573304439239   16.831458284558  352.210633033599
     0.198593021429   78.001410954387   16.866637686805  353.762254367452
     0.199594599503   78.075769376071   16.894784467969  354.843366590882
     0.200595820552   77.706708280247   16.890220503677  354.037440419855
     0.201596757810   77.468275497400   16.893010809828  354.272650611117
     0.202597695067   78.324775290417   16.998458408067  359.597465996749
     0.203598632324   78.090226425627   17.004419376142  359.991446898061
     0.204599361702   77.771587869001   17.012602305899  360.376232493752
     0.204631025528   77.778353924681   17.013196190640  360.392213600186
     0.205631074703   78.427852170243   17.058413008402  361.751373925485
     0.206631123878   79.153023903473   17.140863438993  366.011546375119
     0.207631173054   79.034127760829   17.162248492932  367.125607634586
     0.208632770267   78.577410721375   17.156496099878  366.380758201762
     0.209633717042   78.932137803366   17.212039590488  369.207362148741
     0.210637052091   79.738987089301   17.273826804590  371.600176336297
     0.211637171964   79.139198716195   17.264572090048  370.789239667423
     0.212638962722   79.268499844580   17.309589799883  373.773483801970
     0.213639067534   80.059834825866   17.373444359299  376.667437316549
     0.214440626594   79.885682087924   17.376088142590  376.002108558551
     0.214442637855   79.885983128147   17.376124068873  376.002341189316
     0.215444245704   80.062537659264   17.422059503648  378.991617289851
     0.216445853554   80.486607206964   17.468997288377  381.005970160123
     0.217447461403   80.647035701205   17.496269273592  382.342644167232
     0.218449021773   80.299363763982   17.494570671625  381.878774499649
     0.219361620931   80.068940002689   17.501408037158  381.675569169002
     0.220243006800   80.805554323771   17.573936045140  385.946180432481
     0.221124392669   80.865207103559   17.601564672703  387.370457682110
     0.222125924033   80.903306831495   17.615697040888  386.888448709832
     0.223036380344   80.824657165716   17.621677325280  387.634125525152
     0.223902507928   80.997477299859   17.671583292840  390.687097508273
     0.224165810714   81.193345172376   17.683198754918  391.160355201663
     0.225031938298   81.229859946603   17.710360237384  392.628781945634
     0.226032892932   81.599457406738   17.736325124736  393.015047492913
     0.226868723064   81.505261522639   17.751895701786  393.324493532507
     0.227634034285   81.589716464289   17.778754004442  395.542966993269
     0.228399345506   82.024631565269   17.827821404392  397.921109742927
     0.229164656490   81.827458858830   17.836489884775  398.501367887775
     0.229940659053   81.677761993159   17.837643848784  398.317362373620
     0.230593829263   81.726569095413   17.838923004150  397.987758348738
     0.230595494327   81.727281610904   17.838966346814  397.987815338143
     0.231347171254   81.815494929677   17.855356053313  398.032400212879
     0.232096002354   82.214753373102   17.897162951984  401.001542133435
     0.232844833454   82.292433041308   17.931130178349  402.727193375739
     0.233593664554   82.342698795930   17.944905973657  403.156414860325
     0.234319839673   82.228459575817   17.952120006238  403.175673910353
     0.234993150836   82.414640213254   17.968083771808  403.348097270753
     0.235666461999   82.702142721577   18.007537218280  406.010622072972
     0.236339773163   83.188225538798   18.049593322658  407.981078322192
     0.237013084326   82.716689404819   18.038200019773  407.466449655207
     0.237685048867   82.953098703551   18.059995763347  408.489496578687
     0.238358360031   82.633198093795   18.065415319858  408.935599972770
     0.239140760488   82.579112687081   18.069535798283  408.227174810287
     0.239937930853   82.419854042152   18.082018552205  408.897854301682
     0.240599175354   82.505926382211   18.104308055748  410.712156426391
     0.241260419854   82.670588690162   18.131714897875  412.189516343625
     0.241921664355   82.651285488350   18.145869450916  412.704842273920
     0.242570868630   83.007959269949   18.162855806234  412.809955860850
     0.243123860110   83.168002115473   18.186847751093  413.800728845080
     0.243125646760   83.167742662213   18.186893245870  413.804452289885
     0.244018971930   83.686563359441   18.234674276721  416.902071029720
     0.244853753532   83.088328629194   18.234636646472  417.055038991730
     0.245435653281   82.643010342059   18.216102385920  415.687425897243
     0.246017553031   82.387952103267   18.210662568068  415.584285598460
     0.246599452781   82.707293328527   18.236892209511  416.766462450885
     0.247253634619   83.151639773574   18.273683283411  417.886221728388
     0.247823842196   83.240554298680   18.292732039075  418.878239324189
     0.248394049772   83.084262626296   18.297939942373  419.540179487100
     0.248964257349   83.498913486242   18.325494560105  421.162186196124
     0.249533324510   83.741591061969   18.352889977075  422.065228353436
     0.250103532087   83.820065271538   18.357748523370  421.893631487133
     0.250673739663   83.979090108670   18.380299341563  423.120679107579
     0.251243947240   83.907683478696   18.391402897415  423.880825914281
     0.251814154817   83.920049285781   18.403182182441  424.397898963834
     0.252373939242   83.622015773790   18.401177441200  424.239328944071
     0.252886876755   83.451895834736   18.394523944894  423.786507750010
     0.253399814268   83.468050860032   18.401284346711  424.288957105674
     0.253768103402   83.664933199858   18.417158702352  425.386399982374
     0.253769129277   83.665643239032   18.417220961491  425.390269442966
     0.254282066790   83.929661499568   18.440514441641  426.403991883906
     0.254795004303   84.136426469003   18.457925740568  426.764272080961
     0.255307941816   84.286042577863   18.470249654044  427.256177941407
     0.255820879329   84.317651525061   18.487530177690  428.323695852304
     0.256333816843   84.201948615829   18.486780520103  428.371846101684
     0.256846754356   84.274980915759   18.498726572184  429.056212498317
     0.257359691869   84.194643301521   18.509183109525  429.657845638238
     0.257872629382   84.104905856214   18.508298986472  429.483667502240
     0.258385566895   84.038839187482   18.511863485581  429.599888437143
     0.258897478533   84.011574216751   18.516703346933  429.966303509451
     0.259410416046   84.073644296235   18.528749371328  430.652292214130
     0.259923353559   84.087427369070   18.536771630645  431.125282439263
     0.260436291072   84.402829484072   18.561421788584  432.158266725946
     0.260949228585   84.309751839987   18.567082237442  432.066338897931
     0.261462166098   84.380604898096   18.568822696381  431.889325387831
     0.261951769304   84.496998392853   18.585698655309  433.093719638657
     0.262413082243   84.525392815878   18.600435118490  433.985275724798
     0.262582845405   84.499149415469   18.601040874666  434.063490498307
     0.262583768031   84.499024986526   18.601047622000  434.064212570482
     0.263045080970   84.561124644500   18.613139403811  434.876894439242
     0.263506393909   84.635560102018   18.625508453588  435.458593419712
     0.263967706849   84.705225037489   18.631344640811  435.489946068902
     0.264429019788   84.828056157097   18.647942025228  436.293022914315
     0.264890332727   84.774752580152   18.650327788364  436.233492760384
     0.265351645667   84.787797001273   18.654712501821  436.092427328975
     0.265812958606   84.681292805042   18.655931549593  435.996724258630
     0.266274271545   84.543283244841   18.651077091567  435.778925374013
     0.266735584484   84.683824240278   18.668909076347  436.880628656393
     0.267195974798   84.569377889163   18.675397031063  437.251333172231
     0.267657287737   84.521801493517   18.672136241809  437.134154129163
     0.268118600676   84.759610290874   18.697607843362  438.713546216870
     0.268506103545   84.668310129781   18.704602157887  439.056554457064
     0.268507026171   84.652492923470   18.704605864273  439.055435150903
     0.269126984816   84.525233541107   18.697329295054  438.590931396124
     0.269765363266   84.438152440163   18.704225970667  438.913562067167
     0.270403741715   83.274316995206   18.616041490996  433.730781334872
     0.271042120165   82.498782055950   18.524380285828  428.353319635721
     0.271680498614   82.504060863664   18.528620351304  428.402999358751
     0.272318877064   82.460658130835   18.528295978027  428.449985358078
     0.272957255514   82.490807426762   18.540181362152  428.953829800662
     0.273595633963   82.319927172838   18.529833352424  428.371471619007
     0.274234012413   82.464667048641   18.550216223987  429.258300968301
     0.274871114106   82.217280062895   18.539678730710  428.796015565953
     0.275509492556   82.200048090927   18.552139314229  429.406910287452
     0.276147871005   82.012930935362   18.543953845519  428.952025473755
     0.276786249455   81.977872571017   18.559001903805  429.709710510517
     0.277424627904   81.783730298885   18.558070079838  429.630273113343
     0.278063006354   81.480646991647   18.560790786039  429.904195445379
     0.278701384804   81.415056153346   18.561036079951  429.616045585783
     0.279339763253   81.183728157770   18.560893163500  429.629584024024
     0.279978141703   81.246022256380   18.573187808477  430.009471873517
     0.280063684415   81.247042216399   18.575482211922  430.114505028521
     0.280064961172   81.246894225497   18.575506622207  430.115710969390
     0.280703339622   80.935449850464   18.561981921717  429.446651732420
     0.281341718072   81.168847407181   18.589021538458  430.785872357290
     0.281980096521   81.065843696374   18.593133087776  431.063908598580
     0.282618474971   80.942713253360   18.609008886671  431.990973141771
     0.283256853421   80.762979005773   18.599257668295  431.276742573088
     0.283895231870   80.579590940870   18.610290390211  431.990701734756
     0.284482773373   80.636279373025   18.617347885073  432.161580294105
     0.284999739768   80.373228660923   18.621783441524  432.561331778713
     0.285516706164   80.273844883573   18.612339032517  431.912651956896
     0.286032638626   80.505804092819   18.641497157949  433.531861696786
     0.286549605021   80.879151805321   18.667068852282  434.774720317312
     0.287066571417   81.356101224437   18.712189073012  437.021296189797
     0.287583537812   81.364334476984   18.715093570426  437.085137966575
     0.288100504207   81.438424329320   18.727823888918  437.519789532909
     0.288617470602   81.262602493755   18.720913449557  437.161323187194
     0.289134436998   81.360568427843   18.739730057450  438.009341938301
     0.289651403393   80.925745122460   18.725142700072  437.397507368538
     0.290168369788   80.983558016627   18.737039898476  437.874903977988
     0.290487855020   80.805362115713   18.736510572848  437.899063463013
     0.290488888953   80.804284848414   18.736470543002  437.897380922167
     0.291005855348   80.498521871293   18.724006759391  437.301886642157
     0.291522821744   80.529838138088   18.739867290931  438.048527937653
     0.292039788139   80.234632919888   18.729331325084  437.565682555142
     0.292556754534   80.290871705654   18.740289361383  437.956434105105
     0.293073720929   80.164232563851   18.732135489322  437.440914525708
     0.293590687325   80.444378503703   18.754112085148  438.328920374551
     0.294107653720   80.376267013400   18.757918406290  438.675643448668
     0.294624620115   80.849017267352   18.804275129179  441.234181057502
     0.295141586510   80.570097657306   18.804916062263  441.373988720228
     0.295657518973   80.476751341835   18.806501203678  441.277164650357
     0.296147985511   80.086407139761   18.792936257876  440.548410797962
     0.296612991402   80.024418641101   18.790945527480  440.308830740506
     0.297077997293   80.008010029986   18.801532438723  440.890729921549
     0.297543003184   80.122483587400   18.811538813678  441.442103335350
     0.298008009075   80.616201390100   18.860577555269  444.036282813916
     0.298473014966   80.845932639432   18.880782545522  445.029076698849
     0.298938020857   81.089834549669   18.897632043365  445.552551581642
     0.299403026749   80.956398025864   18.884495946263  444.734247913218
     0.299671800154   81.137911864630   18.890413041806  444.839482895070
     0.299672730165   81.138956993688   18.890475543665  444.842086499550
     0.300137736056   81.479870092530   18.928950662545  446.869475836870
     0.300602741947   81.060795414587   18.910868121556  445.978428472914
     0.301067747839   81.022126152653   18.915845127164  446.108640163047
     0.301532753730   80.632155240565   18.905950276569  445.811152909901
     0.301997759621   80.528271694137   18.905181022606  445.708593482370
     0.302462765512   80.359709347444   18.904357572481  445.665479414146
     0.302927771403   80.357143129205   18.902640925683  445.404040322834
     0.303387003175   80.521655301997   18.926958206029  446.587522168741
     0.303805443588   80.253662987018   18.913206428430  445.922860247090
     0.304223047121   80.532100851925   18.938953800831  447.270816785946
     0.304641487534   80.561635938626   18.956148058382  448.341107874754
     0.305059927948   80.644157015337   18.966960001154  448.960798219469
     0.305478368361   80.903431344757   18.999627921281  450.688778007168
     0.305896808774   80.739246810034   18.992116514113  450.360914910122
     0.306315249188   80.963176104216   19.013258737719  451.454690890639
     0.306733689601   80.936954864172   19.022627271192  452.120470831009
     0.307152130015   81.077910681827   19.030111218766  452.315577845890
     0.307556343454   81.142307299929   19.041006832810  452.682352713734
     0.307557180335   81.141909778562   19.040993918655  452.681716450141
     0.307975620748   80.998144052322   19.033549506359  452.340245138197
     0.308394061162   81.179531119127   19.052134363416  453.154439249571
     0.308812501575   80.908335591674   19.042999256859  452.724980299285
     0.309230941989   80.936389564049   19.044418577174  452.672601341264
     0.309649382402   81.025017762704   19.057954573750  453.207800930625
     0.310033091306   80.798682687296   19.044639087774  452.537439146394
     0.310409585451   80.995288433699   19.052108623006  452.549320739887
     0.310786079597   81.120234976814   19.059974707555  452.732506899025
     0.311162573742   81.405640287185   19.074833083779  453.470293620540
     0.311538314899   81.901588552614   19.124288154322  456.265523928461
     0.311914809045   82.037265317509   19.147652749783  457.722764481935
     0.312291303191   82.160723021117   19.153679896217  457.985986115453
     0.312667797336   82.314721704676   19.173723182647  459.003191167544
     0.313044291482   82.172715893157   19.164544805078  458.514178582048
     0.313420785627   82.395694411752   19.171499573151  458.619525618107
     0.313797279773   82.474617514710   19.181587366422  459.022503034862
     0.314173773918   82.208862188763   19.165738698696  458.270049433129
     0.314550268064   82.339724554273   19.174337912096  458.584351914300
     0.314867276134   82.310051775312   19.179449764285  458.838104939387
     0.314868029123   82.309536243407   19.179434905648  458.837588890774
     0.315244523268   82.016948819501   19.167965499082  458.444436549528
     0.315621017414   81.872746278498   19.166440787472  458.435800658210
     0.315997511559   81.617415135723   19.152099393249  457.544557057881
     0.316374005705   81.382314772874   19.121341981574  455.630540929337
     0.316750499850   81.639564941765   19.142946616330  456.784353421467
     0.317126993996   81.739867627131   19.150796821113  457.165581045491
     0.317503488141   81.951436470128   19.158137427887  457.427672315837
     0.317879982287   82.322685477756   19.180720688111  458.329304357113
     0.318256476432   82.264545291259   19.179324281454  458.252078901822
     0.318632217589   82.199199770389   19.171614835369  457.732067623747
     0.319008711735   82.416987037605   19.188481058053  458.454384371192
     0.319385205881   82.308745944969   19.185459826865  458.305121137145
     0.319761700026   82.223692119083   19.181272283504  458.005013078659
     0.320138194172   82.296336671030   19.189819201560  458.390040270111
     0.320514688317   82.267597287108   19.188780156701  458.297367872212
     0.320891182463   82.322992484476   19.197443152150  458.679481698104
     0.321267676608   82.343901966328   19.206986960375  459.222246766869
     0.321644170754   82.149976137122   19.195504986047  458.600150087023
     0.321961178824   82.189908082687   19.201833494347  458.896682383907
     0.321961931813   82.190264817713   19.201868713435  458.898474163982
     0.322338425958   82.319103738755   19.215435141869  459.579239858953
     0.322680418154   82.308287663730   19.218790232150  459.715990967010
     0.323019163996   82.260759718113   19.222306369059  459.999236983468
     0.323357909838   82.439676922104   19.243111454949  461.310022132539
     0.323696655680   82.578941357066   19.256653904162  461.972782711827
     0.324035401522   82.572027167851   19.263577358288  462.438653624150
     0.324374147364   82.752960138945   19.279006854370  463.271259312411
     0.324712893206   82.823081054052   19.285279085057  463.460921030739
     0.325051639048   82.688578369610   19.279795486280  463.182857018583
     0.325389707398   82.735865015999   19.281850001800  463.251998291173
     0.325728453240   82.815986313363   19.285913301206  463.305202750252
     0.326067199082   82.697830818190   19.277670438068  462.810401960209
     0.326405944924   82.821675977803   19.282678516552  463.086689372982
     0.326744690766   83.090119755422   19.299034474359  463.777446661119
     0.327083436608   83.070736178426   19.301505221649  463.847215033341
     0.327422182450   83.039409671148   19.299971301971  463.769187368054
     0.327760928292   83.180340936231   19.311804458300  464.304443109431
     0.328099674134   83.036433685075   19.310684983277  464.298416538741
     0.328175553203   82.979512454209   19.307993223668  464.182278793381
     0.328176230695   82.979023205740   19.307967579927  464.181136429564
     0.328514976537   82.890308964197   19.299761243023  463.727399678500
     0.328853722379   83.063913063522   19.308988127642  464.000073141706
     0.329192468221   83.052186304320   19.311059913596  464.019163972778
     0.329531214063   83.035190246059   19.307142289084  463.750527643379
     0.329869959904   83.266669263985   19.323093511078  464.481774615256
     0.330208705746   83.363562384847   19.337625747528  465.227869435244
     0.330547451588   83.218671429418   19.330633685666  464.867557963576
     0.330886197430   83.231498238792   19.334088764904  465.024595394002
     0.331224943272   83.265984005271   19.343440366215  465.481379681044
     0.331563011623   83.022235993206   19.328873286984  464.720627419724
     0.331901757465   83.062649066815   19.330161820196  464.757883511086
     0.332240503307   83.223369654112   19.346448120688  465.614991842759
     0.332579249149   83.173739736216   19.345900047243  465.598023797497
     0.332917994991   83.269781472141   19.353478388051  466.061393413839
     0.333256740833   83.484997494604   19.375180396783  467.237208848675
     0.333595486675   83.423456156550   19.376945420692  467.275779634203
     0.333934232517   83.229841601149   19.364979967649  466.561442480074
     0.334272978359   83.135551533312   19.361516559328  466.338190131168
     0.334331242643   83.117002280990   19.360880315661  466.294629658457
     0.334331920135   83.116767601208   19.360871272149  466.294030408355
     0.334670665977   82.961962648370   19.351943573179  465.775873217421
     0.335009411819   82.946313746664   19.352408767545  465.873434877232
     0.335348157661   83.178269841933   19.374591093648  467.088830100443
     0.335686903503   83.211152998172   19.385229344049  467.652524389598
     0.336025649345   83.072702981344   19.381784155053  467.548944862410
     0.336364395187   83.090751969176   19.387731806077  467.859398614642
     0.336703141029   82.985830968843   19.387991189287  467.791506677670
     0.337041886871   82.682445003628   19.367491242659  466.643356380466
     0.337380632713   82.729127150110   19.370645717529  466.802296355475
     0.337718701063   82.892339103699   19.388798210866  467.682772479803
     0.338057446905   82.769369062066   19.389183339648  467.788806289975
     0.338396192747   82.669294171090   19.388053129073  467.765364057915
     0.338572340585   82.657346855380   19.390108953269  467.841903980461
     0.338573018077   82.602449897471   19.388063735176  467.742732142140
     0.338911763919   82.482580351091   19.385614880132  467.592231830050
     0.339250509761   82.372341869059   19.379701721155  467.262503550491
     0.339589255603   82.450862831385   19.384820701861  467.355245753698
     0.339928001445   82.498480426594   19.388500648306  467.406139398224
     0.340266747287   82.441129533253   19.395922442046  467.739195168307
     0.340605493129   81.948907072659   19.360077297003  465.516906647732
     0.340944238971   81.654671885136   19.327008656140  463.616316218073
     0.341282984813   81.656047806870   19.322078086793  463.289583554019
     0.341621730655   81.808383672148   19.332510117557  463.785297219381
     0.341959799005   81.942525816622   19.342938757987  464.253077818863
     0.342298544847   81.980181325907   19.346920719636  464.436132276267
     0.342637290689   81.961942517130   19.347783346486  464.497371292335
     0.342976036531   82.001062971276   19.353407995860  464.747422905147
     0.343314782373   82.025175167898   19.358777849081  465.011621749547
     0.343653528215   81.949138530455   19.357495663187  464.964247987425
     0.343992274057   81.933286352866   19.359000587536  464.991493627434
     0.344331019899   81.955984661016   19.362186287855  465.144207756879
     0.344669765741   81.973779000377   19.366965791091  465.411790002810
     0.344956344723   81.948268976323   19.371181274350  465.622752117242
     0.344957022215   81.948005892104   19.371176259299  465.622474280206
     0.345295768057   81.730417171413   19.358447098392  464.965659077626
     0.345634513899   81.702687698401   19.354694158504  464.769635870366
     0.345973259741   81.874696780858   19.372864971350  465.730190486482
     0.346312005583   81.810178836667   19.373692367369  465.802387473304
     0.346650751425   81.822811562187   19.373126590102  465.764988649598
     0.346989497267   82.022569292862   19.392190734137  466.739535769151
     0.347328243109   81.920584898397   19.390780481824  466.689905871404
     0.347666988951   81.859391700476   19.385706100360  466.381892403068
     0.348005734793   81.973352320362   19.395548260107  466.825931516433
     0.348343803143   81.904945960637   19.394766386193  466.766699761339
     0.348682548985   81.791279496958   19.387181871617  466.336768813382
     0.349021294827   81.800243581454   19.391596358934  466.548579264543
     0.349360040669   81.689133197434   19.385968222021  466.175146922982
     0.349698786511   81.556646183121   19.377013290754  465.694766068723
     0.350037532353   81.626946738166   19.386320348743  466.212941418829
     0.350376278195   81.609772118629   19.389632985063  466.370181619431
     0.350715024037   81.535347414993   19.385490918053  466.151328712123
     0.351053769879   81.673757523509   19.397474076024  466.726177960643
     0.351202818050   81.698668499002   19.401707426357  466.928901826194
     0.351203495541   81.698634199500   19.401717428118  466.929391878119
     0.351542241383   81.543013005472   19.395809916912  466.647506114072
     0.351880987225   81.500235642026   19.392175765908  466.418098797275
     0.352219733067   81.657232188415   19.404456505928  466.941475671534
     0.352558478909   81.577305215930   19.402800889996  466.834501782425
     0.352897224751   81.548927375139   19.401547620036  466.748726635128
     0.353235970593   81.649628589670   19.409233291067  467.053365699467
     0.353574716435   81.586973174950   19.406500554545  466.879683192359
     0.353913462277   81.598532084274   19.408778419049  466.986803598685
     0.354252208119   81.640335805737   19.414754405136  467.239785012624
     0.354590276469   81.546973405262   19.410572338323  467.015140897430
     0.354929022311   81.573336301693   19.414515673272  467.217583537577
     0.355267768153   81.608531183432   19.422076654808  467.563847913880
     0.355606513995   81.432312322707   19.412885156818  467.088571462253
     0.355945259837   81.419900914232   19.411907884704  467.027427788208
     0.356284005679   81.578906801027   19.425350879154  467.644370175677
     0.356622751521   81.467174604135   19.422113105741  467.482051040580
     0.356961497363   81.405974805728   19.418701469707  467.290936306843
     0.357300243205   81.571467341660   19.432010472495  467.873812478291
     0.357584789713   81.539211295108   19.435449508979  468.069710268266
     0.357585467204   81.538867353706   19.435439446975  468.069340428777
     0.357924213046   81.357354344271   19.426835429512  467.657672828133
     0.358262958888   81.428401389294   19.431590767742  467.792134687821
     0.358601704730   81.452813279711   19.435487239912  467.918502649281
     0.358940450572   81.380102281486   19.432131577824  467.729437172618
     0.359279196414   81.482506066121   19.442700318386  468.225800581392
     0.359617942256   81.415344464874   19.444632558144  468.314277167408
     0.359956688098   81.242931883440   19.434205935994  467.775727923496
     0.360295433940   81.323289761643   19.440583736491  468.042413541155
     0.360634179782   81.371642373836   19.448330118723  468.393608579036
     0.360972248132   81.280849223488   19.443013909250  468.109983233092
     0.361310993974   81.419832317478   19.454634556212  468.680409176560
     0.361649739816   81.460716817387   19.466544209896  469.295915546476
     0.361988485658   81.186307966553   19.451588835354  468.551359360680
     0.362327231500   81.183049993140   19.449562630667  468.392572892393
     0.362665977342   81.299351123615   19.459875871807  468.870359678362
     0.363004723184   81.310473277201   19.461999036798  468.981495563771
     0.363343469026   81.487221414737   19.477086946896  469.767816849625
     0.363682214868   81.575057522677   19.492330322380  470.550220244011
     0.363739124170   81.555887381845   19.492283697905  470.545276564881
     0.363739801661   81.555605984263   19.492278246092  470.544965847301
     0.364078547503   81.348152656497   19.481564552758  469.983269026860
     0.364417293345   81.278733699122   19.479008969620  469.840279999784
     0.364756039187   81.229080383637   19.478809698022  469.806521158606
     0.365094785029   81.132887890552   19.469578006144  469.349974361318
     0.365433530871   81.446551346499   19.493870685158  470.701435936122
     0.365772276713   81.647875977288   19.519886597354  472.069036513449
     0.366111022555   81.361114147584   19.503027757740  471.123822122860
     0.366449768397   81.288658702284   19.495412579142  470.695991268541
     0.366788514239   81.395815433386   19.506891195023  471.291185020834
     0.367126582590   81.278025447161   19.498603403909  470.879746815428
     0.367465328432   81.424876487811   19.506528767403  471.272294962048
     0.367804074274   81.674495748942   19.529439466106  472.395521745796
     0.368142820116   81.523450812524   19.526452344854  472.305189315489
     0.368481565958   81.385496563567   19.519604055235  471.975558304796
     0.368820311800   81.439680281818   19.529050571591  472.386722003691
     0.369159057642   81.235035968614   19.519399117438  471.778859289175
     0.369497803484   81.017051765810   19.503331314450  470.873683088150
     0.369836549326   81.031779452478   19.508019433717  471.074579830952
     0.370175295168   80.878928930197   19.499773674746  470.647931878386
     0.370290468754   80.835584739278   19.496233694712  470.478165833479
     0.370291146246   80.835467212998   19.496222333358  470.477675559319
     0.370629892088   81.017047946237   19.510872986696  471.271098664304
     0.370968637930   81.165395789628   19.530865400072  472.316197433967
     0.371307383772   80.938288624968   19.519605586959  471.754734183826
     0.371646129613   80.937620672588   19.519894174038  471.755918922687
     0.371984875455   81.023272623812   19.531724367585  472.337106044919
     0.372323621297   80.878488838438   19.524984327249  472.011167298404
     0.372662367139   80.903982530923   19.527336158491  472.097749391805
     0.373001112981   80.966244225396   19.537508877520  472.564155899972
     0.373339858823   80.802801455090   19.529984978448  472.166150025245
     0.373677927174   80.849186602313   19.535799687575  472.453720847043
     0.374016673016   80.830226134224   19.541887416529  472.749171493635
     0.374355418858   80.626962679759   19.531956551450  472.257993833608
     0.374694164700   80.680618493499   19.537953710009  472.536610744641
     0.375032910542   80.702115230759   19.545790584368  472.888824343469
     0.375371656384   80.536566747299   19.539900802172  472.607137534710
     0.375710402226   80.521370554532   19.543859523252  472.798258634805
     0.376049148068   80.429878753672   19.542294530997  472.687676112738
     0.376387893910   80.330393746473   19.537549586834  472.439883417909
     0.376523392246   80.352477462055   19.539935354815  472.544588704512
     0.376524069738   80.352640001641   19.539951350051  472.545289645454
     0.376862815580   80.386509127013   19.544460886888  472.706262960780
     0.377201561422   80.298851832050   19.538340372990  472.366156737995
     0.377540307264   80.418801329787   19.547287905751  472.763441482873
     0.377879053106   80.467597734291   19.555460133420  473.128234321829
     0.378217798948   80.290513363749   19.544411536075  472.570022330349
     0.378556544790   80.373272724988   19.549865969063  472.786352359518
     0.378895290632   80.451481914117   19.559639226084  473.228858482340
     0.379234036474   80.289813002593   19.549692077810  472.721659371733
     0.379572782316   80.376230354602   19.555162342970  472.937804805626
     0.379910850666   80.445698110296   19.562961746129  473.283424771773
     0.380249596508   80.380290116361   19.560031625838  473.130405191475
     0.380588342350   80.477418155014   19.569113467586  473.557089440805
     0.380927088192   80.440192959544   19.570560714429  473.619079883815
     0.381265834034   80.348056074862   19.564638857742  473.309378975887
     0.381604579876   80.476523821564   19.575783447805  473.844143406293
     0.381943325718   80.443129428202   19.576927077057  473.889073407657
     0.382282071560   80.388615562155   19.572274302428  473.644700372372
     0.382620817402   80.536994908054   19.585094785332  474.286580269129
     0.382847099625   80.569188780037   19.590256246777  474.544819932941
     0.382847777116   80.569123611027   19.590257733318  474.544893718521
     0.383186522958   80.474267708611   19.583636553631  474.205933198587
     0.383525268800   80.505669518115   19.585280847854  474.301756719121
     0.383864014642   80.656675057067   19.598128140383  474.967990842211
     0.384202760484   80.637505676233   19.596441692958  474.882371332896
     0.384541506326   80.713993400667   19.602405216518  475.212112626009
     0.384880252168   80.811616729371   19.610726921463  475.639724643853
     0.385218998010   80.801989004001   19.609631530657  475.568447830238
     0.385557743852   80.850612184141   19.614154741090  475.802801139271
     0.385896489694   80.866615466592   19.613533782838  475.732540133508
     0.386234558045   80.906419813906   19.615281538401  475.817734780653
     0.386573303887   80.910135180990   19.617429009510  475.946033465219
     0.386912049729   80.918622841895   19.615312820666  475.796182142127
     0.387250795571   80.955161007538   19.619017536245  475.995978626814
     0.387589541412   80.969388755862   19.622979659096  476.165839251230
     0.387928287254   80.836609094214   19.611433970215  475.493710522671
     0.388267033096   80.831408353685   19.611141066953  475.501730996981
     0.388605778938   80.964096384266   19.624708152147  476.194843379167
     0.388944524780   80.852378871433   19.620273806427  475.945497635818
     0.389033953683   80.799073848812   19.616714108288  475.755371539807
     0.389034631174   80.798693750602   19.616688120735  475.753990944504
     0.389373377016   80.715993271730   19.612006119224  475.511800688952
     0.389712122858   80.782662407767   19.619669850496  475.908152930793
     0.390050868700   80.742445299676   19.621297777109  476.021149726800
     0.390389614542   80.679290969077   19.620814096773  475.973225976503
     0.390728360384   80.676481347634   19.621219409411  475.939477037962
     0.391067106226   80.670674825048   19.623238859426  476.024854505230
     0.391405852068   80.655443876009   19.626701119148  476.160973705896
     0.391744597910   80.604142465415   19.623819612711  475.966321549327
     0.392083343752   80.632204020058   19.627527218203  476.122107953052
     0.392421412103   80.662650382958   19.635874314088  476.524332005928
     0.392760157945   80.500119080439   19.627903235507  476.125937974485
     0.393098903787   80.471073639591   19.627696290819  476.094855058487
     0.393437649629   80.487990225382   19.635784044402  476.512419879892
     0.393776395471   80.249811573152   19.621743570712  475.790373472096
     0.394115141313   80.195420294178   19.617669190193  475.551254369258
     0.394453887155   80.277883446706   19.628054894503  476.062400586808
     0.394792632997   80.148796664789   19.622152617572  475.773613356615
     0.395131378839   80.168078083158   19.625846214102  475.924022982024
     0.395415247854   80.236217919465   19.635415568337  476.369953462722
     0.395415925346   80.236191094504   19.635425762314  476.370421677172
     0.395754671188   80.143872894672   19.633623870501  476.274102402572
     0.396093417030   80.150056266181   19.639139059584  476.545002045047
     0.396432162872   80.116007211046   19.644644265968  476.828837433930
     0.396770908714   79.902778775997   19.633735742429  476.295687450082
     0.397109654556   79.897544250081   19.636674463422  476.412140075521
     0.397448400398   79.886450816081   19.640764261364  476.576889924047
     0.397787146240   79.767847626157   19.633982431169  476.212624136551
     0.398125892082   79.883607203077   19.645865711943  476.787127874529
     0.398464637924   79.804194160478   19.647346740245  476.857098370745
     0.398802706274   79.612287105069   19.636370653882  476.296170002981
     0.399141452116   79.706619983953   19.645168458447  476.692880280859
     0.399480197958   79.693379248943   19.647239060545  476.741809147723
     0.399818943800   79.653502061176   19.643785919715  476.506019905000
     0.400157689642   79.810093367525   19.658157958015  477.177467005780
     0.400496435484   79.759828939095   19.660367253387  477.278784852756
     0.400835181326   79.672667014084   19.655544588698  477.018684653285
     0.401173927168   79.765263105593   19.666348283058  477.527881514452
     0.401512673010   79.656146672728   19.662511224812  477.323310948205
     0.401666463622   79.607572753500   19.658720520009  477.115719419268
     0.401667141114   79.607508100653   19.658713054494  477.115243984854
     0.402005886956   79.762163997281   19.670996760566  477.680759505931
     0.402344632798   79.845595184143   19.685277690891  478.395428353326
     0.402667118839   79.664481781277   19.675719928046  477.917493292173
     0.402667796331   79.685967579779   19.675479187930  477.905958972686
     0.403006542173   79.707503012255   19.680265079994  478.133819137217
     0.403345288015   79.676308589206   19.686881690597  478.487483670893
     0.403684033857   79.452339977537   19.674508440423  477.873722118017
     0.404022779699   79.409191923472   19.673876663602  477.815292105067
     0.404361525541   79.553843361359   19.697451386798  478.978094474280
     0.404700271383   79.549480613850   19.714799096927  479.775265327674
     0.405039017225   79.408749588640   19.710136096105  479.470608088796
     0.405377763067   79.294212919201   19.705410988478  479.164518670944
     0.405716508909   79.306834922134   19.708532308184  479.287571638296
     0.406054577259   79.415726508408   19.726007552373  480.165416183837
     0.406393323101   79.255363605395   19.725715150092  480.204172567748
     0.406732068943   79.067346913851   19.717536894929  479.778294436543
     0.407070814785   79.054229780283   19.725381081583  480.155115715484
     0.407409560627   78.861335884500   19.717735830649  479.783063638861
     0.407748306469   78.785065542585   19.715471654723  479.615837764665
     0.408087052311   78.835344486986   19.725585915051  480.097442152053
     0.408282169916   78.820460363165   19.727373843607  480.182466595377
     0.408282847408   78.820308554326   19.727371502780  480.182323019464
     0.408621593250   78.684501841281   19.722262475809  479.913720417817
     0.408960339092   78.633101883241   19.721853622416  479.874235086397
     0.409299084934   78.699514726651   19.726703642805  480.083595852851
     0.409637830776   78.691698344584   19.729928367192  480.284249383212
     0.409976576618   78.802679691794   19.740062773250  480.830404879977
     0.410315322460   78.877739200628   19.748264672302  481.272527002233
     0.410654068302   78.844095280511   19.751357421622  481.485910359308
     0.410992606887   78.902071198030   19.755933249718  481.701132464940
     0.411330699196   78.916564499202   19.757928812490  481.783277477456
     0.411667821251   78.938900515893   19.761799424419  481.945313904974
     0.412005191145   78.969993046917   19.764123475233  482.024013162040
     0.412342172924   78.908665477356   19.762378321456  481.923850965930
     0.412678869577   78.918651366405   19.765355008897  482.041651196194
     0.413015069402   78.899369830285   19.765241558295  482.001841962637
     0.413350989376   78.835783077916   19.764770404274  481.967143118879
     0.413686508070   78.754161475277   19.760141892396  481.700569368835
     0.414002166618   78.690758652466   19.754610389372  481.383427774402
     0.414002836512   78.690776510344   19.754611559397  481.383392603120
     0.414337625979   78.758300700569   19.759652163627  481.583601174606
     0.414671994706   78.819873484254   19.763595396131  481.748146537669
     0.415005967117   78.853496032298   19.767134039202  481.902338894428
     0.415339606581   78.894859909417   19.769787717767  481.977935700161
     0.415672794891   79.020383278700   19.779242836255  482.399858983944
     0.416005632843   78.921330650060   19.776859004134  482.284256503675
     0.416338079616   78.832553170655   19.771341726859  481.974129552629
     0.416670089013   78.842356589456   19.770906024813  481.877832120427
     0.417001772995   78.877507780064   19.772984023091  481.925007005549
     0.417332345349   78.945018167241   19.778038231328  482.139562545599
     0.417663204452   78.953598523112   19.780995461046  482.273546729582
     0.417993679699   78.924935460257   19.781134284733  482.276509296201
     0.418323705826   78.886600048684   19.779145122902  482.151025069127
     0.418653377102   78.872161830094   19.778613306871  482.086281919631
     0.418982611351   78.897131730495   19.780684348163  482.149758303576
     0.419311444240   78.964213230261   19.786800584591  482.420030210568
     0.419543382373   78.988373053534   19.791124641630  482.632762373640
     0.419544039115   78.988385710969   19.791134534290  482.633275639166
     0.419872174885   78.963554881912   19.793878163764  482.778486944706
     0.420199901221   78.909559892588   19.793649329819  482.755055393067
     0.420527236094   78.840024420782   19.791352944095  482.623847741187
     0.420854106777   78.795117729197   19.789684139862  482.509330581996
     0.421180605186   78.783090894956   19.790438220923  482.505312536277
     0.421506681645   78.802392176024   19.793603983091  482.630381989891
     0.421832308641   78.839123902307   19.799312880378  482.893288858525
     0.422157560751   78.835264809706   19.803859111579  483.116771038874
     0.422482349982   78.754346172488   19.801811477743  483.005310581563
     0.422806086519   78.647245618762   19.796082905330  482.689207937625
     0.423130063890   78.625434385362   19.795963816123  482.648176847177
     0.423453586753   78.656844145841   19.801030012406  482.877475629809
     0.423776727083   78.655233402818   19.805025337576  483.060588738395
     0.424099400627   78.595605479691   19.804511164611  483.016835263606
     0.424421635045   78.536514689415   19.803327686843  482.930659625899
     0.424743485428   78.453862076248   19.799799295868  482.730260212583
     0.424989037197   78.393195800788   19.796357592346  482.533793770957
     0.424989679659   78.393092559050   19.796351998926  482.533445484980
     0.425310727536   78.410458572473   19.799165788300  482.648073299700
     0.425631368926   78.482138274025   19.808160261526  483.093020964369
     0.425951495785   78.439446921064   19.809912902887  483.174771846373
     0.426271202226   78.369166664451   19.808114263685  483.063562833091
     0.426590481774   78.306418645582   19.806554009071  482.967213016499
     0.426909280149   78.248139366325   19.803681281747  482.804055661616
     0.427227626081   78.323765017462   19.810708901739  483.150065043353
     0.427545523107   78.448025744996   19.826065940786  483.936594189272
     0.427862952291   78.347039765615   19.824509497460  483.835214030071
     0.428179283454   78.096965922664   19.806961709178  482.909721231382
     0.428495769178   78.078659638999   19.804728577517  482.789284454413
     0.428811828016   78.237029897915   19.820462696563  483.632062683570
     0.429127340293   78.270257432706   19.829028843964  484.099587390841
     0.429442369969   78.238987708135   19.830115924748  484.147089359737
     0.429756965949   78.244428011353   19.834647234443  484.373906792350
     0.430071060946   78.135294774347   19.828791170663  484.069017861783
     0.430370224043   78.208831376907   19.834947948534  484.352499723103
     0.430370850774   78.209222442320   19.834980627393  484.354056790825
     0.430683989079   78.358600077287   19.850901703706  485.139595450137
     0.430996635245   78.240643121019   19.848534689420  485.011492967594
     0.431308732533   77.974560486897   19.829051125904  483.964946833934
     0.431620342205   77.939867911188   19.826236266506  483.802865115397
     0.431931471656   78.122861575373   19.841959832648  484.553273175224
     0.432242048590   78.156139252074   19.850269527266  484.974126202438
     0.432552107565   78.063824317292   19.848515170917  484.885095048868
     0.432861679760   78.033581653541   19.849387554870  484.901123561599
     0.433170703176   77.962263334809   19.847496285093  484.786541304335
     0.433478548434   77.862885317181   19.842043324300  484.474393217308
     0.433786487869   77.873534161433   19.843561430861  484.495016851234
     0.434093882299   77.918521466911   19.849504382269  484.761770737365
     0.434400699182   77.891304030327   19.851366562952  484.831988411229
     0.434706955927   77.873173773903   19.853337310832  484.894875028558
     0.435012637109   77.901109715954   19.858657934824  485.123081350749
     0.435317713829   77.855780583755   19.860016663404  485.174690575933
     0.435522993284   77.782065974538   19.857852595207  485.060171025912
     0.435523602008   77.781848104339   19.857845092930  485.059764882210
     0.435827662336   77.706860052626   19.855518075941  484.912892263210
     0.436131105075   77.701348058006   19.857204324896  484.949650578899
     0.436433916472   77.698321532940   19.859680264080  485.032083629468
     0.436736072298   77.655053212767   19.859759763643  485.001282121449
     0.437037553352   77.594913010759   19.858220627686  484.883561153170
     0.437338453577   77.559923527232   19.859051244758  484.885048352922
     0.437638606814   77.550329076205   19.862569478698  485.024906669871
     0.437937971874   77.535036077344   19.865390152356  485.130181812259
     0.438236800686   77.523123448513   19.868974170663  485.290865082255
     0.438534328066   77.403946816486   19.864715726241  485.055807389296
     0.438831529515   77.349717016394   19.863228902157  484.928738018977
     0.439128073375   77.496563484549   19.879080136197  485.689650127389
     0.439424013637   77.352641581177   19.876446840977  485.581364478585
     0.439718948122   77.102530485682   19.860946405332  484.773417647856
     0.440012905803   77.173674695804   19.869038936140  485.115268590572
     0.440441203172   77.065255464624   19.867846079034  485.024025548684
     0.440749473581   77.049469456434   19.868913324384  485.011698217176
     0.440750347328   77.049912417595   19.868959788544  485.013875947241
     0.441185988222   77.235163435912   19.895462547717  486.334319676695
     0.441618803040   77.028038717172   19.887332063196  485.887070691944
     0.442049254880   77.075063371365   19.898833560257  486.471651081984
     0.442475914193   76.952522053440   19.896633368075  486.346298075802
     0.442898480341   76.921088232841   19.903046811067  486.657164596677
     0.443314581474   76.930725819020   19.913027946958  487.150777627972
     0.443356395493   76.927268772199   19.913789366024  487.186547070893
     0.443357213656   76.934881342667   19.913408210539  487.168297060505
     0.443749620988   76.822773863533   19.915102186898  487.201342437180
     0.443804471748   76.798034842179   19.914281674819  487.146322242246
     0.443823837282   76.789237305714   19.913950657072  487.124375754842
     0.443832906948   76.785086011611   19.913785056800  487.113492838781
     0.443837521062   76.782941352783   19.913695282849  487.107665048721
     0.443840190082   76.781673040861   19.913639685338  487.104108249021
