# {0} signal over time, extracted at r = 500 km
# All quantities are measured in a resting observer's frame at infinity
# cols=4 rows=979
#              time        luminosity               <e>             <e^2>
#               "s"           "foe/s"           "MeV^1"           "MeV^2"
    -0.227893678391  3.5030331289e-12    3.915965369209   17.250721834002
    -0.226889891431  2.9186094895e-03    3.345595065478   13.108598462812
    -0.225852763846  9.9484553344e-03    3.370498024155   13.377796449648
    -0.224823794416    0.014654057195    3.336302600942   13.150758566570
    -0.223778321514    0.017607278361    3.327322054821   13.109633207752
    -0.222742940979    0.018712364059    3.345573142337   13.245485710384
    -0.221691562044    0.019062167660    3.361955751957   13.358263091312
    -0.220653399559    0.018995932877    3.375296754582   13.458199109701
    -0.219592765379    0.018599945080    3.400860541051   13.649565539448
    -0.218540611582    0.018622624312    3.418332229885   13.773962116164
    -0.217488457786    0.018972703005    3.419944848576   13.786971868847
    -0.216420332217    0.019337675343    3.422748305279   13.812488058736
    -0.215407755725    0.019637104097    3.429027221852   13.861837947282
    -0.214395175202    0.019909507671    3.436705717005   13.919940279857
    -0.213383013285    0.020164577670    3.445155401211   13.983516473992
    -0.212371454341    0.020423429311    3.453806763865   14.048735194467
    -0.211331454341    0.020717148950    3.462007066055   14.110899245977
    -0.210291454341    0.021043418003    3.469454601318   14.167765005532
    -0.209251454341    0.021386701450    3.476852224605   14.224651368114
    -0.208211454341    0.021736597244    3.484483781786   14.283817529247
    -0.207891454341    0.021844904624    3.486942755111   14.302805566190
    -0.206851454341    0.022203824475    3.495256421147   14.366891184273
    -0.205811454341    0.022574255411    3.503896727923   14.433571108553
    -0.204771454341    0.022975389226    3.513068650248   14.504636697809
    -0.203731454341    0.023412656516    3.523977319611   14.588703276564
    -0.202691454341    0.023848200757    3.536362567406   14.683809851392
    -0.201651454341    0.024272028235    3.549599036170   14.785308726127
    -0.200611454341    0.024695246382    3.562433012617   14.883973816382
    -0.199571454341    0.025129581338    3.573997398973   14.973598733281
    -0.198531454341    0.025582088236    3.584749706613   15.057522213459
    -0.197491454341    0.026052670387    3.595126566383   15.138549829617
    -0.196451454341    0.026541315164    3.604970058250   15.215771981893
    -0.195411454341    0.027045934937    3.614481006589   15.290849363363
    -0.194371454341    0.027568910976    3.623696090807   15.363972213068
    -0.193331454341    0.028112969990    3.632536825763   15.434448788701
    -0.192291454341    0.028679551881    3.641032623977   15.502564035532
    -0.191251454341    0.029272102427    3.649538295870   15.571039782793
    -0.190211454341    0.029890056336    3.658153440491   15.640827413989
    -0.189171454341    0.030528297334    3.666671795325   15.710354319864
    -0.188131454341    0.031185933102    3.675024181349   15.779024623775
    -0.187891454341    0.031340380958    3.676940243726   15.794838968895
    -0.186851454341    0.032020788952    3.685370930280   15.864346270770
    -0.185811454341    0.032759617963    3.694482091386   15.939180615479
    -0.184771454341    0.033489520513    3.703507511682   16.013845069857
    -0.183731454341    0.034206182706    3.712118660210   16.085477095254
    -0.182691454341    0.034943592660    3.720431893382   16.155011821126
    -0.181651454341    0.035730931835    3.728649861418   16.224094484112
    -0.180611454341    0.036559716819    3.737157176398   16.295876478378
    -0.180211454341    0.036888787491    3.740580141963   16.324784495977
    -0.179171454341    0.037775725040    3.749880020866   16.403356057033
    -0.178131454341    0.038695643540    3.759602153961   16.485443880080
    -0.177091454341    0.039665345448    3.770072710258   16.573675225801
    -0.176051454341    0.040686600921    3.781655652961   16.670971038691
    -0.175011454341    0.041731408441    3.793856133908   16.773511306830
    -0.173971454341    0.042789998165    3.805991372939   16.876055018379
    -0.172931454341    0.043877127785    3.817710145731   16.975977341118
    -0.171891454341    0.044999852040    3.828852800747   17.071954026330
    -0.170851454341    0.046169681189    3.839580304530   17.165190314075
    -0.169811454341    0.047396093082    3.849995246848   17.256552679166
    -0.168771454341    0.048678320985    3.860285314490   17.347568487517
    -0.167891454341    0.049800117578    3.869007257674   17.425088536150
    -0.166851454341    0.051167574323    3.879465224403   17.518175538788
    -0.165811454341    0.052576119194    3.890061268309   17.612633260178
    -0.164771454341    0.054020229225    3.900716300619   17.707907674988
    -0.163731454341    0.055508238747    3.911404113362   17.803894482941
    -0.162691454341    0.057046595826    3.922116445888   17.900479650719
    -0.161651454341    0.058635803549    3.932917308030   17.998138237558
    -0.160611454341    0.060276029242    3.943895002554   18.097553633689
    -0.159571454341    0.061961311817    3.955110543197   18.198978605762
    -0.158531454341    0.063695691847    3.966577328624   18.302541297828
    -0.157491454341    0.065498014587    3.978504333115   18.409895518543
    -0.156451454341    0.067370506613    3.991116689957   18.523067167164
    -0.155411454341    0.069291452115    4.004014362688   18.639092359522
    -0.154371454341    0.071253838284    4.016804080797   18.754778993570
    -0.153331454341    0.073266972659    4.029241280152   18.868100267499
    -0.152291454341    0.075341821245    4.041301704186   18.978862445482
    -0.151251454341    0.077487184286    4.053144445630   19.088317054371
    -0.150211454341    0.079707591726    4.064911856832   19.197584858729
    -0.149331454341    0.081638502016    4.074827153935   19.290099983006
    -0.148291454341    0.083983253067    4.086535341073   19.399779476703
    -0.147891454341    0.084903731802    4.091048002652   19.442114554959
    -0.146851454341    0.087345760737    4.102795305293   19.552411230146
    -0.145811454341    0.089861994751    4.114558959053   19.663078816254
    -0.144771454341    0.092443389770    4.126321663945   19.773856300977
    -0.143731454341    0.095101719217    4.138287247404   19.886228291382
    -0.142691454341    0.097854781437    4.150653098463   20.001739677274
    -0.141651454341    0.100702347778    4.163215169155   20.119463376291
    -0.140611454341    0.103633320778    4.175919142903   20.239088003458
    -0.139571454341    0.106648572071    4.188642381078   20.359493951495
    -0.138531454341    0.109747251546    4.201299730148   20.480004070006
    -0.137491454341    0.112931563162    4.213948381420   20.600988429496
    -0.136451454341    0.116209216377    4.226584257558   20.722350736711
    -0.135411454341    0.119587238150    4.239238416480   20.844367864055
    -0.134371454341    0.123075772942    4.252005983990   20.967650354112
    -0.133331454341    0.126687089988    4.264974699542   21.093039037308
    -0.132291454341    0.130433278908    4.278616635408   21.224496624738
    -0.131251454341    0.134240830057    4.292276731690   21.356436357555
    -0.130211454341    0.138149066536    4.305697664129   21.486838783694
    -0.129171454341    0.142204914224    4.318932742918   21.616397580536
    -0.128131454341    0.146412139349    4.332050190952   21.745754509260
    -0.127891454341    0.147401932014    4.335026834393   21.775327722676
    -0.126851454341    0.151771790470    4.347910925626   21.903818195279
    -0.125811454341    0.156296686565    4.361171550587   22.035806804950
    -0.124771454341    0.161029251179    4.375102043370   22.173965669786
    -0.124211454341    0.163689046108    4.382845004603   22.251056262560
    -0.123171454341    0.168854239085    4.397581436952   22.398840218110
    -0.122131454341    0.174267104756    4.412600223094   22.550357971140
    -0.121091454341    0.179931753516    4.427800632134   22.704314592235
    -0.120051454341    0.185856727826    4.443927322229   22.866239440729
    -0.119011454341    0.192002889506    4.460169081266   23.030441670573
    -0.117971454341    0.198388575189    4.476614476514   23.197476838822
    -0.116931454341    0.205027855707    4.493254613917   23.366871401216
    -0.115891454341    0.211938063507    4.510001386826   23.537996657589
    -0.114851454341    0.219112422239    4.526998623250   23.712062539809
    -0.113811454341    0.226558607609    4.543905234417   23.886707785749
    -0.112771454341    0.234269694261    4.560875311073   24.063206887429
    -0.111731454341    0.242260717570    4.577739752296   24.239919811559
    -0.110691454341    0.250548503346    4.595414522680   24.423629547970
    -0.109651454341    0.259088715855    4.613091321754   24.608049689182
    -0.108611454341    0.267938649455    4.630754561376   24.793342827658
    -0.107891454341    0.274273793855    4.643120401709   24.923199741120
    -0.106851454341    0.283717605690    4.661007000171   25.112056529987
    -0.105811454341    0.293488513454    4.678632242606   25.300661466341
    -0.104771454341    0.303610819351    4.697004752972   25.496751457411
    -0.103731454341    0.314029628211    4.715760008039   25.696855225929
    -0.103251454341    0.318954450234    4.724306985807   25.788698571030
    -0.102211454341    0.329903223229    4.743361165382   25.992124034987
    -0.101171454341    0.341294847186    4.762519862609   26.196916460055
    -0.100131454341    0.353111355038    4.781802528994   26.403589526149
    -0.099091454341    0.365340993330    4.800855758420   26.610409707050
    -0.098051454341    0.378033807135    4.820377165557   26.823752171502
    -0.097011454341    0.391174390813    4.840243329736   27.042198614910
    -0.095971454341    0.404739334687    4.860816725761   27.267243700477
    -0.094931454341    0.418695673694    4.881311062148   27.492057112588
    -0.093891454341    0.433136211727    4.902058564823   27.718868591937
    -0.092851454341    0.448212346343    4.922916279835   27.947862198071
    -0.091811454341    0.463950860460    4.943624238540   28.178185723692
    -0.090771454341    0.480300285345    4.965135958836   28.418500103740
    -0.089731454341    0.497169014911    4.986529513940   28.660166563392
    -0.088691454341    0.514634187702    5.008487439408   28.908001066260
    -0.087891454341    0.528528082237    5.026161111508   29.105857669010
    -0.086851454341    0.546968531266    5.048153247801   29.354843252943
    -0.085971454341    0.563179993470    5.067084876873   29.568650091635
    -0.084931454341    0.583364416267    5.089408886809   29.823681154389
    -0.083891454341    0.604627587487    5.112496393939   30.089323852503
    -0.082851454341    0.626787725412    5.136036804318   30.361259670024
    -0.081811454341    0.649854208186    5.160832398732   30.645332291802
    -0.080771454341    0.673813341040    5.186482915968   30.938785663802
    -0.079731454341    0.698620016483    5.211701537868   31.229886605931
    -0.078691454341    0.724638369101    5.237151733677   31.524263711129
    -0.077651454341    0.751930317118    5.261891584125   31.815359309133
    -0.076611454341    0.780462134912    5.286401272897   32.107002664734
    -0.075571454341    0.810311548166    5.311924702536   32.410030533148
    -0.074531454341    0.841373577250    5.338847822429   32.727523542043
    -0.073491454341    0.873587778776    5.365718003919   33.047849173304
    -0.072451454341    0.907215692285    5.392153767289   33.365999580485
    -0.072131454341    0.917912314347    5.400385169273   33.465086017264
    -0.071091454341    0.953798709565    5.426328514431   33.781244312214
    -0.070051454341    0.991327480581    5.454073029904   34.116027942754
    -0.069011468623    1.030471777606    5.484081501864   34.475688108078
    -0.067971468623    1.071298154968    5.511907704049   34.818760684323
    -0.067811468623    1.077723556656    5.515638799494   34.866293198094
    -0.066771468623    1.120930851278    5.542439472449   35.200184604237
    -0.065731468623    1.166555132250    5.571925478157   35.563049520552
    -0.064691468623    1.214302775754    5.601341832757   35.929725358084
    -0.063651468623    1.264291093730    5.632907212656   36.318974306764
    -0.062611468623    1.317120593455    5.661490681295   36.686654634061
    -0.061571468623    1.373711678939    5.690946501661   37.062316746376
    -0.060531468623    1.433083940875    5.725045944272   37.485275227898
    -0.059491468623    1.495315328379    5.756449406728   37.886624853467
    -0.058931468623    1.530091919315    5.772374463329   38.094013498804
    -0.057891468623    1.598013486917    5.803243085755   38.495388751441
    -0.056851468623    1.671259236678    5.836331441511   38.923913944996
    -0.055811468623    1.749684992755    5.873132221655   39.392076658807
    -0.054771468623    1.833636193644    5.907550595154   39.836845283299
    -0.053731468623    1.922547143536    5.944883878417   40.313275690065
    -0.052691468623    2.016592797126    5.980233232325   40.777022991882
    -0.051651468623    2.115775442977    6.017212953035   41.262125978316
    -0.050611468623    2.221823589016    6.054360851165   41.750423883197
    -0.050051468623    2.281447547229    6.074620497472   42.015895609034
    -0.049011468623    2.396791522273    6.111867424128   42.508107748620
    -0.047971468623    2.518535254805    6.149227060028   43.007159737306
    -0.047811468623    2.537868132533    6.155144094655   43.086244837953
    -0.046771468623    2.668217455972    6.194413376680   43.611008031249
    -0.045731468623    2.807480641921    6.233383363978   44.133686937341
    -0.044691468623    2.955177034827    6.272735387790   44.666165100215
    -0.043651468623    3.111021232734    6.312124084415   45.205192622386
    -0.042611468623    3.276226146767    6.352482089028   45.759581051875
    -0.041571468623    3.452931255309    6.392556813649   46.314280236159
    -0.040531468623    3.639779431107    6.432011784345   46.868006179533
    -0.039491468623    3.836975372687    6.472896632012   47.442051215308
    -0.038451468623    4.047648263271    6.514219220422   48.023636266951
    -0.037411468623    4.273636886513    6.557551226738   48.633471669456
    -0.036371468623    4.514486902037    6.602080741549   49.263046385977
    -0.035651468623    4.690875975671    6.631764931782   49.687932133247
    -0.034611468623    4.962280022545    6.675015775899   50.310951191825
    -0.033571468623    5.258947547562    6.720173058231   50.966515660783
    -0.032531468623    5.587432863099    6.768532545793   51.672208927768
    -0.031491468623    5.948883510106    6.819192056142   52.414821800426
    -0.030451468623    6.341410706702    6.871855380530   53.188902189756
    -0.030051468623    6.502204822283    6.892164569462   53.488853149735
    -0.029011468623    6.945950268089    6.944839792107   54.270860928989
    -0.027971468623    7.424425094793    6.998183869166   55.065801105124
    -0.027811468623    7.501633480677    7.006381615804   55.188544543854
    -0.026771468623    8.027384525090    7.060115971689   55.994798675194
    -0.025731468623    8.596293085828    7.114204690968   56.810347107981
    -0.024691468623    9.211771605346    7.167236969676   57.618000939766
    -0.023651468623    9.883100358516    7.221358204054   58.446246414940
    -0.022611468623   10.620905064085    7.275383374310   59.280278692892
    -0.021971468623   11.109474156530    7.308823058659   59.798249505293
    -0.020931468623   11.964153788319    7.362554351593   60.637128024569
    -0.019891468623   12.905539762900    7.416343254182   61.485557937940
    -0.018851468623   13.948390290472    7.470876125427   62.352841065613
    -0.018451468623   14.380239452794    7.491835316891   62.688262676321
    -0.017411468623   15.594028939970    7.546114268828   63.565165698807
    -0.016371468623   16.999598854526    7.603985853648   64.508509352495
    -0.015891468623   17.728482830818    7.632819715475   64.981644911764
    -0.014851468623   19.482235322033    7.697043230216   66.044567650356
    -0.013859468623   21.379487817235    7.758305137977   67.069753297221
    -0.012851468623   23.569164128461    7.819245624273   68.105367373420
    -0.011843468623   26.081007829287    7.877997330212   69.122023886613
    -0.010799468623   29.103956337431    7.933806263891   70.108159393435
    -0.010367468623   30.508800758808    7.955157506591   70.492479882565
  -9.3414686232e-03   34.287709173079    8.000584260633   71.334062188087
  -9.0174686232e-03   35.626295597424    8.013038850278   71.572500785726
  -8.0049686232e-03   40.362767610650    8.044250135652   72.206321469796
  -7.9239686232e-03   40.784418489480    8.046170644378   72.248871577212
  -7.7923436232e-03   41.484276371162    8.049125686342   72.315689400314
  -7.0329686232e-03   45.933093046624    8.062788507362   72.655284393299
  -6.2128436232e-03   51.710557688968    8.072089658133   72.955595582257
  -5.4838610632e-03   57.830191694372    8.075863285464   73.170173890051
  -4.8915485632e-03   63.521040473589    8.077041450983   73.324984019283
  -4.3732751257e-03   69.003089390681    8.078288504532   73.469427343079
  -3.8777829382e-03   74.640784902447    8.083013638436   73.670637603284
  -3.4335485632e-03   79.926642747667    8.094065645735   73.968982092783
  -3.0491149694e-03   84.589769287218    8.110727543806   74.351424759964
  -2.7159391882e-03   88.627456016078    8.131619976248   74.797868203020
  -2.4147995397e-03   92.214888697359    8.156263011138   75.304610937463
  -2.1456960241e-03   95.335556794499    8.183202317157   75.847594116455
  -1.9150358679e-03   97.917234934463    8.209964162896   76.381643692303
  -1.7003537329e-03  100.220749713168    8.237721660326   76.932982585765
  -1.5122215429e-03  102.138526745414    8.264309636304   77.459547564980
  -1.3451731329e-03  103.745806031685    8.289755519464   77.962273027151
  -1.1943430151e-03  105.111406557284    8.314093182247   78.442495693169
  -1.0629748480e-03  106.227496775787    8.336282969583   78.880205567318
  -9.4377040003e-04  107.176477805262    8.357178741460   79.292509640851
  -8.4123024737e-04  107.938946421510    8.375718045708   79.658459481916
  -7.4927253039e-04  108.575643181893    8.392794142027   79.995563804559
  -6.6798847699e-04  109.097980727039    8.408249705182   80.300635985031
  -5.9655703612e-04  109.524917601438    8.422155756310   80.575042616410
  -5.3436241950e-04  109.875269711223    8.434663936044   80.821733656104
  -4.8567882660e-04  110.131597736354    8.444578986146   81.017303586804
  -4.5328703297e-04  110.293197940342    8.451232834177   81.148571252090
  -4.5276956278e-04  110.295680214211    8.451337903552   81.150645135728
  -4.4815571408e-04  110.317767219185    8.452277125050   81.169182909220
  -4.1354347149e-04  110.478897448652    8.459350205730   81.308805382537
  -4.0208485818e-04  110.530535331836    8.461701663631   81.355229006553
  -3.9442581166e-04  110.564528871017    8.463276353872   81.386317907062
  -3.8608990705e-04  110.601035424280    8.464993103002   81.420211611161
  -3.7814340676e-04  110.635348662907    8.466632603026   81.452580155067
  -3.7080426348e-04  110.666608712130    8.468149428266   81.482526650897
  -3.6312761039e-04  110.698857674578    8.469738745882   81.513904300131
  -3.5514427381e-04  110.731903808455    8.471394531163   81.546594259642
  -3.4712234773e-04  110.764602464871    8.473061369798   81.579502661103
  -3.4540200541e-04  110.771548344750    8.473419223276   81.586567814442
  -3.3710645750e-04  110.804712219806    8.475146727426   81.620674541751
  -3.2814908597e-04  110.839908544711    8.477015585609   81.657572985140
  -3.1960281219e-04  110.872896670193    8.478801989452   81.692844680487
  -3.1118410237e-04  110.904827149619    8.480564801110   81.727652036994
  -3.0261943495e-04  110.936736703693    8.482361221707   81.763124811781
  -3.0065202291e-04  110.943985100056    8.482774309502   81.771282077002
  -2.9474406562e-04  110.965568012255    8.484015691689   81.795796411673
  -2.8753443843e-04  110.991533285303    8.485532453681   81.825750336996
  -2.8120793565e-04  111.013980780818    8.486865096631   81.852069608757
  -2.7483847364e-04  111.036261595689    8.488208298357   81.878598865572
  -2.7126164350e-04  111.048633417889    8.488963271125   81.893510800090
  -2.6599116253e-04  111.066678433700    8.490076555191   81.915500863450
  -2.6009288667e-04  111.086612039348    8.491323689327   81.940136049764
  -2.5527198224e-04  111.102699271669    8.492343939291   81.960290515509
  -2.4819531129e-04  111.125977734344    8.493843096482   81.989907197475
  -2.4122800672e-04  111.148504636881    8.495320839757   82.019102782028
  -2.3334870980e-04  111.173508864858    8.496994090333   82.052163304575
  -2.2497486497e-04  111.199530596788    8.498774767345   82.087349058907
  -2.1890568730e-04  111.218033205840    8.500066915358   82.112883277517
  -2.1126241168e-04  111.240903384826    8.501696035204   82.145078387085
  -2.0515871549e-04  111.258819988037    8.502998491715   82.170819407598
  -2.0511929847e-04  111.258934692463    8.503006907045   82.170985727740
  -1.9923666063e-04  111.275906490280    8.504263428051   82.195820159977
  -1.9164214529e-04  111.297387937613    8.505887452410   82.227919805332
  -1.8350051687e-04  111.319875452313    8.507630766307   82.262379321709
  -1.7493526865e-04  111.342923212682    8.509467362221   82.298684867073
  -1.6634645444e-04  111.365401663137    8.511311700509   82.335145511020
  -1.5603431967e-04  111.391544659769    8.513529659754   82.378994740679
  -1.4585592562e-04  111.416436857913    8.515722729896   82.422354281293
  -1.3439176486e-04  111.443377232929    8.518197465541   82.471285153955
  -1.2437640243e-04  111.465955272293    8.520363522159   82.514114609220
  -1.1353028208e-04  111.489388483160    8.522713548235   82.560583323263
  -1.0328882422e-04  111.510536850012    8.524936708056   82.604544695906
  -9.4519878376e-05  111.527883877763    8.526843440495   82.642249739438
  -8.6168226824e-05  111.543748116233    8.528662205832   82.678215804420
  -7.8944699054e-05  111.556949588065    8.530237491304   82.709367391388
  -7.1682130636e-05  111.569733041897    8.531823333904   82.740727993854
  -6.5152270976e-05  111.580806131873    8.533250943031   82.768959627525
  -5.8505465284e-05  111.591666415163    8.534705845233   82.797731095459
  -5.2733587264e-05  111.600759312725    8.535970636111   82.822743066312
  -4.6774152960e-05  111.609816540533    8.537277896208   82.848594917391
  -4.1231442061e-05  111.617937432137    8.538494992279   82.872663724884
  -3.5842352954e-05  111.625552133727    8.539679509932   82.896088261546
  -3.0811442071e-05  111.632409785669    8.540786330889   82.917976275072
  -2.5908216507e-05  111.638859326951    8.541866012368   82.939327559294
  -2.1462117139e-05  111.644507262042    8.542845848978   82.958704323964
  -1.6956228910e-05  111.650036001019    8.543839645142   82.978357110639
  -1.2486364841e-05  111.655325990442    8.544826282107   82.997868278911
  -7.7458927845e-06  111.660723692710    8.545873496827   83.018577352297
  -3.4768785734e-06  111.665397046723    8.546817314518   83.037241664007
   3.3440756667e-07  111.669418688510    8.547660532062   83.053916538007
   4.1575990371e-06  111.673309644760    8.548506946036   83.070654588790
   8.0746635115e-06  111.677147003797    8.549374730111   83.087815202464
   1.1836427901e-05  111.680689777263    8.550208664471   83.104306397839
   1.5735191851e-05  111.684213898927    8.551073545558   83.121409536089
   1.8559394822e-05  111.686672616047    8.551700415403   83.133805950083
   1.8598579550e-05  111.854736395361    8.551382567005   83.127807100041
   2.5022070056e-05  111.858002963662    8.552822620477   83.156271812485
   3.8452357938e-05  111.863327398069    8.555833882955   83.215793142208
   5.6092700674e-05  111.867349528781    8.559792569350   83.294043929858
   7.5060450980e-05  111.868003389054    8.564052191815   83.378253336011
   9.2199645184e-05  111.865387180103    8.567903639638   83.454407201367
   1.0812393170e-04  111.860251242269    8.571484264349   83.525220293557
   1.2387344646e-04  111.852609702648    8.575027995623   83.595318094778
   1.4112084293e-04  111.841301322458    8.578912156424   83.672166069904
   1.5700944067e-04  111.828136720297    8.582494100974   83.743048706369
   1.7374598715e-04  111.811376587267    8.586271880904   83.817819536411
   1.8893975139e-04  111.793551284731    8.589706188021   83.885801869729
   2.0660230659e-04  111.769646721834    8.593704845520   83.964964687006
   2.2275565282e-04  111.744740338726    8.597368328554   84.037498284188
   2.4014282247e-04  111.714624387121    8.601319096296   84.115724271060
   2.5870399136e-04  111.678635347002    8.605545634939   84.199413152825
   2.7648058102e-04  111.640406682027    8.609602683930   84.279746349221
   2.9581350634e-04  111.594612103827    8.614025542556   84.367321263404
   3.1640234709e-04  111.540975935148    8.618748350688   84.460831588283
   3.3630762640e-04  111.484329087383    8.623327251737   84.551487532197
   3.5702280301e-04  111.420359443464    8.628106431098   84.646102478016
   3.7886307673e-04  111.347360656796    8.633161190802   84.746165753027
   4.0205336264e-04  111.263578310897    8.638546525878   84.852764707522
   4.2684330501e-04  111.166835089236    8.644324407456   84.967124805947
   4.5332071591e-04  111.055251638605    8.650520378171   85.089750758145
   4.8157564235e-04  110.926667941182    8.657161188591   85.221171871606
   5.1198748217e-04  110.777124580050    8.664342702510   85.363286029349
   5.3940760180e-04  110.632206345958    8.670847788873   85.492010460981
   5.7055220852e-04  110.455732371427    8.678270705776   85.638895668790
   6.0437957247e-04  110.249438852775    8.686374981865   85.799265254528
   6.4121815841e-04  110.006959541709    8.695247986326   85.974852272232
   6.8090528215e-04  109.724280186786    8.704858296968   86.165039374632
   7.2328082488e-04  109.397126208992    8.715173949970   86.369197524836
   7.6830746185e-04  109.020010433957    8.726192204161   86.587274200013
   8.1663473850e-04  108.580515427289    8.738077977289   86.822533511389
   8.6617159812e-04  108.091864161531    8.750320305589   87.064861011296
   9.1919316998e-04  107.525284088005    8.763484410108   87.325447766848
   9.7757052020e-04  106.848759646168    8.778042593467   87.613656972353
   1.0391267539e-03  106.075199603388    8.793455317156   87.918832743452
   1.1107574285e-03  105.097058577830    8.811452851026   88.275272159798
   1.1931999125e-03  103.867516171934    8.832226729487   88.686797563586
   1.2798446131e-03  102.454996983064    8.854093826346   89.120044557283
   1.3697376392e-03  100.856849906146    8.876772014423   89.569448898128
   1.4737642189e-03   98.834465344680    8.902969974416   90.088926671006
   1.5806719070e-03   96.561669292659    8.929936511767   90.624003133552
   1.7190777410e-03   93.340876567156    8.965486396482   91.327926763900
   1.8604185550e-03   89.770880065860    9.003407313390   92.072796519727
   2.0166759919e-03   85.593582351089    9.046680661052   92.916764074986
   2.1652342804e-03   81.575329240567    9.084570931372   93.663830057504
   2.3349761848e-03   77.293153978869    9.113937199306   94.276678736470
   2.4946568850e-03   74.061712084391    9.120975139476   94.481418487834
   2.6617141877e-03   72.133824402166    9.110635992710   94.353918722221
   2.7804606078e-03   72.011820105272    9.102219112453   94.229289525904
   2.7822015754e-03   72.018984196819    9.102147781535   94.228385009071
   2.9562983328e-03   74.211287285598    9.112615231300   94.479635609788
   3.1430109366e-03   80.220283479177    9.186556200035   96.044449351471
   3.3570100962e-03   92.441499141258    9.379866378735  100.251513492120
   3.5681599771e-03  110.490000243069    9.675473498482  106.905929566121
   3.7793098581e-03  134.348253562067   10.039867340912  115.400587189152
   3.9904597390e-03  163.146356320435   10.436605807985  125.007708591693
   4.2016096199e-03  195.482698604708   10.833861127855  134.970883964851
   4.4127595009e-03  229.746727258582   11.213029572374  144.786337946394
   4.6239093818e-03  264.242545662652   11.562245143123  154.088522043314
   4.8329477639e-03  297.018764532957   11.873588113507  162.588850610947
   5.0856036812e-03  332.836653490902   12.198308264689  171.661428858654
   5.3379499561e-03  362.587936380471   12.463926319835  179.241848738026
   5.5902962311e-03  384.693512584313   12.672987726662  185.331344800068
   5.8426425061e-03  397.505514251618   12.825481392676  189.905931022253
   6.0949887811e-03  400.772499710652   12.924173430969  193.014799050564
   6.3473350561e-03  396.629837601999   12.974273569588  194.766087002537
   6.5998491502e-03  387.970017311306   12.987420356941  195.455010656569
   6.8512278101e-03  377.085638539183   12.974793665954  195.379875610794
   7.1026064699e-03  365.280878355094   12.943137230055  194.726581415850
   7.3539851297e-03  353.367746323969   12.898440223115  193.655951430697
   7.6053637896e-03  341.524129719743   12.843029223925  192.240266656977
   7.8567424494e-03  330.061446074418   12.780554187656  190.589486142011
   8.1081211092e-03  319.029722716997   12.712046683970  188.742698592639
   8.2402014220e-03  313.299944514769   12.675551073061  187.758601114828
   8.4915800819e-03  302.617678176782   12.602249706491  185.775420875863
   8.7429587417e-03  292.265609788095   12.526476715919  183.711057675468
   8.9943374015e-03  282.133130314437   12.445055609620  181.478158030439
   9.2503582787e-03  272.714327256973   12.363364898938  179.199448742178
   9.5066335306e-03  263.508118921512   12.282728158929  176.949453180723
   9.7629087824e-03  255.179164631248   12.204146656967  174.749024464108
     0.010019184034  247.477933624084   12.131328737888  172.708634300170
     0.010275459286  239.951728471312   12.056655335011  170.641550465649
     0.010531734538  233.399590705512   11.986819546490  168.717922589293
     0.010788009790  227.133675237625   11.923665196739  167.011241844979
     0.011044285042  220.563382800947   11.856043495252  165.226701502257
     0.011300560294  214.817727076299   11.790428673139  163.489557023533
     0.011556835546  209.685847583768   11.732584936690  161.954530552782
     0.011813110798  204.115692340025   11.670164877894  160.310196843612
     0.012064446803  198.698856670241   11.603165670694  158.554105581694
     0.012316087376  194.243456032469   11.545532512637  157.041687944140
     0.012567724526  190.163740492868   11.495380685949  155.723172587817
     0.012819360592  185.529706003489   11.437975282595  154.237954288262
     0.013071013181  180.864702375218   11.376824489466  152.679885932716
     0.013322667148  176.836313063809   11.323192034641  151.312279063146
     0.013574321115  172.812852625908   11.269201741678  149.923233357016
     0.013825975082  168.514311755508   11.206396486041  148.312521873816
     0.014077629049  164.824958420659   11.148057997059  146.810431585065
     0.014329283016  161.558621910397   11.098362760234  145.537521595643
     0.014580936983  157.776478071479   11.045298608831  144.225283558405
     0.014832590950  154.004301212425   10.988642610141  142.828664791323
     0.014919701939  152.882288545865   10.970713273388  142.380468974350
     0.015171355905  150.180458414829   10.926476349259  141.259245948518
     0.015423009872  147.707285840566   10.888498160144  140.288378751738
     0.015674663839  144.680379510255   10.844654297413  139.187690816022
     0.015926317806  141.280950556371   10.791778805597  137.876936694335
     0.016177971773  138.398464852173   10.744233109665  136.688356777735
     0.016429625740  136.262466580577   10.708730745605  135.788696806279
     0.016681279707  134.367407442505   10.679371198850  135.044713805480
     0.016932933674  131.994009276342   10.643416043913  134.149738740644
     0.017184587641  129.231930145749   10.598908824549  133.057107190322
     0.017436241608  126.648886000988   10.557246561335  132.040901458798
     0.017687895575  124.503555216421   10.524729282707  131.254312160372
     0.017939549542  122.749478433145   10.499839366205  130.656514769513
     0.018191203509  120.913087813772   10.473567254834  130.029214917025
     0.018447192337  118.617442322217   10.436721067490  129.162410010272
     0.018705607766  116.329637286825   10.397252905529  128.233911743055
     0.018957674388  114.421824924515   10.364009671126  127.443997900993
     0.019217457433  112.719606707669   10.335074760355  126.753388668240
     0.019472735093  111.048119183047   10.307450365555  126.104094585966
     0.019727915032  109.213483514584   10.274678551401  125.356417716111
     0.019981714887  107.504232872862   10.240939726974  124.586042924819
     0.020235516521  106.009424173626   10.210251596272  123.873722095155
     0.020492233932  104.642490990856   10.182453492736  123.222467518930
     0.020756251164  103.368942174346   10.158593048058  122.655233916272
     0.021009044180  102.044829749191   10.133571547364  122.058325879751
     0.021262791552  100.528451483552   10.102804178393  121.349617348275
     0.021516538924   99.000163470556   10.071377310146  120.649277382117
     0.021770286296   97.603522610161   10.041272062705  119.978043285295
     0.022024033668   96.487705504133   10.014962089278  119.388347976126
     0.022276335866   95.648402621059    9.996853771180  118.989767848230
     0.022533524650   94.680156557581    9.977550524412  118.546063572690
     0.022784153876   93.493495307486    9.952618954249  117.976095226467
     0.023035914648   92.326839526972    9.928368581220  117.441485720973
     0.023287647710   91.284798607723    9.906774250742  116.963924248448
     0.023540950400   90.289852680828    9.885019115103  116.462284078733
     0.023799363262   89.346088332453    9.862507016036  115.918427364346
     0.024057776124   88.572177611002    9.845010354355  115.493601443529
     0.024310453022   87.895525513999    9.832763826908  115.201322609222
     0.024562969044   87.100151522889    9.815158754708  114.777222987315
     0.024773269250   86.410076057692    9.799136201381  114.417197842648
     0.025013734311   85.647402214938    9.783206352592  114.093282816902
     0.025021229980   85.623382886812    9.782733933567  114.083959328174
     0.026027523858   82.776627265552    9.718713852365  112.696722434865
     0.027046348638   79.185178591365    9.623686843249  110.711490027712
     0.028065173418   77.327067409189    9.583146453654  109.861129553766
     0.029090025963   74.156811650843    9.504947786526  108.172412323412
     0.030098088459   72.266445427037    9.463556076265  107.329138936883
     0.031107760944   70.232319187335    9.418737214882  106.400848334912
     0.032114358697   68.708749946523    9.388849943320  105.749822942682
     0.033116503422   67.550030025597    9.360565328544  105.259822192989
     0.034116562196   66.481659615773    9.342401395503  104.900230213925
     0.035123497744   65.403851209821    9.321944810404  104.479872140330
     0.036155483874   64.702252834066    9.302147160135  104.021625797227
     0.037165665260   63.922232073522    9.275257846050  103.611804291012
     0.038175464733   63.554328618159    9.272120265810  103.532880995834
     0.039185264206   63.333275673221    9.270483249172  103.480875459223
     0.040195063678   63.110813400636    9.265106636939  103.357920745797
     0.041204863151   62.269964231229    9.260073433864  103.382581551780
     0.042214662624   61.077052986176    9.249334670614  103.242113884050
     0.043224462096   60.322838990672    9.230464490696  102.792605875084
     0.044231389163   59.476457817627    9.217764038207  102.633243432539
     0.045047927346   58.678606911038    9.192559596793  102.226910402071
     0.046082927346   57.951866227792    9.181581151376  101.902247792669
     0.047117927346   57.340664019653    9.181462284467  101.960652934007
     0.048152927346   57.156768287786    9.204402549689  102.540121347951
     0.049187927030   57.821436164196    9.241879728345  103.368442007557
     0.050192533915   57.984736737314    9.269899358859  104.047651078879
     0.051213133915   57.742159780240    9.282422967733  104.399965845515
     0.052233733915   57.249156236343    9.287410182379  104.475101048425
     0.053249617965   56.651305038774    9.290667520102  104.550920648578
     0.054259183600   56.324504277916    9.299992912684  104.814858337928
     0.055261349776   56.064403503178    9.322377557441  105.285310687953
     0.056289557353   55.648296028565    9.327493532502  105.376496747373
     0.057317764930   55.582101225902    9.368871557755  106.368272541826
     0.058345972508   55.786672733880    9.421938334089  107.633606393261
     0.059367225807   55.938516452689    9.471655875656  108.856579353610
     0.060399202208   55.702421590482    9.501893471659  109.592439545591
     0.061408368202   55.302020024796    9.507888647907  109.702459492793
     0.062424705004   55.101347023488    9.531662982786  110.265920277929
     0.063465491301   55.221319734821    9.543993363990  110.737122636313
     0.064472631778   55.442120177729    9.579700681484  111.532528470370
     0.065104045378   55.657724864607    9.594120886168  111.918221901944
     0.066143072578   56.258137230466    9.634333974839  112.856473277472
     0.067171880254   56.921314130414    9.668479742782  113.739786839494
     0.068191984642   57.727642170906    9.691732566563  114.391780627382
     0.069260061192   58.486407338144    9.713745078478  114.988007894350
     0.070271639524   59.230948820648    9.663653413745  114.382917291952
     0.071339847950   59.516482651004    9.681357305531  114.662886845950
     0.072394338970   59.508887594558    9.717610614938  115.369588050211
     0.073429698970   59.403984074062    9.718521313894  115.536581746023
     0.074440477690   59.419637876091    9.741955389396  116.078008668259
     0.075511515003   59.349873538455    9.767468760225  116.661678454102
     0.076531515003   59.082539317024    9.757520253349  116.541316237964
     0.077561042011   58.883899512809    9.731503784343  116.094225599947
     0.078583826627   58.754426919134    9.778614012883  116.947872460345
     0.079587639944   58.790404636890    9.788055285402  117.326121437518
     0.080596839488   58.888093365758    9.811528582936  117.981953205282
     0.081621451839   59.052585819393    9.860817556600  119.103040046370
     0.082623962141   59.379480719766    9.910805900855  120.258371831004
     0.083642211803   59.694846257092    9.944458971276  121.263853689386
     0.084691912051   59.928053953783    9.986680952295  122.322749990925
     0.085108371348   59.993840945335   10.013623110433  122.860531076229
     0.086182188606   60.135172805889   10.047838256003  123.827829816622
     0.087206139403   60.574005551107    9.941587539792  122.193325479582
     0.088257060939   60.932800677488    9.928316807300  122.033866021445
     0.089270345407   60.256940787372   10.084106004826  125.088212052194
     0.089987632720   60.010451681223   10.117681351832  125.793941518249
     0.090055657168   59.959552369982   10.122356846560  125.868795454274
     0.091057642410   59.716200003857   10.156635013955  126.606937611281
     0.092059548334   59.765823710475   10.193312863070  127.440420088028
     0.093085840290   59.658344053034   10.227237436729  128.337972012337
     0.094108948207   59.762455636007   10.260634197474  129.273058411226
     0.095124934974   59.826556415752   10.286489058609  130.120295347794
     0.096161628141   59.741225161953   10.329760174684  131.014258380562
     0.097212146541   59.833365950870   10.351369976667  131.879720470792
     0.098259319917   59.823933001012   10.411066690582  133.274714170001
     0.099261262384   59.718330743302   10.444072295271  134.225963736157
     0.100263204850   59.673532948809   10.473149651564  135.146383684017
     0.101265147316   59.639807051369   10.500964156657  135.919458961205
     0.102282888425   59.588047552872   10.532113847864  136.729278583015
     0.103297998067   59.533070621909   10.563184074110  137.489018352714
     0.104335370316   59.705710812691   10.602219616665  138.485273617063
     0.105382266571   59.743925670166   10.633083457096  139.249526995254
     0.106429162826   59.875140458966   10.660644044101  140.119652990468
     0.107436430682   59.859468932414   10.695160334915  141.078307286443
     0.108456797402   59.823357559469   10.736047232333  142.137713346420
     0.109472116706   59.751914619535   10.750332663118  142.740311011224
     0.109992495230   59.699587879587   10.768799704695  143.208000251577
     0.111033881505   59.521454896444   10.794673859014  143.890178437035
     0.112075267779   59.522773811902   10.817634315184  144.605294253102
     0.113116654054   59.406779482775   10.842397091241  145.299422952285
     0.114158040328   59.263888405725   10.866419754840  145.919956886389
     0.115199426603   59.278625317042   10.897762757598  146.826318740620
     0.116225047571   59.236021520472   10.929537383902  147.746729536236
     0.117258533185   59.163356381931   10.977626418322  148.990944083828
     0.118277182214   59.036344565960   10.989132816216  149.478898567304
     0.119306423039   58.960714552417   11.010825746007  150.201950849253
     0.120326789759   58.659757425405   11.036118555121  150.782883588635
     0.121351863119   58.454710771026   11.048877823220  151.283875488909
     0.122357883119   58.173655079080   11.069888917491  151.780253417163
     0.123363903119   57.891252047158   11.073295732634  152.007221440574
     0.124366480619   57.841428953861   11.102349462709  152.842776163543
     0.125408950619   57.781854345599   11.138717827663  153.723548459476
     0.126414548285   57.891489240219   11.159951353320  154.745644330929
     0.127431933031   58.008673451369   11.200779070651  155.871319988635
     0.128432807155   57.947581789916   11.230151774099  156.584546440813
     0.129453590755   57.877537359285   11.261612860098  157.336194257278
     0.130000331541   57.799387711460   11.269695870710  157.636460099964
     0.131020891483   57.669130107373   11.293076917796  158.581258838069
     0.132041451426   57.579875776018   11.316825074014  159.434070026406
     0.133062011368   57.328474773468   11.329813566229  159.802402207182
     0.134082571310   57.147187996778   11.345409371395  160.248594470351
     0.135088307004   57.077076207245   11.370570137558  160.927660664337
     0.136103397204   57.051430189430   11.405215997497  161.994727109661
     0.137110714014   57.105159983697   11.447560321211  163.233902584761
     0.138125490654   57.119554085367   11.468336548450  163.892067833281
     0.139145857374   56.966637949723   11.490134413297  164.442097821281
     0.140146748049   56.968689882615   11.505835296428  165.349801293742
     0.141161493046   56.959205796681   11.535524671652  166.203465799945
     0.142188709450   56.980168736921   11.577566087571  167.144943765223
     0.143193132940   56.956710232614   11.596827381489  168.085678543111
     0.144215757940   56.770289487766   11.607965259330  168.557360985117
     0.145218132940   56.678149858059   11.622210090458  169.059572584589
     0.146223545047   56.472555391626   11.633425060877  169.343507181790
     0.147234948752   56.184874549790   11.651041271214  169.879063346484
     0.148246349333   56.193974370568   11.686709809548  171.216433909254
     0.149257749914   55.983200807524   11.693049421992  171.382603230522
     0.150000744431   55.918298471125   11.705942656419  171.768340590681
     0.151017956895   55.720753547044   11.732156156271  172.320491439862
     0.152039206717   55.708532100202   11.756674151391  173.413021587350
     0.153048480137   55.674447314599   11.781641054524  174.216393694308
     0.154052979691   55.583955160802   11.792426877178  174.463407836277
     0.155055354691   55.581906959001   11.826293318195  175.579874505863
     0.156069433148   55.363334307896   11.835453407976  176.123681673954
     0.157079403228   55.385221067945   11.849757302323  176.765901028633
     0.158094368106   55.116326459129   11.872690731491  177.025216531206
     0.159108767689   55.126893222943   11.893714495026  178.202883880936
     0.160118129727   54.982763382971   11.907810073115  178.742081794920
     0.161122847913   54.886888698909   11.924537053338  179.062254504386
     0.162127501038   54.784775051210   11.936159481797  179.486033584741
     0.163132154163   54.852932008728   11.980275800394  181.125622270601
     0.164145728446   54.800512423689   11.997968493111  181.730611669320
     0.165167541161   54.381949753102   11.991301276015  181.480934559304
     0.166185780227   54.114214642608   11.991781435214  181.531028371141
     0.167201215597   53.965512977890   12.034046454227  182.571166093498
     0.168220998112   54.140976466056   12.060377089402  183.748321364758
     0.169230966862   54.026809583806   12.066840847343  183.957970953816
     0.170009326237   53.931210950813   12.097825877038  184.988977419351
     0.171012135091   53.731307652476   12.106981170360  185.574171940800
     0.172016921921   53.540015669614   12.106395086033  185.521089500965
     0.173017220192   53.516863758650   12.135335257733  186.177671936890
     0.174021513868   53.627698749706   12.158466473522  187.252465079925
     0.175026599328   53.884696741993   12.217742579507  188.836917640138
     0.176030793236   54.025609028901   12.247420724981  190.165196076430
     0.177034987143   53.722321552885   12.250333141411  190.261488226682
     0.178037477778   53.113349382526   12.235589641662  189.900300040295
     0.179040537317   52.774168276000   12.234001249918  189.860521690504
     0.180049434984   52.561920608647   12.208927472332  189.198648136551
     0.181062129022   52.770331260625   12.285512625507  191.458178380857
     0.182067180477   52.773491681676   12.284290359104  191.734281322959
     0.183080239883   52.668077809352   12.300134258641  192.014055398679
     0.184093299290   52.820675545570   12.329879669322  193.536641089079
     0.185111644266   52.749395242874   12.345495869921  193.899121665402
     0.186118850079   52.559954551359   12.346652183950  193.845300434389
     0.187123173650   52.162611020244   12.323177701509  193.355545407961
     0.188138078337   51.997659869855   12.349077023755  193.920385108223
     0.189152983025   52.018893102501   12.386412344493  195.550515060772
     0.190159462138   52.028628454039   12.405831012067  196.139410445537
     0.191160896272   51.677853327840   12.403017564060  195.933174458625
     0.192168747346   51.421013236012   12.409959990874  196.327263476156
     0.193171275599   50.978998397364   12.392889517367  195.953707800558
     0.194186390371   50.735404232413   12.398051124778  195.924237227480
     0.195201731305   50.539280213480   12.395759316813  195.878066616901
     0.196216635992   50.610822791332   12.433617382503  197.383722243398
     0.197231540680   50.636636927849   12.447777340731  198.082990040746
     0.198246445367   50.478766771724   12.454099080525  198.213484856073
     0.199253457835   50.126883565113   12.447477712094  197.929365125455
     0.200255997665   49.974408893488   12.457836837250  198.180652503766
     0.201259206033   49.939369680417   12.497786015223  199.861652403809
     0.202262414400   49.911740190985   12.519567421031  200.726229058854
     0.203265622768   49.537584305213   12.509440827469  200.461348006100
     0.204279422991   49.263012281315   12.506813332138  200.290707677289
     0.205291439268   49.171012140427   12.515152921936  200.284969048999
     0.206298425086   49.222929007404   12.544765924692  201.753626544608
     0.207310766883   49.185326716758   12.580910730871  203.032927521705
     0.208323108680   48.802727557135   12.560508039193  202.341902967976
     0.209332291848   48.641253221779   12.567155315528  202.606500305925
     0.210334662699   48.397467026574   12.544780745016  201.775647894829
     0.211339014395   48.473741379474   12.564800306046  202.379346200648
     0.212344890588   48.351468732211   12.591497555316  203.655695463023
     0.213350762137   48.463398707949   12.620364887883  204.734260770620
     0.214356633685   48.207658456736   12.614185986331  204.215403746122
     0.215366215934   47.959211420961   12.612924709951  204.296351056195
     0.215852860291   47.834906842707   12.616555542084  204.355183625922
     0.216863007611   47.576083126460   12.605145490172  203.924804025020
     0.217869448473   47.530209198402   12.646163812163  205.649019588778
     0.218878355996   47.643648754768   12.656811763871  205.864296390760
     0.219881945534   47.909894499213   12.711459285662  207.965710843678
     0.220891990040   47.897811741610   12.704347261059  207.801993518698
     0.221904605205   47.884445997288   12.712182566817  208.255159277220
     0.222912719397   47.420847597957   12.691007586347  207.199049501907
     0.223919455131   47.472340102417   12.715558699928  207.930281673949
     0.224375780860   47.461133681194   12.737834050317  208.902583540614
     0.224387186426   47.461069145918   12.737989032872  208.920432825360
     0.225390514967   47.618047344030   12.762494863672  210.184474005130
     0.226396943470   47.288571346181   12.744299101527  209.352451172234
     0.227406782635   47.197813490174   12.750610586804  209.475132815549
     0.228410578851   47.155926054989   12.746440250163  209.580156391209
     0.229413395686   46.759220366980   12.752392233210  209.838219918025
     0.230424657101   46.361240757661   12.749219240182  209.894769480380
     0.231435560132   46.291814000132   12.759336311452  210.071613339414
     0.232444240347   46.092337832699   12.759462624907  210.111519900127
     0.233454909152   45.720474540716   12.764654876262  210.410486090285
     0.234458303036   45.426360870314   12.764816914573  210.415789635334
     0.235459628162   44.766799394489   12.716651139688  208.946220675876
     0.235915573812   44.365160588948   12.685857961296  207.757895823746
     0.236917905453   43.533771255093   12.643730355282  206.344895657020
     0.237930002858   42.726289781281   12.578612498086  204.447830390549
     0.238944856136   42.227863084940   12.561093925365  203.618780169154
     0.239952282393   41.708718793330   12.521525024422  202.509622428237
     0.240957466464   41.217719892709   12.542396670211  202.874011520547
     0.241962465989   40.427807714834   12.454776550760  200.520331661545
     0.242965616113   39.840071864533   12.434435382977  199.285902264776
     0.243979588636   39.321039632725   12.403860341722  198.867097690706
     0.244993943567   38.886267103200   12.422440194012  198.990182676474
     0.245996398323   37.964566977859   12.357366229347  196.574084505637
     0.247005508913   37.138138318501   12.294353119100  194.896773243637
     0.248009222695   36.501730065723   12.239885576375  193.405023018226
     0.248090814139   36.478255505349   12.248965852494  193.599101710753
     0.249096224378   35.758882108603   12.198506709081  191.954536560977
     0.250097803197   34.838973886695   12.113562386580  189.316540105405
     0.251111994286   34.075496480333   12.050071460404  187.170484375834
     0.252126898974   33.604288391517   12.034570725654  186.595148140580
     0.253141803661   33.350285527539   12.019824905126  186.231594068872
     0.254156708349   33.044519603347   12.006354664443  185.849669901281
     0.255171259927   32.906213238484   12.014735728902  186.344338982050
     0.256184319333   32.607214619093   12.007697151903  186.195456360578
     0.257194553865   32.298053088047   11.988951147332  186.024314836858
     0.258202624177   32.278853751128   12.016859144383  187.209034557738
     0.259210694490   31.936379325546   11.996978602391  186.103008182192
     0.260218764802   31.772943244421   11.991144124034  186.019701215975
     0.261226835115   31.668288007282   11.995251021740  186.072854216741
     0.262234905427   31.485917982090   11.984986368845  185.467334665390
     0.263245823396   31.582297064689   12.031143599126  187.198868930972
     0.263559065583   31.569892750968   12.036291579076  187.462046607201
     0.264569983552   31.523418712973   12.049412207796  187.830571393103
     0.265575206208   31.230961807706   12.033659674567  187.367503698186
     0.266590110896   31.002685615595   12.023891013403  187.192139603926
     0.267605015583   30.899218740595   12.021392243158  187.055054036739
     0.268619920271   30.796082200822   12.023486393280  186.927758193052
     0.269634824958   30.678032158641   12.023097218822  186.888983897906
     0.270649729646   30.724551447119   12.046394093226  188.295063624070
     0.271664634333   30.527995586301   12.033386079183  187.831151869807
     0.272675943855   30.424028628899   12.031279250379  187.763179198529
     0.273686235339   30.397150860596   12.049578232852  188.087839967269
     0.274696526824   30.279086859961   12.054094921347  187.965036531174
     0.275702824470   30.198427366284   12.060503144330  188.813168020597
     0.276713115954   30.305411093106   12.092685758025  189.824377987885
     0.277723407439   30.119674130278   12.077449355905  188.945268224628
     0.278097076892   30.153096531275   12.088937491629  189.307781312785
     0.278443057947   30.179870047919   12.095833917854  189.595672722422
     0.278456896926   30.171061953001   12.096038180690  189.603301402855
     0.279468924735   30.126759745612   12.105060593313  189.936128531425
     0.280476959451   30.001978047706   12.091033451201  189.941008351787
     0.281487250936   30.047539749325   12.107949633394  190.455261150736
     0.282497542420   29.929257122570   12.103478465902  190.135845807682
     0.283507833905   29.836571359443   12.097984960057  190.054686900968
     0.284509582420   29.831647416021   12.101047160681  190.104327659803
     0.285521924217   29.782396211245   12.110714301478  190.094601493757
     0.286534266014   29.753449742049   12.118981673534  190.303346906292
     0.287546607811   29.788364446759   12.134928539705  191.408055985398
     0.288558949608   29.899171181501   12.163805857295  192.444380876339
     0.289571291405   29.859153197505   12.167699221432  192.375129153486
     0.290583633201   29.863646930590   12.178491193285  192.751722232649
     0.291590635643   29.807698580994   12.183570775790  192.758512445646
     0.291655220487   29.805779816893   12.183878157769  192.762887685727
     0.292665511971   29.788908308425   12.196088861486  192.985641732093
     0.293675803455   29.881868201904   12.211034637220  194.328650346820
     0.294684813494   29.950011928200   12.228398149472  194.760292539355
     0.295697155291   29.911621074423   12.236351173070  194.659347822055
     0.296709497088   29.921559837309   12.248496945906  194.959792127625
     0.297721838885   29.989596982389   12.267713403234  196.281856075500
     0.298734180682   30.005579887380   12.279879921436  196.782039863105
     0.299746522479   29.978119811548   12.283326258983  196.870769531497
     0.300758864276   29.919497998073   12.283085176020  196.860931087577
     0.301771206072   29.852198845281   12.285529992170  196.870311627696
     0.302783547869   29.771037612865   12.285655703107  196.749595422619
     0.303795889666   29.742617406625   12.294331484554  196.949349513702
     0.304641643572   29.674974025104   12.298331879836  197.043225483309
     0.305647140316   29.509835590474   12.288575237907  196.651492377367
     0.306652871649   29.527664377582   12.313467514978  197.334169830926
     0.307657743542   29.665564043027   12.348644981305  199.207997768523
     0.308662615435   29.651185033610   12.357266541751  199.268314119888
     0.309667487329   29.591547054837   12.357095452813  199.308077723081
     0.310672359222   29.545984138545   12.361159226902  199.346564291559
     0.311679014409   29.529194808962   12.375437785455  199.500313087022
     0.312691356206   29.647687201200   12.397289689740  201.487436125888
     0.313703698003   29.714859086720   12.415218629937  202.331496955746
     0.314716039800   29.654946833380   12.416188833576  201.883096649151
     0.315720760307   29.575528797378   12.414416616088  201.546834286294
     0.316730250461   29.507069821421   12.427309195342  201.510638807588
     0.316837037570   29.515976341018   12.433591976471  201.602161473578
     0.317840836399   29.479194501341   12.444320145406  201.854318484073
     0.318842509563   29.640522587224   12.486726794874  204.597183150649
     0.319849284724   29.606417550128   12.494180786513  204.898507328060
     0.320852578886   29.461400972522   12.456977249085  204.221226011356
     0.321855873047   29.367609629644   12.455527928355  204.170902448720
     0.322859167209   29.367272749311   12.461341048780  204.399176271008
     0.323862461370   29.337185174345   12.459671333470  204.353999319323
     0.324865755532   29.296185101754   12.463276447971  204.512630791729
     0.325869049694   29.267591560320   12.467234484267  204.704160275278
     0.326873137199   29.276279451487   12.478932759517  204.738453784018
     0.327883236467   29.255030427416   12.497254963107  204.450634295782
     0.328890068049   29.256001981243   12.522992983926  204.707940452963
     0.329440192521   29.313237114679   12.547998202309  205.998370246917
     0.330442994510   29.420782829359   12.574082377326  207.476438666930
     0.331450435015   29.441792627680   12.581570403210  208.054582694643
     0.332457875090   29.390645791391   12.546328956255  207.693595590627
     0.333471582857   29.307970736924   12.546407261777  207.656295867506
     0.334482500826   29.257895684507   12.548018124514  207.672109382432
     0.335493418794   29.234874422807   12.555292626693  207.746810877996
     0.336504336763   29.228779806384   12.561816003211  207.779451366073
     0.337515254732   29.155111596584   12.561197627801  207.463804380026
     0.338516668648   29.139379852955   12.565700519379  207.571573540656
     0.339525272896   29.110931136303   12.592760874980  207.284809654567
     0.340528644576   29.277601677237   12.626879601858  209.182107955096
     0.341532016255   29.382005938960   12.643934910333  209.828704741016
     0.342327793794   29.392332715021   12.645937299774  209.793366426776
     0.343331165474   29.335159757726   12.645084078862  209.723783872144
     0.344334537154   29.296809182547   12.641038758791  209.729269382811
     0.344530598287   29.295757447329   12.644197162899  209.757442238446
     0.344542131294   29.295785970798   12.644507255975  209.758374259285
     0.345545502974   29.273200256413   12.654192843637  209.523550002047
     0.346549825379   29.274274336247   12.668637680963  209.856957399924
     0.347560116864   29.311201458041   12.673263751594  211.395209793966
     0.348570408348   29.305219139440   12.685208541264  211.883167113194
     0.349580699833   29.212885357731   12.680953748537  211.750473870292
     0.350590991317   29.164656595312   12.682596040860  211.881458340296
     0.351581142753   29.131120481315   12.681275696639  211.802743745083
     0.352542226737   29.148884253470   12.720957495935  212.433782638864
     0.353503310721   29.149704157251   12.725864232850  212.489058843913
     0.354464394706   29.113998581182   12.724883316037  212.345168629131
     0.355425478690   29.141015206107   12.736421298697  212.712221074494
     0.355761858085   29.112437935384   12.732758745670  212.579718618608
     0.356721340262   29.102121496717   12.747565527908  212.590021531043
     0.357682424247   29.224741603486   12.779012565649  214.326361771194
     0.358643508231   29.304953679930   12.802926277726  215.389656166931
     0.359604592215   29.255433428594   12.802823541027  215.398709239293
     0.360565676200   29.207631408263   12.806323932781  215.547717393670
     0.361526728755   29.165033703439   12.808786315447  215.602972088219
     0.362487453968   29.116105510084   12.810061534438  215.601976726224
     0.363447792836   29.064437869242   12.810810888502  215.567080838684
     0.364407790535   29.031926826535   12.814424418145  215.652647692663
     0.365367424343   28.993732977408   12.815069164679  215.598462539976
     0.366326918672   28.972904144053   12.816737197346  215.532143670634
     0.367286413001   28.998106758008   12.815249722297  215.672438842242
     0.368184465847   29.006595054249   12.825774394434  215.820155087080
     0.369184598749   29.009919016551   12.839063485540  215.964356732849
     0.370184731650   29.117509796955   12.863373188680  217.984247750664
     0.371184864552   29.169548005671   12.879716664078  218.454994671411
     0.372184997453   29.127377670649   12.879653910809  218.409624254890
     0.373185130355   29.067786042550   12.881577426371  218.498636244705
     0.374185263256   29.002747188148   12.878985639440  218.387198929984
     0.375185396158   29.004484434419   12.885363205009  218.600841011187
     0.375477101587   28.976626528712   12.882242409357  218.386401106590
     0.376477234489   28.976252434968   12.889015535581  218.604367246779
     0.377477367391   28.926584050325   12.888189972087  218.399043992797
     0.378477500292   28.960820902319   12.896004745139  218.757817417120
     0.379404542475   28.943816871512   12.907643691785  218.887559448419
     0.380405437489   28.966355925288   12.943011984150  219.928383058072
     0.381406332503   29.012394809346   12.924504104805  220.762092612993
     0.382407227517   29.020568037369   12.926858789904  220.851316511098
     0.383408122531   29.038231759485   12.927911666871  221.018499508427
     0.384409017545   29.030620593701   12.926284836113  220.871353234651
     0.385409912559   29.044505068390   12.932547189239  221.064631034289
     0.386410807573   29.018892942732   12.932842149579  220.971602168817
     0.387359708040   28.997137182757   12.938662135524  221.070829439438
     0.388360603054   28.958969875667   12.939173741656  220.912194607223
     0.389361498068   28.968702594428   12.951411819676  221.216236207715
     0.390362393082   28.933665106096   12.955478306242  221.269988311190
     0.391291427220   28.945192979510   12.976552615615  221.595055149349
     0.392156402806   28.968910490888   13.018061357835  223.211390622241
     0.393021378392   29.035427239188   13.060616664867  224.993996920040
     0.393886353978   28.993656459076   13.064320220508  224.999364974381
     0.394751329564   28.938463882259   13.071198032319  225.495640077224
     0.395616305150   28.843183437583   13.073417491674  225.787636818515
     0.396481280736   28.649242324680   13.041492801921  223.219916322492
     0.397078113890   28.576738657746   13.017683323533  222.490662041779
     0.397943089476   28.545869831083   13.025633497706  222.894911801302
     0.398808065062   28.685930878090   13.055239447538  224.644739073264
     0.399673040648   28.737946475314   13.062113689180  224.576490941687
     0.400538016234   28.765124210559   13.065898551388  224.969477557358
     0.400832107933   28.775847880592   13.072181539071  225.175016477435
     0.400840757689   28.775536968445   13.072248107535  225.176699186445
     0.401705733275   28.715911863818   13.075599379269  224.796376866457
     0.402570708861   28.742759943223   13.090049235429  224.944241807936
     0.403435684447   28.864454099606   13.116717965722  227.105109560812
     0.404300660033   28.933920115600   13.132639016896  227.696351132903
     0.405165635618   28.902524834416   13.125074077795  227.470253335399
     0.406030611204   28.916131036593   13.131221380419  227.866859973029
     0.406895586790   28.887946196866   13.130934258864  227.681266603613
     0.407760562376   28.884173452552   13.133907758304  227.727561343534
     0.408625537962   28.873433430968   13.134922890908  227.738465162252
     0.409481863792   28.887122984326   13.141497028077  228.007733749987
     0.410346839378   28.862843160755   13.141245722529  227.916969433061
     0.411211814964   28.886049743982   13.152068784878  228.245972144272
     0.412076790550   28.839229910906   13.142429646547  227.886259785839
     0.412993443482   28.905722012487   13.161255764069  228.709049030512
     0.413919953576   28.849672812204   13.157019850942  228.407263131917
     0.414846463670   28.794495085938   13.155442355423  228.502622335534
     0.415772973765   28.737401374514   13.155290073836  228.273738379210
     0.416699483859   28.719998551808   13.164746859551  228.054758808583
     0.417625993954   28.835852805026   13.196138207269  230.204635064780
     0.418552504048   28.917961305780   13.216060540366  231.451006287771
     0.419479014143   28.920155540730   13.226580585311  231.962507693108
     0.420405524237   28.874731027733   13.229547686027  232.055829629593
     0.421332034331   28.876689096519   13.232899281807  232.191947203460
     0.422258544426   28.896878058825   13.235081809044  232.303593759148
     0.423185054520   28.904935678246   13.238265141366  232.423989913027
     0.424111564615   28.900201911696   13.244238594718  232.639560208132
     0.425038074709   28.887709478873   13.250258242098  232.864229903066
     0.425964584803   28.869673607939   13.254215306809  233.021011786642
     0.426891094898   28.818607427081   13.250706719148  232.903380394963
     0.427817604992   28.838792778349   13.258415131492  233.156088975373
     0.428723123505   28.796449012952   13.251760817819  232.857206280539
     0.429529943415   28.787709137096   13.254237495100  232.659740111890
     0.430387823132   28.774584192175   13.272379791876  232.124312314077
     0.431245702849   28.855784451696   13.284402612724  232.522074028821
     0.432103582567   29.016347066255   13.318412209248  234.987824536400
     0.432961462284   29.101973568747   13.334894680053  235.963859441541
     0.433819342001   29.040825528154   13.327581105274  235.707913713136
     0.434677221718   29.037559037354   13.338133645009  236.112787001724
     0.435526420849   28.968393162082   13.331130038059  235.835176620791
     0.436391396435   28.969498271305   13.342773395023  236.272368171495
     0.437256372021   28.920637349509   13.338597877180  236.175606321426
     0.438121347607   28.889481441964   13.334559162398  236.083607208846
     0.438986323193   28.943190209458   13.341401689973  236.302174303310
     0.439851298779   28.879645847551   13.321384261652  235.540937663428
     0.440716274365   29.011649034433   13.338523941969  236.191917586858
     0.441581249950   29.017250714172   13.334511667334  235.933889308889
     0.442446225536   29.006688750438   13.336340718143  235.718018142646
     0.443311201122   29.046811519014   13.352706035476  235.787659395384
     0.444176176708   28.957904720517   13.356849202152  235.570384628481
     0.445041152294   29.162947695674   13.404866729578  238.467751857164
     0.445906127880   29.200489761191   13.414492478110  239.126915300445
     0.446771103466   29.121241285845   13.417192101534  239.257303034357
     0.447636079052   29.087501471113   13.421804570867  239.376176081082
     0.448501054638   29.010983761086   13.418538144782  239.208487646758
     0.448699999023   28.990333764071   13.414930248190  239.105073017775
     0.448708648779   28.989265724386   13.414769592648  239.100251094613
     0.449573624365   29.041398697626   13.434049897919  239.827124385876
     0.450438599950   28.904735558608   13.420465923185  239.330271395003
     0.451303575536   28.900478755038   13.438644281174  239.873549314201
     0.452168551122   28.811209090959   13.414739711464  238.923305481520
     0.453033526708   28.958759571623   13.434605992977  239.819414053229
     0.453898502294   28.966524451580   13.430473758976  239.642624890230
     0.454763477880   28.954635061583   13.440184889043  240.113826138014
     0.455628453466   28.887889333896   13.429836809151  239.652409141107
     0.456493429052   28.943838607336   13.443447663050  239.839613911692
     0.457349754882   28.874674932347   13.437401347861  239.163850680279
     0.458214730468   28.823224446791   13.438809363883  238.987915622281
     0.459079706054   28.821130359979   13.454561507042  239.078286659199
     0.459944681640   28.910749812239   13.479959090345  241.092819694421
     0.460809657226   28.984625368991   13.498579113215  242.404475364344
     0.461674632812   28.963560142197   13.502089742219  242.565087667957
     0.462539608398   28.910716689840   13.505706545546  242.737306806029
     0.463404583984   28.872649294116   13.506556864816  242.769091303353
     0.464269559570   28.852299139134   13.509140907008  242.880262790571
     0.465134535155   28.862165692294   13.518638561331  243.230217201259
     0.465999510741   28.805765948603   13.512923166724  243.029399339342
     0.466864486327   28.834685825288   13.518503030151  243.194342319314
     0.467729461913   28.891548812571   13.526831714043  243.504697661733
     0.468594437499   28.872697098456   13.533116753064  243.803295446667
     0.469459413085   28.823168823541   13.526789136300  243.505881738900
     0.470324388671   28.855589147969   13.527166838848  243.287883636627
     0.471189364257   28.869387991022   13.531646265464  242.726197669029
     0.472054339843   28.870291777185   13.542982278548  242.628231111304
     0.472919315429   29.001495995165   13.576580756522  244.934899491529
     0.473784291015   29.125561022827   13.600063166216  246.381729891440
     0.474649266601   29.081181786015   13.602107635616  246.562262919671
     0.475514242187   29.013539639617   13.603459235853  246.567230974441
     0.476379217773   28.969552040920   13.610405267454  246.801577997606
     0.477244193359   28.853048467806   13.603986884456  246.349972005591
     0.478109168944   28.748952617906   13.587369311883  245.341004954323
     0.478974144530   28.754752422007   13.590659699741  245.734709131704
     0.479839120116   28.796765156570   13.595533514353  246.105962448711
     0.480704095702   28.817421059349   13.605376681012  246.700759241647
     0.481569071288   28.760932945333   13.603672250117  246.671560905608
     0.482434046874   28.780941221745   13.609589631573  246.854275101660
     0.483299022460   28.788396225957   13.608167040588  246.817804705609
     0.484163998046   28.784685831423   13.606262055900  246.683343985924
     0.485028973632   28.792034902148   13.607515411952  246.684733711408
     0.485893949218   28.777375426323   13.604877270228  246.216689402307
     0.486758924804   28.785089275121   13.611511939260  245.949208281592
     0.487543009154   28.797193813155   13.618337757110  245.898116303073
     0.488263822143   28.775348779531   13.622168621880  245.803899399425
     0.488984635131   28.795543197421   13.652522704541  247.030406312646
     0.489705448119   28.882954466326   13.670875412942  248.742407965605
     0.490426261108   28.941469784437   13.680522040922  249.387726247727
     0.491147074096   28.916874207188   13.679816407172  249.395764326930
     0.491867887084   28.864213423013   13.676725891745  249.218513509634
     0.492588700072   28.882655442895   13.683039994525  249.463454868566
     0.493309513061   28.869897133902   13.678689600770  249.347203502927
     0.493540173217   28.882095292025   13.680856133892  249.422967040839
     0.493547381347   28.883018394816   13.681021170250  249.429116678013
     0.494268194335   28.953910257507   13.694354060370  249.936053588962
     0.494989007323   28.953972464331   13.690599332873  249.779776316547
     0.495709820312   29.002047798415   13.697811433649  249.963899179259
     0.496430633300   29.053542060822   13.711098165767  250.505781523079
     0.497151446288   28.988935977482   13.714166183353  250.718797378515
     0.497872259277   28.923395692894   13.715931223480  250.719870487838
     0.498593072265   28.874429054571   13.708248367143  250.432976865971
     0.499313885253   28.875105869643   13.705965979552  250.242170496213
     0.500013073852   28.863521940218   13.702434710026  250.060676024663
