# {0} signal over time, extracted at r = 500 km
# All quantities are measured in a resting observer's frame at infinity
# cols=4 rows=809
#              time        luminosity               <e>             <e^2>
#               "s"           "foe/s"           "MeV^1"           "MeV^2"
  -4.8313946701e-04  9.8645171912e-07    7.075079490159   64.407118204818
  -4.7249155474e-04  9.8619458732e-07    6.125029722415   52.907049934499
  -4.5499734424e-04  9.8896496376e-07    5.185511014305   41.534780397596
  -4.3407764026e-04  9.9702868467e-07    4.533338068270   33.640055254254
  -3.9858158066e-04  1.0216369711e-06    3.918322781437   26.190715894563
  -3.7742254793e-04  1.0425674942e-06    3.692059983138   23.446165467561
  -3.6107482069e-04  1.0618044332e-06    3.557244980367   21.808183469350
  -3.5617745043e-04  1.0680730735e-06    3.521956330266   21.378897750720
  -3.4128324593e-04  1.0885289607e-06    3.426281708560   20.213411733494
  -3.2500737435e-04  1.1131730186e-06    3.338219981640   19.137825502157
  -3.0989601411e-04  1.1380316697e-06    3.268602030523   18.284756548326
  -2.9705638938e-04  1.1605260763e-06    3.216874733654   17.648779419762
  -2.8452173234e-04  1.1836328609e-06    3.171865931202   17.093506019078
  -2.7968932869e-04  1.1928381635e-06    3.155790331117   16.894671653664
  -2.6949205255e-04  1.2127895997e-06    3.123957270419   16.500018155705
  -2.6045500207e-04  1.2310455388e-06    3.097909257792   16.176046431832
  -2.5138998175e-04  1.2498765031e-06    3.073621163206   15.872971269122
  -2.3982303489e-04  1.2746435973e-06    3.045039615149   15.514884223168
  -2.2845668956e-04  1.2998167670e-06    3.019312056287   15.191046304413
  -2.1850335942e-04  1.3225775231e-06    2.998499601445   14.927935536881
  -2.0791577812e-04  1.3475616515e-06    2.977940994381   14.666977203292
  -1.9815269115e-04  1.3713333147e-06    2.960288684323   14.442034689403
  -1.8826260278e-04  1.3961517117e-06    2.943564936277   14.228137987620
  -1.7810854109e-04  1.4224216734e-06    2.927499804551   14.021894008294
  -1.6738145721e-04  1.4510573329e-06    2.911636641378   13.817434258338
  -1.5565599147e-04  1.4834106807e-06    2.895483146496   13.608308628798
  -1.4330340515e-04  1.5186972162e-06    2.879683574549   13.402727245172
  -1.3026085284e-04  1.5573105065e-06    2.864233611690   13.200517357339
  -1.1820909255e-04  1.5942442144e-06    2.850984736897   13.025996444897
  -1.0766853678e-04  1.6275476938e-06    2.840143344044   12.882260445990
  -9.7918578629e-05  1.6591965780e-06    2.830693741954   12.756165405423
  -8.9624300214e-05  1.6867659657e-06    2.823068062920   12.653765228213
  -8.1423617251e-05  1.7146145880e-06    2.815883237528   12.556678521459
  -7.3676131684e-05  1.7414688112e-06    2.809405131242   12.468566693359
  -6.6704420001e-05  1.7660908253e-06    2.803822401937   12.392138521739
  -6.0646851519e-05  1.7878391200e-06    2.799154645744   12.327843121716
  -5.6030128490e-05  1.8046380525e-06    2.795708034248   12.280115133130
  -5.0438794354e-05  1.8252447183e-06    2.791658847834   12.223742824429
  -4.4748387825e-05  1.8465134148e-06    2.787675017406   12.167935356123
  -3.9166160798e-05  1.8676716934e-06    2.783897820307   12.114675950674
  -3.3787874097e-05  1.8883351436e-06    2.780378198301   12.064715572494
  -2.8540291572e-05  1.9087622321e-06    2.777054570087   12.017214642453
  -2.3130493356e-05  1.9300984098e-06    2.773739839196   11.969499181530
  -1.8060520584e-05  1.9503525389e-06    2.770733974711   11.925907386284
  -1.3539141183e-05  1.9686277258e-06    2.768133834646   11.887929984062
  -9.1351293383e-06  1.9866230944e-06    2.765672811137   11.851735102452
  -4.7608446987e-06  2.0046886115e-06    2.763297113394   11.816545704129
  -9.4447107635e-08  2.0241729462e-06    2.760836989691   11.779826655557
   4.4267069827e-06  2.0432616830e-06    2.758525257634   11.745042021379
   8.5601447645e-06  2.0608965562e-06    2.756472594637   11.713908913670
   1.2192037432e-05  2.0765372118e-06    2.754716238336   11.687071346574
   1.9451155026e-05  2.1025231753e-06    2.753311552622   11.664588333800
   3.2966403167e-05  2.1634746079e-06    2.747442525452   11.571108130811
   5.0680739976e-05  2.2460023745e-06    2.740707840547   11.458689916467
   6.9478970014e-05  2.3371094064e-06    2.734674481677   11.350961137105
   8.7272678135e-05  2.4270754631e-06    2.729989870536   11.259496583567
   1.0555116840e-04  2.5235775081e-06    2.726123474795   11.175279058227
   1.2288235029e-04  2.6191634857e-06    2.723276008749   11.103926023512
   1.4086751210e-04  2.7228053777e-06    2.721098781147   11.038051796728
   1.5793895829e-04  2.8255722066e-06    2.719709462619   10.982738237166
   1.7558292250e-04  2.9364638186e-06    2.718915562574   10.932504759839
   1.9412576080e-04  3.0583100550e-06    2.718733887770   10.886862722448
   2.1210131911e-04  3.1817748476e-06    2.719151657578   10.849213555210
   2.3055112620e-04  3.3141011797e-06    2.720149135866   10.816963483495
   2.4997417044e-04  3.4596459504e-06    2.721785536439   10.789663508119
   2.6927244836e-04  3.6106502228e-06    2.723976844573   10.768989090796
   2.8883936503e-04  3.7702675958e-06    2.726750310317   10.754324834144
   3.1028606352e-04  3.9527073807e-06    2.730406851164   10.745264933217
   3.3036624244e-04  4.1305516753e-06    2.734397972656   10.743196355228
   3.5280849547e-04  4.3372700755e-06    2.739492523434   10.747986081692
   3.7680948643e-04  4.5675041886e-06    2.745664098667   10.761138236969
   4.0247498298e-04  4.8240043510e-06    2.753070671542   10.784087524493
   4.2528640947e-04  5.0607504601e-06    2.760335102693   10.811943827696
   4.5225883124e-04  5.3511403780e-06    2.769730142046   10.853663131287
   4.8122394458e-04  5.6753297330e-06    2.780756844215   10.908691715522
   5.1212735748e-04  6.0349470072e-06    2.793543297943   10.978607722111
   5.4224431029e-04  6.3986302846e-06    2.806960230713   11.057343436423
   5.7556289769e-04  6.8155955744e-06    2.822821275697   11.155939062980
   6.1128164006e-04  7.2787919172e-06    2.840894602484   11.274048012708
   6.4950309503e-04  7.7917224031e-06    2.861293864910   11.413244116498
   6.8978013014e-04  8.3497637198e-06    2.883755136439   11.572348879554
   7.3235618372e-04  8.9568208934e-06    2.908297716455   11.751917104557
   7.7686001734e-04  9.6073593591e-06    2.934505702139   11.949112196546
   8.2494272240e-04  1.0325402339e-05    2.963087540047   12.169462651246
   8.7439253572e-04  1.1077603032e-05    2.992409122362   12.400219509965
   9.2996950104e-04  1.1937892808e-05    3.024921607647   12.660512818629
   9.9148660758e-04  1.2908408366e-05    3.060057774829   12.945718255112
   1.0603192066e-03  1.4023823178e-05    3.098296451977   13.258946793249
   1.1397152342e-03  1.6013703071e-05    3.195140077646   13.996045469228
   1.2217888615e-03  2.3813632166e-05    3.668239788309   17.315327812433
   1.3066922747e-03  4.5623993866e-05    4.166858278175   20.786338429566
   1.4113598584e-03  1.0404238773e-04    4.401345279009   22.454431710470
   1.5305424006e-03  2.5316358315e-04    4.469702576415   23.037777626243
   1.6488104138e-03  5.6879771326e-04    4.504555900310   23.434467757604
   1.7709760072e-03  1.2362539597e-03    4.534530399228   23.792893800509
   1.8980227655e-03  2.5420941879e-03    4.575764878040   24.255394459409
   2.0245629524e-03  4.4947727126e-03    4.668010298817   25.273540256156
   2.1537502414e-03  6.7377998930e-03    4.822601200037   27.046478667933
   2.2857433213e-03  8.8175894684e-03    5.016932297430   29.416064950178
   2.4136209293e-03    0.010492537637    5.214491945899   31.980223652325
   2.5485782659e-03    0.011975713529    5.423941522085   34.878584282546
   2.6972263956e-03    0.013406813512    5.644637526498   38.137379806080
   2.8180648997e-03    0.014483409558    5.811264819510   40.737783133288
   2.9301969307e-03    0.015441861842    5.954139926819   43.058412491667
   3.0511646246e-03    0.016458557760    6.096638089373   45.448348936968
   3.1771907792e-03    0.017537617909    6.234304627624   47.814112374407
   3.3427642989e-03    0.019071440718    6.403266510320   50.763281102411
   3.5134817414e-03    0.020923346650    6.571291913912   53.709511601222
   3.6792792764e-03    0.023150123210    6.736822790651   56.599516561457
   3.8741266507e-03    0.026570985348    6.943792276202   60.188727756887
   4.0773762396e-03    0.031449449370    7.182285388408   64.317851774813
   4.2806258286e-03    0.038184186682    7.447122293459   68.941737065190
   4.4838754175e-03    0.047472730170    7.734572533055   74.047685249700
   4.6858088353e-03    0.060053633971    8.032852074233   79.471222810597
   4.8809217321e-03    0.076183379478    8.320414798088   84.836316238523
   5.0709199094e-03    0.096332644987    8.587926712640   89.955589652086
   5.2570124687e-03    0.120824168322    8.829166928059   94.685884115090
   5.4568628129e-03    0.152666972010    9.058229480106   99.286609091020
   5.6903435782e-03    0.197396628890    9.284055974976  103.941655310826
   5.9010344860e-03    0.245067181043    9.452203171552  107.499759444568
   6.1543170278e-03    0.311637703285    9.616297209158  111.063694466889
   6.4061297586e-03    0.388236402825    9.745261879847  113.944903245576
   6.6579424894e-03    0.474730982520    9.846491081669  116.259015051006
   6.9097552202e-03    0.572114955919    9.926313602336  118.129146781257
   7.1615679510e-03    0.679833929697    9.991531659606  119.667022161943
   7.4133806818e-03    0.799498507964   10.045617963172  120.939660224810
   7.6651934126e-03    0.930907897755   10.097255886230  122.162144813780
   7.9170061434e-03    1.071469685845   10.139504540713  123.158494336956
   8.1688188742e-03    1.222837883981   10.177280070190  124.039836604136
   8.4209899382e-03    1.384586735281   10.214010179748  124.912866178956
   8.6747024868e-03    1.555312598569   10.246303167400  125.678280522458
   8.9282784143e-03    1.732152534260   10.271685215424  126.255144701146
   9.1798956765e-03    1.917632524211   10.295332714683  126.811304314001
   9.4342232256e-03    2.110214290096   10.315291862700  127.261739380033
   9.6885507747e-03    2.310521662122   10.332360452811  127.634423410125
   9.9428783239e-03    2.517704925239   10.353526572523  128.127933403422
     0.010197205873    2.728006177373   10.371903521286  128.542805000620
     0.010451533422    2.946496318377   10.387212255059  128.870964466568
     0.010705860971    3.174031496141   10.408539558301  129.372362925184
     0.010960188520    3.411660439569   10.432388156101  129.973914222424
     0.011214516069    3.658777649391   10.456758510662  130.572954200310
     0.011468843619    3.912429485949   10.484697043909  131.241738525031
     0.011723520042    4.175448879633   10.511473014032  131.903301580919
     0.011975969242    4.447171034741   10.539330869458  132.605315443322
     0.012228418442    4.724652667726   10.570112115514  133.360273815460
     0.012481584007    5.003166053214   10.594597739097  133.943624995544
     0.012736642509    5.289311577955   10.615945360543  134.450420915202
     0.012988345059    5.584597674099   10.643149727532  135.116566726257
     0.013240047226    5.883614654664   10.669773006390  135.784193513069
     0.013491749393    6.179794435304   10.690751645316  136.311916658846
     0.013743451560    6.486298238639   10.714442496534  136.892217481284
     0.013995153727    6.810439404839   10.746805907345  137.684743042759
     0.014246855894    7.128834042145   10.773294390945  138.328871892409
     0.014498558061    7.431274474356   10.789601725171  138.714188269289
     0.014750260228    7.740571492935   10.809772050565  139.208280686445
     0.015002856299    8.064811846740   10.838960383862  139.959500260414
     0.015256969229    8.379282105252   10.863506620512  140.596952360767
     0.015512261227    8.685347436590   10.881212225905  141.033401369110
     0.015767551787    8.998125610365   10.899093773492  141.449734161822
     0.016022842347    9.323371475868   10.919299142201  141.937393412763
     0.016278132907    9.650541807663   10.940589704047  142.477152589681
     0.016530473159    9.972839905290   10.961401190970  143.005925659065
     0.016783049731   10.294682181668   10.981694278007  143.521376141842
     0.017040491480   10.619686996920   10.998575136263  143.950043780272
     0.017291050290   10.939389386310   11.012476037864  144.302557368118
     0.017552391529   11.285055439800   11.032025269390  144.795021018892
     0.017803596192   11.622677091825   11.054755801946  145.379595677747
     0.018062488329   11.973282275239   11.078265255329  146.000959126825
     0.018318383653   12.328670920077   11.100317603925  146.607184349342
     0.018570717324   12.691311594288   11.123388081320  147.274353600970
     0.018823050995   13.064243721576   11.150553923933  148.080608042061
     0.019075384666   13.435610214269   11.177857125493  148.872164820444
     0.019330021578   13.786963312031   11.199472992763  149.441791036555
     0.019580819018   14.119157297866   11.219465848917  149.915652224125
     0.019831626821   14.456363821468   11.238940113288  150.392182622600
     0.019996880942   14.686334299598   11.254126402039  150.824215920283
     0.020252273673   15.047657857130   11.281540070431  151.656423579080
     0.020507666405   15.396768332433   11.306252041582  152.390960747156
     0.020758574340   15.712372344043   11.322523764516  152.813556609770
     0.021009521273   16.002652532465   11.331605097229  152.963534297629
     0.021267337220   16.302912311192   11.342422685917  153.188256793114
     0.021523020414   16.609806548817   11.362874879550  153.791945521957
     0.021778703608   16.912736783593   11.386664100480  154.530293131462
     0.022034379575   17.191649558541   11.404771191658  155.051066720628
     0.022290605446   17.414729792915   11.404580436401  154.926747338294
     0.022543939302   17.611195852090   11.393088521279  154.478467888248
     0.022797273158   17.844305947098   11.396219694118  154.581559259680
     0.023050607014   18.114382114976   11.418207239814  155.299885976601
     0.023303940870   18.380797442306   11.443779833438  156.092554035288
     0.023557274725   18.603173900856   11.454487998180  156.339520486945
     0.023811317361   18.781464870281   11.445763338656  155.925089576061
     0.024061348189   18.971906507069   11.436794912466  155.563288831361
     0.024313396409   19.218824328552   11.443900749989  155.780130383766
     0.024565444630   19.515346141886   11.463885031358  156.421308494840
     0.024817492850   19.835332351533   11.489089089131  157.221408046253
     0.025015044158   20.071538274816   11.505295908688  157.731258352989
     0.026025647943   21.032400996102   11.511465834495  157.562784062792
     0.027048813983   22.175667315805   11.548635779506  158.983578084592
     0.028054664654   23.031931722211   11.579159654377  159.797877898954
     0.029067212071   23.880460604695   11.631964266956  161.341222359116
     0.030070220284   24.458357378354   11.634744303928  161.567600632751
     0.031073466985   25.126096604268   11.665735605519  162.290320986735
     0.032098274582   25.982183820269   11.682169429349  162.899215388019
     0.033101957175   26.863310750820   11.737158404752  164.503763446925
     0.034109980761   27.567878814567   11.770017930136  165.293727664164
     0.035116052978   28.267912517870   11.801507284632  166.200736015515
     0.036123241989   28.669864661355   11.823740391379  166.761216357903
     0.037126417285   29.132297456500   11.832323084481  166.989108823053
     0.038127085098   29.598338281231   11.857240801974  167.829318644527
     0.039129893882   29.974385066726   11.844874574266  167.653646517085
     0.040140753378   30.676705886259   11.902380880266  169.299072341710
     0.041155770347   31.156317003284   11.928914009045  169.980587847429
     0.042167728970   31.467371441901   11.958286547046  170.856395409824
     0.043174873401   31.447714030052   11.956651959871  170.684046635140
     0.044182443969   31.545142823161   11.947728024209  170.619075909467
     0.045197539603   31.918683085672   11.972870199455  171.427072535810
     0.046200984972   32.489832217196   12.003222346768  172.074546185897
     0.047223924757   33.402684317458   12.054996777041  173.605111871264
     0.048258712473   34.089660411304   12.107794050344  175.201870265573
     0.049273200558   34.036685204190   12.104616938012  175.224714184876
     0.050273277635   33.911624712012   12.112517715765  175.293045576966
     0.051274763100   34.180021383001   12.154127543017  176.589362018726
     0.052289327423   34.443246477379   12.159208978496  176.899747255603
     0.053290197373   34.585558826997   12.178880875676  177.276097671584
     0.054307545905   34.645550543447   12.190273684734  177.883631865365
     0.055333273630   34.306493247108   12.166751092472  176.990551145305
     0.056344356419   33.975570129622   12.133177855814  175.895576098585
     0.057353331139   34.254071310193   12.156453373186  176.667808767950
     0.058370033607   34.538379286304   12.186555798087  177.492520711856
     0.059373946038   34.903729059716   12.205330079691  178.032966119248
     0.060374188847   35.610864546339   12.245255450772  179.138773562542
     0.061383962504   36.082123012914   12.277182608034  180.154196759335
     0.062398670698   36.355609180159   12.314083105428  181.375538924329
     0.063405844997   36.273017675491   12.319185774674  181.562196809830
     0.064411015269   36.493020835509   12.347286274472  182.435245471377
     0.065417210687   36.509379983224   12.365886911491  183.010322532004
     0.066425934499   36.229696714345   12.356657401072  182.747984505292
     0.067433006396   36.028055696359   12.354465704524  182.770266732901
     0.068435189757   36.043164246411   12.362896148895  183.002129241937
     0.069447497452   36.382838627061   12.396796027683  183.978714004302
     0.070456110331   36.756536155770   12.428822498959  184.949417925087
     0.071460074276   37.030264424304   12.459920265440  185.864738674263
     0.072460593154   36.828792872375   12.445037179186  185.319229820689
     0.073464015473   36.526889782719   12.443130327581  185.402146945602
     0.074477251020   36.689526299103   12.480791856954  186.595772106007
     0.075481417601   36.949422015601   12.504577861008  187.397894792651
     0.076490854607   37.519554274617   12.563877568266  189.223544042390
     0.077491808685   37.175733079274   12.564455998022  189.267255079872
     0.078494801878   36.241227932610   12.520736879445  187.975266799359
     0.079505714942   35.641489500185   12.498778522506  187.260475172595
     0.080527074869   35.429521337809   12.497574035479  187.213008626577
     0.081543058220   35.570385836440   12.526327068336  188.108781397269
     0.082551515099   35.506490022720   12.541559309290  188.560171355640
     0.083555788022   35.284602951539   12.545113586449  188.647409628226
     0.084556066660   35.167599993614   12.544325764776  188.624280173119
     0.085556343247   35.257364307987   12.567276070556  189.292087190775
     0.086570530711   35.263732053353   12.584665775286  189.700459264308
     0.087590864386   35.142945315734   12.592452948064  189.924412222754
     0.088591916257   34.978888494802   12.603847347025  190.228714185857
     0.089634090936   34.832491376901   12.621254404856  190.807594763540
     0.090019249446   34.771444028202   12.627042684842  190.987212176542
     0.091022116982   34.637832850126   12.643944737101  191.531450440471
     0.092022426418   34.629497211183   12.652350411745  191.781953523164
     0.093025700299   34.591608482459   12.680909772779  192.661674291526
     0.094037335087   34.412252630506   12.698485412370  193.393782503908
     0.095039988588   34.005789940090   12.698402002081  193.435344881559
     0.096048823231   33.658302733326   12.709640348747  193.729363023105
     0.097056751379   33.329880162933   12.709171708926  193.808519393318
     0.098063649951   33.101099642696   12.722840606562  194.108111602206
     0.099066883356   32.872866782723   12.730398230605  194.411999074749
     0.100075238006   32.631689763557   12.739468429796  194.731394977163
     0.101080988432   32.374204946316   12.748128456116  195.056908131232
     0.102083037966   32.065187227371   12.750652948785  195.149018135063
     0.103091501869   31.833728182991   12.756969906818  195.321899064275
     0.104097982155   31.665626446351   12.769971571055  195.706670356160
     0.105109642710   31.449001348399   12.777299592232  195.939643090792
     0.106121335974   31.243586965126   12.794072525223  196.469807641225
     0.107106728512   30.935361969022   12.797133430441  196.564130846123
     0.108065275032   30.788670512647   12.814011379965  197.054715046339
     0.109073877111   30.502525224418   12.825963261356  197.448315792379
     0.110035529629   30.264918468496   12.830550021991  197.578295246351
     0.110933140432   30.191472341810   12.854193234281  198.347102352135
     0.111885390264   29.957142414714   12.865498440135  198.762665449427
     0.112892498942   29.774538150475   12.874713783725  199.089855506654
     0.113849502634   29.665693328968   12.892510666404  199.677196471544
     0.114845717202   29.429500254568   12.899616517680  199.903643978137
     0.115855658815   29.315034910675   12.916473379201  200.486504597031
     0.116868583518   29.158644755305   12.933602548135  201.061556927837
     0.117878993226   28.895336697804   12.938613897687  201.202982240024
     0.118880875977   28.776869107013   12.956200617329  201.774274273751
     0.119895501333   28.651824686670   12.976651021508  202.463839950832
     0.120908159993   28.468186392314   12.987104748202  202.868229909875
     0.121696729417   28.436029342023   13.004972402161  203.494792416844
     0.122693034486   28.199898511982   13.017971123614  203.823837100015
     0.123580086852   27.936132151296   13.018384588337  203.853632249176
     0.124463909623   27.892954658524   13.038058624306  204.493299555413
     0.125329930175   27.742138115891   13.048298919431  204.881396314587
     0.126194748884   27.602148520209   13.055559091368  205.157248040564
     0.127119377448   27.479931211285   13.061133581560  205.364715791263
     0.128083926993   27.401294374919   13.074234835191  205.842421363849
     0.129035000129   27.335398771840   13.089852677439  206.422570749298
     0.129961869940   27.280956604860   13.101519547497  206.797656077997
     0.130966728999   27.199465143175   13.114344233458  207.237848040306
     0.131975598189   27.173946820101   13.134839450391  207.953338229097
     0.132985923495   26.992821556251   13.143563284700  208.240994447684
     0.133987743623   26.998264031037   13.166374125900  209.005471397779
     0.134968624614   26.894151923883   13.185692404106  209.698345401027
     0.135984088171   26.781119802102   13.195806338631  210.049100594795
     0.136995234831   26.764085900543   13.219877124925  210.978135034543
     0.138000798942   26.541990121129   13.221583344104  211.128554666080
     0.138877644672   26.396155558793   13.231115402749  211.322550450505
     0.139774757707   26.290975589473   13.247979467356  211.857268169241
     0.140648460524   26.129357649850   13.258079095874  212.258922117716
     0.141560456518   25.979249451227   13.265828789103  212.539321887284
     0.142425592987   25.861962134344   13.274394538547  212.899637721738
     0.143313186218   25.735171630132   13.276918355722  213.028821501099
     0.144239207450   25.673547866042   13.287509971384  213.473191833653
     0.145249194520   25.546136624574   13.287983873025  213.549011708683
     0.146259701578   25.372303639361   13.280978190050  213.381980674581
     0.147261812881   25.323503860852   13.290388836796  213.812075430436
     0.148275309205   25.183504614444   13.297745641607  214.224653270152
     0.149285342260   25.066276725594   13.307384647914  214.492732046950
     0.150310349528   24.874694411422   13.307186992449  214.619625293181
     0.151332594131   24.682058174590   13.323194408705  214.857642726870
     0.152356634038   24.468495111547   13.317588421888  215.001104597468
     0.153376759375   24.248993208193   13.310108315926  214.874560556005
     0.154419660396   24.094467053782   13.321836977447  215.242592008412
     0.155423173222   23.881162013815   13.311505979551  214.981880037082
     0.156176594895   23.754600745212   13.317065120557  215.109442676078
     0.156960776023   23.621357739680   13.327261789818  215.149826650487
     0.157703195030   23.535844586042   13.322292679389  215.123231113496
     0.158522393262   23.433464958921   13.322284442714  215.197193109810
     0.159353284344   23.341443813476   13.322755050722  215.311301639758
     0.160183679394   23.288486436343   13.324152219166  215.419043029657
     0.161095558613   23.285734517558   13.331515556718  215.704058626062
     0.162007270084   23.186659593538   13.325948426614  215.582941689079
     0.162915483029   23.164285674531   13.328625726780  215.702106087301
     0.163805964220   23.123215912964   13.330031341883  215.823773076059
     0.164733916328   23.029976386977   13.327761096011  215.834173205965
     0.165655688118   23.012680673290   13.334330805683  216.130005960531
     0.166581049452   22.965767079175   13.341039125229  216.369738654657
     0.167605465481   22.879311491997   13.342443810437  216.419928088878
     0.168611192325   22.776621900044   13.343454397759  216.547288616504
     0.169622531158   22.686718806328   13.344083592058  216.729973402466
     0.170629241858   22.520117327754   13.348299779650  216.879196307690
     0.171636547047   22.417599322722   13.363826695586  217.339923521955
     0.172652349889   22.222542326732   13.368993614187  217.514088784995
     0.173655659652   22.105341800505   13.367634237712  217.762928043173
     0.174657499829   21.909478001656   13.388233800507  217.955259188908
     0.175666020576   21.777996719702   13.365932633921  217.664279608745
     0.176455585677   21.688150428357   13.358683490174  217.583812755059
     0.176641568780   21.671866784859   13.361694454969  217.653854222931
     0.177460890181   21.613737229799   13.397650340875  218.323324375035
     0.178245678525   21.580902673934   13.387317660136  218.178546224791
     0.179026861918   21.558758592713   13.393257279568  218.454765000662
     0.179835514032   21.534172906014   13.396961600632  218.698599474796
     0.180655791442   21.542983367832   13.400764577967  218.919170371354
     0.181457130588   21.506364450818   13.396982511701  218.800769622998
     0.182236562088   21.505224265023   13.395817716337  218.823026356453
     0.183007726222   21.510444622282   13.399094067633  218.963549822306
     0.183798749687   21.483481524729   13.399362964968  218.990891186994
     0.184588501828   21.541401803903   13.409547014902  219.363922712504
     0.185441736800   21.513976117740   13.410543272147  219.400865414756
     0.186354596695   21.465971871576   13.412134009279  219.502472039669
     0.187214698965   21.502840261479   13.428105689764  220.126789859130
     0.188216585983   21.460705480801   13.437712416466  220.468905857547
     0.189241106159   21.479750478604   13.444983839352  220.882727517586
     0.190257200971   21.355523311799   13.435108090798  220.784351738714
     0.191270251997   21.280594969826   13.450770720904  221.178318977124
     0.192272987961   21.102904644922   13.446699856264  221.250418992668
     0.193273738745   21.009762774025   13.461370500599  221.825698941618
     0.194297746723   20.757700986466   13.458210450127  221.532625307528
     0.195301783060   20.685725834772   13.479574305416  222.046294175781
     0.196276823171   20.481791552145   13.466085601320  221.545870392498
     0.196990437936   20.495118419414   13.465634438239  221.796450765278
     0.197991635830   20.483607628572   13.491166550962  222.383353320003
     0.198993093341   20.500526632824   13.477188955161  222.334301076668
     0.199994160511   20.484013457886   13.475127709920  222.322970435770
     0.200701970373   20.409009580834   13.485675852371  222.458859103302
     0.201405243246   20.476431159104   13.498428811375  223.025086851831
     0.202269926225   20.454638277495   13.513679272460  223.417745594686
     0.202968979033   20.446613001447   13.507506592580  223.570468237570
     0.203648739017   20.457717328165   13.526899338166  223.979196411593
     0.204372679693   20.384640332582   13.514510653704  223.622858127253
     0.205121731923   20.410678560010   13.518792685538  223.785365853838
     0.205916129919   20.414126609301   13.524611700619  224.020169342695
     0.206715267699   20.446178166828   13.528901326099  224.225799990040
     0.207524558897   20.473661059780   13.531311664855  224.294623288949
     0.208322960868   20.427741961596   13.523787901395  224.049604358971
     0.209118263411   20.474417921980   13.532565715386  224.400255673479
     0.209928232166   20.533776500202   13.547519752204  225.023103385211
     0.210741629596   20.580906441955   13.560183454642  225.551522000718
     0.211507893854   20.578099245571   13.562574301537  225.571961118078
     0.212274305891   20.605192196447   13.571275423857  225.866124749045
     0.213021879458   20.586165972217   13.575015292879  226.043193231063
     0.213782988453   20.573376176194   13.578793383517  226.176244428013
     0.214545964694   20.555137746261   13.579877549195  226.227649902248
     0.215347686201   20.481571843902   13.578533862391  226.222504918966
     0.216103342612   20.461629446884   13.582017885097  226.298358826404
     0.216871837170   20.475279670531   13.601182387668  226.944266658754
     0.217715549313   20.361925032002   13.600016047501  227.012637904138
     0.218476428614   20.390275452837   13.622667036188  227.850027607843
     0.219294625924   20.308774920155   13.625510535646  227.924239432364
     0.220041714898   20.233334219380   13.627373862971  228.050610889142
     0.220886129003   20.144739734330   13.625950579389  227.874466783882
     0.221632007495   20.111242017093   13.629553663549  228.114375902381
     0.222473027492   20.077938178920   13.637728399666  228.357145291070
     0.223243828177   20.038561043487   13.635661600487  228.289788355276
     0.223975855602   20.022747444330   13.642508718741  228.577999474366
     0.224728684824   19.998279297528   13.651134809553  228.970486062791
     0.225561939853   20.036059269027   13.662021776888  229.452734618063
     0.226411831688   19.958862824612   13.652385923506  229.100070663089
     0.227248650074   20.006114785388   13.666594648565  229.573828555472
     0.228046204136   19.971723145383   13.674029854014  229.822784778317
     0.228848240719   20.000730627851   13.689964495245  230.436538867351
     0.229853004280   19.990733764633   13.700016239942  230.911339387442
     0.230856309505   19.882934240649   13.680599805400  230.568799623102
     0.231696802759   19.963968254776   13.706268500914  231.508910380327
     0.232723304713   19.793138207142   13.705586063969  231.199709440771
     0.233729651842   19.750332415113   13.686147222572  231.086725654341
     0.234732494532   19.638400440028   13.692244438285  231.306101240398
     0.235734555653   19.525818640814   13.702692291789  231.374889705163
     0.236736008001   19.478513562241   13.706489453712  231.704479468613
     0.237741660351   19.450954588926   13.714008020588  232.226394327223
     0.238751398251   19.393949800784   13.723737967866  232.322336166049
     0.239757308456   19.342564969776   13.707826513298  232.266161643126
     0.240761404664   19.304896666466   13.723435851565  232.512407177929
     0.241529898969   19.360600114375   13.745350652685  232.860487375776
     0.242330388020   19.406811256882   13.739042644265  232.731219705022
     0.243355760303   19.449400098973   13.748965428701  232.955569598826
     0.244357982824   19.576958214040   13.714746411868  233.109585762581
     0.245361338188   19.573027124886   13.724151332618  233.303112246043
     0.245981867372   19.658353831127   13.756928935460  234.094532519067
     0.246652376537   19.670535105716   13.794882732290  234.811868163403
     0.247377088693   19.612757402683   13.782814567724  234.268179325444
     0.248113135352   19.718051741516   13.799925763362  234.824008354983
     0.248816536038   19.638458663470   13.794275594909  234.698542529781
     0.249565775390   19.653683508703   13.796810294794  234.744280100909
     0.250349037444   19.669289985159   13.801955964694  234.943853097426
     0.251238276580   19.663157208786   13.801943369390  235.010378466487
     0.252252244291   19.693295670428   13.813971338825  235.738296387320
     0.253276945217   19.705294145982   13.784024346835  235.534804240776
     0.254286407717   19.709857172845   13.797911686858  236.037426104005
     0.254338318117   19.704812891463   13.797076654811  236.020136613315
     0.255098937025   19.593220334412   13.782522137841  235.610538891684
     0.255357701919   19.593570576755   13.791979849995  235.881155097397
     0.256375901804   19.507974121067   13.849028536189  237.125217843020
     0.257380006539   19.480679060589   13.871512971328  237.537499643222
     0.258383480102   19.412328145853   13.833829402427  236.451822429331
     0.259383958492   19.323854272694   13.815754968161  235.827960185874
     0.260389390851   19.321167458327   13.827839909362  236.191052463582
     0.261391765851   19.281817287619   13.834865609276  236.330953131556
     0.262394140851   19.281461201792   13.843380937680  236.795866380076
     0.263406505163   19.292482465343   13.852011584587  237.452112542884
     0.264408279039   19.401568676181   13.874278578335  238.031055300000
     0.264954606580   19.393384046183   13.856539509481  237.636530970833
     0.265549122347   19.389130292920   13.862832546083  237.675457838874
     0.266114483805   19.458902587221   13.885240184114  238.133218678339
     0.266686851103   19.486106741094   13.880521189663  238.116143627178
     0.267277536441   19.473114307328   13.878666145066  237.999704011852
     0.267857607246   19.424566612327   13.871969004856  237.739969218453
     0.268479382155   19.466505926958   13.881101126093  238.094322656304
     0.269065653327   19.497038167771   13.890806170282  238.427206522848
     0.269676372069   19.481935188416   13.889004277237  238.364347589489
     0.270410615748   19.475714824719   13.890299143980  238.376784233475
     0.271034875622   19.481543256088   13.888327828134  238.522913122573
     0.271637443191   19.495341925891   13.904382654484  238.931706062324
     0.272211392555   19.449447891655   13.898787060722  238.705671880884
     0.272818943123   19.436132067755   13.898686561904  238.683917239300
     0.273477757595   19.427325425207   13.904627501242  238.874373205499
     0.274127038573   19.419111769117   13.906644994579  238.983951888379
     0.274815219750   19.428494093947   13.908983117358  239.006884870448
     0.275522335049   19.406391845429   13.911376202910  239.137321521673
     0.276545720246   19.499158897899   13.935871755193  240.076116326148
     0.277553721877   19.465451218492   13.921034635292  239.894352936324
     0.278556086920   19.391725153513   13.919105938947  239.949970806490
     0.279574589906   19.381135340507   13.936833379739  240.511772588231
     0.280579013396   19.208461179457   13.930720535405  240.295491902592
     0.281587629851   19.081670693791   13.947278608317  240.951299834103
     0.282588864216   19.018667756135   13.961206819973  241.604527875145
     0.283593165012   18.976217830416   13.971125691798  241.993023249675
     0.284596913330   18.915174526233   13.958190470023  241.597209352570
     0.285600069110   18.903293561333   13.952953703114  241.433291131454
     0.286602673187   18.974279783445   13.957334514816  241.558153891353
     0.287604719247   19.026142495020   13.960645573752  241.645639662923
     0.288606355934   19.091018953521   13.966774212897  241.881669546714
     0.289325122436   19.139568930040   13.976077942199  242.230168510986
     0.289900394157   19.140773254147   13.977975100873  242.287422222063
     0.290467163806   19.140765433903   14.002676934280  242.679434433203
     0.290983459990   19.174367887213   14.002474511746  242.734490658614
     0.291487596382   19.188819115797   13.999409878580  242.704625816504
     0.292038247527   19.215870975371   14.001427092579  242.750173413955
     0.292601376600   19.181905482569   13.990977036596  242.355332374661
     0.293178396418   19.181046762993   13.988761251617  242.316375532308
     0.293762269615   19.229124390854   14.000832351978  242.752113207531
     0.294355790196   19.252599065887   14.011285278748  243.120985555955
     0.294943271577   19.289832176660   14.021860967941  243.514774175169
     0.295656893163   19.292066660370   14.037248682487  244.264766055267
     0.296246328150   19.286357004597   14.045250645401  244.578403492052
     0.296832960827   19.279288750331   14.043750551959  244.753437908929
     0.297453195456   19.295330130840   14.066997469752  245.393372443539
     0.298064953304   19.230830340063   14.061329965727  245.182259344927
     0.298698312725   19.177735816759   14.057659516539  245.042112029863
     0.299295408282   19.151872462994   14.065632687054  245.390828228997
     0.299909060789   19.138153902161   14.068514105003  245.548967544752
     0.300518061160   19.101483904126   14.066185018481  245.414003034682
     0.301109571014   19.015547862189   14.053793275526  244.950875596992
     0.301751320804   19.002273808304   14.059662769162  245.124882721116
     0.302522110262   19.057227578441   14.078422617715  245.816949116035
     0.303537926002   19.043970389991   14.082027582952  245.940244573678
     0.304554316961   18.991255137732   14.070833628471  246.008502144943
     0.305569221648   18.931852232162   14.089574582347  246.567781751918
     0.306573835455   18.785889263223   14.094764792402  246.675856565934
     0.307226583538   18.653581356182   14.093488800425  246.567507250503
     0.308140143191   18.558454382681   14.123736686314  247.180110831684
     0.309148507639   18.475922212674   14.102536573230  246.662587552894
     0.310149512220   18.449197255924   14.086937054478  246.606480101741
     0.311155195999   18.499586364565   14.101002365098  247.048024230943
     0.312171070088   18.556876637857   14.108689185869  247.704171620914
     0.313177648956   18.669415843230   14.134223663761  248.487092030063
     0.314189253956   18.690733179393   14.129362630500  248.390063243877
     0.315205317298   18.754221886045   14.144842067790  249.047328699000
     0.315851297532   18.767590199572   14.150313665929  249.238769399112
     0.316852026915   18.687638906577   14.148279544272  248.820992121768
     0.317377317457   18.696397798303   14.148991575801  248.826800090132
     0.317711986518   18.688765681730   14.130257262830  248.603969922992
     0.318414928919   18.751769709553   14.175170499153  249.619852701779
     0.318994426507   18.697193221447   14.145447814355  248.778816828525
     0.319512310961   18.702591057665   14.162911099763  249.136913250493
     0.320043761682   18.706342145940   14.174484349198  249.443466120368
     0.320564757475   18.714646787587   14.172438163304  249.493278506712
     0.321135610876   18.767115202139   14.177317761896  249.651473056369
     0.321716688678   18.733746159231   14.170255014492  249.444981234673
     0.322240511511   18.735593610458   14.167510945670  249.390010172494
     0.322893458892   18.783052359924   14.179301084973  249.872447320027
     0.323456681451   18.751672110656   14.175665929532  249.725466118980
     0.324031951430   18.720084704782   14.165174480385  249.446124568462
     0.324639673264   18.739289746106   14.182144988241  249.829468333106
     0.325296331131   18.679377702030   14.174530532327  249.528519219753
     0.325917062495   18.718462524022   14.185931810617  249.986902902647
     0.326484100331   18.695016009361   14.188562517994  250.119874116181
     0.327082970092   18.721378218165   14.199734216681  250.464071819088
     0.327696695994   18.658988713403   14.200305143897  250.490478474426
     0.328320605351   18.661011121138   14.205899136551  250.850145886350
     0.328917711220   18.685703455205   14.219910014994  251.555528698776
     0.329552148327   18.682838311461   14.223895018232  251.790181714290
     0.330201958987   18.691805880865   14.230719160319  252.031162776447
     0.330858656902   18.734875390342   14.243336969533  252.546638628757
     0.331485920872   18.702204389094   14.243842885256  252.560510757520
     0.332490093210   18.661544194133   14.240880572987  252.468558592616
     0.333497685573   18.653479170710   14.231546097304  252.645493190543
     0.334504264441   18.569657895860   14.239929923838  252.829942756223
     0.335510843309   18.447210941930   14.256598671365  253.341245754501
     0.336517422177   18.280720061866   14.263685169844  253.554045183668
     0.337524001045   18.158434282361   14.260688501305  253.450071622998
     0.338530579913   18.120894093254   14.257736218341  253.392822821278
     0.339537158781   18.114222531073   14.249177209213  253.062003596461
     0.340168495306   18.151555362512   14.251574044278  253.204319158625
     0.340684921560   18.187483715204   14.254317514646  253.336709912567
     0.341699464423   18.275045387004   14.290969840990  254.037173996174
     0.342334746839   18.280714592933   14.261018675719  253.360434716021
     0.342879596804   18.370966297336   14.265286842693  253.905027872541
     0.343402655248   18.328882846747   14.283137046377  254.099434919941
     0.343968252379   18.399170135272   14.297336194552  254.298582379485
     0.344517515372   18.335268355666   14.286733620372  253.967435165930
     0.345016211091   18.320622959879   14.285403291460  254.027247912597
     0.345553730962   18.399917880339   14.297968057466  254.493335812672
     0.346097068342   18.412777606679   14.302904899598  254.688198842594
     0.346619871403   18.358931403206   14.287563845657  254.036947262507
     0.347130398979   18.324598520681   14.283349260975  253.859569482316
     0.347629802103   18.395703214491   14.302114145363  254.588770940751
     0.348179317042   18.401410791190   14.306153922482  254.683332231797
     0.348691601233   18.384139489379   14.303227797717  254.567973554911
     0.349199174772   18.405338660966   14.307842016613  254.903418437972
     0.349734732967   18.390626235957   14.323130475434  255.670967901014
     0.350270799889   18.364660233410   14.325594322149  255.791692322032
     0.350803743731   18.371015032461   14.334930123312  256.146953189151
     0.351350153359   18.408436899822   14.349257534523  256.701403517460
     0.351871280710   18.380297919568   14.349520668395  256.720095970375
     0.352374665327   18.337468578323   14.343225250421  256.489813428505
     0.352904220875   18.333637150518   14.343926822975  256.568673551657
     0.353438579244   18.307404443170   14.342329321158  256.497101754984
     0.354020072788   18.317688746694   14.343747281713  256.528829973019
     0.354588693314   18.326437289344   14.344129861622  256.585183379374
     0.355126594330   18.356764410670   14.349434109364  256.806430149579
     0.355621209889   18.369041053566   14.355764064964  257.019589655447
     0.356149522149   18.330065323258   14.354898965840  256.984483039677
     0.356700344170   18.318064121848   14.358898027997  257.065713870970
     0.357308082306   18.281352506384   14.357237342345  257.029912472755
     0.357881928665   18.263336527754   14.355283314763  256.929338402333
     0.358492293990   18.296093368382   14.360388862934  257.085648798269
     0.359500371994   18.327989382313   14.375071580248  257.609239908960
     0.360506127361   18.279578797942   14.353560805250  257.271568529207
     0.361521032048   18.210873356197   14.367144279368  257.826430109405
     0.362535936736   18.095660787544   14.392468901419  258.552536125675
     0.363548975868   17.872248841945   14.381490577893  258.174894295519
     0.364098144411   17.855600296343   14.387039715238  258.499185721734
     0.365101769910   17.805314114086   14.373435924824  257.885860254825
     0.366103493112   17.857124423295   14.378217412197  258.340434392389
     0.367104811631   17.890328323651   14.369747252227  257.974418733197
     0.367990496316   17.959130534856   14.396655790547  259.384693654444
     0.368804306826   18.080812014238   14.420954464894  260.455796373366
     0.369808363851   17.989463155550   14.412560742521  259.742797339290
     0.370576694601   18.052268762998   14.415436143707  260.407387138484
     0.371027473275   18.093378902274   14.426706250298  260.752641748461
     0.372033181208   18.024836633566   14.437307619924  260.267331101277
     0.372759253248   18.127833370909   14.417282097272  260.329167856033
     0.373263314334   18.174432153574   14.416716489356  260.584993315848
     0.373798956887   18.137670657574   14.428840645428  260.518567252305
     0.374299527801   18.114703776574   14.441877217905  260.451140607734
     0.374794811577   18.159925473912   14.438599747811  260.616935779880
     0.375288237072   18.223246476939   14.447923882206  261.038981100469
     0.375788539726   18.246462267038   14.447798017003  260.974397335805
     0.376257966064   18.220569308928   14.436437637553  260.546122713567
     0.376715227643   18.199985244319   14.428166608857  260.245939240818
     0.377159068167   18.234894593365   14.435106997172  260.535946872207
     0.377640124355   18.289813528989   14.448269674445  261.001857709252
     0.378152051596   18.315906438963   14.456660879561  261.269637905954
     0.378655728723   18.298880737962   14.456003622610  261.227671643256
     0.379121000923   18.268555077483   14.454561847490  261.194274192388
     0.379795438095   18.209297976141   14.454255932125  261.177914052899
     0.380289206127   18.208652288964   14.464313051209  261.515947383388
     0.380778526920   18.198528438249   14.465769613717  261.718869959066
     0.381273651596   18.170235668892   14.466167359705  261.754105092755
     0.381776106877   18.090503576273   14.469466558159  261.478991682635
     0.382290418269   18.060818402720   14.469066281874  261.431130986726
     0.382804002202   18.068391270871   14.488786938295  262.211586999893
     0.383291535609   18.072554465988   14.500177299876  262.691924714051
     0.383770939654   18.063575912836   14.503701366863  262.799638052450
     0.384271117498   17.959956304140   14.485787132916  262.118245839736
     0.384777248079   17.943652205402   14.483474111299  262.087224830509
     0.385282942731   17.942207424916   14.489546847348  262.364413163251
     0.385766466666   17.991650856354   14.498621879598  262.696558730633
     0.386275234621   17.954317229234   14.489296571808  262.203436915597
     0.386798306645   17.990567249926   14.500636934741  262.636329927968
     0.387308397647   18.012641095686   14.513317608635  263.118067620923
     0.387849798540   18.044447958096   14.525762444250  263.627616109755
     0.388406435573   18.004680552434   14.521632070888  263.659990969464
     0.388903800884   17.989139333758   14.528968653381  264.265931527690
     0.389447427220   18.019364134332   14.546158100323  265.005990205743
     0.390048246680   18.047743678862   14.565327614494  265.661605658437
     0.391050810150   17.922630569021   14.553791819873  265.190827122710
     0.392053622689   17.896290815277   14.540268061117  265.386397789363
     0.393063914174   17.829455881068   14.553696094257  265.637056181666
     0.394064241086   17.685990792026   14.550395997392  265.584148319095
     0.395070219753   17.644163074782   14.562766267475  266.071682798346
     0.396005901484   17.552936430000   14.547274041965  265.541939293350
     0.397013515633   17.552022733393   14.553401137710  265.794023914207
     0.398017237053   17.545486683122   14.530153330999  264.849287626470
     0.399008407042   17.655165368811   14.557526309762  265.851656348169
     0.400012444044   17.599966399085   14.545553482490  265.245833148551
     0.400582071958   17.621647422624   14.561341863361  265.820272370618
     0.401582433513   17.666918556229   14.564957234461  265.847344740735
     0.402582795069   17.662319163092   14.541059055573  265.332470313180
     0.403389248631   17.713357388593   14.566226223809  266.230999347346
     0.403968521706   17.674658897004   14.555165988935  265.567187120302
     0.404976267755   17.692656755635   14.588959273360  266.259095291348
     0.405703360860   17.801548697115   14.569303016204  266.331749548582
     0.406160354639   17.748445178118   14.561092495507  265.819535540274
     0.406637645818   17.809162440911   14.579260579459  266.666111862012
     0.407104372923   17.813819610726   14.616146064811  267.744888005272
     0.407766883585   17.798915110456   14.609551924167  267.179574753526
     0.408185368539   17.841949355713   14.619333751979  267.516014031573
     0.408644778513   17.773577215993   14.599664873025  266.968160476079
     0.409142753554   17.716968069653   14.590761478947  266.671942008213
     0.409606237989   17.697219599907   14.611354155624  267.533427363156
     0.409725067656   17.709075737764   14.614603949390  267.740698348212
     0.410179161117   17.795135315027   14.633913740367  268.570061555458
     0.410665920858   17.810811548131   14.641767126871  268.873840906454
     0.411124196099   17.843253177767   14.646432692778  269.033535026412
     0.411629689085   17.782045461883   14.637540380054  268.705604848688
     0.412105560367   17.772839458848   14.636839750373  268.796701733420
     0.412605313386   17.761385233388   14.638404441914  268.878242325245
     0.413088013492   17.757243546608   14.638254031321  268.868107078045
     0.413556146565   17.775651344445   14.642872927698  269.014974600439
     0.414056291677   17.780655592718   14.643423236393  269.048523656270
     0.414560141063   17.795053766112   14.646156168399  269.152876144559
     0.415035570891   17.762388924775   14.640359085062  268.929652865817
     0.415511000735   17.781004492639   14.645049722795  269.119461317453
     0.415985313690   17.762244949933   14.646285667411  269.149850185568
     0.416479218455   17.797223595908   14.656757160011  269.528558261809
     0.416977122380   17.770005178719   14.656281729604  269.501921169297
     0.417476237906   17.763766538101   14.655352228316  269.510531259536
     0.418008490833   17.733942427915   14.651041632735  269.335849167917
     0.418507570101   17.714528120497   14.651089747139  269.331319376676
     0.419035710487   17.738631237800   14.663940422440  269.801630847540
     0.419570730223   17.742125276774   14.672535880506  270.146609617502
     0.420060291602   17.697117337307   14.666046237708  269.823252586135
     0.420566889502   17.646496077676   14.658432761905  269.549862162243
     0.421091211218   17.630733664805   14.664599126683  269.820531227913
     0.421600117597   17.640514330031   14.674339132238  270.102631536800
     0.422127409571   17.612463517312   14.668004623442  269.784301202737
     0.422682028240   17.576229853641   14.660506008188  269.354771284431
     0.423217071297   17.628963238023   14.678233892192  270.078259585310
     0.423723758516   17.643627991458   14.686069948611  270.428749184360
     0.424233755743   17.662928769535   14.693898493173  270.698918292788
     0.424726837219   17.636072126207   14.698239882296  270.848725713264
     0.425218789312   17.593546111167   14.694067658741  270.746197058308
     0.425693724046   17.611793946302   14.699126832055  270.971046600215
     0.426420765407   17.591815962572   14.696320847372  270.776084176891
     0.427431311106   17.637092883713   14.722219312839  272.507597129227
     0.428440218630   17.635102208975   14.726821007580  273.145464138955
     0.429449126153   17.470771788827   14.735325549825  273.360847952059
     0.430458033676   17.336193536822   14.744286254581  273.695030057995
     0.431466941200   17.251924374420   14.736093724554  273.480797660182
     0.432163867538   17.217053408407   14.728144380639  273.221071634768
     0.433167604398   17.218741048945   14.736258461935  273.200464997801
     0.434177014158   17.270385439567   14.716680465068  272.773147472568
     0.434985942980   17.280875057777   14.712214409721  272.355559011745
     0.435986649405   17.367194134406   14.722663016234  272.801640966154
     0.436522585177   17.408554468196   14.743096885432  273.265002780081
     0.437523744402   17.389238305770   14.729738510332  272.961576566598
     0.438530690274   17.384881920433   14.715597880572  272.722261438033
     0.439269044126   17.388616773412   14.726505158518  272.882670425154
     0.439842755615   17.380107617458   14.731169737596  272.878305946007
     0.440274132687   17.423775722581   14.745238985944  273.317502488555
     0.441283480528   17.408725329846   14.756949014360  273.466645350700
     0.441744620105   17.398528086695   14.758849422308  273.466888567698
     0.442187824032   17.348668310945   14.725532095558  272.941528031703
     0.442712467760   17.351306941107   14.749111455840  273.602304945485
     0.443230661293   17.357171033525   14.786481971812  274.264870927147
     0.443674748555   17.348468375606   14.771853352929  274.020878830712
     0.444140304685   17.360866673131   14.757832097998  274.571476809206
     0.444614510019   17.446528542872   14.806040842486  276.024694007638
     0.445166095144   17.456499905047   14.808058123166  275.997534676532
     0.445657724158   17.439869686373   14.801071571528  275.743252748235
     0.446104183919   17.421928221970   14.784697935940  275.533143115671
     0.446532936149   17.484809550343   14.815049046577  276.577053324830
     0.447069376744   17.460556571204   14.818110144661  276.481076137505
     0.447759398274   17.424275401960   14.802436798572  275.773607563867
     0.448195294730   17.434371224804   14.800897645752  275.860292247371
     0.448679899130   17.489074715349   14.789413287710  276.119056811983
     0.449107983523   17.483948720249   14.820884779431  276.650521339322
     0.449309320538   17.461331827236   14.826012837137  276.576010645545
     0.449781896185   17.417607235397   14.813710738481  276.087046316521
     0.450291500658   17.413168787099   14.827093179056  276.698246351615
     0.450788536098   17.420635872638   14.834933171071  277.089573133771
     0.451267755676   17.370598448403   14.822890228067  276.633791096983
     0.451698943326   17.328869054428   14.810663532268  276.174810828235
     0.452410185217   17.342316182503   14.814465904738  276.318320688528
     0.452932639832   17.409282715224   14.833795079363  277.082857470311
     0.453449275124   17.405843362776   14.806229687631  276.515394460936
     0.453930565299   17.359974566789   14.830555626858  276.657584965081
     0.454418150636   17.317350324315   14.822996560349  276.469835357685
     0.454895205743   17.364430351165   14.845978470886  277.383465498469
     0.455375799729   17.356691550271   14.851055706465  277.571820362734
     0.455909370102   17.304802378838   14.837064715655  276.851332782803
     0.456439261225   17.294880767380   14.834776462448  276.695987912743
     0.456918912121   17.290990085866   14.831781128964  276.614873389504
     0.457410726087   17.359571445208   14.844169146549  277.163992868128
     0.457926578110   17.403074522782   14.853072878719  277.446632433621
     0.458488326838   17.382967518477   14.850564427652  277.331888391077
     0.459493080105   17.390771342254   14.854288079943  277.631498903031
     0.460498885077   17.390605885330   14.826420324132  277.182910126878
     0.461504164061   17.293684998032   14.852363274752  277.819577595745
     0.462510742929   17.185968582712   14.874654113272  279.611621917405
     0.463517321797   17.177235869809   14.888677419008  280.086036976238
     0.464445300443   17.135652167596   14.876516357622  279.832849307635
     0.465395149547   17.139528795821   14.868623881042  279.589939661752
     0.466326272372   17.179641680750   14.877613630000  279.670540842185
     0.467326543647   17.195501516891   14.875975131576  279.653422366260
     0.468326814922   17.239418398606   14.874109865819  279.866222221776
     0.469150567737   17.186050566477   14.867948032361  279.483041698536
     0.469859984487   17.209493122894   14.878502459751  279.871281570430
     0.470492064715   17.236444600105   14.895892992486  280.500999027016
     0.470934282855   17.268204988158   14.933997130616  281.403288948166
     0.471364279974   17.221253119231   14.922920249241  280.398154520750
     0.471836882035   17.083925516650   14.879316132306  279.073685192874
     0.472303480085   17.113314866673   14.912478048755  279.797120120537
     0.472795899152   17.066926924610   14.907018732541  279.660167519933
     0.473272828881   17.110430717691   14.909147275268  279.685895843096
     0.473766256800   17.061650256207   14.894193400268  279.033918908094
     0.474252562765   17.093786809598   14.892531305045  278.928148348356
     0.474743458907   17.158442141132   14.908607389125  279.652747040498
     0.475214014353   17.199241993193   14.910860345109  279.698775583811
     0.475673894146   17.216087936351   14.915111524909  279.886332121071
     0.476158453816   17.194357426616   14.907846133641  279.593946337146
     0.476656578545   17.225232807590   14.917382822624  280.046488230111
     0.477118199280   17.206553766952   14.909454153970  279.699848399105
     0.477591441031   17.233119961785   14.911041762109  279.742374392825
     0.478103004553   17.191229221867   14.907114468671  279.754823449130
     0.479114134815   17.286876488068   14.950605408821  282.105943957178
     0.480124005712   17.234412891835   14.925866246319  281.755661682204
     0.481124351740   17.171213441795   14.945487131945  282.599625148113
     0.481767249299   17.064611885408   14.945169278674  282.477912618530
     0.482204165077   17.025942529138   14.961570191573  282.896109478295
     0.483048753228   16.983633067815   14.956208624448  282.378829883691
     0.483954824113   17.023423165090   14.934284486556  281.763421670668
     0.484809100304   17.078307229064   14.943196581911  282.110710535758
     0.485814418159   17.099636317702   14.948581856726  282.340848070924
     0.486825816147   17.117630480628   14.943739716559  282.272176009647
     0.487826126596   17.132368725271   14.935640794619  282.218131401965
     0.488829498276   17.109621335536   14.957131465925  282.887519494326
     0.489832869956   17.015936033317   14.954652950598  282.635926102837
     0.490836241635   17.009998001374   14.949889693072  282.357961496867
     0.491839613315   17.055535291999   14.959736339565  282.652025824370
     0.492842829664   17.034040541755   14.961869693635  282.732626153336
     0.493845706383   17.009900131791   14.962401546201  282.694036113026
     0.494848200736   17.052531517823   14.974775440486  283.025211410340
     0.495850318439   17.072862447682   14.990441563326  283.736308757690
     0.496852039902   17.003676319025   14.972313952984  282.988171743998
     0.497469286962   17.007689013152   14.968383902348  282.979450397470
     0.497886064031   17.045346974654   14.975738698805  283.279113013571
     0.498284096922   17.047676192365   14.972501514016  283.058868474853
     0.498630514883   17.027002294444   14.976288067469  282.932610794106
     0.499009562507   16.989716321915   14.990831978994  283.034371866413
     0.499404638006   17.043806244321   14.997791618809  283.467764284763
     0.499814037021   17.036125599325   14.992585463347  283.321498441770
     0.500015208689   17.044338728525   14.990767020697  283.248651253986
