# {0} signal over time, extracted at r = 500 km
# All quantities are measured in a resting observer's frame at infinity
# cols=4 rows=1000
#              time        luminosity               <e>             <e^2>
#               "s"           "foe/s"           "MeV^1"           "MeV^2"
    -0.170092974551  1.7456847059e-11    5.569130358088   33.776898561420
    -0.169077533533    0.036554991760    3.685165220823   15.346663876386
    -0.168053138512    0.136332161008    3.959454616637   17.784988763823
    -0.167042350517    0.173772740565    4.002418438723   18.185719429514
    -0.166039100136    0.177840146875    4.010106784491   18.279890329632
    -0.165026756836    0.174499076979    4.022011888117   18.412707356315
    -0.164014413536    0.170257313685    4.035978804160   18.564545255580
    -0.163000550214    0.167915430697    4.046223843041   18.673395033929
    -0.161965806685    0.165504067365    4.058767657261   18.805358969280
    -0.160931063156    0.163721569618    4.071772055263   18.940749841114
    -0.159861523225    0.162727164914    4.084134596375   19.070207895801
    -0.158861523225    0.162367668470    4.095196083364   19.186060791293
    -0.157821523225    0.162471790437    4.107235060461   19.307501455417
    -0.156781523225    0.163059928420    4.118701703691   19.422918482556
    -0.155741523225    0.164099511957    4.129625406869   19.532723697933
    -0.154701523225    0.165527926770    4.140423412862   19.641280563050
    -0.153661523225    0.167419671977    4.151049388817   19.747086007600
    -0.152621523225    0.169693099061    4.160873610928   19.846133912672
    -0.151581523225    0.172118005745    4.170586719162   19.945949558542
    -0.150541523225    0.174575415032    4.180608812617   20.050715024964
    -0.149501523225    0.177004951001    4.191536248568   20.164552072062
    -0.148463819939    0.179447826273    4.203231874917   20.286407493508
    -0.147442465843    0.181918011806    4.215199079928   20.412420401541
    -0.146414618432    0.184414805447    4.226873467314   20.541416952010
    -0.145370032019    0.186774820310    4.235970296756   20.663921813732
    -0.144355563964    0.189112192133    4.237245782902   20.744505451336
    -0.143353248144    0.191700547404    4.250882217571   20.891564585859
    -0.142892410156    0.192623462930    4.133103166290   20.284220586397
    -0.141881356033    0.184071883970    2.643289398571   12.219042877224
    -0.140877297390    0.199487091606    3.049468724856   14.484291285045
    -0.139863799778    0.207384500262    3.037501895003   14.465612659288
    -0.139315668930    0.210462727528    2.919153046359   13.838853418026
    -0.138288493105    0.211215332077    3.405972925825   16.570728578034
    -0.137264801912    0.212876411500    4.000754158889   19.920046609894
    -0.136262464020    0.217344846647    4.085804316322   20.455247596141
    -0.135229535694    0.222430016883    4.071740798285   20.441088318971
    -0.134486047099    0.225863197773    4.103432507008   20.664567465880
    -0.133441446441    0.230023383730    4.285234071953   21.751345249755
    -0.132428043805    0.234536922545    4.390895830865   22.416720842513
    -0.131408707131    0.239604942495    4.407076446973   22.582541929158
    -0.130381227587    0.244817135988    4.389406333718   22.558275075698
    -0.129353261411    0.250264075534    4.381186536272   22.587165310394
    -0.128337219108    0.255865152207    4.399107269169   22.765664128804
    -0.127277664261    0.261853938261    4.426347410021   23.005662576634
    -0.126237664261    0.268106023593    4.445394746550   23.201079262652
    -0.125197664261    0.274530148783    4.465035099244   23.404488804908
    -0.124157664261    0.281134694269    4.496021207098   23.677525981108
    -0.123117664261    0.288051521723    4.531152146471   23.975446480836
    -0.122077664261    0.295290982490    4.554050858875   24.202028449541
    -0.121037664261    0.302837556242    4.572208443513   24.400772221220
    -0.119997664261    0.310647565957    4.595729508078   24.629787780068
    -0.118957664261    0.318619412189    4.623520529347   24.884429096779
    -0.117917664261    0.326770821678    4.647113753485   25.115497300110
    -0.116877664616    0.335107469819    4.667987323138   25.332349262708
    -0.115837664616    0.343609261007    4.688498560396   25.548345891811
    -0.114797664616    0.352290358339    4.708767650795   25.763518033749
    -0.113757664616    0.361203143592    4.729072170199   25.980040937206
    -0.112717664616    0.370444908238    4.749238496307   26.195985585334
    -0.111677664616    0.379988084435    4.769603656332   26.414592836235
    -0.110637664616    0.389805031309    4.790437744932   26.638891650930
    -0.109597664616    0.399853330918    4.811684771149   26.868331798121
    -0.108557664616    0.410108687445    4.833224667010   27.101410712732
    -0.107517664616    0.420638105546    4.854646493304   27.333877714960
    -0.106877664616    0.427299768421    4.867608972158   27.475412595299
    -0.105876838423    0.437996006453    4.886960177268   27.692403727566
    -0.104846283173    0.449310497821    4.899418755985   27.872418062505
    -0.103842912001    0.460744690442    4.913941678999   28.066133203722
    -0.102840724772    0.472563411929    4.927593108296   28.257928777362
    -0.101823402916    0.484907418899    4.943685219834   28.469265795720
    -0.100805018837    0.497804928286    4.970127855625   28.745993888119
    -0.099787240263    0.511085434504    4.990947081124   28.987023821962
    -0.098782670789    0.524496157005    5.004680410363   29.181537446430
    -0.097781791090    0.538042029672    5.019061027196   29.379404258352
    -0.096773436017    0.551918519823    5.040537339059   29.622163333936
    -0.095762230843    0.566147003425    5.069959458365   29.915084257978
    -0.094759213660    0.580543652597    5.097064120986   30.190547898016
    -0.093738721638    0.595518039588    5.122887095730   30.457168050448
    -0.092691020535    0.611278116432    5.142617985129   30.686021354467
    -0.091688810558    0.626784944978    5.165845682594   30.933031232984
    -0.090673650367    0.638724426789    4.778010203909   28.498715484840
    -0.089637170330    0.659748752816    4.952603143731   29.729844158396
    -0.088602207937    0.678409057651    5.000521453248   30.134391820637
    -0.087562207937    0.696546009968    5.054904288535   30.585330533518
    -0.086522207937    0.714099244043    5.256145274164   32.011465466418
    -0.085482207937    0.732815575429    5.331948510855   32.617406617292
    -0.084442207937    0.752493899077    5.349943041822   32.841746368050
    -0.083482207937    0.771558999232    5.364553324074   33.032420817859
    -0.082442207937    0.792719854304    5.407316465710   33.419094127347
    -0.081402207937    0.814404560597    5.447296606250   33.790317158823
    -0.080362207937    0.836975304645    5.463307401033   34.001271193831
    -0.079322207937    0.860504425362    5.479869715951   34.214836813177
    -0.078282207937    0.884884374597    5.500084157972   34.454420563640
    -0.077242207937    0.910092925340    5.522110704433   34.709243935017
    -0.076202207937    0.936158533327    5.543938119219   34.966383833639
    -0.075162207937    0.963199313765    5.567469649490   35.235362991631
    -0.074122207937    0.991298264993    5.589615565039   35.493019930192
    -0.073082207937    1.020372933768    5.611553731143   35.749946933877
    -0.072042207937    1.050551396692    5.632678739796   36.002830836336
    -0.071002207937    1.081813877153    5.653889886283   36.255209126527
    -0.069962207937    1.114118510859    5.674722305955   36.504443387212
    -0.068922207937    1.147465653610    5.695424869718   36.754386453086
    -0.067882207937    1.182084829234    5.716909426331   37.014489398154
    -0.066842207937    1.218226194768    5.738831060091   37.279913926590
    -0.065802207937    1.255701584048    5.761235712395   37.551398127886
    -0.065642207937    1.261576770631    5.764748017338   37.593933940713
    -0.064602207937    1.300403453858    5.787873381248   37.874324956761
    -0.063562207937    1.340874819857    5.811205757747   38.159495710811
    -0.062522207937    1.383752563784    5.834311787925   38.444567211596
    -0.061482207937    1.429233559582    5.857356542141   38.729366061622
    -0.060442207937    1.477542357341    5.881234951955   39.024524340116
    -0.059402207937    1.528878524019    5.905359982198   39.324747294800
    -0.058362207937    1.582746983829    5.929655102361   39.628955644284
    -0.057322207937    1.639211430261    5.954345342714   39.940529529533
    -0.056282207937    1.698133231597    5.979604857436   40.261031551878
    -0.055242207937    1.760450927454    6.004839489267   40.582709274400
    -0.054202207937    1.826578680700    6.030685529745   40.912949503849
    -0.053162207937    1.896555752788    6.056491887143   41.247616526740
    -0.052602207937    1.935710499403    6.070349836390   41.429197360285
    -0.051562207937    2.011456774098    6.097218802529   41.779835491416
    -0.050522207937    2.091274502875    6.125824235798   42.149814954052
    -0.049482207937    2.175659212078    6.155524613847   42.531349202255
    -0.048442207937    2.264778067517    6.185291312859   42.920007299280
    -0.047402207937    2.358967147131    6.215479466848   43.320992701470
    -0.046327575238    2.461658262113    6.245248650715   43.732682457730
    -0.045287575238    2.566374442151    6.276832505552   44.158055148330
    -0.044280575539    2.674363887793    6.307387744624   44.570788157835
    -0.043240575539    2.793295272031    6.340321815332   45.013883226893
    -0.042213743507    2.917406846591    6.372947072347   45.461571242017
    -0.042093058476    2.932447056465    6.375862564757   45.507531275772
    -0.041057870222    3.066797892714    6.396745089171   45.873893991973
    -0.040017870222    3.212336678848    6.434431139774   46.379817027474
    -0.038977870222    3.367927080837    6.472884497536   46.899188702833
    -0.037937870222    3.533489983250    6.515419930598   47.461013677771
    -0.036889814921    3.712111353024    6.556709523842   48.022551387830
    -0.035882666322    3.891779413155    6.430827841199   47.270610925642
    -0.034803874164    4.111084301767    6.530730898283   48.319990694397
    -0.033763874164    4.335049700608    6.566684220180   48.869998759417
    -0.033603874164    4.371075182432    6.573927366050   48.969311462480
    -0.032563874164    4.614715784791    6.661594079229   49.951526817648
    -0.031523874164    4.876822440982    6.757774277685   51.024905316280
    -0.030483874164    5.163694730180    6.814145979940   51.793611182549
    -0.029443874164    5.478480244575    6.861174758194   52.497838401176
    -0.028403874164    5.823253187025    6.915167728281   53.274010736834
    -0.027923874164    5.993905275194    6.940437082753   53.640005407069
    -0.026883914640    6.391230011327    6.992027957797   54.417350231508
    -0.025843914640    6.828508895876    7.044038133264   55.217866731229
    -0.024803914640    7.313107419303    7.098005272795   56.050433827349
    -0.023743649731    7.861779144018    7.141456912733   56.816979380855
    -0.022943649731    8.320060698931    7.187430264086   57.516466247302
    -0.021903649731    8.976117021386    7.244269740961   58.416081597954
    -0.020863649731    9.714332604196    7.306485034716   59.376578852249
    -0.019823649731   10.547149439113    7.368403802818   60.349386619553
    -0.019183649731   11.112703041618    7.405866185255   60.950611391590
    -0.018143649731   12.132379272168    7.465399187200   61.924808376878
    -0.017103649731   13.293487344284    7.526158726785   62.925682355307
    -0.016063649731   14.623981034867    7.587134031750   63.942854455965
    -0.015023649731   16.157004749062    7.647667298814   64.965101931251
    -0.013983649731   17.928178808498    7.706771937718   65.975208370467
    -0.013663729669   18.528575277660    7.724559397330   66.282323900889
    -0.012623729669   20.687017980739    7.781298338155   67.272904692308
    -0.011683729669   22.953626709115    7.830280591603   68.145821432037
    -0.010663729669   25.814259143687    7.880007170753   69.054624264289
    -0.010063729669   27.732844270859    7.907209653339   69.566310689227
  -9.0587296690e-03   31.414971846831    7.947469493555   70.354244239405
  -8.7887296690e-03   32.521509119510    7.956951371692   70.548408097920
  -7.7762296690e-03   37.208404677350    7.986625076123   71.198797959987
  -7.6749796690e-03   37.728436621262    7.989092420668   71.257293509536
  -6.7637312330e-03   42.893344512176    8.006354474265   71.713699643708
  -5.9706062330e-03   48.265334992628    8.013113831114   71.991922262702
  -5.2871687330e-03   53.727547047742    8.015083892310   72.179922669711
  -4.6796996651e-03   59.248668990579    8.017384556898   72.366237578678
  -4.1481371651e-03   64.512175252258    8.024080950479   72.616794739790
  -3.6735277901e-03   69.454998610165    8.038016037698   72.976932219123
  -3.2606176339e-03   73.863107545502    8.058135242126   73.429843086973
  -2.8904223214e-03   77.827953856380    8.083436125880   73.965650658321
  -2.5593822823e-03   81.318796023660    8.112447170278   74.560507297344
  -2.2710570870e-03   84.284577376976    8.142680394714   75.169559632633
  -2.0215779262e-03   86.778491487353    8.172419701583   75.763208444637
  -1.7957002462e-03   88.958408022793    8.202214302907   76.354779221033
  -1.5992787069e-03   90.773261165684    8.230390115232   76.912098091855
  -1.4208774923e-03   92.340351961768    8.257709964769   77.451497878095
  -1.2627438910e-03   93.657668757965    8.282639941369   77.949092083518
  -1.1272108107e-03   94.729509382699    8.304108325016   78.385609021404
  -1.0054544446e-03   95.643244457384    8.324979858479   78.800587525182
  -8.9486838734e-04   96.425971721092    8.344864674483   79.192614809735
  -8.0200136938e-04   97.043637771918    8.362067777911   79.531220053434
  -7.1566294827e-04   97.582574292212    8.378473947594   79.853608954537
  -6.4129222909e-04   98.017552810717    8.392912741926   80.137002351564
  -5.7461503259e-04   98.383174501529    8.406078240692   80.395303291781
  -5.1755473943e-04   98.677042870560    8.417495008965   80.619314705449
  -4.9255079074e-04   98.800094693438    8.422539181408   80.718306968414
  -4.8313946701e-04   98.845542890607    8.424444236863   80.755697313789
  -4.7249155474e-04   98.896365834120    8.426603683547   80.798083212716
  -4.5499734424e-04   98.978443312842    8.430160936571   80.867912004139
  -4.3407764026e-04   99.074231477030    8.434429732855   80.951719369565
  -3.9858158066e-04   99.230779220929    8.441709785038   81.094672383761
  -3.7742254793e-04   99.320466788594    8.446070956262   81.180324862272
  -3.6107482069e-04   99.387868253886    8.449451419361   81.246723830039
  -3.5617745043e-04   99.407735650577    8.450465984365   81.266653083971
  -3.4128324593e-04   99.467228176267    8.453556743936   81.327368624473
  -3.2500737435e-04   99.530625869564    8.456943229373   81.393898840140
  -3.0989601411e-04   99.587960389712    8.460095737806   81.455837149959
  -2.9705638938e-04   99.635506236183    8.462780624197   81.508591333652
  -2.8452173234e-04   99.680873288988    8.465407258374   81.560203814664
  -2.7968932869e-04   99.698084201334    8.466421360048   81.580131292691
  -2.6949205255e-04   99.733888067506    8.468563937000   81.622235019487
  -2.6045500207e-04   99.765030616237    8.470465736766   81.659608647602
  -2.5138998175e-04   99.795710006652    8.472376277817   81.697155329319
  -2.3982303489e-04   99.834034671975    8.474818245204   81.745147596447
  -2.2845668956e-04   99.870788249078    8.477222336304   81.792397357343
  -2.1850335942e-04   99.902228035756    8.479331212738   81.833846458388
  -2.0791577812e-04   99.934899650650    8.481578205536   81.878011620747
  -1.9815269115e-04   99.964316156441    8.483653638751   81.918806002805
  -1.8826260278e-04   99.993413021428    8.485759398818   81.960197691511
  -1.7810854109e-04  100.022544419345    8.487924849365   82.002763924232
  -1.6738145721e-04  100.052495757248    8.490216340500   82.047809109498
  -1.5565599147e-04  100.084256857498    8.492725605867   82.097136895598
  -1.4330340515e-04  100.116601276724    8.495374131985   82.149204398309
  -1.3026085284e-04  100.149497199851    8.498176178873   82.204292698203
  -1.1820909255e-04  100.178737185750    8.500770404943   82.255298273617
  -1.0766853678e-04  100.203391103623    8.503043223350   82.299987554199
  -9.7918578629e-05  100.225425227995    8.505148744865   82.341390362046
  -8.9624300214e-05  100.243582564999    8.506942269313   82.376660778510
  -8.1423617251e-05  100.261000443666    8.508717635602   82.411576943612
  -7.3676131684e-05  100.276964529022    8.510396746487   82.444603006830
  -6.6704420001e-05  100.290920075169    8.511909250434   82.474354865235
  -6.0646851519e-05  100.302728643138    8.513224567350   82.500230274049
  -5.6030128490e-05  100.311529488711    8.514227720843   82.519966264599
  -5.0438794354e-05  100.321956882684    8.515443432910   82.543886076658
  -4.4748387825e-05  100.332307899170    8.516681572038   82.568249487987
  -3.9166160798e-05  100.342205057949    8.517897014784   82.592168725565
  -3.3787874097e-05  100.351498831304    8.519068825473   82.615231716666
  -2.8540291572e-05  100.360337174489    8.520212880955   82.637750834969
  -2.3130493356e-05  100.369210295213    8.521393028148   82.660982955400
  -1.8060520584e-05  100.377305707241    8.522499711424   82.682771357670
  -1.3539141183e-05  100.384344642232    8.523487176542   82.702214683504
  -9.1351293383e-06  100.391036643030    8.524449484332   82.721164610578
  -4.7608446987e-06  100.397522536125    8.525405755344   82.739997615131
  -9.4447107635e-08  100.404264115641    8.526426383499   82.760100278999
   4.4267069827e-06  100.410620693828    8.527415730857   82.779589027901
   8.5601447645e-06  100.416280848123    8.528320649614   82.797416580760
   1.2192037432e-05  100.421134466081    8.529116085909   82.813088792025
   1.9451155026e-05  100.589027789788    8.530530647314   82.841253827074
   3.2966403167e-05  100.601388708692    8.533477885822   82.899358876394
   5.0680739976e-05  100.615348281019    8.537348038072   82.975681281051
   6.9478970014e-05  100.626616459593    8.541403156190   83.055691537182
   8.7272678135e-05  100.635301057865    8.545315300593   83.132881940479
   1.0555116840e-04  100.641419005075    8.549347569851   83.212460485018
   1.2288235029e-04  100.644520384757    8.553182772364   83.288166221037
   1.4086751210e-04  100.644876464282    8.557173538058   83.366959172037
   1.5793895829e-04  100.642443798951    8.560970262395   83.441935612174
   1.7558292250e-04  100.637018527450    8.564901680252   83.519585188810
   1.9412576080e-04  100.628050948297    8.569040012193   83.601333103038
   2.1210131911e-04  100.616094112890    8.573057207582   83.680695445862
   2.3055112620e-04  100.600414475851    8.577185409703   83.762253271076
   2.4997417044e-04  100.580115230291    8.581536833369   83.848217489179
   2.6927244836e-04  100.556040887740    8.585866346578   83.933738275464
   2.8883936503e-04  100.527612248652    8.590263181799   84.020571127466
   3.1028606352e-04  100.491764149955    8.595092098063   84.115909013218
   3.3036624244e-04  100.453733240430    8.599624030544   84.205350855702
   3.5280849547e-04  100.406095526639    8.604703210942   84.305550451415
   3.7680948643e-04  100.349141802101    8.610153670616   84.413020951737
   4.0247498298e-04  100.281357559920    8.616005177166   84.528337033721
   4.2528640947e-04  100.215135416790    8.621227106863   84.631194253624
   4.5225883124e-04  100.129535622114    8.627427678798   84.753270947454
   4.8122394458e-04  100.028742223602    8.634117485568   84.884921446793
   5.1212735748e-04   99.910944703447    8.641288988943   85.026000533857
   5.4224431029e-04   99.785770076573    8.648309349547   85.164072816423
   5.7556289769e-04   99.635062506774    8.656108617329   85.317445333954
   6.1128164006e-04   99.458822762040    8.664503581953   85.482531419218
   6.4950309503e-04   99.252858722911    8.673521306629   85.659883883117
   6.8978013014e-04   99.015701757935    8.683059452945   85.847510637034
   7.3235618372e-04   98.741785089051    8.693180322887   86.046654093913
   7.7686001734e-04   98.429126712188    8.703802788423   86.255727673486
   8.2494272240e-04   98.060180872838    8.715333194746   86.482732457847
   8.7439253572e-04   97.646191090625    8.727254408133   86.717480682486
   9.2996950104e-04   97.138307123696    8.740733306088   86.982940005357
   9.9148660758e-04   96.522988403136    8.755752386906   87.278759579479
   1.0603192066e-03   95.768067803714    8.772672156839   87.612042138883
   1.1397152342e-03   94.810296402052    8.792313902747   87.998973876569
   1.2217888615e-03   93.722182533155    8.812722535243   88.401020156578
   1.3066922747e-03   92.490011832639    8.833901566697   88.818219020780
   1.4113598584e-03   90.816344857032    8.860040971286   89.333209559254
   1.5305424006e-03   88.695103564872    8.889856618164   89.921036197949
   1.6488104138e-03   86.364756044924    8.919767888511   90.510652590393
   1.7709760072e-03   83.740304223191    8.951535280160   91.134490989073
   1.8980227655e-03   80.815595943040    8.985867684350   91.803937532697
   2.0245629524e-03   77.766311067788    9.020678560351   92.479790907471
   2.1537502414e-03   74.609195004595    9.054172771479   93.135058723815
   2.2857433213e-03   71.479104411357    9.081629447490   93.689276897282
   2.4136209293e-03   68.713205602105    9.097296247267   94.034469776080
   2.5485782659e-03   66.299850427411    9.099977676277   94.145853577092
   2.6972263956e-03   64.533086380214    9.090128275253   94.021075236593
   2.8180648997e-03   63.988453648950    9.079595688659   93.858421524131
   2.9301969307e-03   64.330717488087    9.075794090458   93.811678118381
   3.0511646246e-03   65.724842375655    9.086617636334   94.048227844079
   3.1771907792e-03   68.414720755290    9.122306825747   94.789086078038
   3.3427642989e-03   74.042262175031    9.216148379275   96.764013522675
   3.5134817414e-03   82.520951189027    9.372003864600  100.132406481370
   3.6792792764e-03   93.475788634634    9.573514951557  104.595243280598
   3.8741266507e-03  109.774704334441    9.857421506446  111.062237506164
   4.0773762396e-03  130.489196236386   10.185493554267  118.775132546802
   4.2806258286e-03  154.480197022722   10.516067750258  126.906244022266
   4.4838754175e-03  180.911133594383   10.846922067533  135.234407309093
   4.6858088353e-03  208.353848610757   11.160824624608  143.345150639562
   4.8809217321e-03  234.600530905269   11.441464785084  150.773807257653
   5.0709199094e-03  258.703873215156   11.687626924585  157.438252060342
   5.2570124687e-03  280.092663493547   11.902286883016  163.341142720870
   5.4568628129e-03  299.956339971933   12.100444365933  168.901414372152
   5.6903435782e-03  318.608338407001   12.174603526664  172.665866107638
   5.9010344860e-03  331.138645334156   12.342038919865  177.124163205685
   6.1543170278e-03  340.904651500596   12.496015565198  181.315419840447
   6.4061297586e-03  345.523222068733   12.597705486580  184.238961535405
   6.6579424894e-03  345.974584625108   12.670537644234  186.330992830129
   6.9097552202e-03  343.062589518953   12.717735543755  187.676809972114
   7.1615679510e-03  337.684873717645   12.744953303687  188.423659376387
   7.4133806818e-03  330.533461897404   12.751683432255  188.610382872157
   7.6651934126e-03  322.570644124079   12.742962690085  188.382171347328
   7.9170061434e-03  313.706267441356   12.722568272826  187.865419888070
   8.1688188742e-03  304.741458772926   12.691146427120  187.048060616274
   8.4209899382e-03  295.481871839709   12.652206642680  186.037706042152
   8.6747024868e-03  286.195596773730   12.603904635711  184.761926562655
   8.9282784143e-03  277.115653443461   12.554755443557  183.448202432610
   9.1798956765e-03  267.939473757785   12.498176142254  181.924883045999
   9.4342232256e-03  259.230484487118   12.442644261708  180.393415811272
   9.6885507747e-03  250.436934553308   12.380644617138  178.715817281078
   9.9428783239e-03  242.083967369865   12.312868285939  176.889176027007
     0.010197205873  234.073174753183   12.246412031206  175.116700855716
     0.010451533422  226.141607055487   12.171637562724  173.144012508416
     0.010705860971  218.879520707203   12.099681489585  171.243796134630
     0.010960188520  211.343325581372   12.022599660728  169.249923162718
     0.011214516069  204.456257274214   11.944127255709  167.212600160557
     0.011468843619  198.221811036083   11.874630341102  165.381584500569
     0.011723520042  191.653063650125   11.795845227917  163.338312651062
     0.011975969242  185.672772298807   11.718604561951  161.324648511920
     0.012228418442  180.431894077582   11.601093875336  158.859122715288
     0.012481584007  174.799014717682   11.510576976085  156.697781249103
     0.012736642509  169.352820339220   11.418998179696  154.480783083405
     0.012988345059  164.661893338978   11.359610391168  152.845546994774
     0.013240047226  159.890225921669   11.294540816895  151.136853751710
     0.013491749393  155.365528982374   11.235738180006  149.528171062158
     0.013743451560  151.414895356989   11.187821117289  148.167952434201
     0.013995153727  147.481806656812   11.136938707518  146.795786859040
     0.014246855894  143.312010292382   11.081484382903  145.266623708289
     0.014498558061  139.482882673279   11.018971630274  143.650958581115
     0.014750260228  136.152992031786   10.971091604309  142.357595586429
     0.015002856299  132.677090769563   10.918663939193  141.009165912085
     0.015256969229  128.967495400672   10.670852392869  136.953284596995
     0.015512261227  125.747700368506   10.672593720721  136.296369346348
     0.015767551787  122.963135944596   10.656658770372  135.526155717434
     0.016022842347  119.894591285395   10.627935828566  134.547209386265
     0.016278132907  116.783046718340   10.583823129087  133.302414889331
     0.016530473159  114.239294678085   10.416469578997  130.542793528374
     0.016783049731  111.999511741370   10.431018938091  130.272206114497
     0.017040491480  109.544802425509   10.409626922544  129.504329424457
     0.017291050290  107.129337186807   10.371942077340  128.500128676913
     0.017552391529  104.877002216919   10.298013491175  127.071473124059
     0.017803596192  102.854936867887   10.221199300007  125.678461104199
     0.018062488329  100.927100325817   10.206964747544  125.119850392621
     0.018318383653   99.023041589277   10.173512845412  124.314296214071
     0.018570717324   97.074193377790   10.143325962049  123.509796891216
     0.018823050995   95.156445473436   10.110966547204  122.690005944053
     0.019075384666   93.457660625097   10.091239546916  122.083612347544
     0.019330021578   92.092915411501   10.088332147408  121.786681998781
     0.019580819018   90.832677951592   10.088982647920  121.592402823449
     0.019831626821   89.273285309404   10.078253791989  121.112938882325
     0.019996880942   88.184895116434   10.065154917200  120.681351908573
     0.020252273673   86.622240148004   10.042591008107  120.025694612150
     0.020507666405   85.179634253254    9.977364914239  118.898279485542
     0.020758574340   83.886236906536    9.954668291486  118.359606383823
     0.021009521273   82.621528199445    9.916137758633  117.629204109093
     0.021267337220   81.183536619140    9.707161123977  114.725819413454
     0.021523020414   79.690378712047    9.739954679168  114.820648038551
     0.021778703608   78.199468963226    9.772064026932  114.903305208991
     0.022034379575   76.867184731002    9.790470049502  114.801169034899
     0.022290605446   75.713847680928    9.790328362295  114.452317207265
     0.022543939302   74.543465683249    9.741463340136  113.491164982981
     0.022797273158   73.380088303868    9.675992483553  112.413817187137
     0.023050607014   72.286593265391    9.626434004297  111.586885072820
     0.023303940870   71.332565217035    9.644563759023  111.575312943177
     0.023557274725   70.577535325647    9.647171407625  111.354017379990
     0.023811317361   69.841792726761    9.640619211565  110.993251623446
     0.024061348189   68.941068255308    9.622394647322  110.480079730082
     0.024313396409   67.958828589207    9.582183148016  109.750344580329
     0.024565444630   67.043460161449    9.480315988782  108.330408941245
     0.024817492850   66.292437035155    9.509817196787  108.528339490647
     0.025015044158   65.829989418462    9.521789288167  108.575799500619
     0.026025647943   63.179959977789    9.487752911804  107.362927972262
     0.027048813983   60.270062413163    9.413499037868  105.964302427048
     0.028054664654   58.249119384909    9.357748369117  104.737019028608
     0.029067212071   56.024543952205    9.297794730878  103.486932878748
     0.030070220284   53.832424785004    9.221305283264  101.941868096055
     0.031073466985   52.154648539014    9.175816842141  100.970988577955
     0.032098274582   50.142002828464    9.112291409967   99.703498250606
     0.033101957175   49.131937687701    9.093517488407   99.470808278819
     0.034109980761   48.373085564355    9.082054374173   99.178251118519
     0.035116052978   47.222308510393    9.052582874340   98.615966199730
     0.036123241989   46.374814454335    9.034338140408   98.293583171183
     0.037126417285   45.192324190856    8.992188205078   97.402041624199
     0.038127085098   44.530574244752    8.982104164816   97.242062986656
     0.039129893882   43.886773913161    8.957577932429   96.862039514461
     0.040140753378   43.127609784362    8.952770484895   96.825864265105
     0.041155770347   42.211593784244    8.928442112598   96.452310165652
     0.042167728970   41.315872457152    8.898220894813   96.031312173182
     0.043174873401   40.697702873914    8.903851220971   95.975655748853
     0.044182443969   40.187848186815    8.899365543516   95.928884575574
     0.045197539603   39.912540736368    8.905349793713   96.145437582652
     0.046200984972   39.867020222730    8.912778252316   96.350509136096
     0.047223924757   39.852308315586    8.930547539724   96.916572900429
     0.048258712473   39.702420591779    8.968135208761   97.689835752426
     0.049273200558   39.598686613603    8.961057516798   97.638279893376
     0.050273277635   39.530841983676    8.984624086141   97.962607231496
     0.051274763100   38.981302041080    8.999848317569   98.390117707266
     0.052289327423   37.952407744602    8.983239707517   98.114716840183
     0.053290197373   37.180462584315    9.005721853815   98.349913317138
     0.054307545905   36.811347706790    9.035350524042   99.093352925397
     0.055333273630   36.242573080525    9.027755314376   98.954882569132
     0.056344356419   35.478570471166    9.026532828771   98.755748791688
     0.057353331139   35.350937748023    9.053899484539   99.390242229479
     0.058370033607   35.796795527778    9.130269146862  101.077882289454
     0.059373946038   36.122161938073    9.190013075224  102.391909213650
     0.060374188847   36.580169483022    9.242076903624  103.569928282839
     0.061383962504   37.271401822709    9.306281659512  105.120650331288
     0.062398670698   37.991778917788    9.387230086479  106.866493901064
     0.063405844997   38.399143265207    9.433240321048  107.993358151080
     0.064411015269   38.285947895761    9.448324879526  108.358746528516
     0.065417210687   38.331234652855    9.467002068855  108.840494629877
     0.066425934499   38.293919099279    9.474212280790  108.997758180136
     0.067433006396   38.275557166971    9.471888822771  108.957145381282
     0.068435189757   38.352664948521    9.472839161583  109.025685522413
     0.069447497452   38.520435033146    9.477307517932  109.169274681720
     0.070456110331   38.823795831440    9.500180838979  109.805832945224
     0.071460074276   38.947475123038    9.507135410106  109.972835762228
     0.072460593154   38.754472909740    9.474478370492  109.170186177093
     0.073464015473   38.719210635125    9.465538315053  109.087288511994
     0.074477251020   38.672097490204    9.472545436231  109.316543836002
     0.075481417601   38.424161724477    9.483541980934  109.693977892455
     0.076490854607   38.186778320563    9.501300670677  110.145692517542
     0.077491808685   37.750353482654    9.501281343894  110.193203814803
     0.078494801878   36.877667104115    9.461395901197  109.262942864102
     0.079505714942   35.930660110855    9.420767143966  108.289320812252
     0.080527074869   35.055836743540    9.407593112420  107.989036028122
     0.081543058220   34.591434235570    9.419945887353  108.344805219134
     0.082551515099   34.297550831065    9.443903572694  108.940628664536
     0.083555788022   34.062210015829    9.456297807390  109.238641576041
     0.084556066660   33.814668151148    9.466055241991  109.498895954943
     0.085556343247   33.777855626334    9.494035791794  110.199897696070
     0.086570530711   33.770619998019    9.524548142323  110.891768652044
     0.087590864386   33.725067520599    9.546308499305  111.413898300818
     0.088591916257   33.605697597430    9.564929242209  111.845638834467
     0.089634090936   33.530883726199    9.588941438307  112.444130379994
     0.090019249446   33.485677604754    9.596643711551  112.634009533974
     0.091022116982   33.394336699023    9.619131968262  113.181685656813
     0.092022426418   33.436993409762    9.638281243011  113.637333217193
     0.093025700299   33.301597727017    9.666732406929  114.309237795313
     0.094037335087   33.224200050769    9.694279386144  115.059838312495
     0.095039988588   32.926905718123    9.704634788726  115.311826406089
     0.096048823231   32.639165082349    9.718809744652  115.594059733888
     0.097056751379   32.355469510691    9.729762519038  115.894019004578
     0.098063649951   32.081171309779    9.748417603984  116.262632266233
     0.099066883356   31.954839923252    9.774729980988  116.931237794282
     0.100075238006   31.751561585919    9.796116318984  117.459224484845
     0.101080988432   31.588561294630    9.817069386665  117.998780398173
     0.102083037966   31.417597013186    9.833947709760  118.422893447034
     0.103091501869   31.264082363829    9.851899898511  118.866186552484
     0.104097982155   31.203011650101    9.876447331766  119.482257228652
     0.105109642710   31.110342105397    9.897393825906  120.012494158879
     0.106121335974   31.101519220763    9.921728270807  120.651361964306
     0.107106728512   30.983363256560    9.934649125994  121.001106534525
     0.108065275032   30.894854949807    9.952229656935  121.423113156031
     0.109073877111   30.938662088676    9.977175032664  122.104727894180
     0.110035529629   30.812461373407    9.988525074374  122.388895765896
     0.110933140432   30.865322056490   10.015320686288  123.090491505856
     0.111885390264   30.909358524836   10.041791123450  123.809377638104
     0.112892498942   30.857511283143   10.061110648739  124.303345803488
     0.113849502634   30.880059230960   10.085247300241  124.943347206870
     0.114845717202   30.867275371675   10.106139145688  125.497337374673
     0.115855658815   30.812783987153   10.127574505872  126.076905648184
     0.116868583518   30.838599042540   10.151604388003  126.735016846393
     0.117878993226   30.736207014667   10.162056071251  127.024731362602
     0.118880875977   30.693994847043   10.179876964071  127.513057897913
     0.119895501333   30.731885801258   10.204471486417  128.196840692185
     0.120908159993   30.716277848452   10.223886658769  128.762943643111
     0.121696729417   30.751513513158   10.243122576902  129.303200336062
     0.122693034486   30.748601987225   10.260684927161  129.729492893938
     0.123580086852   30.626513558494   10.265727343699  129.886929045717
     0.124463909623   30.602052727457   10.280988207432  130.300108581648
     0.125329930175   30.599991375377   10.298931173063  130.817260028304
     0.126194748884   30.553172244840   10.310129963021  131.131346466949
     0.127119377448   30.505899357203   10.322970885285  131.469454436195
     0.128083926993   30.481525152118   10.341204444849  131.985651837296
     0.129035000129   30.486135942756   10.362784378166  132.603825440280
     0.129961869940   30.441376701834   10.378739047594  133.036330958148
     0.130966728999   30.426075781389   10.397958659587  133.576530044364
     0.131975598189   30.398081991713   10.416406840899  134.102667850341
     0.132985923495   30.356222946993   10.431298468929  134.542104753405
     0.133987743623   30.302669198673   10.447653610446  134.998356341556
     0.134968624614   30.333867363320   10.469741981985  135.648670807433
     0.135984088171   30.260542482620   10.482686200487  136.011664909641
     0.136995234831   30.307612179501   10.506886859718  136.753753407856
     0.138000798942   30.191427432245   10.510085344276  136.921268388919
     0.138877644672   30.083141413790   10.514770832907  136.993314872931
     0.139774757707   30.008105220850   10.524377385938  137.256433149589
     0.140648460524   29.917790575615   10.531089481484  137.493591312614
     0.141560456518   29.801691829925   10.536607356352  137.643865639737
     0.142425592987   29.738645045485   10.548046293345  137.978686694809
     0.143313186218   29.650616978468   10.556411284425  138.208634427272
     0.144239207450   29.575038482147   10.570737620652  138.639084800897
     0.145249194520   29.398321864034   10.575252530019  138.762300149460
     0.146259701578   29.181249219763   10.573698189942  138.733762309499
     0.147261812881   29.029506035244   10.582757331470  139.051669965341
     0.148275309205   28.927428979026   10.591062981816  139.434972849418
     0.149285342260   28.709952759327   10.589114063608  139.386743747729
     0.150310349528   28.565042313742   10.585445484075  139.424326150473
     0.151332594131   28.337487696314   10.589972477642  139.344806606136
     0.152356634038   28.200426423541   10.585472057102  139.417674869443
     0.153376759375   27.995070457509   10.576924278877  139.259285624591
     0.154419660396   27.854524910346   10.585215213346  139.478745217289
     0.155423173222   27.664194695741   10.575927492913  139.277274507047
     0.156176594895   27.533563091527   10.577595087949  139.287410700963
     0.156960776023   27.390997024583   10.584637323569  139.261651316446
     0.157703195030   27.290484285346   10.584585580801  139.319154233251
     0.158522393262   27.155587035781   10.586935634637  139.402595925177
     0.159353284344   27.045032175116   10.591986838769  139.581048153468
     0.160183679394   26.935777511767   10.599359364292  139.804079585500
     0.161095558613   26.825255901646   10.610882311795  140.128430417393
     0.162007270084   26.659780092998   10.612552154769  140.197658648890
     0.162915483029   26.506493680774   10.617503950184  140.347102665230
     0.163805964220   26.354522716712   10.622395068831  140.512412364467
     0.164733916328   26.169240730986   10.622735361479  140.555206711912
     0.165655688118   26.041193555595   10.629755209278  140.804203249108
     0.166581049452   25.919605774995   10.636536133121  141.025923111748
     0.167605465481   25.746292210644   10.635375538585  141.001257608376
     0.168611192325   25.622807008932   10.636972327988  141.130101701801
     0.169622531158   25.491332797822   10.633233930297  141.187226945610
     0.170629241858   25.387563181496   10.632406269920  141.243898162559
     0.171636547047   25.297707374192   10.636025476916  141.339422422521
     0.172652349889   25.211295384999   10.637369148406  141.386503791879
     0.173655659652   25.184128353054   10.637465054513  141.589772607148
     0.174657499829   25.084408282075   10.651783561331  141.668985916382
     0.175666020576   25.006420804780   10.638034551199  141.562094749753
     0.176455585677   24.943889709042   10.633806794967  141.574214894361
     0.176641568780   24.935215984452   10.636829413103  141.640260408833
     0.177460890181   24.897805633057   10.667430092290  142.119269316001
     0.178245678525   24.831713958661   10.667036869017  142.182080294792
     0.179026861918   24.797342556453   10.678745601915  142.530570516326
     0.179835514032   24.741955737568   10.690594045093  142.896154054171
     0.180655791442   24.663118643490   10.700224003075  143.183975381538
     0.181457130588   24.569706134998   10.703397035532  143.263375617267
     0.182236562088   24.443268846201   10.706387498733  143.361249853354
     0.183007726222   24.329611286643   10.710773730236  143.480947724541
     0.183798749687   24.234102968726   10.715097347563  143.628465628578
     0.184588501828   24.151091875811   10.725060590577  143.927819568856
     0.185441736800   24.055701576524   10.727990502630  144.016531925774
     0.186354596695   23.935605221991   10.729123460739  144.096038185933
     0.187214698965   23.888944084094   10.742665951479  144.531958800114
     0.188216585983   23.821278511617   10.752696683094  144.846783709028
     0.189241106159   23.785343509295   10.762629991343  145.241371696399
     0.190257200971   23.744568210419   10.756489342315  145.289940295755
     0.191270251997   23.603684957834   10.751915569181  145.152288562637
     0.192272987961   23.578848212276   10.742914907404  145.126203003770
     0.193273738745   23.527891303381   10.744123729489  145.241117346745
     0.194297746723   23.434660435269   10.738473103962  144.955701536114
     0.195301783060   23.399776516316   10.757553751710  145.267293686622
     0.196276823171   23.331538044707   10.756577848164  145.149201676015
     0.196990437936   23.304481651586   10.757411598961  145.317152949499
     0.197991635830   23.309324562727   10.785037808627  145.918641369409
     0.198993093341   23.283147000546   10.786750107447  146.214885934235
     0.199994160511   23.226218111083   10.792034280462  146.400207512853
     0.200701970373   23.130114474059   10.798448539716  146.441130695668
     0.201405243246   23.112484349509   10.809059892374  146.830518246690
     0.202269926225   23.072623402464   10.825102505855  147.181923401585
     0.202968979033   23.017173456505   10.821675997181  147.309501842266
     0.203648739017   22.983814971040   10.838620329567  147.607316944867
     0.204372679693   22.909924207800   10.834208056101  147.499314626403
     0.205121731923   22.837069991154   10.838720875090  147.612363604175
     0.205916129919   22.809055647308   10.848826336815  147.929882780281
     0.206715267699   22.760418116921   10.860038437912  148.264129712298
     0.207524558897   22.695244677964   10.867371150021  148.450008036605
     0.208322960868   22.575242387530   10.862280227778  148.301212149218
     0.209118263411   22.513421756973   10.871975467454  148.605180171288
     0.209928232166   22.507831471540   10.890517129115  149.216272910402
     0.210741629596   22.474866603135   10.903481346372  149.648440548922
     0.211507893854   22.422007499006   10.907207749619  149.734886632035
     0.212274305891   22.384213120053   10.917203061816  150.010745874142
     0.213021879458   22.333360906300   10.921838595465  150.173163039862
     0.213782988453   22.265553875348   10.925288632813  150.264594546221
     0.214545964694   22.202538316062   10.928321260239  150.344668110976
     0.215347686201   22.141493500097   10.927481299075  150.345554615103
     0.216103342612   22.052529269861   10.924831757606  150.262634520205
     0.216871837170   22.092080906792   10.941812178524  150.789050977715
     0.217715549313   22.018023590951   10.937433629725  150.747529256291
     0.218476428614   22.059028119936   10.955420271791  151.305878813570
     0.219294625924   22.037318011732   10.958982122965  151.395953681361
     0.220041714898   22.004745375520   10.957717206263  151.417343548566
     0.220886129003   21.947704172250   10.955486465708  151.251488149552
     0.221632007495   21.930924064258   10.961181425304  151.489016199541
     0.222473027492   21.923289424088   10.971585312092  151.758711540911
     0.223243828177   21.899612131239   10.973334449743  151.816710028411
     0.223975855602   21.876041408512   10.980743172873  152.066042443373
     0.224728684824   21.856499947990   10.990961575927  152.392269925030
     0.225561939853   21.860803684911   11.005008289724  152.859721467287
     0.226411831688   21.788641379255   11.000806186287  152.715169237647
     0.227248650074   21.801262304882   11.016023306448  153.155271874905
     0.228046204136   21.766656538329   11.020966096660  153.326613469470
     0.228848240719   21.799027136261   11.039782074024  153.927420613649
     0.229853004280   21.757105974092   11.048800674550  154.244162125814
     0.230856309505   21.657183444012   11.032255227289  153.972984413324
     0.231696802759   21.695836103001   11.050376639530  154.642688009601
     0.232723304713   21.593390135187   11.045211620270  154.296046382559
     0.233729651842   21.593378682114   11.020074633619  154.068134213625
     0.234732494532   21.567046905286   11.023663736666  154.175893117667
     0.235734555653   21.574477067615   11.032100340964  154.262950471869
     0.236736008001   21.578558268345   11.032085304025  154.394114185263
     0.237741660351   21.612595086203   11.046984598836  154.945265128536
     0.238751398251   21.591336256691   11.059931233074  155.126636927203
     0.239757308456   21.501712687694   11.046391575932  155.065356111963
     0.240761404664   21.431200959237   11.062749216084  155.302753569648
     0.241529898969   21.416913844975   11.090665930490  155.753952239696
     0.242330388020   21.406405269559   11.096420389541  155.974944429603
     0.243355760303   21.347866017729   11.118939837792  156.445401090784
     0.244357982824   21.359899333144   11.102491574653  156.956963670840
     0.245361338188   21.183787965868   11.103325338439  156.900466106565
     0.245981867372   21.170640532370   11.134597935961  157.567100249436
     0.246652376537   21.124708200374   11.164986368644  157.980092757654
     0.247377088693   21.001401740447   11.155473479742  157.573378066760
     0.248113135352   21.022712709955   11.170305110041  158.021043783978
     0.248816536038   20.963436178742   11.166391490786  157.940511829720
     0.249565775390   20.924756500444   11.168901422468  157.980892675855
     0.250349037444   20.941853557680   11.182478817513  158.381609731043
     0.251238276580   20.882332464809   11.185009866011  158.472015324541
     0.252252244291   20.865392802768   11.200557139193  159.132526092001
     0.253276945217   20.806894904970   11.174221006761  159.035399569636
     0.254286407717   20.774847612358   11.180175901669  159.306674022187
     0.254338318117   20.770013899293   11.179323723108  159.289591986640
     0.255098937025   20.658314288421   11.168431130555  158.998409804374
     0.255357701919   20.660287483129   11.172093845445  159.088584571769
     0.256375901804   20.685227968105   11.201204079047  159.501369639448
     0.257380006539   20.732971728466   11.226668227048  159.910158128229
     0.258383480102   20.727626313976   11.215522406649  159.666399514263
     0.259383958492   20.586885154835   11.198031059427  159.144481859276
     0.260389390851   20.563040383136   11.207552692053  159.457921393391
     0.261391765851   20.544039192919   11.213929114141  159.608363950931
     0.262394140851   20.527344856890   11.224320051465  159.979371078342
     0.263406505163   20.545477840234   11.245368345006  160.769792506499
     0.264408279039   20.565092766566   11.280295144769  161.612947419761
     0.264954606580   20.479763223455   11.269574772183  161.390704684931
     0.265549122347   20.388695687119   11.276685463470  161.440852053043
     0.266114483805   20.355993269466   11.296718741831  161.791778373722
     0.266686851103   20.284180684554   11.294734127215  161.820110597247
     0.267277536441   20.189855440890   11.288832581604  161.608586956005
     0.267857607246   20.090391621620   11.278064186399  161.276177966557
     0.268479382155   20.075298544997   11.286893022800  161.575860786927
     0.269065653327   20.087641942133   11.299616907256  161.960546881431
     0.269676372069   20.045962586585   11.299677169284  161.952386079218
     0.270410615748   20.005033813329   11.302708187837  162.013322329746
     0.271034875622   19.984674781893   11.304019940499  162.201495235701
     0.271637443191   19.962050927075   11.316470889432  162.477258715084
     0.272211392555   19.908013141283   11.311974023783  162.319018617567
     0.272818943123   19.852082319994   11.308162582814  162.202521889582
     0.273477757595   19.844944275823   11.313890159393  162.369808623640
     0.274127038573   19.839416201466   11.319559475805  162.564055333373
     0.274815219750   19.836795427971   11.325771775585  162.716828947450
     0.275522335049   19.815334512844   11.330624123446  162.882946985632
     0.276545720246   19.874773326583   11.360122937332  163.845084539091
     0.277553721877   19.801673125663   11.349646803911  163.752157319123
     0.278556086920   19.732524070399   11.341593482384  163.649646273219
     0.279574589906   19.721111209114   11.347492689495  163.889387710865
     0.280579013396   19.641135451911   11.324486854235  163.281558550708
     0.281587629851   19.677714331375   11.328345449635  163.497198423326
     0.282588864216   19.761954455403   11.345269309502  164.089179299750
     0.283593165012   19.805513482564   11.364407715253  164.592599271193
     0.284596913330   19.729376597782   11.362638514424  164.489729614126
     0.285600069110   19.654827115355   11.363975352053  164.517864094147
     0.286602673187   19.628756843277   11.377718720227  164.901418479481
     0.287604719247   19.605504197304   11.389845338091  165.243529666614
     0.288606355934   19.574731056912   11.401392606280  165.612188061906
     0.289325122436   19.553181266832   11.410215345473  165.911673187795
     0.289900394157   19.513417857788   11.412394426831  165.964081892039
     0.290467163806   19.467354203840   11.432455281221  166.185167567163
     0.290983459990   19.455578465387   11.439832067270  166.378186107714
     0.291487596382   19.431548183540   11.443136162372  166.514745169134
     0.292038247527   19.387037918747   11.446325796386  166.577927216951
     0.292601376600   19.299543728170   11.436710515502  166.255526122414
     0.293178396418   19.235366620210   11.434519651495  166.200016849986
     0.293762269615   19.238215415156   11.446238599662  166.580232135592
     0.294355790196   19.245964968909   11.457612596321  166.953963413205
     0.294943271577   19.262420237449   11.469759290241  167.349649288713
     0.295656893163   19.265694424191   11.481655782627  167.847551593586
     0.296246328150   19.247514662515   11.485564608911  167.976311942035
     0.296832960827   19.247728218741   11.486189306030  168.156667895162
     0.297453195456   19.269570231975   11.504671953000  168.625569126566
     0.298064953304   19.229251082918   11.498525683520  168.422607494981
     0.298698312725   19.164618101247   11.488950036982  168.118816351873
     0.299295408282   19.175708411037   11.496496533672  168.396409877846
     0.299909060789   19.169178899453   11.501235774691  168.560047297488
     0.300518061160   19.151057200437   11.502575901869  168.541890528223
     0.301109571014   19.074123417307   11.488577939994  168.075161224172
     0.301751320804   19.070749121599   11.493631745996  168.228009871184
     0.302522110262   19.136822777369   11.516392741699  168.959097193801
     0.303537926002   19.128382669639   11.523505736821  169.179745164825
     0.304554316961   19.103312029993   11.511777430165  169.201971588536
     0.305569221648   19.097693191983   11.515298600784  169.345972038354
     0.306573835455   19.067888758862   11.502043455357  168.974655674285
     0.307226583538   19.044641626505   11.490893575023  168.625230995590
     0.308140143191   19.102383277932   11.513681952052  168.950978447944
     0.309148507639   19.134483611124   11.511037184257  168.918724666187
     0.310149512220   19.171180438391   11.513299416871  169.328265906942
     0.311155195999   19.162597680249   11.535141798534  169.937409104080
     0.312171070088   19.108932647388   11.547561975467  170.504728792697
     0.313177648956   19.128019814218   11.576366486656  171.329694744422
     0.314189253956   19.073743829953   11.574891470448  171.346163818256
     0.315205317298   19.056143883601   11.590990607476  171.908421677379
     0.315851297532   19.027999341941   11.598642823168  172.116749300356
     0.316852026915   18.885382912834   11.590711331331  171.592024687959
     0.317377317457   18.859855539688   11.591446660833  171.577223312148
     0.317711986518   18.848077982028   11.579163111455  171.535742483273
     0.318414928919   18.881913649573   11.614525607542  172.256398722404
     0.318994426507   18.832698970506   11.593960725711  171.755051531887
     0.319512310961   18.825916819708   11.606618315987  171.959235418161
     0.320043761682   18.852708294327   11.621138158687  172.304878108991
     0.320564757475   18.840554051990   11.626021822440  172.486081885713
     0.321135610876   18.860989418417   11.640277106219  172.887412038715
     0.321716688678   18.783852688584   11.633965437640  172.694226224467
     0.322240511511   18.728370836644   11.630911065487  172.617327567027
     0.322893458892   18.722859411788   11.644068297529  173.071852520244
     0.323456681451   18.650955559998   11.637216925786  172.836823261786
     0.324031951430   18.603008448228   11.627442213273  172.628170037999
     0.324639673264   18.590559225010   11.638608189103  172.839558382736
     0.325296331131   18.544783270968   11.629642781010  172.578270101159
     0.325917062495   18.577665702512   11.641724215280  172.991944723096
     0.326484100331   18.592772987980   11.647769614486  173.211478096536
     0.327082970092   18.623140981160   11.660453351787  173.569654417969
     0.327696695994   18.595064873049   11.658752006995  173.512740216158
     0.328320605351   18.587766521590   11.665368328703  173.787888657012
     0.328917711220   18.623304353339   11.681614590809  174.426892559264
     0.329552148327   18.595323719338   11.683463655206  174.531629157817
     0.330201958987   18.597131253499   11.691740322289  174.792500616405
     0.330858656902   18.622504854043   11.705366964686  175.275235431069
     0.331485920872   18.593194674265   11.704437602884  175.238534369561
     0.332490093210   18.528258449905   11.700436919536  175.100298829288
     0.333497685573   18.538581409411   11.695743316178  175.368854758758
     0.334504264441   18.504389881033   11.685347566277  175.130973886265
     0.335510843309   18.513805570516   11.676168498501  174.944231903754
     0.336517422177   18.571730782909   11.674539508094  174.866622469931
     0.337524001045   18.623159793326   11.678290682724  174.905450539084
     0.338530579913   18.656937842250   11.690322318670  175.231813165393
     0.339537158781   18.630055403642   11.695905203020  175.314506821329
     0.340168495306   18.629906407719   11.705767601404  175.638693308448
     0.340684921560   18.617689565218   11.713033667841  175.889464338310
     0.341699464423   18.603442099344   11.756236893888  176.676878345166
     0.342334746839   18.519557756513   11.738762011765  176.358230698605
     0.342879596804   18.527280598606   11.744364295401  176.862668955133
     0.343402655248   18.454596661997   11.751846986721  176.825046766319
     0.343968252379   18.430234244629   11.761702455540  176.921063892982
     0.344517515372   18.382086301757   11.752543501612  176.639548945691
     0.345016211091   18.342416672855   11.750207755190  176.602491086799
     0.345553730962   18.400207510146   11.771649862579  177.284042905528
     0.346097068342   18.392902405148   11.781037343078  177.583772050794
     0.346619871403   18.289462344243   11.761894206826  176.894941326796
     0.347130398979   18.243692928424   11.757713654661  176.750437986419
     0.347629802103   18.274736653115   11.775646085389  177.366330070046
     0.348179317042   18.274719620154   11.781263088922  177.522450768755
     0.348691601233   18.240966624183   11.779492307301  177.458503494373
     0.349199174772   18.245429659600   11.785191799267  177.760421829585
     0.349734732967   18.234546274862   11.794729266467  178.186852124867
     0.350270799889   18.191346887528   11.790559646076  178.064466500014
     0.350803743731   18.207756363250   11.797234213358  178.316515359357
     0.351350153359   18.257655190443   11.813471811895  178.864687673818
     0.351871280710   18.253396127085   11.815293041673  178.908180150406
     0.352374665327   18.213698103230   11.809856856887  178.705800546257
     0.352904220875   18.203641141237   11.813318166041  178.826738462718
     0.353438579244   18.166165502887   11.811331620163  178.748937208049
     0.354020072788   18.160715558379   11.816065226219  178.872456844620
     0.354588693314   18.160483822634   11.821814841822  179.068803339688
     0.355126594330   18.180375006897   11.832262703554  179.420853522918
     0.355621209889   18.177601309734   11.837420135938  179.586994951841
     0.356149522149   18.137665675212   11.832914773876  179.454526752820
     0.356700344170   18.102048604979   11.831338026031  179.372668842866
     0.357308082306   18.072687867119   11.828223403822  179.293247204350
     0.357881928665   18.047589496687   11.827106724979  179.234043814883
     0.358492293990   18.079365642375   11.837985879513  179.573684547284
     0.359500371994   18.113339926050   11.855320043273  180.146368220747
     0.360506127361   18.064516230513   11.836741914249  179.892304635194
     0.361521032048   18.038947203989   11.829763841544  179.871783024828
     0.362535936736   18.081644815373   11.827744409494  179.844435216046
     0.363548975868   18.084667023967   11.809871320263  179.236629878304
     0.364098144411   18.156384768809   11.825486902154  179.742542871080
     0.365101769910   18.162887296097   11.831484967126  179.735507904798
     0.366103493112   18.167679412240   11.847663758102  180.410412230001
     0.367104811631   18.107803680854   11.854239640552  180.523627927692
     0.367990496316   18.071400281810   11.871163415125  181.364313862984
     0.368804306826   18.118291634757   11.894020282614  182.281194946998
     0.369808363851   17.991047144412   11.884726887442  181.573387193777
     0.370576694601   18.033674862925   11.895339992673  182.363160081899
     0.371027473275   18.033667705261   11.905290733823  182.653543731965
     0.372033181208   17.903508239310   11.911485120364  182.126190893471
     0.372759253248   17.953416485469   11.918919012145  182.826817703038
     0.373263314334   17.960676205152   11.922319266156  183.191074172316
     0.373798956887   17.885477318209   11.923220101920  182.906915856228
     0.374299527801   17.808861850044   11.929176138376  182.643454543285
     0.374794811577   17.814723615062   11.937277581115  183.020588130737
     0.375288237072   17.838018794392   11.954150891939  183.601550463616
     0.375788539726   17.803617158420   11.957787881348  183.662418418408
     0.376257966064   17.720488079256   11.946540481755  183.266730956361
     0.376715227643   17.643408590366   11.936591887962  182.930863270318
     0.377159068167   17.639130921779   11.944119750165  183.207275228300
     0.377640124355   17.660995650097   11.959185128479  183.695953086304
     0.378152051596   17.660760983570   11.967145842434  183.948598349759
     0.378655728723   17.627335399986   11.964073538944  183.852578401702
     0.379121000923   17.583366365237   11.957515736114  183.669603936268
     0.379795438095   17.533242051465   11.948738569738  183.413131597400
     0.380289206127   17.547672728317   11.955088139071  183.623351439813
     0.380778526920   17.574327238427   11.956785607059  183.823702701050
     0.381273651596   17.573551131417   11.954892045948  183.800758420235
     0.381776106877   17.559693102965   11.953333695398  183.489564114025
     0.382290418269   17.547899165566   11.946976825663  183.287554888870
     0.382804002202   17.643920175900   11.967313561689  184.012814916079
     0.383291535609   17.701045133635   11.981700666720  184.507618708564
     0.383770939654   17.738300427722   11.991034758355  184.752024837691
     0.384271117498   17.672182692633   11.974503806523  184.157769398216
     0.384777248079   17.642908204465   11.972242704611  184.079333226670
     0.385282942731   17.664462250014   11.981992255215  184.437194170155
     0.385766466666   17.687866370739   11.993047999815  184.802774116973
     0.386275234621   17.663903587698   11.988677035870  184.568034919827
     0.386798306645   17.679487110668   11.998608934948  184.919089620623
     0.387308397647   17.713273662946   12.010942971868  185.350687956308
     0.387849798540   17.748166996766   12.025648627319  185.857394232756
     0.388406435573   17.721655487071   12.023304625924  185.860550681032
     0.388903800884   17.698595578257   12.025935245184  186.130999201341
     0.389447427220   17.736309867414   12.041223584527  186.697432133736
     0.390048246680   17.762744401579   12.053921203636  187.131618351142
     0.391050810150   17.691200259801   12.032900118188  186.444961674080
     0.392053622689   17.721824375089   12.024513193379  186.714599737661
     0.393063914174   17.717853678256   12.023872170556  186.640935124914
     0.394064241086   17.706266312987   12.010874048432  186.278098039873
     0.395070219753   17.760986668395   12.022561954816  186.686584931449
     0.396005901484   17.718586354272   12.009455958661  186.238503901394
     0.397013515633   17.720840765451   12.023511150010  186.672316736879
     0.398017237053   17.645660066431   12.017707944339  186.327461557061
     0.399008407042   17.676576137134   12.042994520353  187.242049577269
     0.400012444044   17.582862244724   12.031820627802  186.697623920827
     0.400582071958   17.588265232905   12.048306944633  187.195868007237
     0.401582433513   17.575439319224   12.063869678396  187.572722112368
     0.402582795069   17.500339873556   12.042613116736  187.190298427559
     0.403389248631   17.515710822285   12.063693358219  187.905780259038
     0.403968521706   17.464642358398   12.056826123601  187.480667228348
     0.404976267755   17.442262289744   12.086524811608  187.968887339466
     0.405703360860   17.501255373668   12.093618522663  188.706495810969
     0.406160354639   17.418306784496   12.082757753918  188.228302987512
     0.406637645818   17.421603811167   12.097479679426  188.840109252385
     0.407104372923   17.407785761917   12.120191660834  189.333259913261
     0.407766883585   17.379113127730   12.113441758926  188.901412086635
     0.408185368539   17.433210458531   12.128248983061  189.377992120359
     0.408644778513   17.385590767544   12.112539533844  188.977670177925
     0.409142753554   17.309438916407   12.098598218524  188.526070082309
     0.409606237989   17.306400715794   12.112497532712  189.036480701005
     0.409725067656   17.310029712287   12.114785418386  189.170521598071
     0.410179161117   17.365514568797   12.133066642665  189.855949156618
     0.410665920858   17.417714542189   12.148919122437  190.390858421990
     0.411124196099   17.425315706500   12.155431180143  190.562560069328
     0.411629689085   17.388888857160   12.149320234766  190.325118226066
     0.412105560367   17.345680986793   12.146202770979  190.275140736517
     0.412605313386   17.330924127083   12.147567013027  190.342425952707
     0.413088013492   17.295438345861   12.145906108035  190.290616020931
     0.413556146565   17.299714023571   12.150982701999  190.460309622376
     0.414056291677   17.281110043417   12.154391452194  190.572460625732
     0.414560141063   17.277081154373   12.159656448844  190.723444614838
     0.415035570891   17.234744756922   12.154059932614  190.524146618767
     0.415511000735   17.232131091394   12.157534167465  190.662217481593
     0.415985313690   17.218766044090   12.159362190264  190.716369091568
     0.416479218455   17.233278855247   12.170087639060  191.062936180419
     0.416977122380   17.213066467524   12.169327359949  191.028881250239
     0.417476237906   17.192677698652   12.167195491912  190.978888703460
     0.418008490833   17.167881718027   12.164809179984  190.871442350443
     0.418507570101   17.143467679050   12.162343262469  190.808346177172
     0.419035710487   17.175539638841   12.173997208943  191.224683600059
     0.419570730223   17.196095848876   12.182107661481  191.514967495894
     0.420060291602   17.168096699680   12.174822945155  191.210650119908
     0.420566889502   17.134491142805   12.165300526319  190.909440638767
     0.421091211218   17.132024223483   12.168543756037  191.055512470623
     0.421600117597   17.162573237415   12.179737680903  191.390136484287
     0.422127409571   17.142862632650   12.175807432211  191.191243596006
     0.422682028240   17.128060103752   12.171033635247  190.928920102309
     0.423217071297   17.196113302633   12.191689924822  191.669986960905
     0.423723758516   17.233107430100   12.203166249184  192.084972183398
     0.424233755743   17.259463327681   12.213770371369  192.419902030959
     0.424726837219   17.238199080495   12.214409184508  192.419087185293
     0.425218789312   17.195146227860   12.208226717013  192.220230928686
     0.425693724046   17.215887308166   12.216561086730  192.519292181844
     0.426420765407   17.191822040418   12.214280568601  192.409110811660
     0.427431311106   17.232864444218   12.234778711720  193.603869721160
     0.428440218630   17.284370909612   12.229835013074  193.961199120664
     0.429449126153   17.254579834216   12.206951551133  193.277781458508
     0.430458033676   17.326356699353   12.211688210289  193.374860989065
     0.431466941200   17.335290598273   12.214401444351  193.432917859562
     0.432163867538   17.298141597730   12.210536899851  193.291411689017
     0.433167604398   17.259877603705   12.225909865040  193.474474618014
     0.434177014158   17.221427536140   12.223546442559  193.586963138516
     0.434985942980   17.136768275747   12.220833536558  193.335990493677
     0.435986649405   17.134551585930   12.236789719353  193.927186938585
     0.436522585177   17.137522911091   12.257239057213  194.345303337154
     0.437523744402   17.046595450643   12.247467811810  194.112083065895
     0.438530690274   16.977621247154   12.229570775100  193.796968959415
     0.439269044126   16.987534444868   12.236684316092  193.926104512808
     0.439842755615   17.008843541285   12.248183473097  194.141632944252
     0.440274132687   17.043358021992   12.265493446593  194.616780845186
     0.441283480528   17.007881385446   12.278323477894  194.788815710008
     0.441744620105   16.984156147121   12.272931975095  194.601681827151
     0.442187824032   16.952847092770   12.240890638847  194.115425147194
     0.442712467760   16.976214480730   12.256974336238  194.533654183359
     0.443230661293   17.002470376532   12.292887894185  195.109772790528
     0.443674748555   17.002445817302   12.292540018037  195.183928514845
     0.444140304685   17.010004616863   12.288306241936  195.744674600465
     0.444614510019   17.048659228349   12.329467204504  196.852364917358
     0.445166095144   17.016066030073   12.330815065129  196.832874945276
     0.445657724158   16.965944072958   12.322187576507  196.524645585022
     0.446104183919   16.934649437160   12.308524240458  196.371213938832
     0.446532936149   16.970577790436   12.335061394819  197.194036147727
     0.447069376744   16.942073337075   12.336173557566  197.092235809878
     0.447759398274   16.881710497780   12.322787277121  196.522737947388
     0.448195294730   16.874431652106   12.324643948566  196.674389990797
     0.448679899130   16.920690044759   12.322797865847  197.170932958215
     0.449107983523   16.912888330367   12.343169569812  197.417001532760
     0.449309320538   16.888684788458   12.343332610441  197.242237037718
     0.449781896185   16.831690631581   12.324717456383  196.624586246421
     0.450291500658   16.866447875694   12.335443203771  197.067173093202
     0.450788536098   16.902855126102   12.347625738038  197.489102789538
     0.451267755676   16.879745569014   12.339962554035  197.195161412445
     0.451698943326   16.836944083598   12.328421286027  196.790394382898
     0.452410185217   16.859298141284   12.339930504765  197.146107053562
     0.452932639832   16.920677261347   12.363696647935  197.990455777730
     0.453449275124   16.906835877125   12.342045744948  197.666814276977
     0.453930565299   16.849414022114   12.351794513030  197.453580461304
     0.454418150636   16.798400442820   12.337965882604  197.076322716649
     0.454895205743   16.874095333855   12.359741227440  197.859157727911
     0.455375799729   16.900972800381   12.368888906578  198.133633739348
     0.455909370102   16.872269369360   12.359422407855  197.649800517801
     0.456439261225   16.862209823620   12.360916719790  197.623233331203
     0.456918912121   16.856811648457   12.362876824888  197.693226741412
     0.457410726087   16.906267233843   12.381992686277  198.401089848123
     0.457926578110   16.938091886579   12.398366603658  198.901402238025
     0.458488326838   16.896788190146   12.395692999608  198.754890361378
     0.459493080105   16.859892662269   12.399196965956  198.972961942071
     0.460498885077   16.826068859715   12.373411063640  198.681528622732
     0.461504164061   16.780821936279   12.359885697349  198.254317255664
     0.462510742929   16.840216145355   12.364581901551  199.010123844790
     0.463517321797   16.957260065387   12.393011808275  199.843689626985
     0.464445300443   16.905813933638   12.389505901251  199.775071329692
     0.465395149547   16.833062021259   12.389343031352  199.748582171941
     0.466326272372   16.806698902012   12.404887565949  200.038113243757
     0.467326543647   16.750468764369   12.400720328311  199.995518927977
     0.468326814922   16.740276917611   12.404326005739  200.327078455550
     0.469150567737   16.653366635437   12.387934315884  199.730637003752
     0.469859984487   16.701026417258   12.397374062437  200.076352322773
     0.470492064715   16.753968371390   12.419493138811  200.730645905763
     0.470934282855   16.790399469784   12.451984367756  201.365185225000
     0.471364279974   16.741115746278   12.442740425295  200.587112443452
     0.471836882035   16.662817617215   12.403363317478  199.521014948195
     0.472303480085   16.682824569941   12.424930499522  199.871601195400
     0.472795899152   16.703712525946   12.428918327381  200.024642104205
     0.473272828881   16.738465565868   12.439367626526  200.302703856942
     0.473766256800   16.698541597118   12.432638227775  199.989852338853
     0.474252562765   16.686455120887   12.437279802943  200.094572070569
     0.474743458907   16.714685099878   12.458185094113  200.873445230857
     0.475214014353   16.726920777215   12.465578731019  201.092568631040
     0.475673894146   16.708389312577   12.470474793432  201.270237191302
     0.476158453816   16.657144106748   12.462696231474  200.993873062633
     0.476656578545   16.637837941160   12.471102091121  201.318041291319
     0.477118199280   16.603208319303   12.466384719401  201.126078868168
     0.477591441031   16.584150834295   12.469031617396  201.214200178730
     0.478103004553   16.540802994450   12.464127670223  201.145349965893
     0.479114134815   16.608583658669   12.503661610505  202.916300277774
     0.480124005712   16.556936278713   12.469392142314  202.347091796857
     0.481124351740   16.588959618611   12.463740910270  202.459941185712
     0.481767249299   16.586912772675   12.451562039547  201.989817595610
     0.482204165077   16.608117539429   12.467770448529  202.297809914341
     0.483048753228   16.589046913813   12.484048455203  202.381798133343
     0.483954824113   16.540340877364   12.482699743066  202.373266203316
     0.484809100304   16.519826928783   12.484859951934  202.635837452021
     0.485814418159   16.492616406425   12.495105732474  202.914973569481
     0.486825816147   16.440573903948   12.493377712503  202.962746915194
     0.487826126596   16.419812634969   12.484360200926  202.947501975142
     0.488829498276   16.440982297086   12.488913002333  203.141628777281
     0.489832869956   16.425740014112   12.492913228485  203.008539849601
     0.490836241635   16.415819087396   12.494858653484  202.999124682236
     0.491839613315   16.450969552236   12.511826225086  203.522581814746
     0.492842829664   16.433002701514   12.511408210517  203.521496413227
     0.493845706383   16.414294689657   12.512432958008  203.491650945954
     0.494848200736   16.449466593732   12.531616137730  204.055252884896
     0.495850318439   16.460912876025   12.542975171193  204.546007126585
     0.496852039902   16.380693052731   12.529860683679  203.971909879423
     0.497469286962   16.352270737950   12.530301540172  204.053026162767
     0.497886064031   16.371013348076   12.543063337433  204.495537115012
     0.498284096922   16.347871040079   12.542964653919  204.410433975810
     0.498630514883   16.315732284953   12.541360227516  204.177933658546
     0.499009562507   16.275604547089   12.547241780907  204.031567917286
     0.499404638006   16.299619817456   12.561096531279  204.531694781075
     0.499814037021   16.291266900203   12.565253891491  204.656761269811
     0.500015208689   16.277858886086   12.565874130340  204.653629761388
