# {0} signal over time, extracted at r = 500 km
# All quantities are measured in a resting observer's frame at infinity
# cols=4 rows=905
#              time        luminosity               <e>             <e^2>
#               "s"           "foe/s"           "MeV^1"           "MeV^2"
  -4.6076252722e-04  1.1225262627e-06    7.280363730751   66.072887295780
  -4.3958255587e-04  1.0636801575e-06    3.848718637559   22.627704373452
  -4.2413963110e-04  1.0416620889e-06    3.491769436962   18.108874051716
  -4.1231650407e-04  1.0363034583e-06    3.355162066900   16.379334921854
  -4.0213614090e-04  1.0395482822e-06    3.277582040024   15.396931247066
  -3.9236994397e-04  1.0494460796e-06    3.223146841535   14.707398991275
  -3.8908266104e-04  1.0542697210e-06    3.207914455232   14.514392742685
  -3.7923714785e-04  1.0732058788e-06    3.169178751918   14.023393543468
  -3.6894913044e-04  1.1002043763e-06    3.137106070583   13.616526269886
  -3.5800151525e-04  1.1370629809e-06    3.109733015615   13.268867349432
  -3.4710248926e-04  1.1821290267e-06    3.087561814658   12.986797049320
  -3.3568755739e-04  1.2383489228e-06    3.068417425233   12.742653995275
  -3.2459832119e-04  1.3018670390e-06    3.052894574733   12.544056117170
  -3.1690226513e-04  1.3511359964e-06    3.043554436868   12.424145843669
  -3.0728404582e-04  1.4187274337e-06    3.033249306390   12.291330319509
  -3.0394402699e-04  1.4437682174e-06    3.029983230178   12.249091087504
  -2.9548843876e-04  1.5107864450e-06    3.022349668561   12.150019487501
  -2.8958614831e-04  1.5606545846e-06    3.017510038102   12.086899708880
  -2.8385768873e-04  1.6114873095e-06    3.013157963597   12.029883248597
  -2.7440458848e-04  1.7006355838e-06    3.006644434965   11.943981323158
  -2.6690935036e-04  1.7759763927e-06    3.002009764970   11.882333368738
  -2.5819851389e-04  1.8687236237e-06    2.997146614332   11.817034407167
  -2.5183858974e-04  1.9399587427e-06    2.993917546820   11.773242192173
  -2.4444971671e-04  2.0264585791e-06    2.990476469166   11.726094618179
  -2.3631026421e-04  2.1263952153e-06    2.987039566053   11.678388449466
  -2.2919075077e-04  2.2178023701e-06    2.984311909972   11.639976535957
  -2.1988846549e-04  2.3428546880e-06    2.981105953394   11.594027131868
  -2.1773922551e-04  2.3726500530e-06    2.980419139504   11.584046978496
  -2.0898051408e-04  2.4975857927e-06    2.977815559934   11.545671052551
  -2.0094808659e-04  2.6171078572e-06    2.975686654019   11.513508537264
  -1.9138373353e-04  2.7655959837e-06    2.973448400932   11.478670444764
  -1.8320420559e-04  2.8978917171e-06    2.971770098857   11.451615386565
  -1.7508966647e-04  3.0339697751e-06    2.970303952780   11.427074569908
  -1.6677611868e-04  3.1783762399e-06    2.968992988265   11.404134981086
  -1.5687739715e-04  3.3569092434e-06    2.967666306546   11.379512840166
  -1.4709680016e-04  3.5403455278e-06    2.966586796903   11.357836083685
  -1.3592834164e-04  3.7583840137e-06    2.965620116211   11.336098385731
  -1.2506781594e-04  3.9791575484e-06    2.964916254414   11.317684309636
  -1.1462202471e-04  4.1996705833e-06    2.964447977247   11.302354381222
  -1.0424623716e-04  4.4266594722e-06    2.964170417407   11.289265488495
  -9.7849441472e-05  4.5705562444e-06    2.964086541315   11.282190590990
  -9.2225588187e-05  4.6995651184e-06    2.964065013682   11.276565726178
  -8.3895032442e-05  4.8949840033e-06    2.964119176556   11.269213659751
  -7.6161309301e-05  5.0810262020e-06    2.964257080701   11.263386647964
  -6.8610152621e-05  5.2669891602e-06    2.964469228451   11.258580074214
  -6.1881439501e-05  5.4362997034e-06    2.964719959804   11.254999804597
  -5.5265684836e-05  5.6060919362e-06    2.965020948705   11.252099877198
  -4.9217629990e-05  5.7642090354e-06    2.965341640139   11.249967246820
  -4.3528391395e-05  5.9154808607e-06    2.965681688708   11.248398094015
  -3.8116344311e-05  6.0616736882e-06    2.966038638891   11.247286391610
  -3.2894162484e-05  6.2048654598e-06    2.966413120717   11.246555763147
  -2.8043623608e-05  6.3397470136e-06    2.966786683747   11.246169990493
  -2.2987369793e-05  6.4822860410e-06    2.967201802737   11.246060452235
  -1.8494607947e-05  6.6106054472e-06    2.967592135936   11.246207545799
  -1.4243435863e-05  6.7334746584e-06    2.967979674494   11.246553758215
  -9.9799976995e-06  6.8581207920e-06    2.968385735516   11.247098956526
  -5.8618797684e-06  6.9798764654e-06    2.968794174963   11.247810046525
  -1.5486406118e-06  7.1088387815e-06    2.969238732849   11.248745448475
   2.3640857456e-06  7.2271031035e-06    2.969656558539   11.249759397037
   6.3852579547e-06  7.3499173568e-06    2.970100140140   11.250962522799
   1.0147669684e-05  7.4660007365e-06    2.970527965326   11.252233502410
   1.4179198559e-05  7.5916512029e-06    2.970999903322   11.253748769814
   1.8170958590e-05  7.7173555373e-06    2.971480732256   11.255402804030
   1.8724231284e-05  7.7348804209e-06    2.971548427249   11.255643976372
   2.5203714510e-05  7.9657754125e-06    2.972333676949   11.259259966781
   3.9275576447e-05  8.4361396387e-06    2.974169924036   11.266894293907
   5.5662042106e-05  9.0047356711e-06    2.976469977190   11.277727834185
   7.2414929813e-05  9.6094820504e-06    2.979004968463   11.290940406103
   8.8484686880e-05  1.0212149335e-05    2.981614932900   11.305630767980
   1.0403387046e-04  1.0816649949e-05    2.984310331190   11.321719443551
   1.1926185065e-04  1.1429312690e-05    2.987115478363   11.339261765379
   1.3453408818e-04  1.2064570006e-05    2.990096404188   11.358632992271
   1.5178811658e-04  1.2807714143e-05    2.993670059299   11.382668053941
   1.6753750345e-04  1.3509952438e-05    2.997125687382   11.406603580068
   1.8429426937e-04  1.4282558553e-05    3.001008709269   11.434174911713
   1.9976122064e-04  1.5019274184e-05    3.004784079752   11.461559070578
   2.1611068784e-04  1.5822979757e-05    3.008977628100   11.492543616744
   2.3367898977e-04  1.6715580197e-05    3.013719494903   11.528195137016
   2.4982132934e-04  1.7562546561e-05    3.018294430912   11.563125538134
   2.6715399099e-04  1.8501000804e-05    3.023442684518   11.602978715629
   2.8555361115e-04  1.9530622449e-05    3.029178689370   11.647977477189
   3.0512347834e-04  2.0664105235e-05    3.035589503705   11.698922092571
   3.2351943418e-04  2.1766266845e-05    3.041910104339   11.749745368438
   3.4318927680e-04  2.2984788717e-05    3.048987464552   11.807279265500
   3.6401284708e-04  2.4320680776e-05    3.056842030207   11.871825413959
   3.8612045158e-04  2.5791560533e-05    3.065590587658   11.944490938287
   4.0985060630e-04  2.7431786306e-05    3.075451355768   12.027273725937
   4.3290889349e-04  2.9087410167e-05    3.085496481264   12.112469969773
   4.5689322377e-04  3.0875019558e-05    3.096423849546   12.206049413855
   4.8237239914e-04  3.2847725734e-05    3.108554581631   12.310934315876
   5.0931520658e-04  3.5016311508e-05    3.121944894861   12.427820814630
   5.3812939947e-04  3.7428461419e-05    3.136867551341   12.559330326687
   5.6878290360e-04  4.0097459119e-05    3.153366114976   12.706114569488
   6.0165554873e-04  4.3072447950e-05    3.171682098198   12.870612679268
   6.3698572778e-04  4.6391194139e-05    3.191953372527   13.054388837471
   6.7489901204e-04  5.0078655628e-05    3.214198127152   13.257944687531
   7.1558258521e-04  5.4160794088e-05    3.238394396553   13.481414178054
   7.5193348149e-04  5.7898726768e-05    3.260088517152   13.683468093239
   7.9425744354e-04  6.2334934019e-05    3.285199924247   13.919241530516
   8.3996732254e-04  6.7199641459e-05    3.311882990472   14.171905005300
   8.8675788240e-04  7.2230342965e-05    3.338489550125   14.425969573684
   9.3956286926e-04  7.7940618596e-05    3.367440005033   14.704776268604
   9.9566823259e-04  8.4020291210e-05    3.396789747353   14.989886019952
   1.0566185032e-03  9.0617797579e-05    3.426936180870   15.285219008491
   1.1239358846e-03  9.7917305043e-05    3.458250904621   15.593998518385
   1.1992669298e-03  1.0863408725e-04    3.504741461289   16.015148508301
   1.2761642045e-03  1.4982857268e-04    3.777417433297   18.073890240522
   1.3688983275e-03  2.9110080889e-04    4.271224777493   21.834772517121
   1.4706233067e-03  6.3068795003e-04    4.506428076809   23.618932837750
   1.5835637490e-03  1.4202316178e-03    4.602322603523   24.516918795279
   1.7062181744e-03  3.1982072408e-03    4.639898688378   24.972442839910
   1.8378095465e-03  7.1225758732e-03    4.690361499365   25.579337370840
   1.9708512814e-03    0.014135276466    4.772383767409   26.508165660397
   2.1158377110e-03    0.024360193261    4.956685762283   28.627890074979
   2.2946259642e-03    0.036913633554    5.284981279316   32.712047385039
   2.4654934051e-03    0.046940995816    5.638137430040   37.513764031931
   2.6363608460e-03    0.055296458939    5.984530452160   42.637467323028
   2.8292044258e-03    0.063425767028    6.325452226085   48.099379202252
   3.0367851110e-03    0.071131184141    6.617521242459   53.132023236119
   3.2429614912e-03    0.078225483593    6.844460643716   57.266757863144
   3.4491378715e-03    0.085592445603    7.033047227164   60.822523998546
   3.6553142518e-03    0.094241879657    7.206742423944   64.148485700305
   3.8614906320e-03    0.105218465918    7.384456212835   67.554530425001
   4.0482177869e-03    0.118100797092    7.559858024575   70.903854491549
   4.2931172061e-03    0.140833746002    7.819985373764   75.877832102505
   4.5445395466e-03    0.173368435658    8.124906888232   81.786142479014
   4.7910408515e-03    0.216732682845    8.451195638397   88.272434596306
   5.0410821567e-03    0.274653135439    8.787253298500   95.157538786441
   5.2766749267e-03    0.347028667679    9.098841092807  101.688708237890
   5.5289454092e-03    0.450385411174    9.423890421384  108.642418332637
   5.7793134803e-03    0.582596303928    9.723298052615  115.202507665082
   6.0296954424e-03    0.742067858632    9.977993641671  120.910887330413
   6.2825369470e-03    0.926515655450   10.181611352646  125.575448599965
   6.5343378219e-03    1.129789874016   10.336115462035  129.176097600258
   6.7846599793e-03    1.349318922397   10.452523059954  131.918004663620
   7.0365016835e-03    1.580748130055   10.537009507055  133.945395016374
   7.2880019981e-03    1.821716560385   10.596980641551  135.397538126678
   7.5395441842e-03    2.069577395816   10.633199871297  136.225155660808
   7.7933524260e-03    2.328713880293   10.650218222541  136.520833888697
   8.0471690266e-03    2.596814316883   10.651552795614  136.377637419160
   8.3009856272e-03    2.880956366254   10.650965944318  136.181487451059
   8.5548022278e-03    3.184887306004   10.659390831354  136.242673666840
   8.8086188284e-03    3.495335012139   10.660261825806  136.129716202981
   9.0624993474e-03    3.802244914988   10.649002677648  135.678163910568
   9.3164072598e-03    4.119595521967   10.638689296905  135.286657455412
   9.5703151723e-03    4.444968802856   10.632898821430  135.039934110951
   9.8242230848e-03    4.767725646215   10.624423384187  134.699534902106
     0.010078130997    5.093064529620   10.610736068320  134.241012718004
     0.010332038910    5.427106627645   10.600720013728  133.911309171599
     0.010585946822    5.765471700747   10.597552997983  133.764096060285
     0.010839854735    6.105571492424   10.592614346942  133.571819997150
     0.011093762647    6.453528364047   10.590902697933  133.470650567293
     0.011347670560    6.807582217680   10.599340979022  133.636401508224
     0.011601578472    7.154789223455   10.606926238094  133.804824378625
     0.011855486385    7.499879150260   10.609613371958  133.857519289779
     0.012109394297    7.855360213695   10.617420043612  134.013972773318
     0.012363302210    8.210870720810   10.627056223474  134.214411654874
     0.012614214912    8.557067118505   10.632059979076  134.329268443798
     0.012871735150    8.923119156686   10.641109941620  134.550864192129
     0.013129255388    9.294647369621   10.654597040597  134.857180312916
     0.013386775626    9.656790096321   10.662711655367  135.028228568423
     0.013644295865   10.025077531466   10.669121057477  135.166589839619
     0.013901816103   10.415972228702   10.680884456004  135.444604110544
     0.014159336341   10.811669149619   10.695391064722  135.814173734048
     0.014416856579   11.199482129232   10.707393611468  136.123370232394
     0.014674376818   11.596104439746   10.720644466636  136.452944206980
     0.014931897056   12.015511944907   10.738047030636  136.877886662277
     0.015189417294   12.448582884027   10.756189959847  137.320055571806
     0.015446937532   12.874779660478   10.772742862476  137.735784101699
     0.015704457770   13.302605393887   10.789807962266  138.172433170304
     0.015961978009   13.749726308898   10.809677564105  138.678452740940
     0.016219498247   14.221127689936   10.832166072062  139.254222392106
     0.016477018485   14.706677466934   10.856658181592  139.901684842789
     0.016734538723   15.176238521153   10.880949391228  140.559334286266
     0.016992058961   15.634077446728   10.902412127867  141.127801747843
     0.017249579200   16.100576598583   10.923326174864  141.653147558807
     0.017511890364   16.585904970899   10.944108410091  142.172515430753
     0.017769441110   17.059212902704   10.962078750967  142.649112036888
     0.018026991856   17.533981086962   10.981700705680  143.182199498431
     0.018284542602   18.014010317499   11.004945576854  143.800229779678
     0.018542093348   18.482293996904   11.026444102470  144.358108735889
     0.018799644093   18.930684850838   11.042489038903  144.789078800949
     0.019060462105   19.369713160806   11.055338650939  145.171465484245
     0.019312022481   19.788168727805   11.067896471937  145.531894480434
     0.019569140939   20.223290132790   11.083376220973  145.938072138344
     0.019825251880   20.669316394322   11.102931587046  146.444307982869
     0.020084574383   21.109268990642   11.124099089663  146.996074890313
     0.020341133209   21.523376481758   11.141165582841  147.458717281457
     0.020592874337   21.926917324923   11.156263399785  147.909787103339
     0.020844615465   22.338148571716   11.172867199307  148.411642717771
     0.021096356593   22.739931163998   11.186484424649  148.773513559984
     0.021353660089   23.122040104921   11.194032815901  148.890964424449
     0.021608156255   23.488173968333   11.200704048623  148.980946651191
     0.021861124032   23.861637464352   11.210994113377  149.249246713627
     0.022111222320   24.245523785075   11.225964646124  149.714194254166
     0.022362077380   24.649539081570   11.244082275928  150.273860424509
     0.022612932439   25.057135065214   11.260109319025  150.737727884161
     0.022863787498   25.430825843115   11.268843640698  150.961022867244
     0.023120454644   25.778965805142   11.275435072544  151.091933146520
     0.023376010329   26.109823691167   11.278787416868  151.095088485947
     0.023635901917   26.473639387494   11.285381656456  151.249399711431
     0.023889304303   26.887524720559   11.302859210440  151.777614752653
     0.024140561599   27.337130615536   11.329029479638  152.565734255840
     0.024399651078   27.789048808538   11.356066729491  153.371684770524
     0.024658740557   28.199400793189   11.375964144813  153.953364776050
     0.024917830036   28.562543160698   11.386550198396  154.214297978445
     0.025011102249   28.684681523574   11.388039197004  154.224969558236
     0.026015871975   30.124806274710   11.427731020665  155.323918259460
     0.027026473631   31.430592709622   11.459922108715  156.170569372754
     0.028047388688   32.665864092099   11.487843248903  157.006357760650
     0.029059189147   33.794089729533   11.522589766266  157.987583254329
     0.030070989605   34.955078812436   11.547062649139  158.661078761650
     0.031088697315   36.174738856806   11.592057392919  159.964281383963
     0.032110581196   37.244940143482   11.606230685565  160.343125280662
     0.033123984715   38.371365037703   11.643461406181  161.506285047827
     0.034150703622   39.392333824277   11.672115781654  162.238549478228
     0.035177422529   40.538531192726   11.698418185924  163.164148616569
     0.036204141436   41.621273138229   11.741814206176  164.450004886581
     0.037230860343   42.451633271826   11.760316196256  164.911492874239
     0.038257579250   43.456741151383   11.784958223025  165.630410940182
     0.039279543369   44.205197587517   11.810509098726  166.405831030499
     0.040281322247   44.843300226185   11.825690562437  166.800743013031
     0.041304560555   45.947173658555   11.859757199356  167.750132934824
     0.042325614586   47.174129933603   11.906238149207  169.274064904258
     0.043346668616   48.022034399291   11.942178891835  170.380682392393
     0.044391669142   48.484386434459   11.955667139194  170.694319521053
     0.045432503601   48.794336688523   11.943659362375  170.512797260341
     0.046473338060   49.171427095337   11.963157610086  171.167925982294
     0.047516406425   49.447312962670   11.966462510167  171.207372064299
     0.048566165472   49.997384656506   11.956041758313  170.983110008313
     0.049615922613   51.032980051639   12.003526136179  172.433188352474
     0.050665679754   51.665323306859   12.033360154130  173.265898430476
     0.051675613324   52.015417850852   12.044326938992  173.616288586491
     0.052726947964   52.809206074778   12.093042116371  174.786028729432
     0.053747314684   53.422666608001   12.111231922135  175.520719427446
     0.054765351264   53.680572091548   12.126267333395  176.104652268559
     0.055781718042   53.736201536255   12.152005251186  176.510618124374
     0.056825904825   53.675537566128   12.138534606630  176.169484060135
     0.057850831305   53.797056279347   12.128916285031  176.184948681986
     0.058874434289   53.957908059544   12.158278581840  176.823358406672
     0.059912664540   54.127139115350   12.153268426541  176.614409248054
     0.060978584540   54.708104829999   12.159961142116  177.213717818027
     0.061985048540   55.132324439979   12.201438874720  178.375146544391
     0.063011858774   55.299318695598   12.219491297334  178.870688436340
     0.064024067174   55.670805827768   12.259426074268  179.819100313582
     0.065029196418   56.007924755970   12.280511833665  180.404753386190
     0.066091749262   56.294504963526   12.284414905010  180.896563040336
     0.067125849262   56.477474417964   12.305078424828  181.527781582150
     0.068132063662   56.317364856493   12.317183574448  181.590960263757
     0.069139646382   56.130805769656   12.300194176012  181.362340193978
     0.070195646382   56.221927252530   12.305242828807  181.632594089637
     0.071235646382   56.611534341429   12.331114146192  182.308213303748
     0.072247645988   57.348730296921   12.360025239327  183.220897352700
     0.073251643245   58.370545783253   12.413485683612  184.804924112651
     0.074256743245   59.258370165554   12.469801019541  186.435016945547
     0.075272483245   59.856697370183   12.518760913720  187.703546012862
     0.076295586575   60.311948591239   12.555924035159  188.832457255084
     0.077307814033   60.555095877719   12.584456220982  189.854880933515
     0.078320962208   60.689017485975   12.589095433374  190.294311638303
     0.079374275093   60.954956085916   12.617490417813  191.061558035493
     0.080438275093   61.419776870681   12.624016647479  191.527338809439
     0.081477275093   61.990147168429   12.665144888173  192.813560983365
     0.082513642468   62.482549181429   12.741307838457  194.705244965228
     0.083537363171   62.833797854112   12.764651600330  195.679056337952
     0.084547283687   63.150261244653   12.800656606724  196.687948025710
     0.085584454572   63.548993203567   12.824027268944  197.525694073749
     0.086609867709   63.804301537658   12.843280017194  198.288582225359
     0.087619760609   63.875396200754   12.877648849140  199.195464376599
     0.088662536553   63.936105417337   12.898352554008  200.000487964188
     0.089699190264   64.012426887703   12.912269986902  200.859607640257
     0.089990790264   64.033776828738   12.911804907540  201.001440863061
     0.091033698014   63.993729745439   12.957713809217  202.134130614837
     0.092054403435   64.027859219039   12.917840934197  201.322742948691
     0.093092151003   63.874615625236   12.950031129104  202.072164905959
     0.094120731003   64.089725079593   12.971650738559  202.877498518972
     0.095145576699   64.090063102554   13.021269954910  204.091438166028
     0.096178845627   64.225556814916   13.015928078732  204.230949715119
     0.097179779486   64.501745392926   13.050406281555  205.355034870524
     0.098205765366   64.504270979579   13.101742610655  206.607874384475
     0.099222849768   64.243999367128   13.097969492360  206.690556149435
     0.100226766084   63.859655801477   13.115286001605  207.103620364744
     0.101262719629   63.825524585329   13.124513860263  207.591368637654
     0.102281193859   64.124013228010   13.145576177588  208.531086500144
     0.103301863159   64.542003148715   13.192762775441  210.260969934664
     0.104335068677   64.675406322406   13.243564377771  211.534906351890
     0.105349304524   64.688855945416   13.237648660166  211.704557018700
     0.106354822852   64.629427658981   13.275892891460  212.708278000709
     0.107387961162   64.640959981244   13.307363180121  213.540684635619
     0.108416885330   64.818566693787   13.330252513081  214.598087048268
     0.109420177987   65.065821078565   13.367861286076  216.017713090551
     0.110461739834   65.107461346611   13.385027775731  216.772844740855
     0.111464053988   64.995028175787   13.415741663141  217.572211285997
     0.112479251351   64.846473627485   13.421697873163  217.877635553383
     0.113485451351   64.848486644983   13.434570371238  218.520976945340
     0.114490974551   65.031380978431   13.479792251403  219.922850828836
     0.115513259475   64.952357781076   13.514067105866  220.781439848396
     0.116517321080   64.755693614387   13.527007944760  221.412689693014
     0.117532607480   64.780814499138   13.542199883998  222.393901702573
     0.118540789320   64.797895091065   13.583064844751  223.480302157459
     0.119562687473   64.840663786689   13.604435226155  224.232340730261
     0.120562983543   64.769023875900   13.624135410226  224.867195305646
     0.121590575820   64.549491664521   13.635332122412  225.184050900153
     0.122609630384   64.475968802447   13.652557092008  225.897534398473
     0.123641599539   64.566884823953   13.684648732933  227.400211024807
     0.124662199539   64.635905128872   13.715602970325  228.412119112930
     0.125682799539   64.669698225052   13.739120949030  229.236812825200
     0.126703399539   64.558504749174   13.759711115378  229.943139429386
     0.127713199539   64.360370577797   13.775000461970  230.391524598114
     0.128725699539   64.195562808405   13.795831620291  231.135322205844
     0.129738199539   64.266683810568   13.832203811192  232.772758557516
     0.130750699539   64.271145587128   13.858515087991  233.720172542838
     0.131763199539   64.181396847963   13.876667413965  234.311497767861
     0.132775699539   64.121271407839   13.896923872872  234.978652816080
     0.133791145914   64.144926548707   13.926229064267  235.901388084278
     0.134811512634   64.111002519297   13.961731986259  237.409862855221
     0.135831879354   63.923220796655   13.977296300031  238.208160645422
     0.136852246074   63.854523124792   13.995470500653  238.797901023686
     0.137863294604   63.955421776934   14.026172879537  239.817353455547
     0.138886469056   63.811111178404   14.059835460284  240.689340118761
     0.139924083571   63.779937609719   14.073865290481  241.837438047994
     0.140954450865   63.843950985569   14.081474050355  242.527439236958
     0.141965320846   64.001978278383   14.151613755054  244.267580959147
     0.142966775312   63.821925665846   14.173441895974  245.112554648189
     0.143968229779   63.723049583942   14.189815594477  246.225201719330
     0.144975205783   63.737173283904   14.213740835143  247.052900537956
     0.145986655053   63.607906221204   14.226700235974  247.589983467650
     0.146991052224   63.298755076842   14.244181796057  248.001647894954
     0.148023261371   63.123573904194   14.279099275527  249.479276089927
     0.149044545491   63.100904150451   14.300626731885  250.537698516031
     0.150057065463   62.984658553496   14.289560640003  250.497908400969
     0.151072664978   62.912378479347   14.339759789005  251.734997812191
     0.152080598187   62.982905433855   14.376969373092  253.436757107868
     0.153083561117   62.924024475108   14.387648996650  253.918478121354
     0.154092314867   62.868833372594   14.409843506767  254.725764503662
     0.155107742454   63.018041454295   14.475018969487  257.160891124091
     0.156119938352   62.817769483973   14.461643780405  257.188611481647
     0.157128148598   62.517338899100   14.473451691035  257.365079759872
     0.158132572088   62.514717567928   14.532157204160  259.312920862463
     0.159154960921   62.767834071390   14.566597127481  260.905288727942
     0.160161550452   62.488677079150   14.537955986627  260.185938546756
     0.161176455140   62.288853823550   14.602198437382  262.380589824919
     0.162193280758   62.362748099802   14.627028552578  263.620823224734
     0.163202196775   62.165953611578   14.615339607531  263.192556973314
     0.164217101462   61.869222709458   14.670843703070  264.752229458883
     0.165217268380   62.060757435370   14.705373814495  266.681901344947
     0.166233314270   61.755025245183   14.679211048141  266.059504950939
     0.167243153855   61.422649268528   14.683569613268  266.175218650439
     0.168250784221   61.285257803929   14.749527415059  268.153101784940
     0.169261280407   61.413181621569   14.769611589568  269.307238347691
     0.170263730922   61.333892305208   14.802980856232  270.074348128996
     0.171276712637   61.405065621270   14.829390732429  271.878607985357
     0.172289557708   61.368520107400   14.803665715607  271.240431758572
     0.173306825000   61.191492767978   14.893119747291  274.277880038221
     0.174313539373   61.230510824868   14.902680575400  274.750200407049
     0.175322446896   61.152351189082   14.894771077983  274.709074087698
     0.176331354420   60.946069281664   14.946412365409  276.859590929949
     0.177334177068   60.968956607653   14.973997836340  277.892712220670
     0.178343084592   60.378917963697   14.924659759265  276.113801703638
     0.179351992115   60.483131198462   15.000413447599  279.243422809175
     0.180355032520   60.642837240867   15.029785166950  280.193164990987
     0.181364747170   60.060817576213   14.969641897795  278.377609068352
     0.182371556165   59.962110865420   15.058337641531  281.763282096940
     0.183372099146   60.062082398405   15.079511645286  282.581707913784
     0.184381006670   59.568266238160   15.038359504295  280.958694004217
     0.185384990676   59.737231483365   15.128208268124  284.608148711780
     0.186389591217   59.704796906522   15.138591202154  284.820570381843
     0.187401631863   59.244446711715   15.137493243993  284.736011856296
     0.188320664293   59.553277572607   15.184867709585  286.791222550754
     0.189326819516   59.694555590677   15.230441070779  288.353702239081
     0.190338279410   59.543350355367   15.231311720625  288.832841646473
     0.191343025535   59.423026328554   15.243880434931  289.245422048721
     0.192304109519   58.923342608781   15.190574968395  287.694324673077
     0.193313777063   59.004537119087   15.295291719117  291.772395317241
     0.194318557449   58.833043055172   15.286306064417  291.248261268308
     0.195159313719   58.650905816050   15.252452520648  290.159220407432
     0.196050714436   58.781933680023   15.359149992270  294.199332046007
     0.197060949103   58.474126583086   15.352156259005  294.172824136184
     0.198064954443   58.349259909687   15.311326644113  292.871890903437
     0.198999128076   58.369957671560   15.378958024050  295.108768645271
     0.199956919342   58.241430956909   15.412831388763  297.158813442844
     0.200914880284   57.946767320679   15.403461398578  296.533735652745
     0.201612513832   57.792450006202   15.362615620723  295.019868242046
     0.202470393549   58.036688835046   15.449247244953  298.257705078912
     0.203293920368   58.300935547415   15.493054355664  299.933043849771
     0.204111135462   58.509571399699   15.495042793692  300.276193076446
     0.204928350556   58.719408613687   15.570562687462  303.789780649441
     0.205745565650   58.510685331962   15.572217253786  303.977243989549
     0.206072451688   58.302259398627   15.567368396089  303.834104513031
     0.206988071375   57.976597896065   15.569085116384  303.991410393513
     0.207708170584   57.719758911713   15.557154152020  303.238405139672
     0.208459077617   57.699015637972   15.551525769741  302.773235267679
     0.209140090195   57.848643659962   15.586634497744  304.234124308182
     0.209947343434   58.300259994674   15.662292447372  307.333729948834
     0.210949102917   58.234310421333   15.655525485416  307.167897543118
     0.211879421190   58.013959611228   15.626268513937  306.434281346710
     0.212516566410   57.841528733323   15.634866762022  306.455671767366
     0.213135970722   57.750234284546   15.659837477348  307.296127818020
     0.213754969568   57.691484698560   15.713346047697  309.832631781414
     0.214569142218   57.566526237898   15.713841592075  309.888466599108
     0.215423548014   57.323053824774   15.694005440824  309.258289033404
     0.216079358890   57.083842143623   15.657988889855  308.121197950091
     0.216622747274   57.093564512041   15.692353054515  308.743376891985
     0.217235658595   57.332695639905   15.752052728419  311.509163603183
     0.218095634160   57.678049970670   15.795098964267  313.058035357519
     0.218784610583   58.039203863470   15.810215707417  313.943172705135
     0.219433342272   57.977713283291   15.794406031475  313.302979860400
     0.220082073962   57.938193715464   15.856748523293  316.670933355171
     0.220730805651   57.907211753730   15.880619380288  317.981596426506
     0.221379537341   57.790597991024   15.871491590948  317.277892735897
     0.222028269030   57.674949793217   15.871385293627  317.302603412878
     0.222821062752   57.413141061686   15.864880784035  316.881854284792
     0.223404921273   57.233808922513   15.854426565624  315.974806190214
     0.223988779793   57.249961855858   15.824546197848  314.983701272350
     0.224572638314   57.523094457181   15.923995060679  319.199186509436
     0.225238621167   57.475007621660   15.925507511816  319.301996631543
     0.226115780877   57.416470617609   15.925139539203  318.742898891266
     0.226660256682   57.279143205079   15.891381858723  317.735197610504
     0.227200866423   57.123341271453   15.898213520771  317.943365674449
     0.227741476165   57.147754296336   15.947281703598  320.326156677035
     0.228282085906   57.175485539704   15.986846254600  322.443595234116
     0.228822695647   57.071565264493   15.985707570210  322.309624288291
     0.229363305388   56.894102013323   15.975252639470  321.841322573267
     0.229903915130   56.732365568715   15.968490199323  321.471330608742
     0.230444524871   56.729979078852   15.972363114234  321.393352330927
     0.230985134612   56.644880893526   15.971626009827  321.166335062216
     0.231525744353   56.506932903193   15.971733822427  321.254620510219
     0.232066354094   56.275952909911   15.973631979070  321.705341253522
     0.232606963836   56.068563187289   15.978133257355  322.217166246849
     0.233307909684   55.853351578516   15.992827121187  323.248493805550
     0.234135723356   55.611830544678   15.997331010122  323.575809619545
     0.234570373588   55.495448608648   15.964756711319  321.982140945909
     0.235084838465   54.994612092155   15.907944963700  319.079022336807
     0.235678480512   54.625671883648   15.926330443598  320.059761270230
     0.236262339032   54.506410625008   15.960588170282  320.446508257190
     0.236846197553   54.419374840317   15.919692963185  318.348101343368
     0.237430056073   54.567563526259   15.952640570293  320.135007786444
     0.238013914594   54.592055176862   15.962666599506  320.445957799620
     0.238796546633   54.619588011046   15.971304677358  320.842113904976
     0.239580094822   54.351977022829   15.959459454962  319.984654074698
     0.240163953342   54.641756695651   15.961514750800  320.305864616580
     0.240928450288   54.615642029089   15.997730527777  321.543583252482
     0.241706928315   54.830835173568   16.060660452122  325.359960703918
     0.242485406343   54.341210454067   15.999121269192  322.001248959661
     0.243263884370   53.756439488955   15.973614383733  321.495126588609
     0.244042362397   53.682798200217   15.986760674538  322.065815499739
     0.244820840425   53.543455247062   15.986152113764  321.670302363050
     0.245599318452   53.376936137318   15.988428747892  321.671427595858
     0.246208317754   53.250733750877   15.991939311728  321.925909517688
     0.246792176275   53.019082484286   15.983980870101  321.277426410695
     0.247357782168   53.074334958303   16.011736308982  322.836382677682
     0.247883254836   53.429885246470   16.066147118086  325.467711462504
     0.248408727505   53.649074830185   16.069896006394  325.068223327159
     0.249044952409   54.010875385129   16.129104057345  328.154552473940
     0.249616709715   54.337879233811   16.164568222311  329.596995458146
     0.250103258482   54.433976301228   16.166739560070  329.323653469239
     0.250589807249   54.354970464890   16.153409424967  328.876916862446
     0.251076356016   54.533607406138   16.212500424186  331.835515276410
     0.251562904783   54.916634919889   16.262389298501  334.533818801403
     0.252049453550   54.964447300201   16.275262026368  335.098861337663
     0.252536002317   54.719979014741   16.263858719670  334.569792316798
     0.253022551084   54.614952070610   16.262032552919  334.557997838730
     0.253509099851   54.569538294416   16.267344695180  334.788551809878
     0.253995648618   54.499611045770   16.267147746346  334.713341897803
     0.254482197385   54.442068678433   16.264649464409  334.508736785842
     0.254968746153   54.417812424596   16.269057572435  334.569738166112
     0.255648174133   54.357091902968   16.270983969671  334.405161022193
     0.256169339261   54.285670314362   16.268332975467  334.070176580038
     0.256642264662   54.208599418779   16.261111003033  333.761492848039
     0.257115190064   54.285509336214   16.275199396226  334.439926627843
     0.257588115465   54.619426523389   16.350914699487  338.331771890458
     0.258061040867   54.733529064928   16.388532634043  340.622993754342
     0.258533966269   54.650115366869   16.388360128050  340.559335734766
     0.259006891670   54.720273444694   16.399136235984  341.110240477835
     0.259479817072   54.485360587700   16.393057749209  340.883528688263
     0.259952742473   54.212851825596   16.379138868753  340.267077147753
     0.260425667875   54.115371184544   16.380685471838  340.415371352997
     0.260898593277   54.096618470481   16.389328789811  340.820953877184
     0.261371518678   53.907351941046   16.380064861785  340.287305752398
     0.261846812549   53.771272875267   16.371380528437  339.871765948819
     0.262446397585   53.692368603379   16.375421462898  340.045399003316
     0.262884291476   53.467777621198   16.357284186065  338.722656608399
     0.263322185366   53.519122445042   16.352582382862  338.136573779218
     0.263760079257   53.784804327520   16.375630305119  339.174082433295
     0.264197973147   53.960230900496   16.440914429087  342.472053210139
     0.264655208000   53.981042846909   16.465290808629  344.097993634172
     0.265152389699   53.920992195151   16.473610639195  344.624447408210
     0.265605864538   53.747333424471   16.477852741500  345.176012421540
     0.266168742209   53.085081100487   16.418311450849  342.209887183875
     0.266759695585   52.077679872257   16.353033335073  340.104682534392
     0.266996026803   51.673926362045   16.321988324314  338.502917752299
     0.267616808181   50.554798727038   16.189606623195  332.598343314873
     0.268217485672   50.313905995295   16.187468039340  332.990867575295
     0.268886694215   49.811982694505   16.167003503897  331.417018697796
     0.269637238640   49.039134099161   16.107567096491  329.407405774549
     0.270387473047   48.272922839329   16.056320754101  326.496320158753
     0.271137222988   48.105472128641   16.025570888725  325.013905066682
     0.271886635513   47.634432158909   16.007603359176  324.374437951709
     0.272672070396   47.493311834815   16.025763853303  326.216046593755
     0.273445401798   46.998778526051   16.026943737865  326.843413407601
     0.274057313349   46.468844839841   15.977662115688  323.345233526787
     0.274682707663   45.967880157545   15.921189598621  320.301928259506
     0.275146792043   46.082276773574   15.965000732847  322.801715568886
     0.275649118922   46.279143801898   16.010836907751  325.532622574301
     0.276170368435   46.312318718697   16.038426965948  326.762185763463
     0.276686766236   45.747896321725   15.996647598027  324.872191041261
     0.277278963074   44.673126759938   15.924925950187  321.671954967199
     0.278190334181   43.177403586195   15.794390385139  316.068468162649
     0.279101705287   42.084731504942   15.686881829420  311.674265892031
     0.280013076394   41.353344122475   15.646584685644  309.968695479560
     0.280924447500   40.918536008271   15.622841231285  309.017368691698
     0.281649587582   40.712979011623   15.610351777886  308.246254441281
     0.282490343852   40.653176287435   15.617948421997  307.794311976232
     0.283331100121   41.165788487584   15.696648382481  312.272995782890
     0.284171856391   41.347903472900   15.730044399715  312.964324960185
     0.285012612660   41.311223788516   15.742915225853  313.653618990517
     0.285875584386   40.974500349431   15.730474386308  313.432176199982
     0.286809758019   40.510653034650   15.705776936193  312.848907101008
     0.287499123567   40.335452623450   15.706766485019  314.096817683322
     0.288083492628   39.964789714325   15.700568451151  313.917088362967
     0.288987387258   39.089984139514   15.630081347276  308.968293068349
     0.289784313418   38.684871621273   15.571916331163  307.267746528152
     0.290623546690   38.444414419255   15.562740082190  306.046691626029
     0.291435342295   38.534694809912   15.603151832473  309.074721763891
     0.292236245616   38.647779839034   15.629242680208  310.470550533443
     0.292976153296   38.527938181779   15.626461951535  309.124475106709
     0.293777056616   38.639370728096   15.651786537552  310.045339253337
     0.294577959936   38.816231719657   15.688862041037  313.590814765562
     0.295378863257   38.901972427623   15.717249518923  314.872475583769
     0.296179766577   38.720165353136   15.704398603512  313.396510703654
     0.296980669897   38.605871781208   15.700894569770  312.728450451072
     0.297781573217   38.527604717485   15.704413474130  313.023237955364
     0.298582476538   38.140828265038   15.677582760875  312.162756346766
     0.299275924170   37.928340102450   15.665027145796  311.914598149247
     0.300093139264   37.815930590837   15.675944664483  311.753506787502
     0.300902361589   37.857687923959   15.702457099433  314.504867732958
     0.301703264909   37.849381120086   15.724913244269  315.482633697840
     0.302504168230   37.666375818453   15.711287355819  315.367619391501
     0.303305071550   37.697855059576   15.724969014007  315.896339168287
     0.304009068476   37.618995843289   15.718308067867  314.936045589811
     0.304765749119   37.630705259276   15.728615037063  314.529624342511
     0.305603421077   37.724990694046   15.762728724595  316.993887607315
     0.306468396663   37.790941123717   15.779112096668  318.338905950010
     0.307151487203   37.803833014338   15.778052036165  318.511975180465
     0.307877090974   37.789443019928   15.792349374043  317.867902969414
     0.308597903962   37.918470040195   15.833455945867  320.027136580023
     0.309318716950   38.092848916434   15.856992330704  321.870439639792
     0.310039529939   38.128768730923   15.868380960537  321.942948073340
     0.310760342927   38.059116238198   15.866374036628  322.263678702176
     0.311473947785   37.902830397435   15.869362323791  322.773607357697
     0.312057528560   37.799363085004   15.861049170165  322.311974105688
     0.312802576735   37.753724829958   15.861044584314  321.149629884136
     0.313581054762   37.949173461020   15.901143488462  323.542183496332
     0.314359532789   38.137814574389   15.926655543942  325.554391511849
     0.315138010817   38.141674548375   15.936629241775  326.256330784924
     0.315916488844   38.128505730530   15.947673930091  326.830329017595
     0.316694966871   38.044150242104   15.946032098162  326.698499127483
     0.317473444899   37.983137821392   15.945803301499  326.488948400499
     0.318162582361   37.906477204954   15.951757461986  325.458067819329
     0.318863212586   37.957974169371   15.971804627710  325.813814401310
     0.319560135176   38.059766504336   16.022625271212  329.135853551199
     0.320248752159   38.010247141029   16.032229761375  330.513493561487
     0.320960486692   38.118711653787   16.037865558580  330.502171452346
     0.321654480328   38.211260539056   16.047244313630  330.190021378092
     0.322287385217   38.108225447783   16.035423323342  329.398759609665
     0.322894373841   37.957092400676   16.031853182259  328.718231044215
     0.323528065433   37.985494835775   16.061087989801  330.354793526842
     0.324157582646   38.197922112241   16.105759545893  333.229708050210
     0.325093891928   38.105728034174   16.075717491703  331.929555807295
     0.325881507379   38.042501051785   16.041728126261  330.524879050958
     0.326634054304   37.936684863802   16.038658805885  329.823162317747
     0.327390734946   37.876122314177   16.073615008075  330.866384933017
     0.328147415589   37.997473819542   16.098080872603  333.718990225118
     0.328904096231   37.978959012984   16.108225291853  334.248264448637
     0.329660776874   37.882439076578   16.106953757068  334.317225695757
     0.330417457516   37.792466289182   16.105344907818  334.264949306713
     0.331155079396   37.747770102970   16.102258542305  334.033051277532
     0.331880611765   37.693889540638   16.099108747352  333.642858782270
     0.332605917244   37.672084707105   16.106074186338  333.819551202087
     0.333330979051   37.639439502160   16.113884567426  334.415177411884
     0.334055804696   37.558110405763   16.118059236419  334.734245964331
     0.334774602550   37.510173769730   16.124474667680  335.065621600125
     0.335493170257   37.355260370416   16.117206331440  334.661540114991
     0.336173822074   37.250501975181   16.114381025716  334.473773373596
     0.336822553764   37.179942727838   16.102107086017  333.983001146053
     0.337448427272   37.158970775547   16.097306508044  333.193971858242
     0.338149057497   37.206120779929   16.105056255707  332.823291209988
     0.338846885200   37.168508118418   16.115151210358  332.644039975913
     0.339457239128   37.371445302542   16.149502877585  335.925375709548
     0.340052064160   37.491274662078   16.173417589674  337.422395449759
     0.340641778654   37.493180513346   16.192646714198  337.928604786870
     0.341246201746   37.452283941090   16.196105291070  338.236583911547
     0.341860367406   37.365107891975   16.196454837437  338.233277422011
     0.342469419251   37.304785805625   16.194588913355  338.145852968880
     0.343028810055   37.242374584643   16.193105367906  338.048676913856
     0.343588067630   37.176848699282   16.194582018713  338.057348172418
     0.344157082066   37.086109746729   16.195122797708  337.801781174435
     0.344740790171   37.052218527292   16.195368715325  337.767763613306
     0.345345681068   37.075118240355   16.197254551481  338.127802846155
     0.345928894945   37.103164059556   16.198698830373  338.081330978245
     0.346490735279   37.122062618471   16.193609509727  337.583578575418
     0.347249905580   37.177141731115   16.202840300696  338.108990036642
     0.347973589759   37.154673241542   16.193087094921  337.232098176164
     0.348674219984   37.116251813264   16.177439199279  336.517354975296
     0.349374850208   37.128650715525   16.206975907543  337.152242054949
     0.350075480433   37.316366346622   16.243916841022  340.538968108092
     0.350776110658   37.400907877905   16.265565828238  341.807192906690
     0.351112413165   37.408323099565   16.269861960512  341.982153519296
     0.351811691529   37.378915823874   16.279393063241  342.621640454517
     0.352509858992   37.229691471116   16.283910789896  342.428207399127
     0.353104679044   37.089428964999   16.274084910550  341.490213625447
     0.353720620435   36.911545929128   16.230998946359  338.250048170801
     0.354321633855   36.843437619444   16.240916804223  339.127038225626
     0.354907709812   36.960819333891   16.261428420772  341.081461668349
     0.355483802449   37.072079954107   16.277292476797  341.717931041021
     0.356044983117   37.110320739467   16.276738904604  341.749675538135
     0.356620795973   37.152465225652   16.294098069205  342.731568721185
     0.357206304492   37.143537256477   16.298559747592  342.796126769188
     0.357801495641   37.122541732578   16.294720137467  342.610509436220
     0.358416215615   37.128424191564   16.289141824720  342.009168682537
     0.359030755722   37.113137134852   16.290190045425  341.670717322825
     0.359626170114   37.049139970688   16.281337808148  340.955636295440
     0.360239080856   37.028387597126   16.283847833172  340.529463917132
     0.360804049913   37.088385299672   16.302841979078  341.289615355238
     0.361359060926   37.199396691695   16.320780457566  343.767628074532
     0.361923766510   37.363788343161   16.359951782984  345.830063218472
     0.362488337960   37.384004837755   16.365861670705  345.959731945703
     0.363047868632   37.358794285590   16.372434627341  346.474923231313
     0.363621989570   37.265768750447   16.371725972177  346.287989246463
     0.364198343104   37.222917914440   16.375293264357  346.186233251771
     0.364772030068   37.161206485949   16.366179660518  345.715575621955
     0.365326129857   37.163001735514   16.369092775009  345.887382431623
     0.365885007401   37.162312217300   16.370267083440  346.011624805865
     0.366438852553   37.206236423608   16.378161928757  346.556714826917
     0.366997469781   37.244897720806   16.387830835524  347.027214638211
     0.367605413197   37.286160345008   16.391084893473  347.307506927609
     0.368206090688   37.298015284524   16.395924014838  347.201925209116
     0.368806768178   37.283781687939   16.381465519271  346.314348561383
     0.369393317734   37.311371725989   16.377321180730  346.297550409761
     0.369977176254   37.361580837010   16.387537409674  345.837592258409
     0.370561034775   37.361833311078   16.394110497150  345.395294283257
     0.371144893295   37.506728645577   16.421992546298  347.965432428845
     0.371728751816   37.696397355785   16.455441731629  350.469123821681
     0.372312610336   37.803359465892   16.474436764493  351.446066023843
     0.372896468857   37.773931069094   16.480896612724  351.727712885125
     0.373480327377   37.723914517569   16.485949382720  351.702725674555
     0.374064185898   37.624832875590   16.483494301333  351.032792856681
     0.374648044418   37.435779300393   16.434013666735  347.813609208529
     0.375231902939   37.241067755988   16.401260023732  346.881519964554
     0.375775492772   37.172608469493   16.402908949310  347.256583124023
     0.376363896531   37.131532257775   16.401847265903  346.688365159850
     0.376913894575   37.078667493933   16.403165115159  345.922205205787
     0.377334735123   37.075945138525   16.408874577643  346.396874385763
     0.377748182776   37.269292192544   16.431713020684  348.967593851160
     0.378196418178   37.416983265137   16.461631617619  350.439828684594
     0.378883179757   37.515986285849   16.491953455772  350.906181743695
     0.379459703172   37.533627811404   16.488779119779  350.399490766843
     0.379986935722   37.539705703623   16.454143725447  349.329035933794
     0.380545320695   37.607929924415   16.484443155984  350.140612567920
     0.381103578121   37.726019842247   16.529781877985  353.127394650892
     0.381658337686   37.874948939867   16.550332586657  355.109505063225
     0.382047576700   37.955219740241   16.565724661106  355.953726991621
     0.382588186441   37.951416564854   16.576630650415  356.382340504891
     0.383194380448   37.782393862835   16.569257016010  355.123089895885
     0.384008257960   37.381210373831   16.506116080240  352.819028399691
     0.384773772477   37.096152934145   16.462100312050  351.163629129920
     0.385346772852   36.973221302829   16.448523453199  350.292479415114
     0.385896741111   36.950376533888   16.437071092308  350.197736204397
     0.386467687011   37.041976850713   16.460072570164  350.900569850940
     0.387048201523   37.175772502345   16.498128623054  350.792666684400
     0.387594569650   37.318461610673   16.503104551126  351.213914736258
     0.388135179392   37.618132273521   16.551617413186  355.004182835129
     0.388675789133   37.806356016262   16.577418455279  356.100284356572
     0.389216398874   37.916790173984   16.591835360945  356.512374119407
     0.389757008615   37.922311117462   16.594119995410  356.485129742674
     0.390297618356   37.846884622605   16.589158003612  356.611329822220
     0.390955009921   37.777828602776   16.600562765728  357.560330072341
     0.391500831889   37.595741216043   16.600062919124  357.358039021664
     0.392047326248   37.413510376306   16.561277737644  355.570320150398
     0.392525614712   37.161345299111   16.522768044767  352.267550217329
     0.393037218244   36.928860865385   16.489934698065  350.225544649801
     0.393547977677   37.026693095438   16.521259359185  352.017036923176
     0.394239351817   37.351313441080   16.565793245481  354.658278635299
     0.394886607356   37.600937381693   16.614941617869  355.865222102893
     0.395505362506   37.718217762607   16.609277609409  358.075416561530
     0.396095334883   37.936932427319   16.668599169454  361.391546791777
     0.396545843001   38.010887490613   16.685216614962  362.113473090152
     0.396996351119   37.987212344704   16.689985833166  362.371217791045
     0.397446859236   37.824825935758   16.693391847211  361.721734057527
     0.397897367354   37.433491993086   16.629040989611  357.340844153464
     0.398347875472   37.214609716640   16.583429392567  356.092263481749
     0.398798383589   37.087575119326   16.583536692934  356.348957696930
     0.399248891707   37.018400139505   16.577767779556  356.091628076723
     0.399699399825   36.994228661939   16.579716357121  356.190514201009
     0.400149907942   36.988872672893   16.580714079274  356.224260231055
     0.400668445195   36.999972021935   16.582476523627  356.236569179536
     0.401252303716   37.018335649822   16.585165143828  355.815376764035
     0.401836162236   37.113194652591   16.595465285164  355.464973231554
     0.402420020757   37.391242175381   16.641487069369  358.991933502466
     0.402968483942   37.623930164151   16.674004650330  361.282329905299
     0.403490809700   37.750170702691   16.681304994367  361.704105941741
     0.404044014966   37.718834687866   16.687711135405  362.256452997690
     0.404597095539   37.638835679500   16.705085243089  362.922018394125
     0.405150066533   37.540961689849   16.700058774188  362.743503514881
     0.405702910674   37.387270743421   16.688497514514  362.079329769952
     0.406255648763   37.299816852901   16.680104375540  361.624545124062
     0.406808258607   37.242340313431   16.674176110924  361.433367835754
     0.407360764783   37.292532554346   16.680120820728  361.815311035713
     0.407913143461   37.319679937280   16.680958482112  361.429498796622
     0.408465411812   37.381210189741   16.673665879010  361.122683004214
     0.409017574554   37.426341029229   16.686426612972  361.040214407814
     0.409569615334   37.500531306830   16.705785561211  360.759190237521
     0.410121550540   37.614073775781   16.736497240395  362.944815725653
     0.410673357568   37.758026947991   16.764906882868  365.425907038605
     0.411225058147   37.797727566644   16.769937183540  365.985327564581
     0.411776632168   37.794588238614   16.777426156018  366.549426763191
     0.411859360308   37.791229546742   16.778877725481  366.615130826941
     0.412410802676   37.673070623811   16.775962129234  366.281741321111
     0.412962129527   37.553184241289   16.765702581984  365.696667086322
     0.413513331203   37.459980762285   16.754982744990  365.240030530019
     0.414064422418   37.478387047534   16.754098497338  365.338712240692
     0.414615388615   37.495886169342   16.755574538779  365.225715878181
     0.415166247224   37.491557900360   16.751661361470  364.759365093587
     0.415716967847   37.474229997676   16.753060617987  364.685604928127
     0.416267578577   37.476735004538   16.742083903691  364.264328334356
     0.416818071362   37.502879569772   16.752797459944  363.867439042186
     0.417368451890   37.521701525553   16.760129421671  363.509832039814
     0.417918711930   37.423790907925   16.762354205697  363.579284549913
     0.418468848843   37.544125168174   16.788576139598  366.132211699080
     0.419018881773   37.690670368732   16.802464247877  367.417561106984
     0.419561255527   37.682480017812   16.800933076128  367.066288761364
     0.420031486499   37.678703920990   16.802479375014  367.446137986493
     0.420481245049   37.659540416936   16.808313650042  368.017213061804
     0.420930932025   37.651341941398   16.814742590715  368.374245850088
     0.421380538316   37.657508084019   16.838584295958  369.092476093874
     0.421830071636   37.598190801716   16.837225625654  368.815654171475
     0.422279527211   37.619297597193   16.842116719877  368.991073225063
     0.422728904972   37.601992832597   16.840655801433  368.831437841908
     0.423178204685   37.604238325889   16.842246635662  368.966776199727
     0.423627427094   37.609238149897   16.843541127795  369.031244690504
     0.424076577407   37.637422432572   16.842439520409  368.956913121604
     0.424525648789   37.661490360199   16.845109312208  368.856634850516
     0.424974641833   37.660736516462   16.845715668412  368.944112774242
     0.425423557164   37.628361522607   16.847121246251  369.172844277523
     0.425861626175   37.555860357942   16.840247308263  368.601730460122
     0.426306806386   37.547835796119   16.833078366949  367.775022325134
     0.426744733960   37.630843756760   16.837655414144  368.410270582942
     0.427179004152   37.670582164713   16.859224751340  369.768370215602
     0.427598846829   37.547768236916   16.862685951307  370.116205063081
     0.428022206728   37.385548340608   16.855141327552  369.481060084560
     0.428456264336   37.300343480642   16.838823072493  368.619515160405
     0.428904591955   37.300827780321   16.825760450152  367.719118989290
     0.429352847648   37.370013413523   16.823308082993  367.157825346204
     0.429882846354   37.337640548285   16.820990225332  366.337139418639
     0.430469685699   37.278643808061   16.816922883732  365.742200194876
     0.431013608478   37.352308894628   16.836115548432  367.117838421413
     0.431557531257   37.500277484714   16.835161740344  369.312847083489
     0.432101454037   37.573364647267   16.869512558640  370.991332842497
     0.432645376816   37.578261084765   16.880118006983  371.449910288898
     0.433189299595   37.482241051650   16.878987022453  371.188485590010
     0.433733222374   37.374397841927   16.877982221108  370.597996073391
     0.434277145153   37.240261433831   16.857034473002  369.201762305310
     0.434821067932   37.210809265420   16.848884124296  368.848103031933
     0.435364990711   37.277869693415   16.852780831978  369.570100744037
     0.435908913490   37.332800659376   16.861901189503  370.487614884387
     0.436452836270   37.407951401184   16.875501222726  371.242558585374
     0.436996759049   37.437937519046   16.884899230854  371.648193954388
     0.437540681828   37.434442684841   16.891359651610  371.781769582174
     0.438084604607   37.394412480090   16.889101266051  371.578065856039
     0.438628527386   37.372253935854   16.885311027575  371.371061578000
     0.439172450165   37.387362050454   16.887326601044  371.547817089286
     0.439688348546   37.419605410845   16.897650171089  371.999926061692
     0.440138856663   37.338696346012   16.890040378532  371.593846854702
     0.440589364781   37.306462923738   16.878528560133  371.246512535697
     0.440936256032   37.390881415056   16.879004545607  371.161779243270
     0.441386764149   37.497228105208   16.900783354232  370.891737095524
     0.441837272267   37.599696550956   16.915809105971  370.878154878301
     0.442287780385   37.582450149389   16.910383231529  370.756915243081
     0.442738288502   37.512122714419   16.903099427837  370.581906965332
     0.443130230565   37.497588157153   16.904961636222  370.672421543072
     0.443485390201   37.540052935680   16.907477061383  370.545390203951
     0.443964749138   37.486443004655   16.909576306002  370.282635602744
     0.444444108075   37.495010082683   16.925453732757  371.449780798553
     0.444923467011   37.331530507859   16.924879886228  371.440628140851
     0.445402825948   37.000977264492   16.839117910770  366.936824127656
     0.445831212658   36.944550394490   16.825212840546  366.184591711445
     0.446238312822   37.128031606013   16.846064308087  366.879017786920
     0.446634161265   37.172470898747   16.851822132286  366.744466588543
     0.447029981019   37.174921782723   16.855956627578  366.915778654090
     0.447425713265   37.184929114174   16.862148091266  367.232486803327
     0.447821398811   37.109014238766   16.856479101860  366.831466395363
     0.448217022113   37.155973200035   16.860461416062  366.789619045542
     0.448612572899   37.213545966651   16.869775442811  367.096939420825
     0.449008080853   37.179227255366   16.865035121478  366.726900265100
     0.449403502126   37.191896512195   16.868748413704  366.987585703888
     0.449806796380   37.131465988162   16.862341947752  366.643485085165
     0.450399731420   37.127752239307   16.865172732308  366.633417106911
     0.450992542687   37.147368126763   16.871571442971  366.758156359510
     0.451585208899   37.142279232080   16.869356117302  367.180225451215
     0.452122120396   37.387038496581   16.920705212108  370.354280647672
     0.452652665891   37.353413025627   16.927342405033  370.757984852876
     0.453186913211   37.137062176001   16.883474736883  368.504368245317
     0.453729726492   36.881942593802   16.848857998574  366.716984155429
     0.454272445955   36.894015926828   16.851828754154  366.551441214837
     0.454815031400   36.897345630858   16.856871576834  366.443048573126
     0.455353179109   36.938492712075   16.869065630837  367.126817745552
     0.455882522640   37.087357531725   16.905714036839  369.628149208488
     0.456424776628   37.329512902982   16.948542970111  372.028259887783
     0.456966918265   37.332063660625   16.958179510839  372.565056730399
     0.457508940991   37.220148436005   16.950110203040  372.089524675453
     0.458050861228   37.077705434651   16.928325584632  370.761574246620
     0.458592655343   37.036272337364   16.920076960862  370.324620990006
     0.459134345407   37.121439251975   16.932741101565  371.146701807995
     0.459662921603   37.189562985152   16.947096492442  371.979352385961
     0.460187056287   37.233035510897   16.958502964242  372.563038500069
     0.460728412406   37.261518163507   16.965040237244  372.863962893085
     0.461269647832   37.302211052121   16.973410560103  373.212389809087
     0.461810777357   37.290230740324   16.973689347535  373.273243725273
     0.462351789686   37.252265921680   16.971416610823  373.187543316170
     0.462892690920   37.259371317058   16.975603183511  373.389527882027
     0.463433481952   37.274281854967   16.980064248627  373.635228262854
     0.463974155434   37.290364553441   16.984598967167  373.880053424780
     0.464514721547   37.324256304406   16.989732542615  374.163012548883
     0.465046526902   37.365889734361   16.996610031368  374.569205720661
     0.465563680774   37.381746948122   17.003172276425  374.908926341961
     0.466094127249   37.360251014125   17.003121353328  374.865059038658
     0.466604335260   37.394895889475   17.008809748630  375.136531673779
     0.467081522618   37.422522793646   17.012323847087  375.353069658923
     0.467558709976   37.448879804086   17.015540789719  375.655674116103
     0.468005086574   37.513170758185   17.025178245896  376.131309802573
     0.468446693638   37.586802576411   17.040068943975  376.798724098393
     0.468884697095   37.617688992073   17.047382269728  377.218116926854
     0.469312028384   37.614055429198   17.057013213652  377.624280368026
     0.469748685892   37.526807896910   17.049102514153  376.988558499178
     0.470188547314   37.443528165825   17.034572885113  376.207791716869
     0.470505247537   37.484037940423   17.038532215986  376.360976165235
     0.470945108959   37.572407795079   17.049183388084  376.919794812392
     0.471384970381   37.588170127969   17.054407213597  377.252187388448
     0.471824831802   37.587987279113   17.056213825215  377.364795294391
     0.472264693224   37.579107457832   17.053554159185  377.026602500666
     0.472704554645   37.630706872467   17.055968528461  376.778411819770
     0.473144416067   37.708088812148   17.061346013173  377.081326937292
     0.473584277488   37.768632231747   17.073647534569  377.926804408303
     0.474024138910   37.776519198877   17.077172207595  378.021110249604
     0.474464000332   37.772608486360   17.077991045476  378.042177037776
     0.474903861753   37.745662410318   17.080827973570  378.296479649168
     0.475343723175   37.666541743235   17.074354310475  378.012572893145
     0.475783584596   37.618274879214   17.066434870959  377.435982486362
     0.476220042563   37.644571977572   17.067869903768  377.028477172808
     0.476660267468   37.685150995580   17.074310959720  376.870390555684
     0.477100421779   37.729030974192   17.081938642988  377.048873353474
     0.477536984834   37.727525843448   17.083704735216  377.042226315164
     0.477952354721   37.737564295633   17.088569207735  377.233163155913
     0.478365900156   37.808685215727   17.106674602318  378.408701458058
     0.478793457257   37.870652081098   17.128768419901  379.905356470378
     0.479233253999   37.853900364571   17.135805553588  380.427468774532
     0.479672975631   37.837032479269   17.139617081140  380.626796942837
     0.480112624644   37.784246683203   17.135091903637  380.446898193809
     0.480552211412   37.758926916668   17.135508630137  380.513706411448
     0.480991716229   37.682479172056   17.121595252076  379.497666099841
     0.481431162664   37.530415643611   17.085029070007  377.455937620458
     0.481870525394   37.356442938983   17.060612620942  376.250749148575
     0.482309827742   37.358891203131   17.063300527598  376.125932931527
     0.482749044181   37.521657111895   17.094730818357  377.980856605540
     0.483188200859   37.759984952632   17.140245398382  380.926672761555
     0.483627272166   37.880032521939   17.164691309385  382.445134892077
     0.484066276901   37.894815618955   17.174692606840  383.040249121758
     0.484498182253   37.830822479406   17.169229411984  382.624221026672
     0.484926508207   37.801767078818   17.166494287035  382.393558979165
     0.485344234476   37.803218659116   17.170959931258  382.531374652087
     0.485772433822   37.650915262048   17.158553381262  381.833750579976
     0.486207575001   37.433363179507   17.126508274195  379.882162199784
     0.486625113665   37.290382981290   17.086769990156  377.370751781326
     0.487046087374   37.295390609495   17.090115347696  377.643036360744
     0.487484538004   37.481535612387   17.128666290139  380.153920609553
     0.487922909611   37.614083970991   17.154550292745  381.711805046431
     0.488361215949   37.684099871357   17.167438388005  382.600748742391
     0.488799444981   37.725683452059   17.179041543502  383.285331058137
     0.489237608069   37.706780890893   17.180543501752  383.333269459129
     0.489675695843   37.663180140455   17.176774882985  383.052742186304
     0.490113716900   37.623945430702   17.170308254330  382.676744189062
     0.490551664458   37.602385717363   17.169104156299  382.608358368438
     0.490989542963   37.584999539320   17.169243965965  382.634241172554
     0.491427350331   37.574673782158   17.171314597761  382.736491386034
     0.491865088587   37.556894623369   17.172157242378  382.764636175514
     0.492302756265   37.564820703051   17.176275269588  382.925784176887
     0.492740355435   37.560667088257   17.178177547948  383.002791901501
     0.493177884175   37.543673957991   17.178328871858  383.024691674642
     0.493615344761   37.550246512368   17.180371437226  383.124686536191
     0.494052734327   37.568766037272   17.184904886300  383.413502407561
     0.494490054512   37.614615601465   17.191680461655  383.878005255910
     0.494927303854   37.655024150067   17.197488716230  384.290970422178
     0.494997257749   37.662012836830   17.198525546433  384.361765516572
     0.495426964257   37.718063328749   17.207522155575  384.910708187077
     0.495852782865   37.764157715537   17.216059526942  385.403879151429
     0.496272454990   37.794162415147   17.222882235043  385.802672136778
     0.496684950786   37.784585908691   17.226522979263  385.955574985294
     0.497107867929   37.742722562913   17.225572326981  385.786737305174
     0.497544698744   37.691001659687   17.220786117751  385.419531406757
     0.497981459141   37.643539646265   17.216059366820  385.065904911703
     0.498418151826   37.611949963127   17.212905443692  384.876750107924
     0.498854773872   37.604498029042   17.210865819829  384.848313185656
     0.499291328668   37.611495033450   17.212748776557  384.990037210387
     0.499727812398   37.626930240049   17.215850949434  385.218061722061
     0.499994034008   37.642206292810   17.218983319302  385.413454646590
