# {0} signal over time, extracted at r = 500 km
# All quantities are measured in a resting observer's frame at infinity
# cols=4 rows=678
#              time        luminosity               <e>             <e^2>
#               "s"           "foe/s"           "MeV^1"           "MeV^2"
  -4.7759934024e-04  1.0223057670e-06    8.267400678871   78.857086625751
  -4.6165933562e-04  1.0223080630e-06    7.860170510740   73.903332091563
  -4.3945134616e-04  1.0223706129e-06    7.369252533933   67.928331395093
  -4.1509952610e-04  1.0226782997e-06    6.902390004923   62.233241600359
  -3.9789224205e-04  1.0236660765e-06    6.604646707539   58.583487251371
  -3.8330757559e-04  1.0255271790e-06    6.370461184699   55.699430738698
  -3.6908801444e-04  1.0284625816e-06    6.158006588356   53.075689108505
  -3.5615518366e-04  1.0321864405e-06    5.977462291246   50.840168695182
  -3.4500509638e-04  1.0362593771e-06    5.831705103189   49.032326187493
  -3.3680233418e-04  1.0397175306e-06    5.731317680697   47.787781072750
  -3.2908633537e-04  1.0432961988e-06    5.640535837968   46.660390334552
  -3.2114256597e-04  1.0473321485e-06    5.550662897934   45.542362927385
  -3.1363471357e-04  1.0514921065e-06    5.468971812907   44.524344067895
  -3.0606538542e-04  1.0560519475e-06    5.389471578344   43.527259224980
  -2.9967453031e-04  1.0602719557e-06    5.324706321067   42.712625953582
  -2.9326117657e-04  1.0648518163e-06    5.261884038441   41.921479228989
  -2.8746914308e-04  1.0692722083e-06    5.207106603985   41.234520805130
  -2.8159585237e-04  1.0739718644e-06    5.153237773169   40.558133129637
  -2.7495663451e-04  1.0795515963e-06    5.094318454650   39.817109918646
  -2.6936389639e-04  1.0844693318e-06    5.046708323706   39.220764691131
  -2.6140998790e-04  1.0917207212e-06    4.981376918592   38.401170415259
  -2.5281179739e-04  1.0999191577e-06    4.913760007885   37.550943061179
  -2.4474730327e-04  1.1079692000e-06    4.853079743560   36.786126596239
  -2.3644773040e-04  1.1166386964e-06    4.793295641130   36.030799711452
  -2.2787554371e-04  1.1260234183e-06    4.734274925944   35.283208627052
  -2.1984306194e-04  1.1352316613e-06    4.681383536628   34.611498689306
  -2.1129808939e-04  1.1454853740e-06    4.627572060161   33.926235798757
  -2.0251248781e-04  1.1565372550e-06    4.574768545965   33.251796953050
  -1.9923429181e-04  1.1607959261e-06    4.555698290441   33.007693586668
  -1.9614862333e-04  1.1648719981e-06    4.538054121349   32.781582886732
  -1.9120109328e-04  1.1715457518e-06    4.510370892792   32.426292174972
  -1.8389210564e-04  1.1817185321e-06    4.470807580639   31.917349427029
  -1.7565456984e-04  1.1936346470e-06    4.428057414681   31.365739476727
  -1.6692032250e-04  1.2067943775e-06    4.384769000021   30.805265267363
  -1.5884611777e-04  1.2194425023e-06    4.346536825460   30.308509325205
  -1.5223548095e-04  1.2301434037e-06    4.316458375496   29.916453186674
  -1.4235959988e-04  1.2467040561e-06    4.273249672703   29.351335082591
  -1.3610903567e-04  1.2575216334e-06    4.246714404591   29.003269146213
  -1.2766330939e-04  1.2725620027e-06    4.212256299051   28.549740930779
  -1.2600718301e-04  1.2755683787e-06    4.205682081663   28.463006212188
  -1.2117457786e-04  1.2844502590e-06    4.186831217627   28.213912683331
  -1.1355982546e-04  1.2987757074e-06    4.158108002771   27.833206830548
  -1.0402776115e-04  1.3172772105e-06    4.123774640249   27.376193047680
  -9.9011504395e-05  1.3272657566e-06    4.106401140682   27.144081782854
  -9.0389374191e-05  1.3448399106e-06    4.077609157685   26.758081593805
  -8.3172114475e-05  1.3599412499e-06    4.054507682941   26.447108664186
  -7.6216990442e-05  1.3748274185e-06    4.033068797767   26.157462434216
  -6.9907753196e-05  1.3886091808e-06    4.014291440638   25.902916629972
  -6.3810687920e-05  1.4021745276e-06    3.996728024217   25.664082996469
  -5.7927327256e-05  1.4154910133e-06    3.980302828697   25.440060727154
  -5.1882584006e-05  1.4294012827e-06    3.963942057770   25.216261088292
  -4.6576477562e-05  1.4418001036e-06    3.949995469520   25.024956474096
  -4.1348767645e-05  1.4541861782e-06    3.936621445737   24.841037688735
  -3.6105366185e-05  1.4667779206e-06    3.923560849355   24.660976574244
  -3.1276507910e-05  1.4785223214e-06    3.911836188674   24.498943712422
  -2.6442772001e-05  1.4904201490e-06    3.900382093479   24.340285293500
  -2.2119187897e-05  1.5011817122e-06    3.890369376169   24.201290581343
  -1.7941344214e-05  1.5116874065e-06    3.880897065743   24.069532531534
  -1.3292163762e-05  1.5235016719e-06    3.870584284492   23.925783568415
  -9.1319167027e-06  1.5341834258e-06    3.861554479099   23.799655085508
  -5.1265590542e-06  1.5445657265e-06    3.853033395499   23.680401463461
  -1.3363822769e-06  1.5544792240e-06    3.845122251237   23.569477933017
   2.4229399391e-06  1.5643978266e-06    3.837418333417   23.461263956496
   6.3953696940e-06  1.5749720735e-06    3.829428790020   23.348827514181
   9.9634033813e-06  1.5845521012e-06    3.822382039892   23.249475874742
   1.3960606351e-05  1.5953776763e-06    3.814629997941   23.139975327526
   1.7749383737e-05  1.6057304797e-06    3.807418019602   23.037903869409
   1.8558817339e-05  1.6079539108e-06    3.805894120205   23.016310747930
   2.5842839174e-05  1.6441008837e-06    3.803481902873   22.974724388874
   4.0570794649e-05  1.6880053993e-06    3.777888156151   22.605686883854
   5.7149607028e-05  1.7393241875e-06    3.751234631666   22.217859234754
   7.3471277195e-05  1.7919221214e-06    3.727009637317   21.860752607455
   9.0171031862e-05  1.8480384071e-06    3.704153613746   21.518987911082
   1.0773714454e-04  1.9097445616e-06    3.682078258014   21.183433851572
   1.2388678672e-04  1.9690274191e-06    3.663448241929   20.895078915681
   1.4104799547e-04  2.0348225980e-06    3.645293239146   20.608363309877
   1.5654629504e-04  2.0968000951e-06    3.630270263295   20.365780280530
   1.7434467046e-04  2.1710495535e-06    3.614537627665   20.105164617542
   1.9084239536e-04  2.2428551063e-06    3.601330109126   19.879769006537
   2.0840117725e-04  2.3224644682e-06    3.588650555897   19.656010199611
   2.2698539201e-04  2.4103153597e-06    3.576698307473   19.436349275191
   2.4448369777e-04  2.4964044584e-06    3.566750884806   19.244823639042
   2.6290326956e-04  2.5905409576e-06    3.557575806887   19.058453299927
   2.8240524989e-04  2.6941022828e-06    3.549230764937   18.877343380505
   3.0310528885e-04  2.8083563451e-06    3.541822866667   18.702451392047
   3.2351413921e-04  2.9253219683e-06    3.535887939073   18.546621629936
   3.4425050884e-04  3.0485626172e-06    3.531147182628   18.404220974739
   3.6616272156e-04  3.1839720621e-06    3.527383485742   18.269601084620
   3.8942593663e-04  3.3384877216e-06    3.524171700185   18.131387711361
   4.1421768176e-04  3.5533278886e-06    3.516247381516   17.893386550620
   4.4064361302e-04  3.9416876522e-06    3.483354342535   17.221965255561
   4.6897891507e-04  4.7183056475e-06    3.413446621579   16.041654844657
   4.9410349341e-04  5.8693089281e-06    3.359659985899   15.030782693691
   5.2363512700e-04  7.9654402065e-06    3.287873393030   13.952633558623
   5.5565370114e-04  1.1511797700e-05    3.234517377094   13.161035772848
   5.8990396198e-04  1.7481915917e-05    3.213101521950   12.730834179478
   6.2677551596e-04  2.7685702558e-05    3.218455484315   12.598784379845
   6.6632609506e-04  4.5098213988e-05    3.242473962763   12.669987738978
   7.0865604265e-04  7.4628394273e-05    3.283180707665   12.894873542861
   7.5377413511e-04  1.2362875482e-04    3.352002004229   13.339522161078
   8.0104933727e-04  2.0072441344e-04    3.445500318872   14.008051943460
   8.4811302404e-04  3.1190876348e-04    3.514278658727   14.573055158410
   8.9857686058e-04  4.8367589711e-04    3.560092437371   14.977457743040
   9.5498756603e-04  7.6763471574e-04    3.597145514855   15.302089109422
   1.0191539729e-03  1.2627942032e-03    3.648963204674   15.758945722115
   1.0971512403e-03  2.2444551454e-03    3.711172468189   16.303393193352
   1.1817179708e-03  4.0572850254e-03    3.773566439427   16.850164797750
   1.2796900790e-03  7.7973946258e-03    3.847313347615   17.506431407029
   1.3865977671e-03    0.015342578615    3.927710619455   18.227854856794
   1.4935054552e-03    0.028905135876    4.010953198908   18.959013820806
   1.6336317096e-03    0.061668259606    4.135378793955   20.077978440821
   1.7761752937e-03    0.117781108744    4.296913387631   21.631479804042
   1.9187188778e-03    0.195571353514    4.496170221075   23.731842957643
   2.0612624619e-03    0.291890055926    4.735244845387   26.438592451514
   2.2146925657e-03    0.417340556126    5.043558438668   30.168567275411
   2.3901360614e-03    0.597708853968    5.461952149539   35.629576547215
   2.5625847006e-03    0.827997245668    5.938996359287   42.394647070942
   2.7350333397e-03    1.122177760482    6.459613841069   50.383157195386
   2.9074819789e-03    1.484694237295    6.986595998235   59.066338198250
   3.0799306181e-03    1.908651672779    7.490372299256   67.917681184788
   3.2523792572e-03    2.380107775864    7.958347233428   76.636863293821
   3.4543390361e-03    2.972637742521    8.453256415501   86.417791070170
   3.6869622156e-03    3.676721084079    8.954404343082   96.983857369014
   3.9195853951e-03    4.364032424805    9.389116599621  106.774176038583
   4.0894003162e-03    4.837113285724    9.667880185929  113.399903772016
   4.3220234957e-03    5.432405145241   10.003968382923  121.799583581394
   4.5546466752e-03    5.960963955378   10.294132047346  129.457945023239
   4.7872698547e-03    6.422985373569   10.544239691832  136.407900432633
   5.0198930342e-03    6.821437462647   10.760018967156  142.702222568486
   5.2726167336e-03    7.190812814770   10.962015412626  148.872403744904
   5.5242241100e-03    7.503576499662   11.133111541270  154.333690169246
   5.7758314864e-03    7.775394501989   11.279255129540  159.183603872285
   6.0274388628e-03    8.017508743931   11.404846018207  163.492794625983
   6.2790462392e-03    8.242309524981   11.513482198907  167.318644344476
   6.5306536156e-03    8.463529482826   11.608833733637  170.730826002005
   6.7822609920e-03    8.690331631625   11.695751976775  173.848707571041
   7.0338683684e-03    8.929817458007   11.777825496099  176.762876401197
   7.2854757448e-03    9.188917371667   11.856880618893  179.520397520533
   7.5370831212e-03    9.469557005076   11.933635532431  182.152492142613
   7.7904536933e-03    9.777453645626   12.011847777411  184.774401464688
   8.0421198596e-03   10.105845968821   12.087987395753  187.282615836718
   8.2937860259e-03   10.454389814715   12.164181429146  189.747232260655
   8.5454521922e-03   10.824044050004   12.239603191992  192.156263999376
   8.7971183586e-03   11.207096165045   12.313313771105  194.490727011311
   9.0487845249e-03   11.613543942282   12.385681542155  196.748378817397
   9.3004506912e-03   12.017944896366   12.452798926823  198.852621767515
   9.5521168575e-03   12.428702053567   12.518982762457  200.913869113310
   9.8037830238e-03   12.833560279237   12.579936234154  202.793147104922
     0.010058353607   13.227966093620   12.635467855501  204.479300810142
     0.010310496227   13.612178906224   12.684195094727  205.932122111301
     0.010562638846   13.972346398588   12.726037757472  207.155545245258
     0.010814781466   14.323543894369   12.763276706783  208.209575306219
     0.011066924085   14.660960309219   12.793399028064  209.023841149222
     0.011319066705   14.988634810801   12.819639557335  209.694193581645
     0.011571209325   15.303689261508   12.843098686861  210.299009125452
     0.011823351944   15.598580823073   12.865969060604  210.882867584486
     0.012075494564   15.900628135540   12.889512650094  211.454181420756
     0.012327637183   16.195543344236   12.908847290043  211.894252357669
     0.012579779803   16.469788508399   12.926004143777  212.266410572608
     0.012831922423   16.753749597966   12.944920013673  212.691636130776
     0.013084065042   17.029213082650   12.960053480537  213.013611420282
     0.013335670649   17.285437779495   12.973606093450  213.299997721866
     0.013591276685   17.563565152096   12.992578104210  213.757765221048
     0.013845163855   17.844905986365   13.010271554970  214.176138846394
     0.014106809133   18.097970838304   13.022055679137  214.418214171509
     0.014359189381   18.324408571860   13.032754016668  214.646668469668
     0.014615330079   18.574992888288   13.048454193191  215.045612384560
     0.014872706777   18.833078603878   13.063502250587  215.426314281205
     0.015130451261   19.069569972845   13.071462544972  215.579043495097
     0.015383128479   19.299394958240   13.082621356799  215.875769362528
     0.015635165689   19.549304692476   13.105122618288  216.528510009488
     0.015890063635   19.782875090369   13.120096964999  216.877585104857
     0.016141489704   19.978644569446   13.123386072598  216.883492083610
     0.016391598511   20.172079490026   13.130762936070  217.079065644280
     0.016644280083   20.374115843065   13.147997035617  217.596978985497
     0.016898069691   20.560518955770   13.162744847561  217.984730497377
     0.017151859300   20.699944897394   13.162758808871  217.891231487291
     0.017403221108   20.822287913910   13.160772005133  217.793081710942
     0.017658350608   20.960657231318   13.167400207911  218.006805631185
     0.017913132774   21.119215388332   13.182631221389  218.457544796783
     0.018167914940   21.255830211539   13.186599852353  218.448462620294
     0.018422697106   21.371192801893   13.181887840738  218.208848477081
     0.018678588816   21.502433554238   13.182117170489  218.218340888995
     0.018928686925   21.658013364299   13.193454444476  218.602369282095
     0.019184256062   21.804326744159   13.199552570712  218.723919433765
     0.019439825200   21.927406347300   13.195027986404  218.493313876409
     0.019695394337   22.056461495102   13.192338203616  218.385021537069
     0.019946310425   22.190348002420   13.194304844013  218.464115350199
     0.020200001602   22.332742808297   13.202214474944  218.766680057688
     0.020450510560   22.454557808062   13.203630732352  218.800169704615
     0.020701019519   22.557179650583   13.195549018194  218.495880093815
     0.020954526754   22.661575221222   13.190353724567  218.327293164395
     0.021211032265   22.763607910555   13.191231975619  218.389203978195
     0.021467537777   22.863836358872   13.195774286126  218.585175112074
     0.021723202538   22.957744862896   13.198903126383  218.713637875181
     0.021975039106   23.019159394151   13.190889627155  218.411658696449
     0.022226875675   23.073443344634   13.181536291250  218.085269156028
     0.022478712244   23.134546152067   13.179729840712  218.075355385945
     0.022730548813   23.192894565672   13.182620712059  218.213717401630
     0.022982385382   23.258775320232   13.189409114895  218.448327696953
     0.023240190689   23.311957044772   13.190296932575  218.455107976643
     0.023495839868   23.341121393607   13.181093241021  218.119809841513
     0.023752173035   23.382659716591   13.175913693614  217.957696969058
     0.024008506202   23.439150249768   13.180515949451  218.201231709527
     0.024264839368   23.493077638974   13.188578525878  218.598186732130
     0.024521172535   23.539614324053   13.192466135755  218.788273200570
     0.024777505702   23.586582406573   13.189877396479  218.656421661307
     0.025018303525   23.633992541413   13.184039730949  218.396541162802
     0.026045465761   23.883230094301   13.194142785321  218.918383516085
     0.027055702598   24.096344595822   13.182661880780  218.893954610326
     0.028063029783   24.199729669458   13.184020706432  218.744616344340
     0.029090482383   24.370207989422   13.200929236146  219.126891718077
     0.030099700396   24.446227019738   13.193495305820  219.001621251641
     0.031115707532   24.497156640353   13.182575900320  218.453595807998
     0.032116328593   24.547967083626   13.168151213477  218.243883088978
     0.033128603413   24.655248487174   13.218169363574  219.578730962789
     0.034155507879   24.758376676535   13.193069228299  219.220370890235
     0.035171167081   24.899096888907   13.220855538325  219.632976964522
     0.036193957172   24.828392674271   13.219412282481  219.512692402015
     0.037213468384   24.633247160769   13.185554390468  218.639500949317
     0.038236554262   24.550038077458   13.178878210553  218.211869907802
     0.039254961862   24.657530120685   13.185316348659  218.692680259432
     0.040262723868   24.541122530785   13.156172423161  217.703073868597
     0.041270678220   24.469369890849   13.165398799914  217.835133994434
     0.042298172283   24.509341982792   13.210794575043  219.286636960060
     0.043317437531   24.511541410348   13.250412769053  220.522959166408
     0.044361887531   24.491655468971   13.239939044363  220.279198830998
     0.045384980361   24.433963247303   13.249996638019  220.326140604613
     0.046437003468   24.412854027514   13.260807912874  220.978781619982
     0.047437177851   24.471141640785   13.329736735258  222.877424056075
     0.048467192787   24.518138963023   13.318112582886  222.626065435502
     0.049504320294   24.492169708647   13.313858349510  222.602584769936
     0.050545539764   24.445257997936   13.350520906970  223.446640562013
     0.051556502325   24.424809655046   13.342717768615  223.582497283477
     0.052576157498   24.362915128751   13.354397922037  223.818698805652
     0.053576470499   24.269556251344   13.305188143054  222.559264056879
     0.054611693307   24.263587887147   13.315304781948  222.783072310063
     0.055620755072   24.306689542770   13.342368144088  223.647815427351
     0.056687435072   24.247035019096   13.347621880487  224.008513342498
     0.057722955072   24.186795838125   13.353325243894  224.214165556350
     0.058773844740   24.181881487503   13.361100070837  224.600781205169
     0.059811844740   24.155670909300   13.369403276859  224.813665036563
     0.060822724740   24.081176244707   13.363648289658  224.720905377593
     0.061841965860   24.075099563006   13.362445265032  224.961114852405
     0.062880959677   24.085787353173   13.383064798000  225.698910022806
     0.063882101969   24.043016666444   13.394354070862  226.087175622776
     0.064936416507   23.999603916955   13.422719364783  226.698312302664
     0.065951184507   23.964834914757   13.416686853412  226.738633607105
     0.066963048171   23.947644545368   13.430751074783  227.236019741780
     0.067990302366   23.910874834639   13.440837760708  227.607710819342
     0.069018051439   23.914012561763   13.463447666544  228.237603899777
     0.070037308256   23.816041098600   13.454051911206  227.983263214971
     0.071045318100   23.763803775771   13.461870168210  228.053668350083
     0.072047301990   23.742021404924   13.463836070390  228.082301830246
     0.073084038529   23.673938823511   13.462178060094  228.111843184932
     0.074093995123   23.665590864979   13.463385409990  228.424323058692
     0.075119397956   23.662078692132   13.497556706660  229.301571469209
     0.076140176946   23.659186101118   13.495899040745  229.630982562499
     0.077162488931   23.628637262222   13.514766645116  230.225169184612
     0.078175190409   23.568411320310   13.521219600100  230.492183044353
     0.079200669543   23.531464138316   13.529924145264  230.793246602991
     0.080205959676   23.467665876409   13.534415329786  231.033596544545
     0.081215292536   23.380634735043   13.541288836751  231.376440422545
     0.082222540249   23.343288131845   13.543705338256  231.668836479393
     0.083248372304   23.353469459097   13.569304458185  232.310336147315
     0.084255557944   23.298145086105   13.566782780245  232.353028408247
     0.085276129943   23.234100372187   13.570189049820  232.630110075622
     0.086283701747   23.097019790123   13.549765544175  232.084212183877
     0.087296131989   23.053840578145   13.588510751136  232.925316619508
     0.088302392691   22.923676797118   13.563774963390  232.366270952100
     0.089310592948   22.652402085365   13.537675489938  231.302733804586
     0.090019446297   22.537692457343   13.520499411538  230.876379158255
     0.091037653437   22.466898539881   13.526670214766  230.918560249217
     0.092041880480   22.382588630282   13.506903604234  230.218937555819
     0.093060331592   22.222740120720   13.465248796804  229.065638950228
     0.094134835592   22.138745317996   13.478791102928  229.326824478624
     0.095174835592   22.044393514559   13.479180276000  229.282223340666
     0.096238835592   21.870937587844   13.462753180796  228.567718831201
     0.097278835592   21.762141334056   13.458042051342  228.437095906159
     0.098318835592   21.683037008495   13.452548698571  228.478272759291
     0.099358835592   21.567442685827   13.454384299633  228.520901912178
     0.100407835592   21.474538824246   13.455058527112  228.690751613503
     0.101424139592   21.366512411078   13.467456434226  229.040284255076
     0.102452695866   21.249529594331   13.463153417444  229.025499259985
     0.103476333366   21.170921435228   13.475028517372  229.322466096390
     0.104518243494   21.030112234041   13.468381295237  229.064174484578
     0.105563046494   20.901174590743   13.446748114907  228.748143965154
     0.106573440494   20.793840168308   13.459754068734  228.835912256496
     0.107580656382   20.649632626011   13.446963818038  228.451131799890
     0.108639056382   20.537008773224   13.438607525540  228.341079266416
     0.109666136382   20.421642240026   13.430373233342  228.039939736905
     0.110681954142   20.300146316069   13.435111299922  228.088261042300
     0.111729462686   20.184954765185   13.418627848205  227.760533532051
     0.112769461625   20.088215363301   13.412147301205  227.485139414897
     0.113809461625   19.969581710471   13.409135215295  227.246913742697
     0.114849461625   19.857230882012   13.405078700733  227.100315283721
     0.115909461625   19.741020043400   13.398535524845  226.898065238092
     0.116929461625   19.627784357574   13.398391539216  226.801743132068
     0.117935061625   19.529958736664   13.392064619770  226.623318159579
     0.118953326800   19.429919227873   13.384934426865  226.482983799928
     0.119981402957   19.333601438476   13.388160222526  226.557225426275
     0.120997498422   19.252395621454   13.385013241017  226.610098850662
     0.122028685062   19.163785863939   13.382909642446  226.649243251173
     0.123031102591   19.075990336807   13.387702982625  226.787010222250
     0.124043098683   18.994923950294   13.383870369297  226.858683288025
     0.125049022799   18.921876236563   13.388005219522  227.060655014024
     0.126076401232   18.845035872443   13.393459758740  227.265176001678
     0.127125638781   18.754165991753   13.388806823833  227.301064163939
     0.128174370821   18.678144446425   13.392160189508  227.464177339506
     0.129203403806   18.584734937247   13.396153741298  227.516242662317
     0.130211160781   18.502793790405   13.387338283978  227.436877251848
     0.131218917757   18.427409353313   13.388923962370  227.571373773570
     0.132219417757   18.346456437173   13.393273201328  227.694695671969
     0.133233317437   18.260147773176   13.396652502923  227.707169503024
     0.134250187837   18.160135233149   13.378674387153  227.359696455298
     0.135250905172   18.065887246697   13.382656734085  227.299495704096
     0.136261705954   17.989343703531   13.375791262264  227.228540329726
     0.137295745588   17.917548220447   13.375924685016  227.306623505821
     0.138318287730   17.863296292407   13.378371464234  227.553948904823
     0.139349505861   17.800542340934   13.384549473450  227.788641788621
     0.140355952539   17.733141462443   13.385322914041  227.958932080082
     0.141371962539   17.673599854916   13.390937365156  228.258003796114
     0.142377982539   17.613442548046   13.393760288539  228.462399875085
     0.143384002539   17.554002355704   13.399746215415  228.792349546644
     0.144390022539   17.488755252627   13.402596711057  228.969341487794
     0.145396042539   17.416145633577   13.400318040401  228.987613175782
     0.146402062539   17.347528972294   13.401422994103  229.131420334816
     0.147408082539   17.275344506385   13.401853013632  229.154785905982
     0.148414102539   17.197010242824   13.400954770663  229.206459621943
     0.149420122539   17.137706666849   13.404217521118  229.371875313362
     0.150426142486   17.081608599047   13.406794577002  229.478368044512
     0.151432162409   17.013004405969   13.404644785438  229.485893833595
     0.152438182332   16.935673966239   13.401596655731  229.408665693946
     0.153444202256   16.858359432838   13.397348925949  229.338861885354
     0.154458499519   16.787648915632   13.396684744057  229.352806111856
     0.155493725262   16.710163738279   13.391209600508  229.275934560651
     0.156506563878   16.631822618812   13.365483158506  228.763761189520
     0.157519399740   16.563055731143   13.372978472760  228.963551035574
     0.158532232457   16.490850621691   13.372636254232  228.982623323888
     0.159545065174   16.418716072841   13.369742008183  228.886690218430
     0.160557897891   16.349757542377   13.365459313319  228.775673829418
     0.161570730607   16.274329758887   13.360860213756  228.597182244750
     0.162583563324   16.201336335758   13.353184065309  228.375898452895
     0.163596396041   16.129620023802   13.349456552342  228.327561915814
     0.164609228758   16.050879029418   13.343408627270  228.180176596894
     0.165622061475   15.974470906793   13.340634943915  228.085030916906
     0.166642238924   15.903355187387   13.335660054354  227.994707552591
     0.167677238924   15.838180263909   13.339464711329  228.037074527636
     0.168712238924   15.774532178383   13.340341809088  228.039817422325
     0.169747238924   15.698247052472   13.343883946462  228.061807165142
     0.170782238924   15.629279317496   13.336892100545  227.929044253473
     0.171817238924   15.573790700220   13.336396266142  228.035124366069
     0.172852238924   15.513346322174   13.333700586480  228.005658796299
     0.173887238047   15.457651236752   13.333099630852  228.026988049141
     0.174922235168   15.390713179291   13.328834788796  227.945457464566
     0.175957232289   15.321366415317   13.327127689733  227.939949025508
     0.176992229409   15.277900203224   13.330027694659  228.239868491911
     0.178027226530   15.208499270421   13.327714354055  228.118775839124
     0.179037475278   15.152282841652   13.319514103129  227.848636072168
     0.180049973681   15.105599915596   13.330739021477  228.189779522804
     0.181062472016   15.059669396830   13.331380028853  228.378920083300
     0.182074970352   15.016048655754   13.334862142780  228.675670337105
     0.183087468688   14.953229887719   13.332802000373  228.610275545167
     0.184099967024   14.901752198070   13.327361216328  228.547157290207
     0.185112465360   14.850625488441   13.328520743980  228.627867933949
     0.186124963696   14.787462261612   13.324954729611  228.482810535161
     0.187137462032   14.738868672155   13.322553525785  228.479788947812
     0.188149960368   14.681689899266   13.323142896815  228.517918034592
     0.189162458704   14.630373809461   13.320369072595  228.553337442736
     0.190174957040   14.584545946473   13.322736693248  228.719388828457
     0.191187455376   14.526368400808   13.315129377667  228.425121401207
     0.192199953712   14.477289031953   13.309435409754  228.339372497884
     0.193212452048   14.433986900085   13.313718113363  228.497164493993
     0.194224950384   14.379629735546   13.312704398504  228.534535191385
     0.195237448720   14.341193732965   13.313703278331  228.804050110183
     0.196249947056   14.294475744921   13.316456751254  228.940293745535
     0.197262445391   14.236230222521   13.309183781896  228.628710537331
     0.198274944726   14.179866547017   13.300999267624  228.324925728806
     0.199287444726   14.123731761668   13.310259980308  228.444005865123
     0.200289819726   14.075937745102   13.308527442121  228.515680255980
     0.201292194726   14.041674940185   13.311442655083  228.845063020045
     0.202294569726   13.992900864040   13.309786728597  228.748842702883
     0.203296944726   13.949424558740   13.304000968486  228.612158116345
     0.204299319726   13.891374127022   13.297489185570  228.339691345464
     0.205301694726   13.856700493158   13.296494159026  228.400722740882
     0.206304069726   13.802675758291   13.293905515704  228.282538669315
     0.207306444726   13.764692658470   13.295640125000  228.415323992189
     0.208308819726   13.724588299011   13.296064937229  228.699403432194
     0.209311194726   13.685875476166   13.296378526694  228.675633287677
     0.210313569726   13.636561215632   13.290143588871  228.439427517249
     0.211315944726   13.588665864948   13.281140192988  228.089024263236
     0.212318319726   13.550402109437   13.282132994315  228.179330502619
     0.213320694726   13.517951175383   13.283549923889  228.494170073810
     0.214323069726   13.490186076867   13.293426167577  228.959519354736
     0.215325444726   13.450893790564   13.290426802257  228.821098076153
     0.216327819726   13.406561529381   13.285883507307  228.605037055737
     0.217330194726   13.364782637758   13.279346839205  228.350263303221
     0.218332569726   13.322389436961   13.277005633038  228.271781839500
     0.219334944726   13.293739683831   13.278628864225  228.641536115574
     0.220337319726   13.264596031314   13.286084596798  228.973551103366
     0.221339694726   13.224568905245   13.281739395492  228.753143303454
     0.222342069726   13.175791454138   13.273567047980  228.430730891015
     0.223345802782   13.139840454592   13.272883285806  228.435683855388
     0.224360801061   13.107875533423   13.287274287895  228.955911045594
     0.225375799340   13.082903623592   13.283569288260  229.106952774160
     0.226390797619   13.040050429783   13.280212792994  228.840077007912
     0.227405795898   12.999893897926   13.273948277282  228.687919011932
     0.228420794177   12.962450329937   13.274605364773  228.705835762477
     0.229437847394   12.925260239981   13.272246290455  228.658539971394
     0.230447585294   12.889018475311   13.281480454895  228.886462711139
     0.231457323194   12.867863853137   13.279216266198  229.283446598421
     0.232467061094   12.836575001613   13.279831534053  229.256423871941
     0.233476798994   12.794312241236   13.274024840173  228.952114039808
     0.234486536894   12.756229288158   13.269105319581  228.766544262725
     0.235496274794   12.718211564826   13.268751943694  228.767745448260
     0.236516768051   12.679276330438   13.264293530247  228.610892651514
     0.237521191541   12.652023017986   13.278625432426  229.188266079506
     0.238525615031   12.631030108334   13.278881414947  229.462302464672
     0.239530038521   12.590865947976   13.271416120600  229.038778524089
     0.240534515396   12.550507770937   13.262653051613  228.710360606232
     0.241553110646   12.527330454501   13.276749708340  229.264070012965
     0.242571705896   12.510376204930   13.279394034188  229.640535011980
     0.243590301146   12.481251818749   13.278155895207  229.603244866981
     0.244608896396   12.442594935034   13.272918151976  229.358595349376
     0.245612579516   12.404110447520   13.266628220450  229.065931832022
     0.246618612509   12.371858157903   13.270194974678  229.192952406760
     0.247645130501   12.344268842696   13.245300815586  229.287221634044
     0.248655183366   12.347134276000   13.278480552429  229.859373880590
     0.249663393604   12.309166778663   13.276496595962  229.654790434887
     0.250670683614   12.268453001226   13.268186479171  229.429532125717
     0.251679280084   12.230296867062   13.266278591594  229.248270162816
     0.252704086184   12.211086753327   13.261493116415  229.760373667932
     0.253712468437   12.193835582472   13.288497385718  230.400029261703
     0.254722937288   12.154772012929   13.283185672853  230.067942815643
     0.255733197745   12.126123894582   13.264678291002  229.498045911278
     0.256743458203   12.083711839788   13.261658780363  229.360683006352
     0.257745299824   12.052546899424   13.256183322553  229.131360728099
     0.258755276577   12.023495558874   13.257589378460  229.141958265513
     0.259773001626   12.007933883163   13.287076565675  230.134953870617
     0.260776227394   11.984177905431   13.248192396762  229.593067362091
     0.261779453161   11.962107413314   13.265383510639  230.017949768846
     0.262787567103   11.931774891136   13.266796318920  229.947379484091
     0.263792220228   11.893230721139   13.273430605348  229.707470509634
     0.264800270991   11.864706445651   13.249192296845  229.036865183879
     0.265811720100   11.828974416548   13.253239438714  229.635857693547
     0.266816752152   11.850391335868   13.279843659872  230.315327570779
     0.267818411388   11.808936461596   13.267115531945  230.167496426244
     0.268832581361   11.770832310679   13.263732599759  229.843511562222
     0.269851510253   11.745561486245   13.256349874394  229.469998108427
     0.270866015021   11.705187463163   13.257462817088  229.390956847239
     0.271869841183   11.711229738038   13.273687194114  230.418167889832
     0.272873667345   11.692751976015   13.267614986803  230.497779466248
     0.273877493507   11.661468284937   13.266773044532  230.436155062913
     0.274878157502   11.630763338501   13.264122126281  230.297407321555
     0.275887408978   11.607041114192   13.264190337810  230.122104648293
     0.276898400322   11.566687707780   13.255516143121  229.841622287208
     0.277903630390   11.548900013340   13.252107744720  229.499366405278
     0.278908053880   11.517172393077   13.257890164595  229.748966693196
     0.279912477370   11.517856378145   13.239534714435  230.096067367355
     0.280920488087   11.490140220516   13.244752410865  230.153485589199
     0.281920997313   11.473496431286   13.238719168644  230.138224160722
     0.282940989345   11.419585345576   13.242723785769  229.807673802412
     0.283957862988   11.419003122747   13.255198595380  230.238119109202
     0.284974096350   11.384014355548   13.260406279642  229.799349999007
     0.285384055194   11.366722250450   13.246463056882  229.454044303094
     0.286385983414   11.362324452949   13.252298591912  229.814903401045
     0.287396307583   11.300060857782   13.257399870352  229.032468638538
     0.288406631753   11.268679909281   13.218182515004  227.773529845032
     0.289416955922   11.236465499544   13.211569594484  227.522810294168
     0.290427280091   11.236731253092   13.228416120692  228.569387245956
     0.291437604261   11.216545108950   13.226210076290  228.514251331326
     0.292447928430   11.193376707237   13.222580097992  228.306764712940
     0.293458252599   11.178239148180   13.223675254099  228.377021942386
     0.294468576769   11.159446744988   13.228827091156  228.621034915102
     0.295478900938   11.133980946217   13.225688107112  228.565222542434
     0.296489225108   11.110632690998   13.221928876799  228.386264862541
     0.297499549277   11.080338106591   13.212069199491  227.929131014512
     0.298511653296   11.070423909568   13.217287144955  228.156555888275
     0.299526557983   11.042585936150   13.215391196009  228.079197832318
     0.300541462671   11.051888288283   13.241043112669  229.561553200845
     0.301556367358   11.041593419277   13.247038540131  229.921805754510
     0.302571272046   11.024093719892   13.247154142512  229.957033561922
     0.303586176733   11.000713943357   13.247404559683  229.910420809900
     0.304601081421   10.977526263968   13.243308371344  229.830163046103
     0.305615986108   10.957935349596   13.241378467093  229.730128027240
     0.306630890796   10.932138112285   13.233456217100  229.285815827911
     0.307645795483   10.918850925289   13.232598150391  229.303914604904
     0.308660700171   10.902356762062   13.236742194015  229.497896050355
     0.309675604858   10.879363211010   13.233919353225  229.416673260131
     0.310690509546   10.860476814378   13.233403277221  229.394094766935
     0.311705414233   10.837000860408   13.226231561206  229.038975397817
     0.312720318921   10.819001120583   13.224350546793  228.948456741870
     0.313735223608   10.800268361832   13.222573021319  228.837514914799
     0.314750128296   10.780565788477   13.220872142299  228.754275767429
     0.315765032983   10.768952266562   13.223643076095  228.901055403217
     0.316779937671   10.753000752969   13.225025838093  228.878192148209
     0.317794842358   10.737361193079   13.224339014110  228.892484951276
     0.318809747046   10.711276377480   13.221445505936  228.748949561758
     0.319824651733   10.696257227236   13.221434312195  228.826878495305
     0.320839556421   10.703146881422   13.237457024832  230.047779867214
     0.321854461108   10.690238421285   13.243690649924  230.274614639603
     0.322869365796   10.673658582874   13.240480478449  230.138787618477
     0.323884270483   10.654148975217   13.239884141398  230.118110011795
     0.324899175171   10.632665297384   13.233501687983  229.787096952227
     0.325914079858   10.619597519934   13.232424426622  229.779242277493
     0.326928984546   10.600861960745   13.232243296308  229.704397171638
     0.327943889233   10.585401949970   13.230523560239  229.718901287529
     0.328958793921   10.568539282946   13.232066624302  229.664047183408
     0.329973698608   10.553169086101   13.227048889236  229.471036407205
     0.330988603296   10.534715961943   13.230690649188  229.577304700987
     0.332003507983   10.511855893117   13.229234800617  229.438580379064
     0.333018412671   10.504162272492   13.228301661025  229.529709759756
     0.334033317358   10.478413233785   13.227315999843  229.391129836239
     0.335048222046   10.480457382839   13.239575971333  230.192470579301
     0.336063126733   10.446187274059   13.225932869848  229.448633959800
     0.337078031421   10.455932929454   13.242945204869  230.808532669247
     0.338092936108   10.448061612011   13.254548322901  231.255397111369
     0.339107840796   10.426119593451   13.248888362792  231.073549109842
     0.340122745483   10.403824221517   13.242794084457  230.810658852269
     0.341137650171   10.385706549993   13.235881064591  230.435524934972
     0.342152554858   10.372876746989   13.233800238982  230.312313084259
     0.343167459546   10.360404016951   13.235819865698  230.440781215673
     0.344182364233   10.342245836126   13.237344278032  230.563720394993
     0.345197268921   10.322071128351   13.232894474880  230.289930885025
     0.346212173608   10.301463862383   13.225829424911  229.817741326423
     0.347227078296   10.280561599671   13.222979186744  229.623722048981
     0.348241982983   10.301873026039   13.248235016564  231.401146189829
     0.349256887671   10.296000570519   13.256902216087  231.815578938385
     0.350271792358   10.280579775189   13.257485080289  231.902335394536
     0.351286697046   10.259815840819   13.254601518238  231.588759981443
     0.352301601733   10.247806170204   13.255409727848  231.808343000668
     0.353316506421   10.232985521531   13.254589752943  231.749612928175
     0.354331411108   10.222201465704   13.254891830184  231.816947829078
     0.355346315796   10.201845716200   13.251997109585  231.658047854715
     0.356361220483   10.190804020373   13.254550492698  231.804827457985
     0.357376125171   10.172287829397   13.250364908311  231.627313170415
     0.358391029858   10.160651847933   13.252332908556  231.685489464635
     0.359405934546   10.140333987971   13.241567525463  231.089196569777
     0.360420839233   10.127068023965   13.242760532885  231.149701078215
     0.361435743921   10.110424372594   13.238678527783  231.004184528071
     0.362450648609   10.096537916688   13.239285848566  230.965175665061
     0.363465553296   10.076413483565   13.228252594393  230.328229968369
     0.364480457984   10.068810730040   13.231298803637  230.487550639527
     0.365495362671   10.051593705635   13.229628135169  230.462480536781
     0.366510267359   10.034282263151   13.229660178656  230.426990419653
     0.367525172046   10.021610513128   13.231097338131  230.392239475995
     0.368540076734   10.015464298016   13.232836238750  230.544617721014
     0.369554981421    9.995543519957   13.230765275085  230.652865126282
     0.370569886109   10.009608336437   13.254040572647  232.132209605128
     0.371584790796    9.997617106595   13.253355991544  232.134612764758
     0.372599695484    9.988987849843   13.259706073207  232.445576260187
     0.373614600171    9.975228135725   13.259446110211  232.464124115325
     0.374629504859    9.958220284289   13.254635179392  232.132784795083
     0.375644407901    9.943473325213   13.250992853612  231.985674199237
     0.376659132721    9.928909662670   13.253524629031  232.124945626288
     0.377673555957    9.908287814856   13.245675858892  231.794489594090
     0.378687680624    9.895469226663   13.242622167869  231.567292923064
     0.379701502686    9.882821373170   13.237861797745  231.387189907800
     0.380715028432    9.867168922701   13.236520794597  231.290693358336
     0.381728253012    9.855857565963   13.237588453223  231.223647298625
     0.382741182498    9.841066140022   13.231793149392  231.029473456972
     0.383753817545    9.827802387622   13.235478944766  231.196551712830
     0.384766154875    9.813641707564   13.231601799172  231.035411204772
     0.385778199612    9.796775910044   13.230544269825  230.915265777274
     0.386789956249    9.780829054365   13.227408100223  230.763702074715
     0.387801418539    9.768473942033   13.230751102848  230.853036019732
     0.388812589296    9.785392438115   13.253429228678  232.571893276459
     0.389823467756    9.781431783958   13.262620040442  233.025458485656
     0.390834054369    9.767234650832   13.261078319657  232.936470347228
     0.391844351634    9.754752723910   13.259937505379  232.850243365058
     0.392854364991    9.742328835262   13.258266407222  232.863234483867
     0.393864089050    9.735459352829   13.261879816849  233.007056847214
     0.394873524490    9.719186539072   13.258532287569  232.802992544644
     0.395882680497    9.708501402185   13.259342666767  232.822080456694
     0.396891544231    9.689463113177   13.251437974982  232.443131308794
     0.397588415517    9.683679117240   13.253569315923  232.532066228564
     0.398596800771    9.666848857425   13.248181893488  232.197195693559
     0.399604905948    9.654422234916   13.247176205908  232.256353769560
     0.400612729916    9.640135857973   13.245315768902  232.094221460067
     0.401620270161    9.627154276633   13.238518728291  231.793555917217
     0.402627531028    9.613978034756   13.234680885258  231.586655271799
     0.403634518229    9.602135676348   13.236652337448  231.683162637168
     0.404640309455    9.586327435711   13.233557743892  231.377734282596
     0.405649216979    9.598116267019   13.277231061494  233.107627199821
     0.406658124502    9.608911013958   13.291659122872  234.230231809873
     0.407667032026    9.592812898679   13.297207206395  234.141426061574
     0.408668722876    9.539840257475   13.251283641888  231.743671833667
     0.409677856088    9.527681007859   13.254334386348  231.770043066400
     0.410687057988    9.542766862947   13.252386687679  233.096671970526
     0.411696259888    9.537147509503   13.260012129780  233.004698229498
     0.412705461788    9.524501341098   13.256035115069  232.781359394656
     0.413714663688    9.518611122972   13.266117074289  233.472757236189
     0.414723865588    9.503298732582   13.265152374652  233.312276462023
     0.415733067488    9.494580225720   13.261860043976  233.136478574100
     0.416742269388    9.473597062267   13.250455078468  232.344772151488
     0.417751471288    9.461828136694   13.245920538123  232.245170911098
     0.418760673188    9.445259855472   13.243957698023  232.053779323385
     0.419769875088    9.437696821054   13.245493774821  232.372824836484
     0.420779076988    9.420748656584   13.242688196356  232.036840371521
     0.421788278888    9.415621885541   13.240401507078  232.056883492410
     0.422797480788    9.402160408268   13.242266133474  232.001666975823
     0.423806682688    9.392194836181   13.247876292359  232.279435451484
     0.424815884588    9.419359858401   13.275160252029  234.281510028254
     0.425825086488    9.404819963656   13.275419856001  234.220510067678
     0.426834288388    9.404307697976   13.289116208193  234.993599562796
     0.427843490288    9.390431134804   13.281833753744  234.722864308850
     0.428852692188    9.374422473836   13.277379205134  234.359373546957
     0.429861894088    9.369321958787   13.280195593729  234.614811413992
     0.430871095988    9.349577990959   13.269745387224  233.993539193684
     0.431880297888    9.350703589843   13.283419070330  234.745218440520
     0.432889499788    9.327892202180   13.266783849848  233.776062856927
     0.433898701688    9.319306579968   13.267785286890  233.706485791171
     0.434907903588    9.300487314531   13.255005180659  232.996146823688
     0.435917105488    9.293823254955   13.260668259491  233.356153254854
     0.436926307388    9.276874982591   13.253349667897  232.910397796818
     0.437935509288    9.264386865337   13.250925526097  232.775052037991
     0.438940208628    9.253288886977   13.250348818631  232.619074502857
     0.439944007456    9.264458035295   13.302637879490  234.517351119142
     0.440947806284    9.265901207796   13.312802768287  235.551997831485
     0.441951605113    9.253301556598   13.309972727546  235.524545005813
     0.442955403941    9.243058822352   13.309747278349  235.475494728855
     0.443959202769    9.234197829992   13.308760045711  235.482256359628
     0.444963001597    9.224927706285   13.309906789929  235.562941453671
     0.445966800425    9.213295642044   13.307405923353  235.401361595245
     0.446970599253    9.201693878847   13.305268031401  235.361050765545
     0.447974398081    9.190534602828   13.304458993725  235.329374901082
     0.448978196909    9.178768341181   13.299468420760  235.095597592451
     0.449981995738    9.168469963744   13.295326789765  234.842993544816
     0.450985794566    9.157294610578   13.293363271656  234.741042674811
     0.451989593394    9.146712044675   13.291778723308  234.660327432440
     0.452993392222    9.137386998383   13.291387579856  234.663094320295
     0.453997191050    9.125002604035   13.287960675632  234.449958643962
     0.455000989878    9.105131155443   13.275514407268  233.621981469059
     0.456004788706    9.089310843237   13.267118413040  233.012151631335
     0.457009847622    9.082905781106   13.267738300520  232.972250643370
     0.458016679204    9.081477897397   13.277963049668  233.856275075274
     0.459023510786    9.104841972209   13.311788570966  235.831052030543
     0.460030342368    9.097558715616   13.310914968204  235.813199701507
     0.461037173950    9.090797919978   13.318288488398  236.210522156496
     0.462044005532    9.073693136880   13.308417727598  235.716234988338
     0.463050837115    9.066850543212   13.309468499878  235.743351992689
     0.464057668697    9.057231698050   13.312574001744  235.950016703831
     0.465064500279    9.053312903177   13.319336808398  236.268694509825
     0.466071331861    9.038248351166   13.310139714389  235.803977716193
     0.467078163443    9.028693812688   13.307462885563  235.690465971213
     0.468084995025    9.020555209442   13.306162736337  235.624515087398
     0.469091826607    9.010195292031   13.303674978187  235.506885983020
     0.470098658189    9.000308634926   13.301719719683  235.325585948801
     0.471105489771    8.992273842483   13.294934991338  234.871451355086
     0.472112321353    8.976960945609   13.293785104681  234.779180361419
     0.473119152935    8.967261624383   13.290965723128  234.662161544883
     0.474125984517    8.953032237082   13.285506791632  234.330748827040
     0.475132816099    8.939806703259   13.280565239103  233.928265816374
     0.475921673833    8.934888284893   13.276685873453  233.806012732373
     0.476901438727    8.920414126261   13.276234669176  233.599648208549
     0.477910346251    8.913886960190   13.275881851886  233.569264081996
     0.478919253774    8.937961048303   13.299241141741  235.737148665208
     0.479928161298    8.944701180264   13.323190072119  236.794267543211
     0.480937068821    8.939823788102   13.330169042033  237.135572663502
     0.481945816078    8.894487545943   13.283759969711  234.393330916944
     0.482954723602    8.865238574611   13.273698246620  233.586338058713
     0.483963631125    8.901044916266   13.317588660117  236.410928217158
     0.484972475211    8.887366868280   13.313483010625  236.285340774382
     0.485981093125    8.884853552392   13.323368927963  236.768611869550
     0.486989475418    8.873185829868   13.316086577630  236.432010750555
     0.487997627606    8.867223384975   13.318804788134  236.543247419787
     0.489005536261    8.845917598352   13.304830429364  235.773737001738
     0.490013220030    8.844428622024   13.309633527014  236.089537211466
     0.491020669092    8.835164577614   13.315996691241  236.484257143639
     0.492027880050    8.824942678479   13.312995042956  236.254638780074
     0.493034862014    8.809693074657   13.297159854416  235.338350150158
     0.494041616292    8.798039011966   13.292434469824  235.169481913727
     0.495048132273    8.784998498490   13.292151540579  234.928391591314
     0.496054423884    8.782202706534   13.286640605114  234.673261656561
     0.497060486104    8.769593878040   13.290192974102  234.913419198928
     0.498066314360    8.758510932241   13.289839667430  234.803828249288
     0.499071915674    8.745709816525   13.281826598921  234.086549641695
     0.500016974437    8.739111597102   13.279454304550  234.136459272551
