# {0} signal over time, extracted at r = 500 km
# All quantities are measured in a resting observer's frame at infinity
# cols=4 rows=1003
#              time        luminosity               <e>             <e^2>
#               "s"           "foe/s"           "MeV^1"           "MeV^2"
  -4.5426673778e-04  1.1381994762e-06    7.624305831561   70.120421588742
  -4.2936524851e-04  1.0925803607e-06    4.496000722812   29.250878589101
  -4.1247225377e-04  1.0790088413e-06    4.081662724206   23.837340569575
  -3.9838728860e-04  1.0788150833e-06    3.898406830740   21.442460042408
  -3.8602846617e-04  1.0871923278e-06    3.791968222679   20.050951719710
  -3.7913426236e-04  1.0953986620e-06    3.746050710020   19.450409808937
  -3.6822985812e-04  1.1136239881e-06    3.686946520057   18.677009246099
  -3.5715719059e-04  1.1387882429e-06    3.639338126636   18.053501279152
  -3.4696383741e-04  1.1679513180e-06    3.603552619303   17.584305342091
  -3.3631602090e-04  1.2046176164e-06    3.572370641854   17.174874610899
  -3.2517125334e-04  1.2498362538e-06    3.544978055354   16.814493932686
  -3.1508614885e-04  1.2968179689e-06    3.523842674485   16.535757327217
  -3.0478615070e-04  1.3507721388e-06    3.505147010584   16.288481371506
  -2.9455546102e-04  1.4103511180e-06    3.488961738003   16.073647074065
  -2.8693514866e-04  1.4586108617e-06    3.478213944910   15.930461598674
  -2.8031745025e-04  1.5032096497e-06    3.469670543339   15.816261704104
  -2.7309759790e-04  1.5547234628e-06    3.461098258741   15.701256661622
  -2.6399995653e-04  1.6238821502e-06    3.451288005141   15.569005238227
  -2.5478780281e-04  1.6987315392e-06    3.442351430262   15.447786590840
  -2.4574516412e-04  1.7769174177e-06    3.434440753208   15.339730485994
  -2.3727361929e-04  1.8543983999e-06    3.427719132870   15.247218375541
  -2.2929827740e-04  1.9310809841e-06    3.421939603614   15.167037870018
  -2.2098365851e-04  2.0148855841e-06    3.416427501080   15.089896506454
  -2.1197923951e-04  2.1100860222e-06    3.410994932060   15.013079745831
  -2.0347839012e-04  2.2042012425e-06    3.406332175944   14.946378315131
  -1.9386244008e-04  2.3156288736e-06    3.401553604192   14.877100373749
  -1.8536674821e-04  2.4184643105e-06    3.397731651619   14.820859368526
  -1.7697548557e-04  2.5240873211e-06    3.394294232890   14.769490970640
  -1.6816678144e-04  2.6393091660e-06    3.391018419750   14.719678417597
  -1.5883381889e-04  2.7662593562e-06    3.387890134343   14.671126750520
  -1.4863711034e-04  2.9107114360e-06    3.384842465270   14.622640469028
  -1.3805827787e-04  3.0669565380e-06    3.382054954575   14.576941482952
  -1.2739551021e-04  3.2310559083e-06    3.379598636356   14.535219823721
  -1.1968260280e-04  3.3539204479e-06    3.378026042122   14.507547047822
  -1.0969891699e-04  3.5181971910e-06    3.376226709925   14.474625304390
  -1.0023006214e-04  3.6795034426e-06    3.374749509571   14.446215417735
  -9.5793151102e-05  3.7569403853e-06    3.374129459561   14.433788958972
  -8.8304986181e-05  3.8903440370e-06    3.373182268745   14.414034966959
  -8.0418504627e-05  4.0345472659e-06    3.372312904613   14.394804916421
  -7.2821784957e-05  4.1770743961e-06    3.371593116338   14.377727171180
  -6.5513393087e-05  4.3175758136e-06    3.371003873085   14.362567097378
  -5.8956045371e-05  4.4464848556e-06    3.370557128274   14.349973505941
  -5.2715654240e-05  4.5716836494e-06    3.370200784015   14.338835854929
  -4.6738290391e-05  4.6939275506e-06    3.369919820930   14.328911234260
  -4.1151290564e-05  4.8102569210e-06    3.369708596051   14.320268060137
  -3.5764988790e-05  4.9243129954e-06    3.369550326616   14.312494592557
  -3.0461352918e-05  5.0384586218e-06    3.369436580477   14.305359359055
  -2.5362949789e-05  5.1499190843e-06    3.369365385050   14.298970562393
  -2.0779132123e-05  5.2515873057e-06    3.369332372789   14.293608756720
  -1.6076903913e-05  5.3573250538e-06    3.369328203079   14.288474418284
  -1.1460161704e-05  5.4625700808e-06    3.369352619760   14.283784724264
  -6.8701390365e-06  5.5686179460e-06    3.369404212506   14.279458624941
  -2.7270044627e-06  5.6655558108e-06    3.369473623772   14.275834940659
   1.3879687538e-06  5.7629818884e-06    3.369563563981   14.272494252395
   5.5955491956e-06  5.8637885854e-06    3.369676734161   14.269339077361
   9.5483692891e-06  5.9595908650e-06    3.369802201187   14.266610187593
   1.3636856927e-05  6.0598074300e-06    3.369951139267   14.264022814444
   1.7540385878e-05  6.1565634488e-06    3.370111196958   14.261771429785
   1.9067817199e-05  6.1947100333e-06    3.370178510614   14.260947847506
   2.5963069958e-05  6.4301916358e-06    3.370912880852   14.260391223566
   4.0615552067e-05  6.8195559822e-06    3.371752607873   14.255148205837
   5.7519893979e-05  7.2876247305e-06    3.372961537254   14.251981901759
   7.4417843915e-05  7.7758907004e-06    3.374444175350   14.252291323760
   9.0830239182e-05  8.2700948404e-06    3.376141548271   14.255689010083
   1.0667621267e-04  8.7661355126e-06    3.378019615723   14.261756976227
   1.2234383091e-04  9.2751499604e-06    3.380108044282   14.270401504590
   1.3798858558e-04  9.8021269371e-06    3.382423424957   14.281617586210
   1.5549525200e-04  1.0414354192e-05    3.385287416746   14.297190498978
   1.7161048723e-04  1.0999279770e-05    3.388178710175   14.314311691516
   1.8868135591e-04  1.1641608642e-05    3.391508677018   14.335335557703
   2.0458032469e-04  1.2261185943e-05    3.394857250145   14.357564451080
   2.2142696599e-04  1.2940535360e-05    3.398665900956   14.383888882547
   2.3926607888e-04  1.3685949680e-05    3.402990887233   14.414853158830
   2.5613774343e-04  1.4415985597e-05    3.407356884490   14.447043437883
   2.7394599948e-04  1.5213419543e-05    3.412255269467   14.484071456682
   2.9266612702e-04  1.6081935908e-05    3.417724194312   14.526356629516
   3.1247389997e-04  1.7035246697e-05    3.423865502237   14.574830001599
   3.3187386583e-04  1.8003700454e-05    3.430230659573   14.626000056364
   3.5186806488e-04  1.9038388698e-05    3.437149790906   14.682538385791
   3.7294838238e-04  2.0170047014e-05    3.444833877748   14.746290006889
   3.9527479429e-04  2.1414785492e-05    3.453398886305   14.818388714953
   4.1910550733e-04  2.2796370318e-05    3.463009538390   14.900439550612
   4.4449076488e-04  2.4328901825e-05    3.473744142562   14.993403761187
   4.7170140220e-04  2.6042888392e-05    3.485717836983   15.098783220914
   5.0094467106e-04  2.7974471344e-05    3.498760194248   15.216365974204
   5.2787805449e-04  2.9862689344e-05    3.509614050198   15.320674731238
   5.5815721844e-04  3.2233819896e-05    3.517016380471   15.410074356531
   5.9062812803e-04  3.5646584333e-05    3.501176830796   15.338925381945
   6.2593819836e-04  4.2315220745e-05    3.423012756151   14.773207206739
   6.6428498002e-04  5.6005961898e-05    3.299806603755   13.704019632313
   7.0530340356e-04  8.0579252531e-05    3.230699401236   12.921687052501
   7.4934979656e-04  1.1981958219e-04    3.248314027851   12.880222207323
   7.9140142666e-04  1.7236860252e-04    3.270782258139   12.957210797400
   8.3613956984e-04  2.5030559300e-04    3.286995986038   13.034044035733
   8.8476113786e-04  3.7161407266e-04    3.313982815930   13.231799742957
   9.3677578544e-04  5.5812061092e-04    3.345933327958   13.462129541288
   9.9644158321e-04  8.7625015731e-04    3.392932442016   13.836846779834
   1.0554220015e-03  1.3468351887e-03    3.449914268077   14.308514034984
   1.1304676353e-03  2.2956065303e-03    3.522794423053   14.918255742911
   1.2118446059e-03  4.0164352138e-03    3.606142736576   15.614523185601
   1.3017968351e-03  7.2882489810e-03    3.698387906923   16.413691243137
   1.3892510579e-03    0.012664316203    3.781326961026   17.127921401855
   1.4888528846e-03    0.023065517702    3.885888597421   18.053271226817
   1.5987534852e-03    0.043116160740    4.006338949367   19.139054733270
   1.7351507022e-03    0.087075335214    4.173126395699   20.710184814365
   1.8665193282e-03    0.154960454175    4.369356205240   22.684087701924
   2.0080404552e-03    0.259498163319    4.625664307474   25.455498684847
   2.1682013250e-03    0.421913939612    4.974770188100   29.528916247890
   2.3219073487e-03    0.628554849193    5.368470136740   34.503335474713
   2.4794788066e-03    0.905534251379    5.826805862486   40.765087863157
   2.6695939014e-03    1.348279047025    6.431189570085   49.747370148540
   2.8536410706e-03    1.895943230341    7.017945299175   59.212665247405
   3.0376882399e-03    2.541446774679    7.564339353472   68.685328140950
   3.2217354091e-03    3.248625703135    8.055705156849   77.768450549761
   3.4057825784e-03    3.978287672540    8.492240383006   86.310734935189
   3.5898297477e-03    4.699736765652    8.880158195324   94.322285013713
   3.7738769169e-03    5.391923131234    9.224504640686  101.802228078669
   3.9835351734e-03    6.127889583206    9.570761699984  109.716118591852
   4.1829031230e-03    6.769433625068    9.861361950035  116.692818209685
   4.4212535042e-03    7.457932104905   10.167663481366  124.411084292198
   4.6652329617e-03    8.055258035114   10.441018641881  131.671165460997
   4.9057179151e-03    8.520654990471   10.670991701537  138.124049929747
   5.1561248443e-03    8.899620144039   10.867079800658  143.938988187788
   5.4088404280e-03    9.220281544816   11.025664242070  148.878523204764
   5.6621755755e-03    9.504210495214   11.154830907356  153.060607250790
   5.9136532570e-03    9.751020086146   11.257825969599  156.521526465120
   6.1651133979e-03    9.964450100947   11.336929495140  159.293495944827
   6.4170253871e-03   10.152435862290   11.399497002759  161.544829120561
   6.6677712819e-03   10.336812987795   11.451524418303  163.416964623142
   6.9190751509e-03   10.537131662582   11.497937914881  165.045321068463
   7.1709192813e-03   10.756891972812   11.538693985585  166.438518177804
   7.4231869106e-03   11.018117474628   11.575914477622  167.645193612726
   7.6763154989e-03   11.311321697801   11.616776272195  168.887624872927
   7.9292010622e-03   11.639118083839   11.659795956724  170.145196867994
   8.1821535492e-03   11.992219803097   11.710879156377  171.603750862348
   8.4357886445e-03   12.367154192348   11.769585497298  173.283821343155
   8.6884083354e-03   12.751090815774   11.832540865217  175.102904529699
   8.9410280263e-03   13.159319131267   11.894974442129  176.903336727116
   9.1936477172e-03   13.582147108656   11.959332076204  178.766960408519
   9.4462674081e-03   14.028433489427   12.022785013561  180.600602359233
   9.6988870990e-03   14.497449250926   12.088907168909  182.530663450224
   9.9541058267e-03   14.986353836230   12.155745998855  184.480055728269
     0.010209555026   15.498605382064   12.217967255532  186.281949334799
     0.010465004225   16.008035787220   12.283204025194  188.198816599079
     0.010720453425   16.525657280510   12.347971960006  190.104213496520
     0.010975902624   17.062755841351   12.404242787222  191.741735898681
     0.011231351823   17.586757805656   12.461118429089  193.423117482755
     0.011486801023   18.103482718680   12.519948102567  195.189222245767
     0.011742250222   18.634558740940   12.571102609932  196.716635389758
     0.011997699421   19.170919986532   12.618149909572  198.102005703488
     0.012253148621   19.700952482770   12.671249258673  199.677271779396
     0.012508597820   20.226282046824   12.721166793595  201.157813513042
     0.012764047020   20.739154282395   12.759800094907  202.290171161338
     0.013019496219   21.249157467997   12.800196787276  203.487866120738
     0.013274945418   21.751088014179   12.848666397240  204.964566984438
     0.013530394618   22.229796787540   12.889498305579  206.209646406581
     0.013785843817   22.670492987024   12.915024618724  206.954348110967
     0.014045436375   23.127479619287   12.942077717931  207.724789236688
     0.014305089050   23.595536671565   12.980736619547  208.887493377553
     0.014564741725   24.021006832206   13.013569624816  209.903480103904
     0.014824394400   24.403323353319   13.032164223566  210.456380551119
     0.015084047075   24.784117428744   13.048566815736  210.915241990236
     0.015343699750   25.181420474737   13.075606861240  211.754591395184
     0.015603352425   25.553213311427   13.104700595748  212.731292422427
     0.015863005100   25.879162872705   13.122868133321  213.344784693408
     0.016122657775   26.188019727053   13.133822240977  213.656843214366
     0.016382310450   26.516306849070   13.146321854195  213.963384192248
     0.016641963125   26.863024791331   13.164271607432  214.464018315303
     0.016901615800   27.167939665208   13.182491910367  215.049442994350
     0.017161268475   27.440099843748   13.196437641920  215.522240023501
     0.017420921150   27.724124753310   13.207325150275  215.855010073090
     0.017680573825   28.029586587850   13.217742517403  216.127209167088
     0.017940226500   28.343410981871   13.226155917014  216.320132897546
     0.018199879175   28.652446092437   13.236011832725  216.595827295344
     0.018459531850   28.952206534321   13.254330563763  217.212687607845
     0.018719184525   29.235104904834   13.274918907715  217.934318761124
     0.018978837200   29.525518019093   13.292880424487  218.538949431189
     0.019238489875   29.824002823182   13.307041396123  218.966758191481
     0.019498142550   30.094385800911   13.312587358821  219.091589129519
     0.019748644382   30.324624124236   13.314115621744  219.095043633222
     0.020001431879   30.561892271230   13.324693450485  219.438151907363
     0.020253843333   30.797989046275   13.344435528909  220.144567673064
     0.020514059443   31.041813903100   13.364761589825  220.873857892793
     0.020768895977   31.276669743705   13.377357383224  221.303432316506
     0.021026707183   31.472958437828   13.380685412399  221.414658340802
     0.021284903872   31.621074266582   13.377345576461  221.283453031557
     0.021543100561   31.767957705607   13.375506980609  221.195202110411
     0.021801441629   31.958325206086   13.386745319139  221.587395388326
     0.022062858079   32.165081546674   13.408815002255  222.370857890292
     0.022325034939   32.359841233579   13.424407695955  222.907368507900
     0.022575639985   32.509746928359   13.425932403585  222.958980220099
     0.022830459443   32.634479489087   13.422575154351  222.852708129310
     0.023085278900   32.743519023788   13.419145138914  222.745790500594
     0.023340098357   32.853118730867   13.416716268818  222.690812488206
     0.023596153086   33.007920762209   13.424271576370  222.973678582173
     0.023850048110   33.205682131161   13.438141427650  223.390404355414
     0.024101422984   33.382991806170   13.445076744405  223.571520824106
     0.024359985789   33.540190518316   13.449486598627  223.778129923929
     0.024612510198   33.673342280030   13.450799164295  223.900811906909
     0.024870579555   33.807117241550   13.449545865553  223.910857918965
     0.025009654732   33.884308795458   13.448922708608  223.919348186725
     0.026018858388   34.589251368412   13.459027333456  224.336955713651
     0.027028210392   35.139360009833   13.447462070203  224.177247852848
     0.028047031589   35.694209512454   13.482281111032  225.537587521223
     0.029058652314   35.887427393390   13.450649815399  224.658404586527
     0.030070273039   36.317083294874   13.492793441694  226.287896504190
     0.031081893764   36.430467607587   13.479350511260  225.952436908704
     0.032093514489   36.815801819242   13.496851081411  226.561578678855
     0.033105135214   37.109856226050   13.495144964136  226.404113675538
     0.034116755939   37.383296236425   13.519883176727  227.422977562922
     0.035128376664   37.752711033469   13.560972473324  229.007208690482
     0.036139997388   37.965654328718   13.552383342411  228.621990874032
     0.036814411205   38.152287907108   13.563115248644  229.038599539795
     0.037814771448   38.373912631382   13.581761079933  229.777077245842
     0.038828383877   38.553676524996   13.574260258706  229.579916423211
     0.039841995539   38.835985274344   13.590305200143  230.252134836632
     0.040855607200   38.981130109053   13.608312680903  230.894694344653
     0.041869218862   39.219774734289   13.618958563105  231.282041839705
     0.042882830524   39.564551677969   13.656888843215  232.741160112789
     0.043896442186   39.718055900023   13.662476345120  233.034831676714
     0.044910053848   40.080635339389   13.698939932365  234.487556457780
     0.045923665510   40.476390900344   13.733857150631  235.723664095077
     0.046937277171   40.576670349235   13.738718786031  235.848916781829
     0.047956923885   40.422499276801   13.730706181136  235.722112809399
     0.048991923885   40.425164645616   13.726928048845  236.135818605631
     0.050026923885   40.697022182019   13.770077111546  237.388166561310
     0.051061923885   41.080378230309   13.795019176626  238.312321708788
     0.052074423885   41.268424442283   13.812386786102  238.728300187529
     0.053086970680   41.367362614608   13.809248384521  238.557248760319
     0.054108517474   41.517005138318   13.816858119809  239.112890816129
     0.055128517474   41.635102005838   13.840018491748  240.413008417875
     0.056148517474   41.512957812073   13.859727167464  240.995676047312
     0.057156595474   41.439188724662   13.871431696601  241.285372583013
     0.058206355474   41.416882537855   13.876375694713  240.954539808646
     0.059256115474   41.613049304876   13.894385525440  241.838911367950
     0.060269863905   41.768088646898   13.926367885198  242.882423098559
     0.061276063905   41.953919771717   13.932948494619  243.395121984740
     0.062284063905   42.088118733085   13.961670987583  244.339209506827
     0.063304063905   42.111515944363   13.982559804857  245.060008077201
     0.064330306905   42.315035533527   14.013453830720  246.117366579230
     0.065340428387   42.414178622427   14.039183734129  246.551871984369
     0.066352265549   42.371576159081   14.005275356588  245.920475140913
     0.067421941696   42.391353736466   14.033560999442  246.979255587351
     0.068437447275   42.376796134300   14.054006977772  247.757600996812
     0.069478490101   42.314500853160   14.093143761607  248.254543677069
     0.070496213923   42.180924544131   14.048246781996  247.344404453196
     0.071545066497   42.205413839368   14.054074250587  247.938432910202
     0.072598594304   42.335379091525   14.099111421236  249.576052124788
     0.073647653025   42.474463484760   14.144045052444  251.255727572586
     0.074710213591   42.389340141537   14.159505617450  251.335404448105
     0.075720446206   42.282476589780   14.129624745894  251.124797602062
     0.076739114249   42.212876267017   14.165858407424  252.214066680469
     0.077801111746   42.073273248046   14.172750999493  252.463608312131
     0.078825051135   41.935056873021   14.166176706946  252.479887117531
     0.079876994590   41.904663312908   14.168956768034  252.789548662698
     0.080896671968   41.943877102083   14.217872317768  254.204292382597
     0.081907638569   41.986462527495   14.235644091646  254.794521899186
     0.082964369678   42.001798217164   14.274177234989  255.711183904196
     0.083973833397   42.041121039243   14.245703041941  256.135103937192
     0.085029833397   42.134532216952   14.285030279148  257.544787622663
     0.086073881397   42.219550325298   14.321204690646  258.879355329150
     0.087095068645   42.276444924906   14.345486225219  259.904983552998
     0.088096130051   42.244459510275   14.404286072397  261.333174379326
     0.089122109744   42.114196732317   14.358169218823  260.645292819758
     0.089965825568   42.028946658339   14.390181731542  261.534758399140
     0.090980875568   41.895690733610   14.389010028206  261.767920648860
     0.092000010473   41.909363453862   14.432750728737  262.781129786875
     0.093005688271   41.885271186892   14.447792044616  263.655401208823
     0.094042899270   42.044031556130   14.453802196374  264.644992160566
     0.095043544681   41.987676605649   14.473758343921  265.200176655912
     0.096050394328   41.969365250395   14.507963077258  266.215814798163
     0.097088825535   42.063532341330   14.524460167352  267.691911605260
     0.098128070457   42.020230938026   14.554007071494  268.972962694571
     0.099167308826   41.840130605799   14.557220712579  269.144708557624
     0.100206547194   41.754425275441   14.567868809053  269.600256716557
     0.101232045550   41.672508723526   14.579261391204  270.085534888139
     0.102237469390   41.669598305887   14.587886178330  270.627157889606
     0.103275372812   41.618299558872   14.623407950847  271.495793132510
     0.104296121933   41.578065583595   14.630741683004  271.957582182372
     0.105306638909   41.532702984916   14.651655077637  273.020868301028
     0.106327683537   41.525908868779   14.685905824030  274.535546682475
     0.107357178315   41.407387278095   14.687863357608  274.775565666142
     0.108381376309   41.352116696150   14.703508935685  275.472221222797
     0.109404039259   41.213488477558   14.699945022400  275.608170569809
     0.110435685214   41.078461567696   14.700894197689  275.697593601974
     0.111448185214   40.959451866669   14.728384611683  276.353481688566
     0.112453987896   40.818664712825   14.723481850809  276.277919265988
     0.113466215354   40.720409360223   14.737047267610  277.065294626326
     0.114466926850   40.678239232231   14.754785472904  278.066927448509
     0.115479426850   40.673842705288   14.761975892952  278.675476403629
     0.116487788966   40.642801906811   14.792720234203  279.534918989159
     0.117499072353   40.539363667293   14.823756273578  280.477854684320
     0.118513471936   40.418018468520   14.832111325221  281.692894863960
     0.119527871519   40.354294123102   14.848633236202  282.503508595312
     0.120559453315   40.251075039847   14.858558906578  282.932183579126
     0.121565473315   40.123205662934   14.844457558584  282.750882723566
     0.122582428315   40.000583797124   14.872793365745  283.376386705006
     0.123586505811   39.807435040912   14.867773291823  283.186732089797
     0.124590336742   39.637475616554   14.878606725125  283.870074820717
     0.125602875040   39.645172594519   14.902734114468  285.362965483924
     0.126623860912   39.546450281343   14.910558001579  285.655015538477
     0.127632614662   39.425462370549   14.917321883084  285.751264293945
     0.128641368412   39.232887508738   14.924611556246  286.012043515676
     0.129650122162   39.200919999107   14.955233741929  287.919768400647
     0.130685886255   39.147502441357   14.972762275868  288.686913116493
     0.131691620673   39.016839823983   14.941521857684  287.995677161200
     0.132706024173   38.846172473127   14.992960812462  288.876897514321
     0.133724619423   38.787785554584   15.001586801347  290.297938047358
     0.134731032990   38.597240684409   15.008672834542  290.724666949632
     0.135755628603   38.504567739028   14.997367691448  290.366553403035
     0.136768568606   38.364188131969   15.009770149433  290.562646198114
     0.137784205249   38.215712128171   15.034261812149  291.817086029972
     0.138789857890   38.154260456477   15.057873281644  293.364952390872
     0.139805835136   37.989876334880   15.026923389553  292.533265980192
     0.140813678634   37.835667630109   15.033425288145  292.422758113871
     0.141828583321   37.670867253716   15.073287067780  293.387563345672
     0.142852929430   37.595968918704   15.082127237038  294.830587477494
     0.143858620870   37.421535530484   15.062831090871  294.258628696184
     0.144860016344   37.298598920372   15.086395281168  294.661229633671
     0.145869524713   37.124443070860   15.075809274404  294.260329344234
     0.146878526305   36.961344505715   15.077076656066  295.433623780455
     0.147880995666   36.938622707810   15.084796989137  295.802405809132
     0.148895504387   36.817359799319   15.106709578210  296.186604536498
     0.149912301861   36.608177110445   15.130482725820  297.520456886149
     0.150913018211   36.454817885279   15.098192800697  297.099809105220
     0.151926098516   36.349346630881   15.117484940523  297.123780129988
     0.152942895509   36.233937142920   15.143039966294  298.468670185467
     0.153959717833   36.096890540164   15.119226409581  298.413017494894
     0.154967063975   35.980359506001   15.135676374175  298.382285720476
     0.155977355459   35.886812528972   15.175478442691  300.161102338617
     0.156989092544   35.833521423789   15.192219556522  301.427121394541
     0.157999419261   35.634918123813   15.149117797251  299.808760100270
     0.159008326784   35.434601936195   15.169380571615  299.969494974618
     0.160017234308   35.409666410253   15.197650874811  302.266682188774
     0.161021030362   35.333535345366   15.201791139374  302.201437508510
     0.162030933591   35.070810675459   15.167522649380  300.642979416372
     0.163039994761   35.048253380224   15.207152931573  302.826631297695
     0.164049956191   34.890696913940   15.181967633744  301.936621807780
     0.165054828084   34.877760945335   15.238902562727  304.096412358242
     0.166060152192   34.686118593549   15.229757065600  304.318138719740
     0.167062327840   34.529280848973   15.187190615276  302.572395137040
     0.168068574272   34.447817022041   15.233600236855  303.722672194689
     0.169073235721   34.379290723812   15.233465004678  304.726127047752
     0.170075686236   34.219584227597   15.220295367962  303.714792665198
     0.171084958830   34.201322805030   15.254269301760  305.960242258833
     0.172088482628   34.039919954481   15.213652387571  304.405377739122
     0.173049566613   33.943394392831   15.230042073876  304.506123742666
     0.174010650597   33.830916150487   15.279605049182  307.170189011108
     0.175018976282   33.799800329817   15.287636079763  307.912331617119
     0.176023129828   33.562756498232   15.220356862089  305.129892904392
     0.176888105414   33.485466734976   15.233853103153  305.023613758222
     0.177753081000   33.421512132563   15.286539780463  307.509130702754
     0.178765519022   33.444733700695   15.310399686688  309.395907343585
     0.179771431315   33.260965840043   15.251410918192  307.084993638315
     0.180705604948   33.145902030976   15.273625265906  307.058405193888
     0.181711253480   33.193460532608   15.311888797463  309.645629646569
     0.182576229066   33.047766618780   15.259936806154  307.346384680306
     0.183441204652   33.049793217159   15.330384800432  310.314463342054
     0.184445611147   33.005896960386   15.335577370207  311.070406538068
     0.185286367417   32.874074593800   15.290575856129  309.079651752076
     0.186127123686   32.835987221696   15.339108474397  310.855886419461
     0.186967879956   32.827622410918   15.354061704564  312.337866965975
     0.187974571072   32.695372775398   15.335489759822  310.972437933458
     0.188775474393   32.564255415459   15.284614449967  309.100654541341
     0.189576377713   32.580151728398   15.358027267545  311.960860169799
     0.190340489751   32.617898311960   15.391765788693  314.556749676245
     0.191134601212   32.524418304983   15.382064762030  314.220698297407
     0.191928107431   32.418984604494   15.372459064500  313.756740684979
     0.192934826641   32.327726163724   15.362897665678  312.863086555864
     0.193735729961   32.201279000969   15.306530068736  310.472217125510
     0.194536633281   32.199002674321   15.370376375041  313.359299600454
     0.195340656918   32.194575360209   15.382293734169  314.432373926220
     0.196257344196   32.031423439001   15.362322300539  312.804447277879
     0.196760878306   31.922587844043   15.316433960908  310.994105364094
     0.197421665741   31.888941526637   15.325986716830  311.126780948265
     0.198198955485   31.895356711510   15.388155357228  314.199210115650
     0.198259767765   31.895059333368   15.385994903923  314.320495858967
     0.199087188889   31.857956469208   15.385958223789  314.502032678433
     0.199808001877   31.788265126173   15.346410651166  312.849400669216
     0.200510046337   31.790244326077   15.402853798457  315.317619658442
     0.201140613539   31.812963161795   15.426500518031  317.196724260060
     0.202042397478   31.779964257657   15.434798880896  317.123137146206
     0.202800559572   31.608017740537   15.378850372313  314.774880997916
     0.203465639903   31.554911758731   15.374012175217  313.984395293154
     0.204137569929   31.576294683086   15.410846527745  315.564782671278
     0.204809133293   31.555024490544   15.425057660372  316.639074981039
     0.205480242617   31.574090686636   15.422576892318  316.287141432969
     0.206157599184   31.484878972565   15.417143437530  316.188713635948
     0.206881743297   31.337080834847   15.404113916969  315.665004703660
     0.207482420787   31.298559737952   15.400652658619  315.417041057696
     0.208164194258   31.312445992252   15.423097319629  316.338057054691
     0.209065227235   31.348172365261   15.447032905751  317.719012857955
     0.209966260211   31.246816109984   15.397385839061  315.664678218053
     0.210715151568   31.139483160481   15.391590484446  315.240457673648
     0.211317082347   31.112775011175   15.400929184484  315.646912804617
     0.211928384146   31.072687146771   15.423427302536  316.232470693072
     0.212539354435   31.139528792876   15.465279512466  319.165726994558
     0.213204275011   31.145038333430   15.473133918339  319.634115995906
     0.213819945601   31.115937295106   15.466840815215  318.705402354938
     0.214532279858   30.978108998486   15.425933745338  316.873258365039
     0.215046303533   30.941054763748   15.437452640598  317.125631419230
     0.215593398478   30.926562502226   15.437855619726  317.282807705713
     0.216140493424   30.836881519131   15.429428875003  317.107198857932
     0.216903799769   30.945818360007   15.503768388688  321.575814083002
     0.217724580030   30.858134755826   15.478599464171  320.317103758693
     0.218380254593   30.789767588037   15.439063262259  318.393697512560
     0.218959323402   30.701647273108   15.441627123477  318.082658016780
     0.219538392211   30.658659170812   15.462738449757  318.765218953615
     0.220117461020   30.755225762971   15.513849904334  322.349165931914
     0.220696529829   30.731930837331   15.515139400741  322.565054361770
     0.221275598638   30.685093944328   15.499918543986  321.175754139164
     0.221866255147   30.626081159727   15.484061197915  320.255601340468
     0.222690908759   30.483806326045   15.467224011731  319.117355955565
     0.223415645931   30.433102150072   15.439188480058  318.103839648854
     0.224136374359   30.557738855277   15.490487758063  322.095538405255
     0.224857102787   30.594115434646   15.531977514305  324.143057341819
     0.225577831215   30.494410736090   15.515443722419  323.327984623732
     0.226298559642   30.512768468565   15.535585742508  324.489972162744
     0.227019288070   30.418366630212   15.526699621117  324.141663184658
     0.227740016498   30.369539166534   15.528094361584  324.222453358963
     0.228460744926   30.282152345532   15.509527958545  322.306408815478
     0.229181473353   30.316860082842   15.509348666600  322.781581614160
     0.229902201781   30.406098179345   15.558858394988  325.737526001605
     0.230622930209   30.289841674000   15.531050597012  323.301821408392
     0.231343658637   30.214322769044   15.513925843647  321.742439743053
     0.232064387064   30.414787304754   15.578984681432  327.377625325354
     0.232785115492   30.427566078733   15.625283997130  329.971340606033
     0.233505843920   30.421363683442   15.636956638385  330.823676018318
     0.234226572347   30.379849841530   15.640859483990  331.002636307422
     0.234947300775   30.314380561029   15.645533204421  330.450008258215
     0.235668029203   30.027682780423   15.530529696528  322.870113889312
     0.236385851449   30.036005106148   15.541574711757  325.117098070475
     0.237033925329   30.073674871746   15.570542322559  325.939365794851
     0.237681999209   30.002812881922   15.557539419503  324.359459418267
     0.238330073090   30.133781780705   15.619612213505  329.626954570667
     0.238978146970   30.122775916476   15.651581641022  331.398413064617
     0.239626220850   30.115498840474   15.640012491486  330.466850937568
     0.240274294731   30.068008813380   15.633609795729  330.131457154103
     0.240922368611   29.976192644809   15.628868306841  330.040606823044
     0.241570442491   29.991956346638   15.650547229911  331.435941558321
     0.242218516372   29.901876999536   15.628851129615  329.855190988674
     0.242866590252   29.797253444288   15.591632610232  327.056882948494
     0.243514664132   29.735893496209   15.574805708366  325.402635078985
     0.244162683737   29.830349437438   15.608192539035  328.793571215742
     0.244810631345   29.827521713563   15.622705225159  329.234167539335
     0.245422918525   29.777289386639   15.611457987092  327.947691671200
     0.246006028992   29.654000060297   15.584556877330  326.213874338281
     0.246589139460   29.816656738507   15.644086277759  330.985583474684
     0.247172249927   29.897871739258   15.687431643500  332.753637732399
     0.247943804942   29.830054650984   15.674285021971  332.271173845880
     0.248595103971   29.800850264998   15.693877231019  333.932584834110
     0.249165398873   29.660752260594   15.644113635486  330.111714386041
     0.249692340808   29.530621718218   15.597785017796  327.770194942537
     0.250233442805   29.630938345047   15.663779269141  331.642204719548
     0.250799821544   29.615670966710   15.669446366254  331.843861090883
     0.251380795004   29.543816584137   15.645077322024  330.213378444150
     0.251916701989   29.453593506491   15.619178672004  328.411009585369
     0.252270781226   29.409255987002   15.611257035851  327.564915129677
     0.252624860463   29.394120277075   15.611581316247  327.344532033930
     0.252978939700   29.505389506857   15.632507203697  329.897190688095
     0.253333018937   29.636417018600   15.707339367094  334.137313387933
     0.253687098174   29.616403401018   15.752676080848  335.513910781743
     0.254154149919   29.556188451726   15.726586789668  334.656989958665
     0.254635885584   29.564615227427   15.724566882421  334.573857257818
     0.255117462592   29.510683937501   15.708133601968  333.572890254231
     0.255319674684   29.472484326237   15.686180918092  332.515453512464
     0.255797139085   29.454006648123   15.664543094823  331.134606061757
     0.256278434178   29.452820996717   15.671808904451  331.051936652521
     0.256759729272   29.396690102862   15.668584806663  330.363520605031
     0.257241024365   29.291071128360   15.662906056274  330.631836238685
     0.257722319458   29.422642987417   15.698288604014  333.086034824486
     0.258203614552   29.443020415662   15.707852250187  333.718583369017
     0.258684909645   29.402958707891   15.707329803567  333.813292671877
     0.259166204739   29.417377688962   15.722027591568  334.719763185922
     0.259647499832   29.424991797776   15.732872078445  335.098157855683
     0.260128794926   29.351553986566   15.717105032638  334.232095142775
     0.260610090019   29.319802931848   15.713539201261  334.192295622025
     0.261091385112   29.348100222948   15.727743485720  334.977659992959
     0.261567230523   29.301910420882   15.714104353876  333.969531890498
     0.262046031024   29.247785552569   15.691689940100  332.410222966121
     0.262524629088   29.253769032867   15.686648197285  331.813546413773
     0.263003081372   29.220706332878   15.680796015414  331.309597369013
     0.263481371366   29.160188973528   15.671930833785  330.843707109396
     0.263955616720   29.156754016740   15.680931193731  331.571594964051
     0.264433508779   29.143686875341   15.689523937559  332.210083605084
     0.264911245224   29.084944301038   15.681420915776  331.802068384794
     0.265388785584   29.072993775115   15.682516823295  331.872911227132
     0.265862306919   29.093104647920   15.693015701862  332.478226299566
     0.266335678209   29.043468971379   15.691614185792  332.497971672423
     0.266812685618   28.971069775237   15.684742373252  332.226506645760
     0.267289495555   28.966332413730   15.691373032883  332.623960411909
     0.267766139391   28.971587612960   15.695129200986  332.746851761724
     0.268242618876   28.921417446252   15.685280234757  332.212582534364
     0.268719051009   28.888271665577   15.683545091122  332.166355832790
     0.269195483143   28.857411405528   15.685181126042  332.321768184319
     0.269737580991   28.791232378846   15.674020149370  331.531817780977
     0.270316436233   28.734080623033   15.657468273543  330.162628437441
     0.270848919199   28.679185976668   15.639128522632  328.653200390434
     0.271362315776   28.688296098690   15.628898405869  328.752811207866
     0.271858636486   28.895421644193   15.713355761983  334.266824373765
     0.272354957196   28.890442232116   15.743598477421  336.189566438729
     0.272818035743   28.855039276100   15.741016270380  335.903868481959
     0.273288898505   28.874447477663   15.749175622892  336.500209315404
     0.273759625002   28.796078373801   15.743217010846  336.312262802354
     0.274233940347   28.741625323328   15.736282620378  335.757958697119
     0.274708104552   28.775809080938   15.743728296797  336.125910106374
     0.275182224942   28.727763929284   15.734196597959  335.502181057454
     0.275656345333   28.674377528813   15.722960745091  334.912211527413
     0.276130465724   28.710638207232   15.741109380045  336.078310566163
     0.276604586114   28.703275602165   15.751795959355  336.807833757841
     0.277078706505   28.658259860551   15.749535188259  336.759868512249
     0.277552826896   28.670747603527   15.759818993309  337.332330839422
     0.278026947286   28.664543939079   15.766967734844  337.775546163527
     0.278501067677   28.611944155078   15.762234129067  337.631462286603
     0.278967134802   28.580307803375   15.761176148910  337.608338413098
     0.279432139921   28.571655561384   15.762473336477  337.603242038982
     0.279893215448   28.548257093005   15.757260176157  337.224936868249
     0.280361705167   28.501296110346   15.750121785710  336.803880688610
     0.280833804537   28.477001422583   15.751381692179  336.946524112069
     0.281305754251   28.452998270418   15.753615971327  337.133545913636
     0.281777558975   28.409935401786   15.747528381475  336.869996134651
     0.282249196273   28.384407983814   15.747270033261  336.892418667387
     0.282720670759   28.360212386615   15.746897691802  336.877503026003
     0.283279763435   28.278676334572   15.729018791501  335.704996804784
     0.283743788128   28.213875411598   15.705051030383  333.841745619339
     0.284259371120   28.152838415512   15.673332571833  331.327256617971
     0.284751389736   28.289835994867   15.700661469887  333.884384434716
     0.285207047214   28.407966763696   15.768129461572  337.875427310000
     0.285627669467   28.365038428190   15.768313665410  337.989761651127
     0.286029073687   28.335589309393   15.768005764833  338.015977390829
     0.286430392812   28.335320821540   15.782129199114  338.832629596104
     0.286841620462   28.303593637459   15.787661875354  339.304113534704
     0.287259388349   28.277026550177   15.789473743363  339.296186365308
     0.287677046365   28.267629803227   15.789016085376  339.249904542462
     0.288094596459   28.216370377916   15.778581266128  338.637220543388
     0.288511995843   28.160783907318   15.762862189131  337.658834074672
     0.288929284246   28.152546857630   15.759171426333  337.315883837005
     0.289346472935   28.134546644311   15.754914737600  336.929531557491
     0.289763521753   28.080364977069   15.741812799572  336.049094055026
     0.290180435989   28.053341107505   15.734587859818  335.490285487343
     0.290597249289   28.030446725746   15.730434898189  335.092621207090
     0.291160672976   27.950219544661   15.712874539149  333.639605012625
     0.291492653469   27.925354757590   15.703968841281  332.859647331212
     0.291805040684   27.913150416605   15.699092076945  332.376629582270
     0.292114853146   27.884454251909   15.689175278315  331.810955728145
     0.292422064490   27.881537703044   15.677680847725  332.057238768292
     0.292731705279   27.989848247717   15.729567287809  335.507713990591
     0.293028825832   28.100164408449   15.805405893388  339.378418592748
     0.293335886684   28.131602230435   15.828733599052  341.145161783601
     0.293647852962   28.089072143725   15.823363306265  341.264703346775
     0.293959727769   28.064610047407   15.819996902594  341.125363914991
     0.294341704408   28.094625728353   15.829630147036  341.640957361176
     0.294809322128   28.071417834436   15.831511927545  341.911826550628
     0.295288839513   28.022331722335   15.827869965897  341.860171037632
     0.295881212306   28.042068052208   15.830336155716  342.680660022482
     0.296449847193   27.979528283558   15.822207513294  342.093002582027
     0.297018482080   27.891581748718   15.787021983532  339.377004922908
     0.297532770681   27.692656633007   15.704655836209  333.781109817069
     0.298043590370   27.545313359836   15.673085156416  331.709230315150
     0.298554410059   27.596355187472   15.683860184187  332.684152020174
     0.298918186108   27.762054962345   15.740788236457  336.609026051637
     0.299221540000   27.772753018033   15.763811959198  337.472849333300
     0.299558350243   27.722623125501   15.751355323354  336.077547207708
     0.300020580413   27.846198396534   15.781042080321  338.836929022688
     0.300445395106   27.951635062482   15.866829459727  343.396461375557
     0.300849391528   27.911130889866   15.873513404673  344.256750847033
     0.301323211517   27.893668489216   15.860719224671  344.279465737956
     0.301807870386   27.687280377818   15.794666230030  338.712118699551
     0.302256391780   27.510369608352   15.724505828154  334.104591595353
     0.302704913173   27.508733889492   15.707238388879  333.588583459768
     0.303153434567   27.656831431190   15.757752665320  337.819029336152
     0.303601955961   27.712360826150   15.811957649169  340.549342472137
     0.304050477354   27.698543995546   15.799800970991  339.261461162316
     0.304498998748   27.660659544681   15.782030208935  337.699661603308
     0.304947520142   27.587079034930   15.767006326519  336.550629064766
     0.305396041535   27.568267445432   15.762384900947  336.125937623441
     0.305826987896   27.561833458530   15.761028471259  335.947516016229
     0.306225119625   27.526962729498   15.758821485606  335.809040368667
     0.306604280423   27.565024183056   15.781233520796  337.766566613507
     0.306991585501   27.675958744516   15.839667458150  342.138409565424
     0.307210800175   27.711473863836   15.863545703456  343.870225838372
     0.307489195065   27.737943239709   15.882240514657  345.223955833990
     0.307768054721   27.745291421790   15.892206628956  345.715543853227
     0.308071420780   27.746851389390   15.890032240501  345.289165386173
     0.308380337878   27.742218397910   15.881914161024  344.808036440895
     0.308689171901   27.732223328613   15.888106197907  345.382391872410
     0.309087463010   27.726327452802   15.920335532338  347.062993343931
     0.309550493703   27.721647831944   15.928113316151  348.068819633619
     0.310013389502   27.704179923181   15.930035902895  348.070172217435
     0.310476125481   27.678946303761   15.913427401285  347.546799129538
     0.310904000747   27.664226952368   15.907988223179  347.296285578992
     0.311320278987   27.615924400601   15.901626490977  346.731347484414
     0.311736557227   27.619467456804   15.901322177950  346.893143235228
     0.312152835467   27.657320007611   15.915181736272  347.744276405283
     0.312569113708   27.630247847266   15.915832612672  347.509069669571
     0.312974837145   27.594095526246   15.902576328558  346.666762900577
     0.313365313326   27.590561463076   15.903385884244  346.872760492145
     0.313749396663   27.548776072447   15.901114958264  346.695151435145
     0.314156436946   27.492777270507   15.887926963106  345.703824483807
     0.314583037607   27.476182159771   15.881620431391  344.622091799963
     0.314882254500   27.443696538999   15.865726966028  343.138906725661
     0.315179975771   27.379271518938   15.842038043246  341.222155898510
     0.315482530871   27.317100758992   15.820304293290  339.518998758456
     0.315789928734   27.300276727025   15.810886642960  338.890626828988
     0.316097278990   27.389017969080   15.839482369566  341.158388053175
     0.316404588634   27.494286018172   15.902341331632  344.982017843598
     0.316711821294   27.496982735765   15.921633259158  346.487765083681
     0.317018970244   27.433693199158   15.902498211568  345.265133245394
     0.317326067402   27.394339562231   15.879807413113  343.506120969056
     0.317633118206   27.368129978656   15.864647349500  342.252171590115
     0.317973859818   27.301196857892   15.845607632983  340.817765288503
     0.318434201213   27.227292130499   15.823499234124  339.078456578272
     0.318894433211   27.229080120548   15.820044778896  338.763288369490
     0.319344216264   27.179037870850   15.808713967188  338.258556431026
     0.319757376833   27.134158249037   15.789797962341  337.735187672205
     0.320170537401   27.122854767605   15.794602803616  337.833044195215
     0.320583697969   27.116172252208   15.803216860809  338.736532566777
     0.320996858538   27.251871163431   15.865977294244  343.670885126734
     0.321410019106   27.357434010348   15.925449213362  347.754516806627
     0.321823179674   27.347993284243   15.934664230503  348.562719711143
     0.322236340243   27.328645221394   15.934460446397  348.630593853009
     0.322649500811   27.333839719474   15.944576363615  349.218974110616
     0.323062661379   27.313407946056   15.943161701019  349.156442407886
     0.323320991213   27.294019320125   15.939012547104  348.979083013492
     0.323575891049   27.283646977267   15.936856044477  348.897833627118
     0.323830752285   27.276742254963   15.935814377248  348.813044420269
     0.324085573480   27.265903948561   15.933159314012  348.497827107292
     0.324340348955   27.255806800280   15.928461201496  347.998048207202
     0.324595079367   27.260524879165   15.934863449461  347.959614957986
     0.324849771274   27.267334048298   15.954053860131  348.481809108314
     0.325104418123   27.260528513091   15.961177366424  348.982117768913
     0.325406161483   27.240500357046   15.958652752719  349.251531774220
     0.325788154905   27.212219066769   15.954098209685  349.127677942259
     0.326170148327   27.176489057520   15.941585731054  348.067634520249
     0.326552141748   27.115106715674   15.908084414032  345.424574103379
     0.326934135170   27.060423027085   15.865244535453  342.769365380377
     0.327316128591   27.049490000057   15.850888387213  341.787752834653
     0.327468925960   27.047775334508   15.852661853942  341.810972538802
     0.327899611024   27.022736034355   15.857249207052  342.140309459138
     0.328271497706   26.993999959346   15.857155924799  342.206943413876
     0.328641727025   26.964528546765   15.854484959757  341.921880637729
     0.329011956343   26.901354957262   15.837906165556  340.654868510400
     0.329366983912   26.948958780893   15.841276031652  341.861384425039
     0.329704387778   27.136824226965   15.920596572463  347.152405957759
     0.330044931648   27.233215028882   15.973496620687  350.508796631676
     0.330377507760   27.221507474113   15.977461935674  350.744940229026
     0.330720246976   27.213175602054   15.978797861083  350.994078694416
     0.331066537259   27.213567456060   15.996801587557  352.117959533223
     0.331436327656   27.204986324435   16.001645989627  352.518766163347
     0.331838820906   27.223428730572   16.007015176643  352.764942205788
     0.332244460273   27.226711369791   16.010407175185  352.900053910731
     0.332649967751   27.187782277850   16.008551040012  352.750658686149
     0.333050951787   27.156821292231   16.002143745551  351.978176713355
     0.333415637976   27.041072435330   15.951953972854  347.766700986541
     0.333780324165   26.859196908372   15.872387890856  342.396506188290
     0.334145010353   26.856242538273   15.864684828665  342.563741728192
     0.334509696542   26.996888140511   15.922444376117  347.010223401092
     0.334874382731   27.041240030532   15.960712802686  349.246530545817
     0.335239068919   27.004029866155   15.948129298611  347.599927445132
     0.335603755108   26.976333692750   15.924492887337  345.461541787020
     0.335968441296   26.947700161112   15.912002437784  344.348924092657
     0.336333127485   26.930642945828   15.906266546801  344.058514849229
     0.336697813674   26.932381988585   15.905624877003  344.435733344968
     0.337048760184   26.913614762848   15.909890801242  345.242346656514
     0.337398981141   26.896597382197   15.917888643725  346.371989244097
     0.337765574791   26.944182584639   15.944979105628  348.780953457829
     0.338154012390   26.968182284596   15.974433738099  350.516431197988
     0.338401327753   26.918654803755   15.967510627784  349.538790299226
     0.338643793771   26.857956994793   15.945184073069  347.684981917569
     0.338886259788   26.827000487072   15.924648042802  346.144054068865
     0.339131934695   26.819186972859   15.914505228255  345.203195099057
     0.339470724215   26.819432453729   15.912555184374  344.886824883680
     0.339848401314   26.957809543900   15.975525946072  349.216231144834
     0.340213999107   27.093314565675   16.053178585341  354.461783716582
     0.340565258782   27.142677459702   16.079565239856  356.591123967183
     0.340913449179   27.135101776192   16.075581547140  356.933714438482
     0.341266966159   27.032789046130   16.041755848068  354.280351909402
     0.341697676902   26.827142702218   15.951202894106  348.198194742097
     0.342087634363   26.770482169632   15.936648079234  347.229827565835
     0.342471462501   26.730694398039   15.929061289018  346.185062983994
     0.342855290638   26.719412860280   15.916170580669  345.176260131729
     0.343239118775   26.863353210487   15.954135454080  348.822227628947
     0.343622946913   27.004181724204   16.035387344060  354.071125028790
     0.344006775050   27.031226723181   16.068235323546  356.459746910191
     0.344390603188   27.023089257240   16.081473532661  356.965285330841
     0.344774431325   26.889910977487   16.028819158144  352.815852735006
     0.345120879042   26.711292894384   15.944888315533  347.502568179020
     0.345466170664   26.636748314832   15.918348218725  345.777187565064
     0.345801104974   26.606690723255   15.913229677686  345.132101079939
     0.346095486051   26.616930858462   15.917788758430  345.337206388583
     0.346392234955   26.731955552984   15.955116951484  348.490285803678
     0.346686527387   26.842427890612   16.009076601746  352.138059940149
     0.346980759136   26.871158132164   16.027584197715  353.025839234706
     0.347071185369   26.865588095975   16.025957111278  352.825152976621
     0.347358110020   26.831399148774   16.015954836405  351.824126460380
     0.347649815128   26.818910935773   16.010816856601  351.584474885551
     0.347941461304   26.831908433359   16.022486373664  352.906690319381
     0.348235461825   26.838658097557   16.042533968882  354.393385741061
     0.348534222548   26.829892776408   16.048967755248  354.821476051275
     0.348832930502   26.813205102433   16.044677765443  354.436766712890
     0.349133995708   26.798378392254   16.035099126278  353.511713442037
     0.349432593604   26.762844603549   16.018023816762  351.897488059492
     0.349733550481   26.721164151761   15.996516314651  349.968438191122
     0.350034454849   26.704403422346   15.981964651229  348.607961693579
     0.350335303826   26.686573146253   15.971713660688  347.823271170801
     0.350636101169   26.664905543466   15.967026051013  347.459936232252
     0.351014958232   26.638689614978   15.963843626832  347.449519680688
     0.351369154728   26.620746844328   15.966157903842  347.892690911479
     0.351696413387   26.598173526498   15.969297534646  348.083159964889
     0.352023672046   26.566961404097   15.964923038665  347.610339332023
     0.352350930705   26.580421006013   15.961824100164  347.762202777084
     0.352678189363   26.707092131592   16.002650603232  351.369292080025
     0.353005448022   26.818676716889   16.069370721721  355.764669443232
     0.353332706681   26.856390158785   16.095496490513  357.606616360515
     0.353659965340   26.875622536858   16.105158727411  358.451208439188
     0.353987223999   26.884943480393   16.119956226973  359.497010403339
     0.354314482657   26.848061740096   16.122295407438  359.684195322172
     0.354641741316   26.816048622649   16.116725007951  359.402960744848
     0.354968999975   26.836765420298   16.121537193531  359.606076354060
     0.355279981107   26.863925185504   16.129264526690  359.956639661632
     0.355577478866   26.860828000876   16.130450798154  360.056195965368
     0.355982880856   26.813718417431   16.124554010184  359.833138550557
     0.356407308834   26.797364518384   16.127340851795  359.759464343378
     0.356780760420   26.789409154215   16.129728315028  359.388812248688
     0.357142261555   26.764153212240   16.116909980825  358.653076744049
     0.357366332507   26.741181352901   16.102241418832  358.269853574788
     0.357590403459   26.706580614991   16.091860985070  357.662100603839
     0.357814474410   26.635174481296   16.073926433939  355.805568060720
     0.358038545362   26.532204949694   16.036666803903  352.623261951466
     0.358265738312   26.474708354190   16.006401378506  350.434267139932
     0.358515232552   26.517272717444   16.014671111387  351.373774659226
     0.358762689720   26.588852478588   16.056105815511  354.189593235892
     0.359010093567   26.619034879859   16.088754256542  356.181917266867
     0.359259449879   26.620161137682   16.092657222599  356.501487650827
     0.359508777337   26.614961548401   16.082844937564  355.794868321918
     0.359758090815   26.598121664861   16.068287214991  354.767403136154
     0.360007357535   26.561172828357   16.051619792796  353.799864126453
     0.360256570184   26.525694052225   16.042181004138  353.383950568072
     0.360505747205   26.536196805007   16.049756973594  354.052476099801
     0.360754900973   26.582145532494   16.070845870360  355.572640143809
     0.361004025608   26.599763249990   16.086901070328  356.665636153108
     0.361253107585   26.556432598808   16.081806524020  356.065108243711
     0.361502137585   26.487060936103   16.058389673833  354.208113940704
     0.361751134534   26.453801877311   16.038534516155  352.968229787469
     0.362000111309   26.472563064748   16.041688716674  353.254818260552
     0.362249055310   26.484255180139   16.051261770443  353.790737136033
     0.362497948470   26.443081972606   16.045490432812  353.222871446893
     0.362612423713   26.415611814488   16.038365725099  352.657972042812
     0.362861256855   26.380305326531   16.023951154494  351.690853787819
     0.363110067855   26.397009222131   16.024738946636  352.119441218548
     0.363358850595   26.433470149227   16.042707586903  353.700323073567
     0.363607589277   26.446484507448   16.059877636150  354.951589221372
     0.363856278965   26.426934390604   16.063334560632  355.143892135173
     0.364104929620   26.396558330860   16.059259356815  354.727776003776
     0.364353559011   26.374687872620   16.053462565494  354.254667857207
     0.364688330630   26.344803788388   16.044706038902  353.754421089338
     0.365058786942   26.294926725551   16.030849566055  352.773512261316
     0.365428519972   26.254838546647   16.012329891936  351.070139648242
     0.365785795607   26.227900671182   15.993731111443  349.448171827078
     0.366125476497   26.204945048897   15.976881657279  348.677961865598
     0.366486781552   26.282916347255   16.007197847081  351.549817112958
     0.366884016933   26.411158381577   16.075697975968  356.390802355807
     0.367137074472   26.448834684203   16.102305851756  358.175271936526
     0.367381288421   26.462246109027   16.118168202317  359.063025416641
     0.367688677481   26.465089286289   16.127838125200  359.596638411478
     0.368058975288   26.402971537953   16.111606898191  358.398436270726
     0.368447907808   26.230389043187   16.044154715539  353.206616679109
     0.368800765266   26.114362027021   15.999363164508  349.411870009151
     0.369059416315   26.071945906661   15.973477485001  348.088384532406
     0.369349759417   26.050504229230   15.957778718561  347.780260248367
     0.369654940674   26.117146164137   15.985857156189  350.174466164016
     0.370101032494   26.269596925864   16.063073730945  355.760008476134
     0.370500185121   26.307541919197   16.110449878213  358.329396822191
     0.370898381339   26.307593102008   16.117893071795  359.112313211508
     0.371296577557   26.289544578182   16.102279569179  358.768829017733
     0.371694773774   26.201524526161   16.073844633060  356.322721757407
     0.372092969992   26.054088829882   16.005609492438  351.021564095510
     0.372491166209   25.963665230565   15.964215402893  348.212165015753
     0.372889362427   25.987456268359   15.978176790352  349.615758047013
     0.373287558645   26.112191564710   16.043927201858  354.424047816028
     0.373685754862   26.145378230211   16.074713562818  356.023723783948
     0.374047128575   26.001614773970   16.021087830913  352.309068629128
     0.374405300331   25.839887298986   15.958388959082  348.088976043545
     0.374745663527   25.797328763521   15.939566200373  346.812347639468
     0.375053488617   25.867657465495   15.959896553469  348.714376731282
     0.375347646003   25.974512933266   16.011352373726  352.686554774100
     0.375683750011   26.044710814782   16.067749178413  356.339988857475
     0.376119484154   25.985676196455   16.061611526676  355.390434186873
     0.376548003354   25.833437845231   16.005390568172  352.575166943940
     0.376983554508   25.841280931175   16.044069534894  355.692640506017
     0.377387679506   25.806395736486   16.030070924751  355.508947815578
     0.377738435657   25.775243162788   16.019871327038  354.593749664737
     0.378059387287   25.752338926209   16.018225760737  354.184806785789
     0.378391667431   25.711209739444   16.005833205881  353.118979086573
     0.378717952420   25.604014176556   15.960743142260  349.804005907426
     0.379059241768   25.500273689209   15.911354954530  346.546442658326
     0.379437573726   25.461307196787   15.907414203561  346.564442257700
     0.379822533685   25.413666807233   15.905261976418  346.867877068477
     0.380216888937   25.400714183789   15.902618448094  346.449269026045
     0.380611136712   25.373158252870   15.888867641198  345.154287740851
     0.380914650905   25.368624073121   15.887888668448  344.986452775014
     0.381308789503   25.459530536833   15.933820276298  348.449071293675
     0.381702825939   25.463002887977   15.952145486457  349.534160267917
     0.382096772730   25.310796461669   15.884051549342  345.264405489217
     0.382490651176   25.251447103761   15.856994987150  344.117332750821
     0.382884446263   25.216916838425   15.862759337114  344.660525478977
     0.383278154036   25.186482964903   15.860987603584  343.947671468057
     0.383671767767   25.166242336929   15.851321122072  342.782400540621
     0.384065314353   25.199431029916   15.867714257179  344.230773141685
     0.384458785245   25.296737424976   15.926883159988  348.691265071907
     0.384839578488   25.247281411002   15.919614136272  348.139407263872
     0.385210862053   25.136587841592   15.867239146876  345.508946369825
     0.385584724112   25.129128170292   15.890415033201  347.788973852254
     0.385961756751   25.127852670012   15.930633103328  350.046701061714
     0.386338959373   24.999572784068   15.880591286814  346.076700161974
     0.386721165432   24.846908112709   15.793856838148  340.691803755326
     0.387091716483   24.797658327842   15.775063395298  339.870865878358
     0.387459436921   24.769278902673   15.776232729244  340.139817842291
     0.387833395734   24.770887715035   15.780951367556  340.358676669389
     0.388205703907   24.758624283657   15.780929954065  340.532096838876
     0.388568516160   24.740155386749   15.784947259850  340.888744068133
     0.388939117303   24.743127634910   15.794724728554  342.156848190090
     0.389303371543   24.769651416563   15.821502986458  344.249806576572
     0.389683245846   24.746928835947   15.830058200969  344.852146281473
     0.390053645922   24.724951370023   15.822657991370  344.437413481262
     0.390433374338   24.711769539608   15.821752302858  344.488072823929
     0.390825590392   24.705033953462   15.828741313101  344.940770134994
     0.391217734515   24.686398045090   15.838608982469  345.233459778518
     0.391609788213   24.611717627534   15.819691263507  343.230722844363
     0.392001777497   24.428870014812   15.730166977301  337.505596059449
     0.392393684000   24.342042185067   15.689088513779  335.266313510691
     0.392785516485   24.309263689149   15.688880946091  335.430828676901
     0.393177290645   24.290024995024   15.683625327071  335.359881234004
     0.393740219511   24.273413473348   15.691881491424  336.184905274364
     0.394264433619   24.294972767085   15.726690010098  338.823183395595
     0.394788647728   24.269061348633   15.736603692413  339.845619646470
     0.395312861837   24.120600781549   15.660138517188  335.341633792038
     0.395837075946   24.070053586199   15.668323743777  336.618292247052
     0.396361290055   24.043185005930   15.698942217670  338.443994799487
     0.396885504164   23.955508676183   15.677487806587  337.146209297277
     0.397409718273   23.920195396016   15.663659009455  336.525281217416
     0.397864026340   23.904720869793   15.652824356873  336.172705752979
     0.398296690824   23.882843424655   15.642802818631  335.872565054607
     0.398909955283   23.836456561036   15.641133367771  335.612550010875
     0.399502996423   23.824706924757   15.673856871482  336.922630067472
     0.400096037563   23.731318200695   15.623060295004  334.806897614542
     0.400689078703   23.563950161241   15.545752936609  330.956742802353
     0.401282119843   23.561092999863   15.583271644451  333.199574523889
     0.401852204532   23.540613756774   15.571401958913  332.469851986764
     0.402425871074   23.507493557411   15.569356824844  332.428667173864
     0.403001744715   23.493505045525   15.601706326802  333.911051084945
     0.403581925495   23.334918442577   15.522744732806  329.573987034054
     0.404166658559   23.281037864273   15.540250439382  330.068790883761
     0.404751227289   23.122923454237   15.452719970483  325.287886074345
     0.405335648857   23.107652563221   15.478412809475  326.960523380214
     0.405919953228   23.061863947411   15.482063923530  326.689633452622
     0.406693910698   22.912665722024   15.400661468838  322.000515942226
     0.407570009404   22.853535349780   15.426800416813  324.043919836979
     0.408008057272   22.815254106415   15.391877662786  322.773177532718
     0.408883488005   22.660294896610   15.322564953280  317.500522233213
     0.409758612714   22.561636800491   15.291783366540  317.055138540320
     0.410633416450   22.527634143132   15.307451070818  317.716288930788
     0.411507971258   22.513023549751   15.312917337950  317.184467004521
     0.412382503437   22.453498967346   15.269324779744  315.140208435494
     0.413219991992   22.453973842615   15.332629275173  319.406454279730
     0.414038441885   22.318056296645   15.302579967441  316.530720320429
     0.414863242095   22.131297972598   15.206150483255  310.566151202195
     0.415687758583   22.180696474314   15.221041752433  313.138714491009
     0.416511996169   22.230987777072   15.263718210466  315.725739308972
     0.417335960224   22.169824164825   15.241089173355  314.035528745685
     0.418159648823   22.180877784709   15.267368862293  316.211783766058
     0.418983173410   22.141776392889   15.265084439197  316.219400676410
     0.419806687531   22.085838734956   15.249752623364  314.463753722124
     0.420630201652   21.970852020214   15.214330282886  311.393400615275
     0.421453715773   22.012178654404   15.232714991237  313.637781605104
     0.422277229895   22.085276516144   15.272386891084  317.071840692168
     0.423100744016   22.084860353737   15.293585951228  318.340453158648
     0.423924258137   22.044714100734   15.292614238245  318.239649617869
     0.424747772258   22.014656624333   15.285745260995  317.820726884675
     0.425571286379   21.990523176227   15.276395348458  317.461836269392
     0.426394800500   21.963840871046   15.265025552683  316.755221797824
     0.427218314621   21.934211665940   15.255858082017  316.013937806374
     0.428041828742   21.860558267382   15.234815241531  313.940372892147
     0.428862868374   21.814095586655   15.222952680742  312.549736553365
     0.429603899507   21.946034642448   15.263332876234  316.836671834747
     0.430344930640   21.965001541355   15.296242447024  318.635048254147
     0.431085961774   21.956458074250   15.311699858289  319.442707229594
     0.431826992907   21.940128043749   15.314555353666  319.672445001929
     0.432568024040   21.920630647169   15.306315183759  319.245131634866
     0.433309055174   21.888910466627   15.296352384249  318.684297853652
     0.434050086307   21.850893504479   15.284232731560  317.850066308898
     0.434791117441   21.778606903875   15.272039531335  315.703089347753
     0.435532148574   21.775465881855   15.257000799562  314.993488466431
     0.436273179707   21.895627993839   15.306456441826  319.324196611577
     0.437014210841   21.878340597042   15.311978003712  318.480126730596
     0.437755241974   21.838561578177   15.281006317780  316.802433700806
     0.438496273108   21.854729780506   15.320289637682  320.142973067949
     0.439237304241   21.846396167325   15.339601210128  321.333460383623
     0.439978335374   21.853295874391   15.327258362049  320.527740896989
     0.440719366508   21.785199715865   15.305400022517  318.347979622888
     0.441460397641   21.737366104609   15.291695928358  316.412509704292
     0.442186549763   21.844537600314   15.329346325127  319.660863990233
     0.442853185842   21.891409056034   15.359802765817  322.320595774296
     0.443519821920   21.900155217962   15.374410090949  323.215270540790
     0.444186457998   21.887475409498   15.371542367603  322.829126844493
     0.444853094077   21.857912866157   15.356536520479  321.588848786754
     0.445519730155   21.820583024672   15.344075210707  320.706203984451
     0.446186366233   21.801923952584   15.344593095124  321.165683079089
     0.446853002311   21.794906065030   15.358753269739  322.043966803927
     0.447519638390   21.780170044257   15.359653398675  322.108768620852
     0.448186274468   21.742482511274   15.345972746753  320.860628261150
     0.448852910546   21.693673998727   15.337493535354  319.005645413671
     0.449079566813   21.674140535182   15.334367612839  318.473615310400
     0.449746202891   21.767983817106   15.354425129759  321.102015511109
     0.450412838969   21.787202863035   15.367277061805  322.355943941214
     0.451079475048   21.730329887073   15.352322202204  320.792017991597
     0.451746111126   21.690711811737   15.335839011290  319.336096342144
     0.452395280412   21.625806427302   15.325174255662  318.056480729476
     0.452994736523   21.622172773541   15.324303776561  318.232282043225
     0.453594192634   21.719165131376   15.357593316408  321.560719612223
     0.454193648744   21.740006095891   15.388913804739  323.116046715665
     0.454793104855   21.740305527786   15.397052886230  323.796936574172
     0.455392560966   21.746253949817   15.420284451780  325.032797322397
     0.455992017076   21.712893524916   15.411022055229  324.327658974214
     0.456591473187   21.703821385254   15.406910505663  324.004464765501
     0.457190929298   21.696086402256   15.405461079557  323.844790968188
     0.457790385408   21.676987452812   15.405764080825  323.792718946437
     0.458389841519   21.665735661895   15.403739951178  323.712715191619
     0.458989297630   21.656971305549   15.398532398097  323.622450181316
     0.459588753740   21.655086481968   15.399900917568  323.955100765535
     0.460188209851   21.655264350935   15.404841283901  324.348510626247
     0.460787665962   21.648600162996   15.409742599375  324.598931809010
     0.461387122072   21.624930033422   15.407659586791  324.522833460603
     0.461986578183   21.611187743139   15.403055548545  324.217314519509
     0.462579848013   21.575876383302   15.384355928042  323.000038254546
     0.463146844142   21.532478663563   15.372853156691  321.680522448854
     0.463718322007   21.463463970811   15.351415250417  319.166216479872
     0.464289710684   21.481156704619   15.353954016750  319.457949955455
     0.464860942294   21.584203733257   15.396256834092  323.323926216813
     0.465432074295   21.630730395226   15.428383340801  325.562723076243
     0.466003081830   21.630903285783   15.444617262123  326.543554841657
     0.466573952747   21.627550016644   15.453440687767  326.720969992027
     0.467144724736   21.595182466804   15.444132625585  325.990508565369
     0.467715351478   21.568181038415   15.440579726985  325.358246440838
     0.468285867142   21.551276388899   15.423195270496  324.579954858303
     0.468856262888   21.564798116127   15.434783234678  325.399363524555
     0.469426528401   21.575127151723   15.442938937564  325.912548663034
     0.469996682731   21.568006771690   15.447160879890  326.110379450583
     0.470566700840   21.561475563501   15.449805785291  326.093103841137
     0.471136607896   21.551475186153   15.440395427687  325.813214037488
     0.471706420206   21.555016892007   15.442097573311  326.167868642841
     0.472276098820   21.573079973804   15.448794656059  326.794725135488
     0.472845668819   21.583881209153   15.461448378380  327.553331045734
     0.473415118814   21.571841828780   15.473505187915  327.994992494337
     0.473984434112   21.546148989078   15.465478524239  327.377212957605
     0.474553651779   21.526291651029   15.455397511243  326.802417674362
     0.475122723150   21.518153195084   15.448738784239  326.754320936844
     0.475691688602   21.526516870345   15.454497595650  327.080077087713
     0.476260526538   21.501852134471   15.447410634301  326.385326353653
     0.476829255838   21.478809496466   15.439084873885  325.154750166937
     0.477397886292   21.442202235601   15.429684006959  323.670803448669
     0.477966391915   21.426896210238   15.424006167579  322.973081189077
     0.478534776047   21.495950755632   15.458843357650  325.796298664126
     0.479103055348   21.549270138715   15.495502933215  328.569520642421
     0.479671197657   21.555620090411   15.512232245331  329.723770832304
     0.480239225516   21.537466025868   15.515971082039  329.724790706341
     0.480807140182   21.483387954399   15.496464497279  328.110259712967
     0.481194382952   21.435586148308   15.461830149403  325.848445113888
     0.481762113934   21.353115878766   15.417564863571  322.952058295463
     0.482329707360   21.324935444807   15.419153333235  322.697153294390
     0.482897197599   21.387140694178   15.448079682638  325.052626771053
     0.483464563288   21.481165196435   15.495381701789  329.035144603365
     0.484031805537   21.518395111363   15.522344398842  330.845843403984
     0.484598941188   21.518461479834   15.534147504753  331.622511167434
     0.485165949304   21.509973524460   15.539275808900  331.595928748525
     0.485732852253   21.499469030673   15.533612115146  331.219111558612
     0.486299646589   21.490131075890   15.537690638166  331.199182947854
     0.486866308672   21.475967449289   15.534622411782  330.926575086105
     0.487432871983   21.458500743183   15.533475547995  330.613778009098
     0.487999316626   21.421580879570   15.520686851125  329.595562164572
     0.488565642060   21.411666852387   15.516367502781  329.420983971934
     0.489131861515   21.404230100168   15.511034610849  329.466515547622
     0.489697950524   21.431409574100   15.525854718423  330.810306394107
     0.490263945516   21.437848834188   15.536151034338  331.460894736761
     0.490829817308   21.424544773795   15.539550152002  331.672227910865
     0.491395585780   21.425528913605   15.542751879113  331.747776521559
     0.491961233399   21.416908395832   15.539102236710  331.582882157493
     0.492526772699   21.409398968598   15.541503214974  331.749499444347
     0.493092197150   21.397212046468   15.539878217424  331.739337165148
     0.493657508897   21.401600968743   15.547095304739  332.203377032110
     0.494173320957   21.391042196927   15.550610038063  332.279109639439
     0.494681745594   21.368890483612   15.541791050093  331.804821748745
     0.495190170231   21.361509363329   15.531235635666  331.407911767432
     0.495698594868   21.351711783338   15.535591289793  330.668690840990
     0.496207019505   21.300252041278   15.515583084521  328.146127476183
     0.496715444141   21.264928749307   15.490918622127  326.472017792356
     0.497223868778   21.268107700560   15.500834292842  327.113073214910
     0.497732293415   21.338258730240   15.529114126830  329.756578857635
     0.498240718052   21.389817248398   15.549512679432  331.891568918090
     0.498749584019   21.414120555154   15.566089235289  333.208108520275
     0.499266747445   21.416938636143   15.584270097319  334.322339706725
     0.499783802226   21.406180801276   15.599394204012  334.842371138839
     0.500011282976   21.386849272364   15.594360402623  334.423227785726
