# {0} signal over time, extracted at r = 500 km
# All quantities are measured in a resting observer's frame at infinity
# cols=4 rows=1299
#              time        luminosity               <e>             <e^2>
#               "s"           "foe/s"           "MeV^1"           "MeV^2"
    -0.275634063374  2.7546532934e-12    3.745618245998   15.918695622010
    -0.274633860863  3.2186743030e-03    3.388746418977   13.405770078729
    -0.273615834327  8.7908306302e-03    3.423025266800   13.724262986984
    -0.272592749412    0.012330763726    3.410809598502   13.654633777098
    -0.271579146155    0.013831707975    3.396428541098   13.566242962689
    -0.270565542898    0.014315428395    3.398608578009   13.587815110685
    -0.269551939641    0.014489813979    3.404464320545   13.631329317242
    -0.268514021488    0.014572290356    3.410279258284   13.674480170055
    -0.267512144398    0.014571738089    3.416870993018   13.725698166799
    -0.266510267308    0.014641929844    3.423292066179   13.773849647307
    -0.265508390218    0.014801491467    3.425647632440   13.792285485403
    -0.264436982401    0.014971371178    3.428133464180   13.812891417615
    -0.263396982401    0.015126548819    3.432200361917   13.844344793402
    -0.262356982401    0.015282719551    3.436674590410   13.878289562630
    -0.261316982401    0.015443840850    3.441056220408   13.911462427765
    -0.260276982401    0.015611420333    3.445321386648   13.943857653782
    -0.259236982401    0.015786014874    3.449464918500   13.975406727436
    -0.258196982401    0.015966831898    3.453383457796   14.005377527889
    -0.257156982401    0.016152554706    3.457144137435   14.034302234045
    -0.256116982401    0.016343186601    3.460892584566   14.063247179571
    -0.255076982401    0.016539609349    3.464670175999   14.092521165559
    -0.254036982401    0.016742732266    3.468448520757   14.121924865121
    -0.252996982401    0.016952373090    3.472214234760   14.151448751111
    -0.251956982401    0.017164768078    3.475868515521   14.180350045137
    -0.250916982401    0.017380357610    3.479419114168   14.208542382140
    -0.249876982401    0.017602689594    3.482947355992   14.236527069886
    -0.248836982401    0.017833745914    3.486551173591   14.265039180229
    -0.247796982401    0.018072999799    3.490310756628   14.294765057973
    -0.246756982401    0.018318834424    3.494227559913   14.325793186148
    -0.245716982401    0.018606686258    3.499186489712   14.364617386662
    -0.244676982401    0.018901254408    3.505622439286   14.413748268385
    -0.243636982401    0.019142333429    3.511239440969   14.457148665889
    -0.242596982401    0.019376550777    3.516419029462   14.497812668234
    -0.241556982401    0.019642998392    3.521391273598   14.537316805132
    -0.240516982401    0.019942556434    3.526484242562   14.577912558244
    -0.239476982401    0.020252527157    3.531776027177   14.620142309374
    -0.238436982401    0.020562564851    3.537447489876   14.665351117953
    -0.237396982401    0.020878483625    3.543193531188   14.711219211801
    -0.236356982401    0.021205595987    3.548777782455   14.755919032554
    -0.235316982401    0.021546456544    3.554297959434   14.800165134407
    -0.234276982401    0.021906048145    3.559842348109   14.844687427134
    -0.233236982401    0.022289360806    3.565453843412   14.889932563516
    -0.232196982401    0.022694522329    3.571205178123   14.936520646964
    -0.231156982401    0.023115614030    3.577014727122   14.983854724006
    -0.230116982401    0.023548932018    3.582819877948   15.031361157917
    -0.229076982401    0.023995252911    3.588658323775   15.079229444039
    -0.228036982401    0.024455511112    3.594542024506   15.127475348084
    -0.226996982401    0.024932936843    3.600450022399   15.175953177485
    -0.225956982401    0.025439842223    3.606518355338   15.225730773479
    -0.224916982401    0.025974603752    3.612789722763   15.277210616346
    -0.223876982401    0.026527756606    3.619194225951   15.329948992627
    -0.222836982401    0.027093145594    3.625637921224   15.383201253103
    -0.221796982401    0.027672495995    3.632128406710   15.436972018941
    -0.221476982401    0.027854556996    3.634143976456   15.453686262615
    -0.220436982401    0.028458439352    3.640729353829   15.508404578320
    -0.219396982401    0.029082174397    3.647357917156   15.563609588210
    -0.218356982401    0.029727481452    3.654086844249   15.619762735493
    -0.217316982401    0.030397742423    3.661010402972   15.677573757888
    -0.216276982401    0.031092061564    3.668149628321   15.737139342147
    -0.215236982401    0.031803037115    3.675434250051   15.797883085388
    -0.214196982401    0.032527029393    3.682859204026   15.859794617117
    -0.213156982401    0.033266383108    3.690482318613   15.923310170235
    -0.212116982401    0.034027719191    3.698416301781   15.989394050815
    -0.211076982401    0.034807064766    3.706546397487   16.057237096639
    -0.210036982401    0.035606298970    3.714735798694   16.125697968383
    -0.208996982401    0.036426142353    3.722813203109   16.193523765584
    -0.207956982401    0.037269549890    3.730724696116   16.260358498487
    -0.206916982401    0.038135228644    3.738554605126   16.326810867787
    -0.205876982401    0.039021028121    3.746372249436   16.393399904170
    -0.204836982401    0.039926208599    3.754186826503   16.460200251826
    -0.203796982401    0.040850870381    3.762030124758   16.527447486513
    -0.202756982401    0.041795537446    3.769908411217   16.595133692635
    -0.201716982401    0.042767789610    3.777835586971   16.663258276766
    -0.200676982401    0.043768762367    3.785809702499   16.731876970800
    -0.199636982401    0.044795025929    3.793800100250   16.800822935208
    -0.198596982401    0.045844507425    3.801800629165   16.870006631356
    -0.197556982401    0.046917469155    3.809787450996   16.939286621071
    -0.196516982401    0.048016337253    3.817765703082   17.008732252662
    -0.195476982401    0.049142205506    3.825774499098   17.078548035617
    -0.194436982401    0.050292753256    3.833793549742   17.148661260613
    -0.193396982401    0.051467303099    3.841775919184   17.218755752925
    -0.192356982401    0.052667349189    3.849636551515   17.288103620344
    -0.191316982401    0.053905478926    3.857415411474   17.356913424641
    -0.190276982401    0.055185754289    3.865279805591   17.426487224110
    -0.189236982401    0.056498841241    3.873258933350   17.497095915039
    -0.188196982401    0.057837657590    3.881305754156   17.568295626135
    -0.187156982401    0.059208319090    3.889422209315   17.640132320680
    -0.186116982401    0.060616532226    3.897627746325   17.712936742762
    -0.185956982401    0.060836491060    3.898904465750   17.724285052847
    -0.184916982401    0.062285276719    3.907292180241   17.798912226174
    -0.183876982401    0.063787309669    3.916144787734   17.877229334092
    -0.182836982401    0.065314015325    3.925377939500   17.958633380987
    -0.181796982401    0.066853321209    3.934532012987   18.039617473542
    -0.180756982401    0.068418916998    3.943350584688   18.118163438893
    -0.179716982401    0.070037514003    3.951864294458   18.194519143659
    -0.178676982401    0.071698604340    3.960152971313   18.269370287279
    -0.177636982401    0.073383672082    3.968117570834   18.341876613600
    -0.176596982401    0.075114860631    3.975819740342   18.412475551029
    -0.175556982401    0.076898798183    3.983430917052   18.482655827547
    -0.174516982401    0.078726192241    3.991148204493   18.553995765824
    -0.173476982401    0.080590818768    3.999126891124   18.627482522644
    -0.172436982401    0.082490693245    4.007359852906   18.703062053092
    -0.171396982401    0.084425606688    4.015781065612   18.780379974281
    -0.170356982401    0.086405669473    4.024325805197   18.858873959197
    -0.169316982401    0.088442943576    4.032946286085   18.937999960214
    -0.168276982401    0.090525798016    4.041495763280   19.016742184303
    -0.167236982401    0.092659216770    4.049877488073   19.094475149100
    -0.166196982401    0.094857430876    4.058213470939   19.172281811692
    -0.165156982401    0.097109501660    4.066597126121   19.250715953940
    -0.164116982401    0.099404875243    4.074839272736   19.328138967142
    -0.163076982401    0.101772079809    4.083056437171   19.405780579754
    -0.162036982401    0.104221437510    4.091474414524   19.485451294316
    -0.160996982401    0.106755707418    4.100239912725   19.568190679279
    -0.159956982401    0.109379559931    4.109298447225   19.653472133013
    -0.158916982401    0.112083143090    4.118648086509   19.741233739518
    -0.157876982401    0.114866898431    4.128288008322   19.831614167730
    -0.156836982401    0.117736854977    4.138258476915   19.925078790290
    -0.155796982401    0.120702546758    4.148556350032   20.021763519362
    -0.154756982401    0.123764192373    4.159074808583   20.120922269342
    -0.154196982401    0.125449823273    4.164781438335   20.174888506987
    -0.153156982401    0.128626607349    4.175133199727   20.273416868455
    -0.152116982401    0.131877743216    4.184940226378   20.367849106190
    -0.151076982401    0.135257254749    4.194576069565   20.461312613522
    -0.150036982401    0.138772861317    4.204376301200   20.556580071046
    -0.148996982401    0.142415074594    4.214502517271   20.654777840175
    -0.147956982401    0.146174717560    4.224994019055   20.756274414023
    -0.146916982401    0.150055045894    4.235876737890   20.861471030600
    -0.145876982401    0.154048565039    4.247150842238   20.970393402005
    -0.144836982401    0.158154700650    4.258731113265   21.082370573090
    -0.143796982401    0.162363464006    4.270504612640   21.196516250722
    -0.142756982401    0.166681775082    4.282430311923   21.312395954316
    -0.141716982401    0.171082803860    4.294070809033   21.426427134623
    -0.140676982401    0.175669146351    4.305999456608   21.543137682528
    -0.139636982401    0.180356167057    4.317841600448   21.659493962051
    -0.138596982401    0.185156279891    4.329589223086   21.775400068731
    -0.137556982401    0.190139435231    4.341422242988   21.892537928616
    -0.136516982401    0.195320454802    4.353514807299   22.012551950076
    -0.135476982401    0.200667739361    4.365581249686   22.132585386957
    -0.134436982401    0.206147575806    4.377971639949   22.255777571409
    -0.133396982401    0.211765881097    4.390567873265   22.381138749483
    -0.132356982401    0.217526340124    4.403205742053   22.507148174054
    -0.131796982401    0.220685732303    4.409934255688   22.574426061852
    -0.130756982401    0.226652449245    4.421998133044   22.695850608446
    -0.129716982401    0.232800471842    4.433726817218   22.814998716843
    -0.128676982401    0.239144065647    4.445627620016   22.936635938188
    -0.127636982401    0.245652616501    4.457926278564   23.062662501162
    -0.126596982401    0.252304993707    4.470506011861   23.191544683244
    -0.125556982401    0.259139614920    4.483209392568   23.321452861077
    -0.124516982401    0.266191262385    4.496138512479   23.453606750382
    -0.123476982401    0.273490214348    4.509532104867   23.590563997687
    -0.122436982401    0.281011592675    4.523430867429   23.732466738990
    -0.121396982401    0.288759390555    4.537629114975   23.877939145123
    -0.120356982401    0.296692013637    4.551933118577   24.025004937347
    -0.119316982401    0.304813857033    4.565958678902   24.169937000228
    -0.118276982401    0.313103015034    4.578855932754   24.305063898463
    -0.117236982401    0.321689944388    4.591239932691   24.436060912905
    -0.116196982401    0.330692206893    4.604106255836   24.572351664073
    -0.115156982401    0.340097590072    4.618050805373   24.719519740501
    -0.114116982401    0.349779577083    4.632702997043   24.873744383118
    -0.113076982401    0.359710100820    4.647539455041   25.029914543779
    -0.112036982401    0.369932201874    4.662499591494   25.187701933918
    -0.111636982401    0.373960024007    4.668361372691   25.249654765614
    -0.110596982401    0.384737096760    4.683949044540   25.414759904111
    -0.109556982401    0.395836993600    4.699190196216   25.577804434609
    -0.108516982401    0.407312743726    4.713500758319   25.733593844934
    -0.107476982401    0.419350961954    4.728059340272   25.892424326339
    -0.106436982401    0.431922619782    4.743310128627   26.058012715388
    -0.105396982401    0.444955033504    4.759308467289   26.230886376499
    -0.104356982401    0.458449432426    4.776239120734   26.413332598721
    -0.103316982401    0.472522523764    4.794114761327   26.605994436078
    -0.102276982401    0.487179573948    4.812540812303   26.805071273684
    -0.101236982401    0.502142401051    4.829718252266   26.993197880138
    -0.100196982401    0.517638374817    4.845237274868   27.166512534940
    -0.099156982401    0.533990684484    4.860973694365   27.343033493454
    -0.098116982401    0.551168109036    4.877980475806   27.532962489869
    -0.097076982401    0.568827616865    4.896268551298   27.736088062404
    -0.096036982401    0.586912577385    4.915475723537   27.948704016647
    -0.094996982401    0.605560098592    4.935294974516   28.168208656429
    -0.093956982401    0.624545642273    4.953871437501   28.377009857833
    -0.093556982401    0.631997223052    4.960354781777   28.451234552676
    -0.092516982401    0.652058278405    4.976978398667   28.642734141155
    -0.091476982401    0.673094857852    4.994329779722   28.842515184171
    -0.090436982401    0.694956234242    5.012654819025   29.052476391585
    -0.089396982401    0.717524599870    5.031768191485   29.270353954576
    -0.088356982401    0.740710475086    5.051619162019   29.495721308773
    -0.087316982401    0.764481332619    5.071687519945   29.723966209741
    -0.086276982401    0.788800394338    5.090161735957   29.938293024124
    -0.085236982401    0.814117922616    5.108423063615   30.152768661004
    -0.084196982401    0.840395592922    5.127151380421   30.372613357345
    -0.083156982401    0.867553837417    5.146744376276   30.600854894764
    -0.082116982401    0.895765367142    5.167412776527   30.841166268522
    -0.081076982401    0.924965039835    5.189093800368   31.093513004140
    -0.080036982401    0.954785602064    5.209317518015   31.332693524723
    -0.078996982401    0.985851278841    5.228884788101   31.566297677932
    -0.077956982401    1.018458278366    5.248882191251   31.805108687245
    -0.076916982401    1.052576691743    5.270004014910   32.056371387735
    -0.075956982401    1.085229573249    5.291103974017   32.306566526894
    -0.074916982401    1.121736088269    5.315082824279   32.591462354407
    -0.073876982401    1.159370004782    5.338903620731   32.876702210077
    -0.072836982401    1.198198418305    5.360159178791   33.137003694763
    -0.071796982401    1.238973682985    5.381564737228   33.400159726403
    -0.070756982401    1.281687152139    5.404905832979   33.685478993135
    -0.069716982401    1.326486932049    5.430792419284   33.999674769563
    -0.068676982401    1.373240681277    5.458762601422   34.337817715920
    -0.067636982401    1.421921964249    5.487961475531   34.691350006081
    -0.066596982401    1.472713684792    5.517008261074   35.045947788153
    -0.065556982401    1.526143119179    5.544769003140   35.389687332539
    -0.064516982401    1.582273244930    5.572341220004   35.734177495522
    -0.063716986432    1.627370097770    5.593616290794   36.001316977309
    -0.062676986432    1.688696874187    5.623228278285   36.370573856268
    -0.061636986432    1.752822105347    5.654788959087   36.762568581953
    -0.060596986432    1.820465609328    5.687082852737   37.165235168169
    -0.059556986432    1.892147478539    5.716079150304   37.535777203649
    -0.058516986432    1.967660905125    5.745931099388   37.918248488160
    -0.057476986432    2.047583641414    5.778212932085   38.328938371483
    -0.056436986432    2.132501640228    5.814094712851   38.779991273131
    -0.055396986432    2.223364573814    5.846269174768   39.194574107162
    -0.054356986432    2.319410327108    5.872878925425   39.552568906091
    -0.053396986432    2.412958666424    5.900916324208   39.923770965904
    -0.052356986432    2.519495077422    5.936038001285   40.381118898156
    -0.051316986432    2.633529885967    5.971779881284   40.847894248226
    -0.050276986432    2.756560981085    6.000967543242   41.246082757937
    -0.049236986432    2.887101682384    6.034204156095   41.694625283817
    -0.048196986432    3.024186481463    6.072353855653   42.201094371218
    -0.047156986432    3.171434018103    6.109939434893   42.704126459891
    -0.046996986432    3.194874439602    6.115653615000   42.781168700707
    -0.045956986432    3.352270430195    6.151873117932   43.274697351359
    -0.044916986432    3.516611399151    6.189289658167   43.786303204337
    -0.043876986432    3.690070155172    6.227679741256   44.312451955128
    -0.042836986432    3.872980625674    6.265293161359   44.830507353154
    -0.041796986432    4.064622747523    6.303667979787   45.360786854620
    -0.040756986432    4.266381016440    6.344864130140   45.930462124199
    -0.039716986432    4.479709565705    6.387659906455   46.520327004118
    -0.038836986432    4.670758032414    6.423872991188   47.021644964553
    -0.037796986432    4.909380059134    6.467557308492   47.630019342822
    -0.036756986432    5.162463109244    6.512087149838   48.253722982586
    -0.035716986432    5.432720365213    6.557797616161   48.897941576108
    -0.034676986432    5.722911462432    6.604163123789   49.555658114021
    -0.033636986432    6.033730710518    6.650537327639   50.217302341031
    -0.033076986432    6.209752952915    6.675678191941   50.577047761580
    -0.032036986432    6.557800718443    6.724478845537   51.279802505469
    -0.030996986432    6.933136592144    6.773872230115   51.996714056096
    -0.029956986432    7.339600919049    6.822659026570   52.712380537739
    -0.028916986432    7.784572231515    6.871871917061   53.440999696967
    -0.028596986432    7.929217271164    6.887147886996   53.668297984405
    -0.027556986432    8.425567539297    6.937086857608   54.415635560705
    -0.026516986432    8.968790600744    6.988422007660   55.189782791086
    -0.025476986432    9.561853955946    7.040357777496   55.980439669400
    -0.024436986432   10.218434385916    7.092860979180   56.785552233535
    -0.024356986432   10.271920683939    7.097051001289   56.850047934466
    -0.023316986432   11.005394470767    7.152346807281   57.705729448877
    -0.022276989060   11.805492538732    7.206714436145   58.552626764180
    -0.021236989060   12.668897463559    7.262087946668   59.412697913599
    -0.020756989060   13.095630690760    7.287988496793   59.816151614328
    -0.019716989060   14.091029023220    7.344988313020   60.705636462669
    -0.018676989060   15.188214251323    7.403562466749   61.620367008590
    -0.017716989060   16.322868345616    7.458900925789   62.489471975627
    -0.016676989060   17.708033506165    7.522017497637   63.487755481780
    -0.015636989060   19.288195510460    7.586278336282   64.516736093383
    -0.015396989060   19.685581473861    7.601313874573   64.759186863335
    -0.014340989060   21.606702183352    7.667928208260   65.843132266113
    -0.013332989060   23.732134880266    7.731530648536   66.893042724284
    -0.013278989060   23.855316471393    7.734864977588   66.948644459982
    -0.012252992353   26.403404195758    7.797707797889   68.004548444233
    -0.011496992353   28.570146106780    7.842402958540   68.769835955276
    -0.010470992353   31.961151828910    7.899557860409   69.769007986751
    -0.010187492353   32.992179224995    7.914223471604   70.030194946139
  -9.1749923534e-03   37.042221746499    7.960432320323   70.870160790778
  -8.8914923534e-03   38.292932528273    7.971902689286   71.084446578455
  -7.8688673534e-03   43.344414830802    8.007834964989   71.780307691305
  -7.8081173534e-03   43.675178284265    8.009651590191   71.817083682513
  -6.8968673534e-03   49.146904021425    8.032258078585   72.303309253802
  -6.0919298534e-03   54.945842666421    8.045279719521   72.640648841760
  -5.4312736034e-03   60.534713330060    8.051374350639   72.859902664645
  -4.8389611034e-03   66.289121188576    8.054231122483   73.027990291391
  -4.3092970409e-03   72.067939102658    8.057139491472   73.195324626227
  -3.8479767284e-03   77.510411808731    8.062988737535   73.402937390341
  -3.4208282909e-03   82.745948674144    8.073309585068   73.680369304613
  -3.0406661815e-03   87.473598769773    8.088206713668   74.025502388412
  -2.7074904002e-03   91.617045606345    8.107357502526   74.434550986181
  -2.4095543651e-03   95.274609817950    8.130151090291   74.900240621662
  -2.1404508495e-03   98.499681940370    8.155437718362   75.405698385539
  -1.9001798534e-03  101.286848989988    8.181702552865   75.924930388276
  -1.6959495067e-03  103.571500913900    8.206767658497   76.417667649988
  -1.5024112193e-03  105.644757803821    8.232980045215   76.930784299288
  -1.3353628093e-03  107.343119420760    8.257514483193   77.409731998416
  -1.1893981792e-03  108.744767172414    8.280250901252   77.853194389110
  -1.0580300121e-03  109.931012273696    8.301632958244   78.270381922717
  -9.4004193603e-04  110.929613757638    8.321518115120   78.658694248962
  -8.3421757919e-04  111.765975295664    8.339869494190   79.017328166979
  -7.4481424324e-04  112.423997293858    8.355769885143   79.328144052558
  -6.6270913879e-04  112.985871045447    8.370688716434   79.619756978490
  -5.9086717240e-04  113.441682024751    8.383994516320   79.879796136166
  -5.2928834406e-04  113.804497759848    8.395564173979   80.105901580273
  -4.6976214334e-04  114.129602081228    8.406873641702   80.326955756279
  -4.5580186875e-04  114.202154459676    8.409542256168   80.379124123848
  -4.5426673778e-04  114.209998109464    8.409834359633   80.384835488184
  -4.2936524851e-04  114.334669887468    8.414583962300   80.477708197743
  -4.1247225377e-04  114.416551431916    8.417816496893   80.540924464223
  -3.9838728860e-04  114.483157507879    8.420517700024   80.593755636543
  -3.8602846617e-04  114.540352651393    8.422892291431   80.640203326935
  -3.7913426236e-04  114.571749760829    8.424218719542   80.666150498236
  -3.6822985812e-04  114.620662323806    8.426319338300   80.707244856292
  -3.5715719059e-04  114.669387482245    8.428455742375   80.749042630951
  -3.4696383741e-04  114.713398129284    8.430425507333   80.787583118176
  -3.3631602090e-04  114.758498671523    8.432486245812   80.827906518112
  -3.2517125334e-04  114.804741726791    8.434646660523   80.870183432013
  -3.1508614885e-04  114.845732874888    8.436604763288   80.908503978666
  -3.0478615070e-04  114.886752150224    8.438607678541   80.947704024777
  -2.9455546102e-04  114.926643399325    8.440600213049   80.986703328710
  -2.8693514866e-04  114.955801047271    8.442086360397   81.015792777227
  -2.8031745025e-04  114.980736037292    8.443378371850   81.041083273327
  -2.7309759790e-04  115.007527326918    8.444789420938   81.068704919049
  -2.6399995653e-04  115.040670523609    8.446569678418   81.103555404295
  -2.5478780281e-04  115.073527436040    8.448374851091   81.138895249620
  -2.4574516412e-04  115.105087362397    8.450149253441   81.173634203731
  -2.3727361929e-04  115.134028049962    8.451813779816   81.206223293767
  -2.2929827740e-04  115.160716706959    8.453382727056   81.236942132886
  -2.2098365851e-04  115.187962612531    8.455020393289   81.269007450829
  -2.1197923951e-04  115.216799829778    8.456796215263   81.303778902149
  -2.0347839012e-04  115.243382608501    8.458474909748   81.336649460263
  -1.9386244008e-04  115.272696643525    8.460376372037   81.373882974273
  -1.8536674821e-04  115.297924938678    8.462058595819   81.406824167849
  -1.7697548557e-04  115.322221535352    8.463722247095   81.439402213632
  -1.6816678144e-04  115.347058113078    8.465470922500   81.473645682111
  -1.5883381889e-04  115.372620982933    8.467326213795   81.509977334684
  -1.4863711034e-04  115.399659542453    8.469356228037   81.549730807612
  -1.3805827787e-04  115.426722017624    8.471465646083   81.591039343958
  -1.2739551021e-04  115.452972474274    8.473595282929   81.632743724780
  -1.1968260280e-04  115.471314361592    8.475137936621   81.662953125329
  -1.0969891699e-04  115.494243291295    8.477137478527   81.702109320878
  -1.0023006214e-04  115.515137967266    8.479036767562   81.739301834040
  -9.5793151102e-05  115.524642589085    8.479927697502   81.756748130490
  -8.8304986181e-05  115.540264862402    8.481432703875   81.786219035020
  -8.0418504627e-05  115.556148199463    8.483019656784   81.817294142232
  -7.2821784957e-05  115.570892272797    8.484550146530   81.847263110447
  -6.5513393087e-05  115.584559167739    8.486024249361   81.876127455827
  -5.8956045371e-05  115.596387520477    8.487348278410   81.902052779927
  -5.2715654240e-05  115.607261071343    8.488609562440   81.926749117726
  -4.6738290391e-05  115.617324360217    8.489818820420   81.950426396371
  -4.1151290564e-05  115.626417791364    8.490950108822   81.972576694123
  -3.5764988790e-05  115.634897428699    8.492041676959   81.993948969049
  -3.0461352918e-05  115.642970374107    8.493117368093   82.015010081674
  -2.5362949789e-05  115.650471342378    8.494152252230   82.035271947293
  -2.0779132123e-05  115.656997359767    8.495083370083   82.053501951224
  -1.6076903913e-05  115.663476722299    8.496039210735   82.072215765130
  -1.1460161704e-05  115.669625538959    8.496978327920   82.090601939348
  -6.8701390365e-06  115.675529248570    8.497912657856   82.108894172134
  -2.7270044627e-06  115.680678219839    8.498756567331   82.125415980859
   1.3879687538e-06  115.685622738508    8.499595258698   82.141835464133
   5.5955491956e-06  115.690503326259    8.500453351146   82.158634605770
   9.5483692891e-06  115.694926626247    8.501259970216   82.174425888271
   1.3636856927e-05  115.699336364180    8.502094766155   82.190768645296
   1.7540385878e-05  115.703389322188    8.502892260867   82.206381023124
   1.9067817199e-05  115.704933282054    8.503204437623   82.212492404191
   2.5963069958e-05  115.919724350215    8.504973991992   82.246928624401
   4.0615552067e-05  115.926523893307    8.507901364189   82.304320763223
   5.7519893979e-05  115.932065043010    8.511305761589   82.371041927694
   7.4417843915e-05  115.934958304736    8.514737901030   82.438280667433
   9.0830239182e-05  115.935062982854    8.518097309982   82.504071391051
   1.0667621267e-04  115.932494946286    8.521362105782   82.567991241067
   1.2234383091e-04  115.927268330709    8.524607382228   82.631516130486
   1.3798858558e-04  115.919300096892    8.527861504056   82.695206325439
   1.5549525200e-04  115.907049513230    8.531514734303   82.766704518675
   1.7161048723e-04  115.892612803533    8.534884946726   82.832665528939
   1.8868135591e-04  115.873977235117    8.538459203693   82.902626477778
   2.0458032469e-04  115.853508711421    8.541789432821   82.967819965681
   2.2142696599e-04  115.828528040757    8.545317470693   83.036897571230
   2.3926607888e-04  115.798373145500    8.549050907874   83.110011349195
   2.5613774343e-04  115.766346556313    8.552578625822   83.179110402972
   2.7394599948e-04  115.728840195392    8.556298343246   83.251984242563
   2.9266612702e-04  115.685316614519    8.560204464675   83.328523712188
   3.1247389997e-04  115.634697128271    8.564333782375   83.409449158163
   3.3187386583e-04  115.580575452286    8.568375607428   83.488669021225
   3.5186806488e-04  115.520093234885    8.572540279254   83.570302371935
   3.7294838238e-04  115.451155163153    8.576932128607   83.656390992614
   3.9527479429e-04  115.372344118659    8.581586977029   83.747633370197
   4.1910550733e-04  115.281611016942    8.586561897826   83.845144099945
   4.4449076488e-04  115.177385265102    8.591871318450   83.949201777770
   4.7170140220e-04  115.056874158969    8.597576411260   84.061001633371
   5.0094467106e-04  114.917034291330    8.603725594126   84.181490019417
   5.2787805449e-04  114.778572643309    8.609406164345   84.292785531975
   5.5815721844e-04  114.611554185441    8.615811656951   84.418275642839
   5.9062812803e-04  114.418727954514    8.622701824422   84.553257108031
   6.2593819836e-04  114.192458341403    8.630215940354   84.700464877809
   6.6428498002e-04  113.926591468051    8.638397036432   84.860750784154
   7.0530340356e-04  113.618353188051    8.647166451175   85.032583034332
   7.4934979656e-04  113.259226468346    8.656598820094   85.217431587202
   7.9140142666e-04  112.888619089722    8.665615495136   85.394157254144
   8.3613956984e-04  112.464037948666    8.675218270685   85.582390380315
   8.8476113786e-04  111.966666735358    8.685664984625   85.787181986610
   9.3677578544e-04  111.392677656208    8.696850666646   86.006471085744
   9.9644158321e-04  110.680507341949    8.709689227904   86.258176977379
   1.0554220015e-03  109.920006297090    8.722378747784   86.506982435014
   1.1304676353e-03  108.871274743252    8.738502171853   86.823164534373
   1.2118446059e-03  107.632000041760    8.755927248948   87.164934637019
   1.3017968351e-03  106.138184003109    8.775075908095   87.540572414415
   1.3892510579e-03  104.559147234249    8.793544154285   87.902987765907
   1.4888528846e-03  102.604718655583    8.814353401053   88.311678233297
   1.5987534852e-03  100.256806148409    8.837179446648   88.760354120826
   1.7351507022e-03   97.080491187560    8.865826801431   89.322208651253
   1.8665193282e-03   93.784186376854    8.894436594438   89.878644495828
   2.0080404552e-03   90.045764464558    8.926235026516   90.491519693054
   2.1682013250e-03   85.754994608163    8.959810312154   91.142168543185
   2.3219073487e-03   81.881782482811    8.982408913558   91.600405292779
   2.4794788066e-03   78.614706608979    8.989551128211   91.783683532705
   2.6695939014e-03   76.387115417751    8.979891014332   91.657058764645
   2.8536410706e-03   76.793641224178    8.973494133876   91.569741770187
   3.0376882399e-03   80.336285613756    9.003153302346   92.182346745273
   3.2217354091e-03   87.474793225797    9.096651437865   94.127123044013
   3.4057825784e-03   98.582165918054    9.266034272729   97.768822269553
   3.5898297477e-03  113.852748077590    9.502533227257  103.007963534881
   3.7738769169e-03  133.173110316449    9.786648425668  109.488822200437
   3.9835351734e-03  159.523164828045   10.140901071555  117.832354035594
   4.1829031230e-03  187.902134871343   10.484384514396  126.180532392618
   4.4212535042e-03  224.574975383403   10.881676097257  136.133804675683
   4.6652329617e-03  262.748397611449   11.255632985265  145.796561963747
   4.9057179151e-03  297.491537579482   11.576193244231  154.329645053758
   5.1561248443e-03  327.677259412440   11.850196685509  161.830673667850
   5.4088404280e-03  351.107580445993   12.069046312503  167.972124157755
   5.6621755755e-03  367.612510526695   12.238227483116  172.835780580509
   5.9136532570e-03  377.493522132268   12.361829126530  176.492067485911
   6.1651133979e-03  381.262135979474   12.446732201209  179.104959048782
   6.4170253871e-03  379.745411883349   12.498354883302  180.798291346005
   6.6677712819e-03  374.654286411543   12.521983967929  181.702307620092
   6.9190751509e-03  367.247613454031   12.523828023181  181.989225675586
   7.1709192813e-03  358.196107205396   12.505324636637  181.701524489778
   7.4231869106e-03  348.420372246702   12.472205681906  180.985434987729
   7.6763154989e-03  338.658329815430   12.431564452517  180.017873342654
   7.9292010622e-03  328.758184848365   12.383341939936  178.817463470924
   8.1821535492e-03  319.711151360013   12.336547190898  177.613250466442
   8.4357886445e-03  310.822650373133   12.287134069479  176.318461838519
   8.6884083354e-03  302.301506683163   12.237653484902  175.016347690076
   8.9410280263e-03  293.749440868115   12.183130224843  173.584172536482
   9.1936477172e-03  285.812637252771   12.127848283796  172.114808759614
   9.4462674081e-03  277.615279492764   12.069244592619  170.569964964722
   9.6988870990e-03  270.130759512536   12.009646648027  168.976540949884
   9.9541058267e-03  263.101175264826   11.953769669799  167.472976279512
     0.010209555026  256.059742825263   11.894399699937  165.894998501347
     0.010465004225  249.851341908422   11.839674919631  164.423168881967
     0.010720453425  243.960074677488   11.789335626845  163.068642232533
     0.010975902624  238.100690575483   11.734000142128  161.602013667120
     0.011231351823  232.781757899882   11.680515301992  160.188597595320
     0.011486801023  227.851351314847   11.634844754337  158.987606899235
     0.011742250222  222.533906864548   11.584608164999  157.715338357969
     0.011997699421  217.519027892785   11.532592004951  156.408599441151
     0.012253148621  212.957312613712   11.486807361671  155.232008771251
     0.012508597820  207.930789800696   11.436360644818  153.924898542410
     0.012764047020  202.853432083563   11.378528146284  152.445159554038
     0.013019496219  198.810458716962   11.331160123282  151.241070899392
     0.013274945418  194.930535728964   11.290638925177  150.203312892673
     0.013530394618  190.271107187115   11.239392451749  148.896375822301
     0.013785843817  185.755592595841   11.183442179155  147.498710224398
     0.014045436375  182.126023932778   11.136701405575  146.339471512102
     0.014305089050  178.583296184718   11.094419837432  145.266325463572
     0.014564741725  174.436144047334   11.042417595390  143.949937316802
     0.014824394400  170.726701884980   10.990254342906  142.651003334907
     0.015084047075  167.684425490460   10.945420487512  141.535731598887
     0.015343699750  164.583085460200   10.903659542152  140.493786382203
     0.015603352425  161.283161013162   10.860789617726  139.453696537759
     0.015863005100  158.177704136381   10.816925885813  138.406591034413
     0.016122657775  155.364179545777   10.774749031408  137.384386424420
     0.016382310450  152.841366295897   10.736608987324  136.422607914151
     0.016641963125  150.120424636988   10.697398841316  135.429631182912
     0.016901615800  147.185874412317   10.654775997554  134.376553989755
     0.017161268475  144.670212318614   10.617456206017  133.468903818440
     0.017420921150  142.642215001988   10.586842110910  132.724683184728
     0.017680573825  140.578282886755   10.555469721325  131.946634728800
     0.017940226500  138.005294524462   10.515147574505  130.944190927745
     0.018199879175  135.327983672348   10.471917954208  129.883698357144
     0.018459531850  133.116564688047   10.438602217591  129.082552047140
     0.018719184525  131.332890416023   10.414004524403  128.507330896429
     0.018978837200  129.908958698903   10.394030868424  128.035965541411
     0.019238489875  128.465077924147   10.373526430939  127.539774204851
     0.019498142550  126.427620031296   10.342374035933  126.802411184584
     0.019748644382  124.190161031616   10.306005202961  125.950025483174
     0.020001431879  122.256826976238   10.274776418537  125.213715022701
     0.020253843333  120.773714194032   10.252155136123  124.684889390069
     0.020514059443  119.446804376764   10.233045466529  124.243896279110
     0.020768895977  117.870686370095   10.209542114032  123.703574717787
     0.021026707183  115.980930574646   10.178003434331  122.983995737663
     0.021284903872  114.268732643345   10.146318577974  122.252371329046
     0.021543100561  112.900455252075   10.120190965047  121.648501972298
     0.021801441629  111.783649533033   10.100167357339  121.194168683079
     0.022062858079  110.741797863574   10.085031335773  120.853551173326
     0.022325034939  109.447601586754   10.065251624445  120.394153915912
     0.022575639985  107.888795116856   10.036938259205  119.741146064133
     0.022830459443  106.304132149116   10.005702585246  119.032367106331
     0.023085278900  104.980398267649    9.977602510551  118.398874858058
     0.023340098357  104.014009785084    9.955202409015  117.902394877214
     0.023596153086  103.351310060588    9.942338346683  117.631424771353
     0.023850048110  102.604598491108    9.930001118399  117.332674723448
     0.024101422984  101.516912163253    9.908908813152  116.813155870201
     0.024359985789  100.348356999328    9.885181096501  116.255926579559
     0.024612510198   99.295895733702    9.862981401077  115.744433101612
     0.024870579555   98.248549301760    9.840066161458  115.224034705255
     0.025009654732   97.705615460810    9.827929110559  114.954148752253
     0.026018858388   95.206715538198    9.776761063928  113.825541246620
     0.027028210392   91.792446454033    9.701926784598  112.222836609633
     0.028047031589   89.631487993844    9.652853703546  111.103049007057
     0.029058652314   86.941764435003    9.584910781554  109.701285132950
     0.030070273039   85.158387425660    9.549412517226  108.962482583765
     0.031081893764   82.657640866946    9.490407203452  107.691526873190
     0.032093514489   81.231743508399    9.461102888476  107.075804598079
     0.033105135214   79.564068754332    9.425277900167  106.283117162882
     0.034116755939   78.327225339725    9.406263131794  105.925081538973
     0.035128376664   77.370517046584    9.393415385632  105.682499081214
     0.036139997388   75.948611475570    9.359298316994  104.929137966645
     0.036814411205   75.130585235741    9.343734084392  104.638802999296
     0.037814771448   74.559570983455    9.337364214956  104.562253081571
     0.038828383877   73.907491004471    9.323091794910  104.302428062455
     0.039841995539   72.853709624460    9.303849463159  104.023161586561
     0.040855607200   72.395433700796    9.302791294454  104.025604969929
     0.041869218862   72.421189768593    9.310995148318  104.235243271663
     0.042882830524   72.542884822730    9.328419871714  104.639277713059
     0.043896442186   71.692715906397    9.324268243115  104.630616409267
     0.044910053848   70.602661462113    9.316268236299  104.554325089591
     0.045923665510   70.038886876512    9.312360015964  104.495701169051
     0.046937277171   69.977045285586    9.312343650338  104.470357673496
     0.047956923885   69.720893479494    9.314106038040  104.574844512314
     0.048991923885   69.071893590470    9.299860945501  104.445586515254
     0.050026923885   68.664028091068    9.309282162542  104.574457532669
     0.051061923885   68.912932610185    9.336657614150  105.205596945404
     0.052074423885   69.670111706319    9.383289684708  106.206183613218
     0.053086970680   69.650374474641    9.410153518178  106.812260578285
     0.054108517474   69.237991645940    9.411914693014  106.908228870176
     0.055128517474   68.690256125100    9.409731785911  107.076707507029
     0.056148517474   68.273355547319    9.422022887221  107.342004111634
     0.057156595474   68.306372347080    9.441921595151  107.765483895797
     0.058206355474   67.946458277969    9.471527737585  108.329181879724
     0.059256115474   67.574415434587    9.491249051153  108.874577490606
     0.060269863905   67.780456835313    9.535730348732  109.940618253181
     0.061276063905   68.258349965024    9.557825934879  110.642732455816
     0.062284063905   68.710048312771    9.604541760265  111.738838096002
     0.063304063905   68.968331435978    9.646124775975  112.736665252814
     0.064330306905   69.134170631076    9.679359660565  113.516297185623
     0.065340428387   69.135383588732    9.708968243942  114.080021371030
     0.066352265549   69.052143147048    9.708250116545  114.281636540494
     0.067421941696   68.939528402902    9.714169041323  114.545011633957
     0.068437447275   68.775278836227    9.720121823506  114.742718937184
     0.069478490101   68.673289906368    9.741599048148  114.973516707645
     0.070496213923   68.684443899096    9.731667887255  114.947728686448
     0.071545066497   68.746837160946    9.734160546491  115.224462047401
     0.072598594304   68.988600057414    9.754937970730  115.845562759301
     0.073647653025   69.260211693466    9.782208333319  116.640139865575
     0.074710213591   69.047671290388    9.808811076350  117.054646265008
     0.075720446206   68.729565826926    9.787317649524  116.906215687387
     0.076739114249   68.286920624937    9.788095153834  116.966276773455
     0.077801111746   67.999625309070    9.791165217822  117.033473307521
     0.078825051135   68.055536576315    9.800954888998  117.376265128442
     0.079876994590   68.302328316366    9.829012466307  118.124162472802
     0.080896671968   68.767607295570    9.888465267036  119.465834939563
     0.081907638569   69.448270994944    9.948158310180  120.868056706629
     0.082964369678   70.321984065937   10.029111656808  122.630989741200
     0.083973833397   71.111443500123   10.053663265434  123.769313310692
     0.085029833397   71.596391642305   10.095399859475  124.881884725621
     0.086073881397   71.887808928471   10.139760451608  126.027233898666
     0.087095068645   71.983659896267   10.174872396390  126.932775918951
     0.088096130051   71.867544895732   10.233037231922  127.981866272253
     0.089122109744   71.655560025575   10.220970091471  127.964732838728
     0.089965825568   71.480587046550   10.245496221085  128.491178807153
     0.090980875568   71.277707377683   10.259201905816  128.913369005645
     0.092000010473   71.425143731146   10.307460144532  129.831305272898
     0.093005688271   71.686732764589   10.365680563619  131.296948468842
     0.094042899270   72.356824382238   10.413788836946  132.768035866804
     0.095043544681   73.097275450524   10.479338095365  134.436098668395
     0.096050394328   73.431074761671   10.536960015785  135.802528785657
     0.097088825535   73.592857983001   10.573192454456  137.013220871363
     0.098128070457   73.496938206821   10.603578249290  137.881264511438
     0.099167308826   73.224243421356   10.620132528341  138.317991333924
     0.100206547194   72.966812932008   10.639176235314  138.804132684998
     0.101232045550   72.926325478804   10.673832618207  139.746179270669
     0.102237469390   73.104928945287   10.704189647899  140.716663896357
     0.103275372812   73.437766749882   10.775673781457  142.371837150810
     0.104296121933   73.751793888126   10.819791267175  143.598095563057
     0.105306638909   74.028328912770   10.867782205735  144.972421736521
     0.106327683537   74.195592602270   10.908980604505  146.153499199554
     0.107357178315   74.127137197286   10.937460284650  146.907594796448
     0.108381376309   74.105238300256   10.967049096732  147.775961361680
     0.109404039259   73.962092640051   10.983460225997  148.353462587710
     0.110435685214   73.692972001339   10.995000129673  148.720827994969
     0.111448185214   73.667533982109   11.036942259739  149.708435148465
     0.112453987896   73.724455965820   11.067441967130  150.556738313625
     0.113466215354   73.961367940501   11.110873923914  151.849337568170
     0.114466926850   74.271036449700   11.149352305582  153.038858970038
     0.115479426850   74.633491494781   11.181312192498  154.110284319622
     0.116487788966   74.814007790907   11.228247894902  155.287971759407
     0.117499072353   74.880352624079   11.275849062951  156.470844150633
     0.118513471936   74.803435059059   11.302569069551  157.463907843166
     0.119527871519   74.607671673067   11.321797649121  158.064210487508
     0.120559453315   74.589851823112   11.352599954921  158.968760232546
     0.121565473315   74.505987391413   11.363231664539  159.454210584074
     0.122582428315   74.339799048499   11.400006335645  160.312189697799
     0.123586505811   74.288609911518   11.426039582158  161.020417960851
     0.124590336742   74.267931361944   11.463052791672  162.174620052123
     0.125602875040   74.461361579618   11.498689138258  163.387786110785
     0.126623860912   74.646100306708   11.536062615582  164.445526318154
     0.127632614662   74.614818810146   11.561712322659  165.116379761603
     0.128641368412   74.607795503557   11.595607825094  166.104045138832
     0.129650122162   74.722785289998   11.639556644062  167.624952462064
     0.130685886255   74.766828262380   11.671748679623  168.544844119404
     0.131691620673   74.911822625967   11.676323287661  169.017016758003
     0.132706024173   74.794549986618   11.735765463009  170.258480032754
     0.133724619423   74.909989056225   11.773339184723  171.730126162300
     0.134731032990   74.702851746874   11.793349727560  172.336736577874
     0.135755628603   74.668309857447   11.805635875605  172.768066186007
     0.136768568606   74.787261385397   11.845657751378  173.866428285619
     0.137784205249   74.840279823144   11.896580581713  175.488353098122
     0.138789857890   74.671269077077   11.921492744380  176.420064807236
     0.139805835136   74.450040618759   11.915017524795  176.434533188059
     0.140813678634   74.376685421368   11.934515776995  177.026295495015
     0.141828583321   74.415751442157   11.997744743276  178.639677933542
     0.142852929430   74.451263830573   12.032655979540  179.989042277107
     0.143858620870   74.346258494077   12.041072466413  180.337387410593
     0.144860016344   74.114846502756   12.066225168560  180.986519593972
     0.145869524713   73.942557951731   12.089058567277  181.640292571912
     0.146878526305   73.965200903164   12.116630894038  182.984804456265
     0.147880995666   74.118271765381   12.138306555192  183.692800840988
     0.148895504387   74.229907215995   12.180336802004  184.878775404636
     0.149912301861   74.074488110785   12.229722118434  186.403776158577
     0.150913018211   73.856215393445   12.215317624554  186.314085266008
     0.151926098516   74.024533725837   12.254004236707  187.306067158260
     0.152942895509   74.196178687793   12.315850208494  189.238379005303
     0.153959717833   74.066786635939   12.307534882994  189.402897874208
     0.154967063975   73.997497047252   12.333301622567  190.020534259511
     0.155977355459   74.132358678182   12.400775461395  192.152566790958
     0.156989092544   74.113943639449   12.429221153747  193.160046478006
     0.157999419261   73.758961744699   12.407489442753  192.624828985646
     0.159008326784   73.602094538929   12.453055912376  193.849792221605
     0.160017234308   73.749161408341   12.495834092989  195.612031165694
     0.161021030362   73.626556278979   12.513422064409  196.018983607556
     0.162030933591   73.239476145173   12.502179585498  195.759844089073
     0.163039994761   73.463827819683   12.567061448260  198.016425885630
     0.164049956191   73.656288613109   12.576311410125  198.345454851526
     0.165054828084   73.977948842908   12.654945743828  200.932355439479
     0.166060152192   73.681846704247   12.657493759059  201.126715628533
     0.167062327840   73.397265383677   12.640996254772  200.668643256246
     0.168068574272   73.533811263352   12.696384869579  202.362808263897
     0.169073235721   73.489273781563   12.722945620415  203.383282080866
     0.170075686236   73.405292901781   12.731547920974  203.605290207050
     0.171084958830   73.780915906388   12.794801287125  205.979845772076
     0.172088482628   73.591451658892   12.777599714201  205.540474224800
     0.173049566613   73.490989450984   12.797295765668  206.226957297575
     0.174010650597   73.217127219143   12.854049256456  208.126430504363
     0.175018976282   73.157882388957   12.868281066233  208.613146661725
     0.176023129828   73.051007128437   12.843051499563  207.998146296712
     0.176888105414   72.896123564410   12.868113494509  208.695138590071
     0.177753081000   72.785229004543   12.926119739062  210.646598528187
     0.178765519022   72.812450493103   12.954636352509  211.749755882245
     0.179771431315   72.488151521413   12.921504861262  210.822097113911
     0.180705604948   72.506254002793   12.968347263057  212.178776427924
     0.181711253480   72.631695861031   13.010627623449  213.828222788905
     0.182576229066   72.638635818677   12.997054727131  213.395051190900
     0.183441204652   72.778006216903   13.070169904866  215.968472702902
     0.184445611147   72.776699076783   13.086297088782  216.487489689848
     0.185286367417   72.615015017340   13.067450022333  215.890529890416
     0.186127123686   72.671593360673   13.121926691501  217.862397858885
     0.186967879956   72.740234662058   13.142706516896  218.681729703190
     0.187974571072   72.595460776837   13.149720775895  218.613423245441
     0.188775474393   72.370693729927   13.122414143770  218.013349988389
     0.189576377713   72.359344676814   13.187111765888  220.310521531971
     0.190340489751   72.480127532154   13.222678698469  221.738791279651
     0.191134601212   72.102475252549   13.214854065978  221.444944804144
     0.191928107431   71.846307216970   13.216606310733  221.488105314692
     0.192934826641   71.590137184023   13.222366005961  221.447388502542
     0.193735729961   71.479578719005   13.198470271400  220.855107339217
     0.194536633281   71.652898637369   13.268964097594  223.500684514564
     0.195340656918   71.602247797585   13.279707496865  223.911661756233
     0.196257344196   71.409655968457   13.282138135467  223.578952160301
     0.196760878306   71.234694625827   13.259899994995  222.973789849254
     0.197421665741   71.150846261358   13.264647034747  223.337772595615
     0.198198955485   71.320910930129   13.339671835210  225.791097322265
     0.198259767765   71.326444619994   13.339156543820  225.831712319822
     0.199087188889   71.364161330750   13.347005179862  226.049400950659
     0.199808001877   71.296021416764   13.326098592623  225.570000134808
     0.200510046337   71.460567923718   13.389558257977  227.993399449548
     0.201140613539   71.532586597989   13.410006897104  228.880984327772
     0.202042397478   71.435304996380   13.423449690676  229.052531374095
     0.202800559572   71.195283523824   13.399528149095  228.268874479253
     0.203465639903   70.967443726425   13.392560111771  227.983528297276
     0.204137569929   71.284368820706   13.451959462520  230.143750550730
     0.204809133293   71.457727390928   13.473576419630  230.822731026341
     0.205480242617   71.508491492213   13.488492494628  231.229561688081
     0.206157599184   71.212413602755   13.485473905454  231.240923200689
     0.206881743297   70.559883872474   13.463745170023  230.505369394960
     0.207482420787   70.333322597086   13.459244422361  230.281912329897
     0.208164194258   70.711773297554   13.505339927786  232.105884035690
     0.209065227235   71.078940582563   13.548032349006  233.429828648743
     0.209966260211   70.806890063362   13.514304154171  232.624755491436
     0.210715151568   70.480239794609   13.510178212821  232.628343129326
     0.211317082347   70.212602408033   13.510788180259  232.632892652241
     0.211928384146   70.083395762892   13.539329784214  233.409135620032
     0.212539354435   70.276473236122   13.582724181064  235.284864064421
     0.213204275011   70.378323745775   13.596357823784  235.625350652064
     0.213819945601   70.427614382321   13.610510225712  235.783985342590
     0.214532279858   70.143208945795   13.594013273968  235.325761680019
     0.215046303533   69.882608032619   13.599218981602  235.467648260374
     0.215593398478   69.762807690199   13.600444502386  235.555386558622
     0.216140493424   69.571374851557   13.596282291980  235.651513594010
     0.216903799769   69.804165309003   13.658159290710  238.234638444096
     0.217724580030   69.890733346692   13.656601243712  237.918422816094
     0.218380254593   69.879143722192   13.639713336653  237.655766192829
     0.218959323402   69.718671580718   13.644616328045  237.736593116830
     0.219538392211   69.567288127495   13.670779103495  238.562567107728
     0.220117461020   69.787429148319   13.714353029516  240.599881492590
     0.220696529829   69.930590056116   13.722343420829  240.730906995387
     0.221275598638   69.977525499143   13.727336459749  240.514062177238
     0.221866255147   69.929375504430   13.732102681315  240.681969950662
     0.222690908759   69.427543166392   13.716379952142  239.922341141577
     0.223415645931   69.334490945879   13.705920699535  239.771557892234
     0.224136374359   69.634889899137   13.739198883363  242.319281584988
     0.224857102787   69.674555088200   13.759846648751  242.947040120161
     0.225577831215   69.379209205328   13.751279357470  242.566571463910
     0.226298559642   69.345299098812   13.771355019391  243.496423461661
     0.227019288070   68.960683160095   13.760453924428  243.109824770516
     0.227740016498   68.784147783076   13.764357098959  243.286366333481
     0.228460744926   68.717918808419   13.766289245986  242.662961598679
     0.229181473353   69.198172567726   13.815219975925  244.962903785294
     0.229902201781   69.418549275380   13.838217490173  245.985250460594
     0.230622930209   69.350970341125   13.839280476496  245.317673688899
     0.231343658637   69.419217298646   13.863945157784  245.878274538725
     0.232064387064   69.711924232538   13.901298816894  248.939977095605
     0.232785115492   69.606292381186   13.914235855235  249.510557127361
     0.233505843920   69.322321417762   13.915838908499  249.730547002794
     0.234226572347   69.144271717815   13.922614570223  249.989461702143
     0.234947300775   68.851986283108   13.927446784371  249.658894412157
     0.235668029203   68.255783834631   13.877994821850  246.603408890921
     0.236385851449   68.203051164316   13.882335198765  247.987351187596
     0.237033925329   68.556737748700   13.909016709726  248.509718817211
     0.237681999209   68.762160717762   13.945199418936  249.348048471107
     0.238330073090   68.750075167950   13.975169559053  251.910065421952
     0.238978146970   68.604428058159   13.977942135963  251.894908240343
     0.239626220850   68.720098917596   13.989596321709  252.078579636389
     0.240274294731   68.630714810404   13.994207498831  252.268652481208
     0.240922368611   68.193867060810   13.982100212522  251.948027998223
     0.241570442491   68.045311380360   13.993343688660  252.591156594053
     0.242218516372   67.906944221184   13.983707660532  251.834164165001
     0.242866590252   67.895896601580   13.982758503770  251.204796571847
     0.243514664132   67.952478363313   14.003593939224  251.591103228150
     0.244162683737   68.120242989809   14.023021694100  253.449372640930
     0.244810631345   68.268514786500   14.035806722530  253.652179608917
     0.245422918525   68.199802262511   14.040698081007  253.371632248954
     0.246006028992   67.911941433036   14.034696943047  252.947840428286
     0.246589139460   68.278994548491   14.073484137474  255.656766623092
     0.247172249927   68.548165091494   14.106157272366  256.481462757546
     0.247943804942   68.319605287616   14.101618896680  256.397164935370
     0.248595103971   67.939952569962   14.102024674233  256.864690515306
     0.249165398873   67.539759635359   14.061008791709  254.455235103750
     0.249692340808   67.367105876115   14.055388081717  254.603679476778
     0.250233442805   67.488705436352   14.088082254880  256.066088431243
     0.250799821544   67.608101872289   14.108642495344  256.535521517794
     0.251380795004   67.431229893746   14.100006930136  255.782445950316
     0.251916701989   67.299580080646   14.092022260870  255.198524959097
     0.252270781226   67.321313825909   14.099493461150  255.269844371932
     0.252624860463   67.378651051551   14.114653485823  255.808720433832
     0.252978939700   67.640168900137   14.138116049727  257.783124935418
     0.253333018937   67.819606750631   14.173557919513  259.401656779443
     0.253687098174   67.793306266790   14.204384085653  259.804555023576
     0.254154149919   67.630545072481   14.199996942472  259.453677586863
     0.254635885584   67.608720217515   14.202345301985  259.482105664976
     0.255117462592   67.604260894753   14.200259591925  259.233597985280
     0.255319674684   67.563661036961   14.188338922879  258.764348200874
     0.255797139085   67.582700730030   14.183560381354  258.671706042426
     0.256278434178   67.544001458918   14.192234607326  258.926165647131
     0.256759729272   67.415021436930   14.196295760518  258.816473989333
     0.257241024365   66.888194454035   14.176593805751  258.092261238858
     0.257722319458   66.863598919678   14.179412450194  258.177255880335
     0.258203614552   66.845056297164   14.185066990305  258.404256237188
     0.258684909645   66.712758292544   14.185809967291  258.485928409844
     0.259166204739   66.635091485895   14.195671896866  258.991255102522
     0.259647499832   66.550033704920   14.200414478274  259.049328681945
     0.260128794926   66.430538037444   14.197280754832  258.901060501529
     0.260610090019   66.327530948520   14.196836827741  258.987696002936
     0.261091385112   66.421600495624   14.210305710515  259.520533372983
     0.261567230523   66.527721736569   14.213830782506  259.386018301859
     0.262046031024   66.619394494910   14.215893820139  259.208412363379
     0.262524629088   66.769624434748   14.227812727322  259.525100527096
     0.263003081372   66.804815564112   14.234247835473  259.667186193081
     0.263481371366   66.638013420156   14.230188410307  259.524037994599
     0.263955616720   66.469740378942   14.230957312703  259.753812343951
     0.264433508779   66.277670692559   14.226097617263  259.640491807159
     0.264911245224   66.104869175326   14.218483673028  259.315829562817
     0.265388785584   66.073178674036   14.225378023997  259.629286177574
     0.265862306919   66.067623899169   14.235926748489  260.107757800013
     0.266335678209   65.867862923961   14.231641160725  259.997518690161
     0.266812685618   65.553153080902   14.219670930631  259.587988502183
     0.267289495555   65.488448879260   14.226456631516  259.916190677295
     0.267766139391   65.531467950058   14.235802384794  260.219954310318
     0.268242618876   65.426679343946   14.234884309513  260.182316792909
     0.268719051009   65.223067836349   14.231090918273  260.096030697503
     0.269195483143   65.062574257424   14.230381167110  260.117756719856
     0.269737580991   64.939949165257   14.227475454410  259.828704981555
     0.270316436233   64.922376878209   14.231831234524  259.700973170531
     0.270848919199   64.973482648021   14.240446445043  259.742614909306
     0.271362315776   65.098746240905   14.250393128620  260.703047705628
     0.271858636486   65.503547821206   14.301736421008  263.570038215310
     0.272354957196   65.639177263991   14.321910111932  264.297073157351
     0.272818035743   65.501706107928   14.320983138222  264.096507099784
     0.273288898505   65.488864561202   14.329007831607  264.539353554201
     0.273759625002   65.272738323649   14.319029542966  264.136213734264
     0.274233940347   65.079898316599   14.312534725065  263.750220833820
     0.274708104552   65.219910241063   14.328702229488  264.388029487539
     0.275182224942   65.237144116275   14.331601098395  264.382315124749
     0.275656345333   65.055469270977   14.325676648665  264.195720448832
     0.276130465724   64.997924509977   14.336779118409  264.851835810450
     0.276604586114   64.863662454102   14.337935988549  264.981436532646
     0.277078706505   64.646920139691   14.332483444603  264.797915619331
     0.277552826896   64.614360752790   14.343403300596  265.285465338869
     0.278026947286   64.546206104029   14.351186409423  265.645674953365
     0.278501067677   64.275365882356   14.342444370302  265.351619702213
     0.278967134802   64.082541669858   14.338704600651  265.244694952829
     0.279432139921   64.070648275739   14.346624229169  265.519574083637
     0.279893215448   64.044319424537   14.350924150174  265.621623721611
     0.280361705167   63.913892319610   14.350689766329  265.610301767294
     0.280833804537   63.765961824238   14.351809447457  265.721770960113
     0.281305754251   63.617587523714   14.351371832875  265.749011432049
     0.281777558975   63.470471365842   14.347412469188  265.613198255536
     0.282249196273   63.389674733755   14.351814152328  265.840490608537
     0.282720670759   63.253221727200   14.350325426577  265.779511552516
     0.283279763435   63.023969189102   14.337366066253  265.069773686248
     0.283743788128   63.007957213499   14.333871069853  264.520271634837
     0.284259371120   63.208289127335   14.345186493921  264.494791305842
     0.284751389736   63.795531136585   14.396106352142  267.550878873551
     0.285207047214   64.128138673485   14.436522811719  269.328377123241
     0.285627669467   64.045625648622   14.436382014139  269.247999411667
     0.286029073687   63.803303383115   14.427338588297  268.932384748962
     0.286430392812   63.714110124747   14.433997728448  269.265455273978
     0.286841620462   63.608232700374   14.435903119488  269.340731800146
     0.287259388349   63.486074926420   14.436162331710  269.224912548683
     0.287677046365   63.449440402122   14.439981995320  269.325541872742
     0.288094596459   63.359335157581   14.436748405580  269.102416256767
     0.288511995843   63.229355766732   14.429363079589  268.720678447718
     0.288929284246   63.204902106803   14.432812646771  268.829220944980
     0.289346472935   63.201094826327   14.436453500136  268.881185087440
     0.289763521753   63.103268818066   14.433283925913  268.637887438294
     0.290180435989   63.009481491775   14.432789388249  268.546982713577
     0.290597249289   62.958922577643   14.435292894734  268.553040315388
     0.291160672976   62.818480732805   14.432034616771  268.092895155270
     0.291492653469   62.793180110451   14.435895298729  268.115838271047
     0.291805040684   62.801331747080   14.442001814698  268.268961847675
     0.292114853146   62.771039687540   14.441846735236  268.252114970805
     0.292422064490   62.749231121861   14.436722100042  268.666651042022
     0.292731705279   62.858610687432   14.466061813203  270.555933089946
     0.293028825832   62.979137273661   14.504739917529  271.985981758109
     0.293335886684   63.093338049007   14.521614689360  272.587588296952
     0.293647852962   63.052168970234   14.522362114881  272.599727699037
     0.293959727769   62.969051971420   14.521291663477  272.523910712439
     0.294341704408   62.993385647321   14.531419913538  272.976969049697
     0.294809322128   62.898197627304   14.530909630468  273.034906301637
     0.295288839513   62.709466700511   14.525808069838  272.932361529820
     0.295881212306   62.636052050167   14.524681113014  273.350322934508
     0.296449847193   62.416212149223   14.513027492105  273.074701515864
     0.297018482080   62.115412842372   14.487520546493  271.542890826682
     0.297532770681   61.618730599515   14.439077313935  269.118394176099
     0.298043590370   61.195798447019   14.413355387551  267.912333321237
     0.298554410059   61.378815194177   14.437753717629  269.287350253010
     0.298918186108   61.901525994021   14.487535239817  271.832562961851
     0.299221540000   62.131726313042   14.507387234423  272.162828236321
     0.299558350243   62.290997723016   14.523401768048  272.300593183535
     0.300020580413   62.662477472351   14.570004385120  275.187518827002
     0.300445395106   62.902826081294   14.621509073937  277.164694470938
     0.300849391528   62.804845397398   14.626900347487  277.259098616205
     0.301323211517   62.526881725223   14.604507267437  276.650995992048
     0.301807870386   62.042169708830   14.558251466327  273.650483954193
     0.302256391780   61.638723429899   14.524279302293  271.881216049394
     0.302704913173   61.581847091431   14.517837728079  271.979899066749
     0.303153434567   61.952392564569   14.555337130553  274.725356619815
     0.303601955961   62.194975890760   14.588778569542  275.746512732720
     0.304050477354   62.330257240818   14.602918968408  275.797743273947
     0.304498998748   62.416596399782   14.614711100746  275.985521134433
     0.304947520142   62.295017043096   14.615051152502  275.839822866470
     0.305396041535   62.207403984343   14.617109557845  275.871496546020
     0.305826987896   62.224219022717   14.623843721175  276.107555049855
     0.306225119625   62.101593935454   14.623780896487  276.122466975450
     0.306604280423   61.998093348908   14.634550538466  277.190677982049
     0.306991585501   62.081771983128   14.662418516502  279.109912743770
     0.307210800175   62.150098585674   14.673486669057  279.744021983428
     0.307489195065   62.226153433208   14.684589653549  280.289430519394
     0.307768054721   62.289658070592   14.693829255207  280.501881181363
     0.308071420780   62.397764103804   14.703806896647  280.635827896503
     0.308380337878   62.518896687376   14.715275683214  281.098348641154
     0.308689171901   62.504110395617   14.727075792578  281.821264240226
     0.309087463010   62.204587831772   14.732336336480  281.938398256237
     0.309550493703   61.919963502789   14.722861984677  281.695317039847
     0.310013389502   61.825079805981   14.723677512374  281.652492508996
     0.310476125481   61.751078198368   14.717636813120  281.678019744002
     0.310904000747   61.633303652441   14.709751229176  281.625389099147
     0.311320278987   61.443279740045   14.700961728941  281.287802881627
     0.311736557227   61.402176792737   14.700738991300  281.424200273270
     0.312152835467   61.573353631478   14.718383722433  282.215501978836
     0.312569113708   61.680403574662   14.730985744108  282.459097094829
     0.312974837145   61.702530591687   14.735209669716  282.506509333621
     0.313365313326   61.618038781135   14.735029669737  282.641510434652
     0.313749396663   61.438667343660   14.724489237033  282.124131438520
     0.314156436946   61.363135152034   14.719748630625  281.725890043777
     0.314583037607   61.478153348810   14.733470876460  281.811403786322
     0.314882254500   61.531310869529   14.736779604500  281.516140239468
     0.315179975771   61.525176430313   14.736863761488  281.141924125240
     0.315482530871   61.492791238720   14.738307302801  280.957199231272
     0.315789928734   61.528750537439   14.746783191988  281.376055977703
     0.316097278990   61.770826699062   14.779247933118  283.406635859044
     0.316404588634   62.021933809018   14.822074442872  285.447724997433
     0.316711821294   62.084807507764   14.830623045331  285.679156800727
     0.317018970244   62.026653092477   14.820897581663  284.880390917478
     0.317326067402   62.019742306558   14.817171109615  284.397064110802
     0.317633118206   62.060786902029   14.820399673502  284.350732288210
     0.317973859818   61.973287533449   14.815066356222  283.897867983612
     0.318434201213   61.804554265257   14.806653521391  283.302555077608
     0.318894433211   61.797708474697   14.812640934264  283.586235923485
     0.319344216264   61.613193692163   14.801836928668  283.207607472785
     0.319757376833   61.334869885442   14.777248237876  282.627929536565
     0.320170537401   61.191257831909   14.772981854084  282.574668942781
     0.320583697969   61.139893560022   14.780172821502  283.271622911481
     0.320996858538   61.307810958857   14.814601066048  285.735600018512
     0.321410019106   61.480849009122   14.843112135542  287.284066237372
     0.321823179674   61.437588482024   14.845668637085  287.442000082953
     0.322236340243   61.345012864881   14.844070539011  287.430916950527
     0.322649500811   61.317870313429   14.851992793162  287.807839676859
     0.323062661379   61.241298530128   14.851245500071  287.756526772984
     0.323320991213   61.178846976525   14.847913549293  287.644443204959
     0.323575891049   61.168023772108   14.848104867323  287.669333572828
     0.323830752285   61.199951592087   14.851881716692  287.791956443561
     0.324085573480   61.233425748163   14.855444983799  287.804056932558
     0.324340348955   61.273667301010   14.859467539222  287.806223089797
     0.324595079367   61.313651409698   14.871518732557  288.124093799566
     0.324849771274   61.308700156344   14.890163976990  288.604476509082
     0.325104418123   61.230066615226   14.895924508554  288.749831410792
     0.325406161483   61.087939587203   14.889969888009  288.523770666390
     0.325788154905   60.978305946210   14.884135143573  288.255368279774
     0.326170148327   60.976508138612   14.881404180109  287.791235106533
     0.326552141748   61.046310590682   14.876496923869  287.010467886666
     0.326934135170   61.100713907369   14.867138994796  286.487353642534
     0.327316128591   61.115914098288   14.865778116991  286.609415932185
     0.327468925960   61.094857234617   14.867021699109  286.742564648723
     0.327899611024   60.889080155037   14.858705471077  286.548196066972
     0.328271497706   60.694863471545   14.848591682242  286.169627277046
     0.328641727025   60.609414581781   14.846166616238  285.943924590128
     0.329011956343   60.531396736959   14.840764384987  285.423935826329
     0.329366983912   60.687582266153   14.853067149773  286.756231575885
     0.329704387778   61.123708132568   14.904601523016  289.602680167055
     0.330044931648   61.424373687073   14.938451991617  291.056556828389
     0.330377507760   61.369063832438   14.937530944745  290.864740402759
     0.330720246976   61.243241477415   14.933908169513  290.873691425518
     0.331066537259   61.170050577502   14.940086632923  291.213649038548
     0.331436327656   61.168966134871   14.943986608073  291.326860511096
     0.331838820906   61.247546533561   14.954054305210  291.690061681474
     0.332244460273   61.285922811243   14.961625707105  291.985497284092
     0.332649967751   61.141932735818   14.958478951609  291.855909526683
     0.333050951787   60.974277896713   14.951982659870  291.378104830993
     0.333415637976   60.768016394430   14.926297560932  289.406647312929
     0.333780324165   60.476527226590   14.890853657047  287.421384643038
     0.334145010353   60.435990335900   14.892958823168  288.122865917871
     0.334509696542   60.703858911136   14.923486114364  290.216016744188
     0.334874382731   60.876583443693   14.941756044736  290.783885800276
     0.335239068919   60.981373018585   14.946800290087  290.181127823510
     0.335603755108   61.164028567564   14.961640651626  290.355218756187
     0.335968441296   61.261137030027   14.973185448525  290.662559078812
     0.336333127485   61.215203292620   14.973466957735  290.745842846250
     0.336697813674   61.086758309453   14.964339936273  290.656345659306
     0.337048760184   60.864648062789   14.948917198314  290.367972149483
     0.337398981141   60.623008337461   14.934640529091  290.193516912495
     0.337765574791   60.554116613359   14.939485444813  291.018616613108
     0.338154012390   60.481253870979   14.945529596541  291.228958315622
     0.338401327753   60.365129286906   14.939176194698  290.479775760653
     0.338643793771   60.279304183664   14.933201313845  289.817023652602
     0.338886259788   60.280466343881   14.933423236665  289.599454947316
     0.339131934695   60.360278005042   14.941411532866  289.753948830071
     0.339470724215   60.514894870329   14.959629676226  290.544149241247
     0.339848401314   60.873765196425   15.014823541172  293.617243000303
     0.340213999107   61.166505874740   15.061714179302  295.824522563612
     0.340565258782   61.305145549686   15.080794612965  296.697510422957
     0.340913449179   61.213160990362   15.073970905286  296.695590837878
     0.341266966159   60.806984959679   15.036117703745  294.734203219420
     0.341697676902   60.201843605078   14.968087926142  291.458702679455
     0.342087634363   59.950956552346   14.949563572601  290.659265102424
     0.342471462501   59.940481819346   14.951967056557  290.295504249167
     0.342855290638   60.091676759366   14.968579154867  290.917483335601
     0.343239118775   60.431764513799   15.006403161621  293.784069386939
     0.343622946913   60.672919287511   15.047635587054  296.018331192539
     0.344006775050   60.698476039268   15.063996717525  296.828431646628
     0.344390603188   60.563499914353   15.068532182730  296.794315629116
     0.344774431325   60.212423117404   15.032266464177  294.352577611510
     0.345120879042   59.775827351476   14.978689898683  291.762261758350
     0.345466170664   59.480477112350   14.953401853984  290.664102830887
     0.345801104974   59.419144789431   14.951703885419  290.386968594843
     0.346095486051   59.566458449503   14.970254315182  291.224964102475
     0.346392234955   59.910263598112   15.010312538261  293.732232795120
     0.346686527387   60.208378383888   15.044630142116  295.410227604218
     0.346980759136   60.423818130580   15.064189290590  295.929770486379
     0.347071185369   60.462133301539   15.067938906043  295.986826272350
     0.347358110020   60.474902376977   15.074012327756  295.952432388541
     0.347649815128   60.414392218112   15.076028137197  296.133083938096
     0.347941461304   60.322996519614   15.078430495158  296.661740129366
     0.348235461825   60.176854961364   15.075922839433  296.667956827110
     0.348534222548   60.052968460786   15.070499235284  296.365841026620
     0.348832930502   60.004808753405   15.068685080301  296.133430265773
     0.349133995708   60.042037537459   15.070344351756  295.912448642000
     0.349432593604   60.093345624136   15.072747704099  295.597056809108
     0.349733550481   60.142468966566   15.077050331397  295.389567026032
     0.350034454849   60.233070278654   15.087444453356  295.614176584363
     0.350335303826   60.252722829948   15.092841623027  295.803905406552
     0.350636101169   60.179037882852   15.091011301329  295.705931715330
     0.351014958232   60.026569794844   15.084923781881  295.614689878183
     0.351369154728   59.848465128979   15.075609561253  295.408006159111
     0.351696413387   59.671748609937   15.066260258152  294.976324225698
     0.352023672046   59.569327052091   15.062964428805  294.679849510226
     0.352350930705   59.660360690311   15.072103090011  295.368945195114
     0.352678189363   59.965076098999   15.107481562468  297.975826513665
     0.353005448022   60.234379204188   15.146522917755  300.047684495534
     0.353332706681   60.378701184007   15.164610151955  300.808272499395
     0.353659965340   60.407007064938   15.173538991619  301.336342443769
     0.353987223999   60.315014952207   15.177374330982  301.648319820958
     0.354314482657   60.122370978278   15.169393856929  301.281931867526
     0.354641741316   60.000042584321   15.162404134975  300.964378927875
     0.354968999975   60.120102200128   15.173524582312  301.408778625590
     0.355279981107   60.305293808098   15.191964811537  302.169068674452
     0.355577478866   60.304726797791   15.195641380988  302.347942603450
     0.355982880856   60.022284914190   15.178174949259  301.667571487513
     0.356407308834   59.981696418557   15.181808887428  301.700722896345
     0.356780760420   60.071150913914   15.197882640416  302.079555766035
     0.357142261555   59.975348198291   15.192320685262  301.824680182406
     0.357366332507   59.847171423642   15.177600407883  301.484165780569
     0.357590403459   59.701528598006   15.163979396386  300.993129154364
     0.357814474410   59.508321473162   15.146490684182  299.806712784586
     0.358038545362   59.292779884866   15.122098388013  298.090144519792
     0.358265738312   59.203008680601   15.111922804307  297.431050225357
     0.358515232552   59.304377910982   15.127860799611  298.573644645578
     0.358762689720   59.485646640055   15.157526787631  300.138414161150
     0.359010093567   59.625076380302   15.179358973583  300.888972868633
     0.359259449879   59.721737391447   15.186971362081  300.903753139657
     0.359508777337   59.811489482035   15.192003061584  300.856684973586
     0.359758090815   59.814758730743   15.189864835719  300.620287910698
     0.360007357535   59.745069903827   15.180856538556  300.257804499561
     0.360256570184   59.666899339421   15.176064959508  300.225012465104
     0.360505747205   59.654813524920   15.180659071379  300.678408420865
     0.360754900973   59.726070041469   15.194356672204  301.532661402732
     0.361004025608   59.709422330209   15.199929791160  301.838917503455
     0.361253107585   59.550097579372   15.187330172038  300.947278867020
     0.361502137585   59.398350117274   15.173019248138  299.969659429025
     0.361751134534   59.348983869164   15.170231286997  299.914804582966
     0.362000111309   59.393959195819   15.178568274219  300.432711398054
     0.362249055310   59.413818544843   15.185184711588  300.701054708942
     0.362497948470   59.300097886450   15.178372341155  300.188963661083
     0.362612423713   59.224618412099   15.172718067866  299.828751540702
     0.362861256855   59.113243368176   15.165583528752  299.503944028173
     0.363110067855   59.102133314895   15.169916644361  300.093492204461
     0.363358850595   59.098623248131   15.176775627263  300.797183577644
     0.363607589277   59.050942120663   15.178236941435  300.961503783418
     0.363856278965   58.963114923203   15.175996837397  300.795127037137
     0.364104929620   58.835048698937   15.171856952308  300.477494499274
     0.364353559011   58.712370357030   15.166692057062  300.163400932394
     0.364688330630   58.565579330197   15.157983084103  299.780299218434
     0.365058786942   58.456626286659   15.148430589173  299.198360356370
     0.365428519972   58.452755533849   15.147994317403  298.769555338450
     0.365785795607   58.529531858600   15.155273624621  298.814769075743
     0.366125476497   58.560065939755   15.156266814561  299.101844618055
     0.366486781552   58.627142595434   15.172985782868  300.900667325114
     0.366884016933   58.806932492875   15.202071357028  302.815162669606
     0.367137074472   58.916508160097   15.218458320139  303.628310161357
     0.367381288421   58.940381444993   15.229060101421  304.031814995533
     0.367688677481   58.863875607836   15.233172607007  304.162991494882
     0.368058975288   58.622826033721   15.216632644327  303.230477790510
     0.368447907808   58.235622796709   15.171891155010  300.417213302968
     0.368800765266   58.027744567886   15.156782445189  299.026479082798
     0.369059416315   57.983416512912   15.148805014376  298.654273875300
     0.369349759417   57.979786782701   15.144409795253  298.875924654591
     0.369654940674   58.058879750633   15.161597932239  300.436672311972
     0.370101032494   58.218453852623   15.193324974780  302.658276672669
     0.370500185121   58.304787563019   15.223104074532  303.728435887762
     0.370898381339   58.256587434100   15.229831998916  303.972552209079
     0.371296577557   58.114532627402   15.214049353277  303.606261969987
     0.371694773774   57.851031170205   15.189211936387  302.268165513850
     0.372092969992   57.557839001470   15.150624451071  299.785970210575
     0.372491166209   57.404235390044   15.134314737130  298.860806929308
     0.372889362427   57.450962965897   15.151105962602  300.169378831300
     0.373287558645   57.644982706959   15.190589712634  302.606658027449
     0.373685754862   57.637179541480   15.206016471894  303.100955863679
     0.374047128575   57.235822174367   15.162730818887  300.664541315819
     0.374405300331   56.815592703252   15.116854743556  298.287737552989
     0.374745663527   56.751379917773   15.112096584366  298.034249092920
     0.375053488617   57.001602890170   15.140129540562  299.866614739588
     0.375347646003   57.235425867608   15.174785309009  302.067388598948
     0.375683750011   57.262407481494   15.199277649895  303.322699486809
     0.376119484154   56.927656618747   15.182444921914  302.056446000450
     0.376548003354   56.311774688338   15.130728967640  300.212133007218
     0.376983554508   55.944918216568   15.124516847355  300.467371134068
     0.377387679506   55.741379114094   15.105614280993  299.942631790205
     0.377738435657   55.592538026318   15.097833943763  299.687524663637
     0.378059387287   55.450613140635   15.095537554152  299.568787943139
     0.378391667431   55.307987388413   15.089061292375  299.084286174198
     0.378717952420   55.058510837462   15.060909136528  297.288556637377
     0.379059241768   54.768730851701   15.030428882497  295.723644813235
     0.379437573726   54.475247553119   15.014935268417  295.230384476076
     0.379822533685   54.176355483590   14.993742480394  294.406180873469
     0.380216888937   54.155470591502   14.997069793796  294.337990162952
     0.380611136712   54.226768188139   15.008513771533  294.487812157667
     0.380914650905   54.296358341199   15.026221505041  295.374547049787
     0.381308789503   54.458975587076   15.069877751915  298.131498871738
     0.381702825939   54.386578728728   15.073647916878  298.137663529219
     0.382096772730   53.943414064657   15.018213908671  295.345187779914
     0.382490651176   53.594882245780   14.986072978533  294.367193955433
     0.382884446263   53.318343850599   14.968079531063  293.697446594040
     0.383278154036   53.252549688519   14.971743659434  293.425581952708
     0.383671767767   53.356469935544   14.993476329809  294.049505459154
     0.384065314353   53.462585263273   15.023911152889  295.946887510284
     0.384458785245   53.525518164877   15.055538126846  298.108505425634
     0.384839578488   53.334194859441   15.037995242752  297.012972846218
     0.385210862053   52.911581126048   14.989812539426  295.199722751391
     0.385584724112   52.498697379967   14.971082491850  295.234316812548
     0.385961756751   52.174008417282   14.969322563047  295.092305119484
     0.386338959373   51.776538614230   14.928122036667  292.344241035279
     0.386721165432   51.399973290216   14.877353864174  289.951889207072
     0.387091716483   51.158606780139   14.858034826248  289.439498692580
     0.387459436921   50.961274981293   14.847200856916  289.140199394607
     0.387833395734   50.936336302409   14.854023177880  289.453874725266
     0.388205703907   50.877257273210   14.858036733412  289.789096447017
     0.388568516160   50.746294321763   14.857080274000  289.875907235144
     0.388939117303   50.604882222665   14.856475122314  290.412800128480
     0.389303371543   50.521095361648   14.863160897935  291.094000595210
     0.389683245846   50.362082345090   14.858661161797  290.917270486342
     0.390053645922   50.283369151068   14.854759602159  290.703285189927
     0.390433374338   50.288030654865   14.862505351223  291.144864503739
     0.390825590392   50.288237462971   14.874006770082  291.688941987548
     0.391217734515   50.156551755668   14.880211476546  291.848579846530
     0.391609788213   49.847416927993   14.860681905414  290.381046838375
     0.392001777497   49.377491173364   14.798778844229  287.271102284584
     0.392393684000   49.164435578748   14.777136882510  286.582468601863
     0.392785516485   49.073983858475   14.777882097189  286.767583976946
     0.393177290645   48.989392163689   14.774341509418  286.766669881954
     0.393740219511   48.811936967263   14.774720452547  287.188198177811
     0.394264433619   48.601506677409   14.785235506415  288.298682461161
     0.394788647728   48.208522201225   14.768195116437  287.811439812408
     0.395312861837   47.628953766529   14.693296196374  284.742917282104
     0.395837075946   47.219051817975   14.677546420829  285.083934299283
     0.396361290055   46.807840052059   14.669049656280  284.709687558395
     0.396885504164   46.362238889613   14.638114012785  283.327326678672
     0.397409718273   46.234402801746   14.632120560241  283.239720408781
     0.397864026340   46.217008124521   14.630997450697  283.356653024260
     0.398296690824   46.171341236584   14.625046974919  283.294477979127
     0.398909955283   46.106815097061   14.629211953154  283.482989972726
     0.399502996423   46.080211649626   14.668463065925  284.831015007624
     0.400096037563   45.641495301502   14.615617694663  282.813985900188
     0.400689078703   44.970036107716   14.519928954765  279.477384748569
     0.401282119843   44.587025168166   14.500516346649  278.861888093137
     0.401852204532   44.513002922333   14.498685459331  278.688444715192
     0.402425871074   44.431532957276   14.507469731111  279.226198591220
     0.403001744715   44.142456781553   14.518696209906  279.605056369876
     0.403581925495   43.510107203796   14.439604162372  276.055247511387
     0.404166658559   42.968855486594   14.408098445840  274.720101608496
     0.404751227289   42.421483916399   14.332507439592  271.397801131445
     0.405335648857   42.083528183313   14.324351439211  271.534352243084
     0.405919953228   41.734239127335   14.312998640164  270.665304118642
     0.406693910698   41.304267576091   14.260250448526  268.287044881525
     0.407570009404   40.673028755761   14.225832484146  267.570684138686
     0.408008057272   40.447778789001   14.189367691729  266.509660390913
     0.408883488005   40.230389203902   14.158685109645  264.489698209011
     0.409758612714   39.754903543268   14.102459009537  263.341223757953
     0.410633416450   39.604532876152   14.102017231646  263.201752991321
     0.411507971258   39.745204752469   14.164337833512  265.255434322509
     0.412382503437   39.544913030833   14.132325006532  263.964526998688
     0.413219991992   39.093112011542   14.119759156510  264.447391380678
     0.414038441885   38.544425671274   14.084953671706  261.850229017294
     0.414863242095   38.234042606575   14.044328841209  259.609935841461
     0.415687758583   38.185302485827   14.048228994449  261.128266017566
     0.416511996169   38.268121439753   14.065924044005  262.008632702031
     0.417335960224   38.225789126150   14.072102663924  262.063978610276
     0.418159648823   38.112068849522   14.079328644872  263.026662751812
     0.418983173410   37.935277772680   14.067926839426  262.498039309778
     0.419806687531   37.972027591170   14.080228441583  262.303520733595
     0.420630201652   37.853449451426   14.084825215023  261.680115101259
     0.421453715773   37.985950821989   14.110800335607  263.707743173047
     0.422277229895   38.178423774090   14.126429473538  265.210970634904
     0.423100744016   38.210155804559   14.137735990571  265.823132279768
     0.423924258137   38.075334344304   14.130467673837  265.428195125081
     0.424747772258   38.032717026571   14.129301887184  265.327768434357
     0.425571286379   37.981327032817   14.123128865998  265.144414747887
     0.426394800500   37.993421248318   14.123103612227  265.090447010697
     0.427218314621   38.037750749820   14.133359211442  265.391404448211
     0.428041828742   37.932925487726   14.130638759948  264.561040805466
     0.428862868374   38.041845920658   14.163137074858  265.366843870408
     0.429603899507   38.366744736785   14.197089018206  268.209032336119
     0.430344930640   38.437003356642   14.205788358769  268.661657626508
     0.431085961774   38.362187303912   14.216832641698  268.987263953229
     0.431826992907   38.272798273690   14.214346267428  268.872242301975
     0.432568024040   38.239285486017   14.211266500091  268.715849188342
     0.433309055174   38.207672565478   14.204665618802  268.446508408391
     0.434050086307   38.167778127836   14.196613233123  268.015712790164
     0.434791117441   38.184175910704   14.208877549187  267.471164270502
     0.435532148574   38.418688818595   14.253335817043  269.424687780695
     0.436273179707   38.667603838262   14.273760997438  271.353839294449
     0.437014210841   38.821500949758   14.294007283473  271.405844180000
     0.437755241974   38.930593821256   14.313082777325  272.205847755958
     0.438496273108   38.609070870436   14.289890819291  272.222913365947
     0.439237304241   38.316027131697   14.268618236493  271.379984552158
     0.439978335374   38.400396402758   14.275619281160  271.467597132583
     0.440719366508   38.276537502663   14.266339079178  270.474920149072
     0.441460397641   38.354802444647   14.300991711400  271.123086334229
     0.442186549763   38.645638873700   14.363645504388  274.641110574378
     0.442853185842   38.682963182731   14.367216603071  275.409711811721
     0.443519821920   38.751181749095   14.378422084165  275.928905703734
     0.444186457998   38.785153135924   14.384748773605  275.922118153811
     0.444853094077   38.819965383396   14.390274976356  275.828079103350
     0.445519730155   38.785239283323   14.391537089763  275.801208031739
     0.446186366233   38.668247033040   14.381445093011  275.743578917421
     0.446853002311   38.563435004275   14.377475140502  275.694604921859
     0.447519638390   38.490543346050   14.373463892604  275.459165095740
     0.448186274468   38.447035465028   14.370398493636  274.989577705432
     0.448852910546   38.463852629058   14.392490203564  274.972450210394
     0.449079566813   38.463508080941   14.403477610932  275.217122101595
     0.449746202891   38.732884062446   14.444623718058  278.069829455036
     0.450412838969   38.875566817178   14.448321617405  278.379186545904
     0.451079475048   38.893240829783   14.448689925257  278.000546016372
     0.451746111126   38.869551580638   14.450464609803  277.716749425932
     0.452395280412   38.774397802235   14.450433930542  277.144376872164
     0.452994736523   38.808284787533   14.468799670811  278.105833581592
     0.453594192634   38.970419294570   14.480859637763  279.622556322165
     0.454193648744   39.024175957345   14.494257474055  280.062185856546
     0.454793104855   38.972490995309   14.495682344662  280.310889593085
     0.455392560966   38.897911646851   14.504904478451  280.718656868282
     0.455992017076   38.799264185550   14.501117662965  280.292668980400
     0.456591473187   38.800521552676   14.505931371867  280.440031472626
     0.457190929298   38.760025231538   14.506435778689  280.413330853993
     0.457790385408   38.676609477098   14.504231674175  280.289038014167
     0.458389841519   38.665725985002   14.506984121723  280.429929819175
     0.458989297630   38.679247532438   14.504354163400  280.442438149493
     0.459588753740   38.712703216805   14.502960715179  280.608189704552
     0.460188209851   38.757578147851   14.505986586075  280.840514904205
     0.460787665962   38.781964157362   14.512758102146  281.095549157904
     0.461387122072   38.725121402158   14.506748100627  280.869175488430
     0.461986578183   38.746787069314   14.507170428773  280.798442621360
     0.462579848013   38.737230364975   14.497495985748  280.196966327329
     0.463146844142   38.732758155278   14.499913230536  279.793405043853
     0.463718322007   38.705994048108   14.509223086165  279.196373384609
     0.464289710684   38.852792911623   14.540361255704  280.653948997376
     0.464860942294   39.007828468975   14.557163317144  282.318393640695
     0.465432074295   39.089157586915   14.566646421829  283.026978422041
     0.466003081830   39.087829823024   14.570558216708  283.273657291298
     0.466573952747   39.095219847185   14.582140259323  283.510927712339
     0.467144724736   39.009621921717   14.575283121996  283.046566174053
     0.467715351478   38.967932582061   14.578396290073  282.878101050012
     0.468285867142   38.927195999901   14.569770062001  282.634268118210
     0.468856262888   38.963867962924   14.577768463575  283.114495702831
     0.469426528401   38.990902930654   14.586340147956  283.531386966694
     0.469996682731   38.933272283280   14.586509519205  283.520142427030
     0.470566700840   38.932006414869   14.594155648289  283.722448018635
     0.471136607896   38.915260950592   14.590180361404  283.671987768507
     0.471706420206   38.956481444112   14.592181046602  283.922539474989
     0.472276098820   39.027307422542   14.599888768342  284.420961956319
     0.472845668819   39.029895428954   14.606265272882  284.794151338711
     0.473415118814   38.973668342723   14.612598752096  284.926823034031
     0.473984434112   38.934159324723   14.609662424290  284.637436926880
     0.474553651779   38.972331711076   14.611085426088  284.625037148412
     0.475122723150   39.005695500613   14.605079131236  284.586550190131
     0.475691688602   39.091280111401   14.611945122145  284.875228229290
     0.476260526538   39.103522069997   14.612123912028  284.630490331967
     0.476829255838   39.144681793644   14.627942684509  284.744505904122
     0.477397886292   39.185185669960   14.644962934301  284.772920031235
     0.477966391915   39.255933083581   14.665869162280  285.400734136449
     0.478534776047   39.371158692185   14.694892031896  287.331256730000
     0.479103055348   39.437342124379   14.707889875473  288.297550307561
     0.479671197657   39.426567353630   14.710541729902  288.541049653767
     0.480239225516   39.345530868217   14.708336174198  288.306196925427
     0.480807140182   39.230649600440   14.694731626558  287.340219441700
     0.481194382952   39.140387569938   14.670994913161  286.022029606455
     0.481762113934   38.986822153112   14.641602828675  284.536442118695
     0.482329707360   38.926707425315   14.646163098079  284.581754312610
     0.482897197599   39.041861477332   14.675837270152  286.473717780376
     0.483464563288   39.173932545436   14.696112753226  288.188424689492
     0.484031805537   39.250797451271   14.711160048276  289.019247260726
     0.484598941188   39.203576303675   14.712381478958  289.169949786739
     0.485165949304   39.194242503113   14.722712927729  289.342216887318
     0.485732852253   39.167681319215   14.723771764721  289.319147715292
     0.486299646589   39.155705119632   14.730768007504  289.463214931808
     0.486866308672   39.116704221866   14.730311775488  289.373715522335
     0.487432871983   39.101684121414   14.732734855129  289.336024180572
     0.487999316626   39.051617445452   14.727973752677  288.892935318677
     0.488565642060   39.046974379206   14.728562995271  288.983002215132
     0.489131861515   39.064813296703   14.726074380738  289.055808004417
     0.489697950524   39.152767975277   14.733354048977  289.739550127082
     0.490263945516   39.203774089318   14.743237412288  290.195451404528
     0.490829817308   39.140414110317   14.740954391480  290.106326973130
     0.491395585780   39.143867894430   14.747042653551  290.285264405787
     0.491961233399   39.148697351351   14.747858029387  290.338713992351
     0.492526772699   39.147694884607   14.748230580075  290.402217800547
     0.493092197150   39.152331358970   14.746866028791  290.395383324679
     0.493657508897   39.207645852757   14.754318053551  290.793329271712
     0.494173320957   39.197541052322   14.758704154581  290.859118539484
     0.494681745594   39.130530563959   14.749232808667  290.431220728486
     0.495190170231   39.159069520336   14.740283525175  290.150029876261
     0.495698594868   39.324282514935   14.763547085807  290.375047789630
     0.496207019505   39.473263365597   14.794795085831  290.722703476978
     0.496715444141   39.506188429130   14.803613170422  290.895863007024
     0.497223868778   39.484111448101   14.813063155652  291.432512754622
     0.497732293415   39.628690213803   14.834752954332  293.068834775434
     0.498240718052   39.772311387539   14.842639588650  293.964356803882
     0.498749584019   39.816495103565   14.845464596675  294.401064619348
     0.499266747445   39.748416285254   14.848117676908  294.692849552924
     0.499783802226   39.634750875205   14.850752869918  294.583396521446
     0.500011282976   39.573076427604   14.846427735359  294.259232217205
