# {0} signal over time, extracted at r = 500 km
# All quantities are measured in a resting observer's frame at infinity
# cols=4 rows=1138
#              time        luminosity               <e>             <e^2>
#               "s"           "foe/s"           "MeV^1"           "MeV^2"
  -2.9241289795e-04  1.1884352556e-06    3.685627879978   20.345000812745
  -1.7920549458e-04  1.6131285835e-06    3.419189606818   16.861223141389
  -6.8383275894e-05  2.2915949055e-06    3.306929949779   15.252755284502
  -3.0042095632e-06  2.8403924773e-06    3.274259985937   14.699389240330
   1.8273341601e-05  3.0458336357e-06    3.267390409430   14.562781766000
   1.8403358262e-04  5.2837908770e-06    3.260248143902   14.034627695729
   1.9839142152e-04  5.5249667429e-06    3.262661986026   14.024456946260
   4.0294483629e-04  9.9837081409e-06    3.329391043701   14.282261800766
   7.3615575256e-04  1.1743540261e-04    3.395802353737   13.645566329057
   1.4186689182e-03    0.016046682767    3.871010737348   17.680536520377
   2.4192295266e-03    0.536243841905    5.287623558982   33.093323570851
   3.4194742832e-03    2.386427304460    7.771091818504   72.637728025174
   4.4201766614e-03    4.752447320531    9.424329977468  107.069961827822
   5.4206978293e-03    6.245398142888   10.330294419837  130.475200374607
   6.4235817209e-03    7.117109192071   10.806439942954  144.825279838444
   7.4242593678e-03    8.040489711886   11.108676812791  154.178241546103
   8.4275109372e-03    9.286755287851   11.408481772581  162.865762343609
   9.4290245583e-03   10.846910767281   11.721151098737  171.753645584643
     0.010431792230   12.405712911711   11.984685029239  179.316728377079
     0.011434787033   13.984133160927   12.201761545937  185.569229515867
     0.012437822356   15.612708746409   12.395191469670  191.163607048706
     0.013444636068   17.177488464610   12.562008275523  196.061205455400
     0.014448698568   18.570121945557   12.694209742929  200.044384955959
     0.015452761068   19.803434617042   12.803795545376  203.347293254325
     0.016453393724   20.907103128560   12.888462927373  205.884749934027
     0.017455751377   21.936728304927   12.947478820551  207.566877107121
     0.018459159137   22.851786478781   13.013207331390  209.632278946531
     0.019463721994   23.595587836594   13.065443651642  211.307322182800
     0.020466422490   24.163365542395   13.073317471719  211.476355778302
     0.021467282252   24.755890044932   13.115234792661  212.861076886763
     0.022471046249   25.257040170706   13.119222216909  212.942554959372
     0.023471732781   25.841373456841   13.145802805948  214.075311026529
     0.024474713118   26.365577591105   13.151564597495  214.292503533230
     0.025190373163   26.602905475787   13.145889092291  214.142828768915
     0.026191301204   27.074853665305   13.196401249643  216.064071668516
     0.027194378940   27.354105973021   13.187445303000  215.840539708437
     0.028195748216   27.663484943518   13.201446116993  216.303934813810
     0.029202553811   27.979261362905   13.243354093331  218.127259006376
     0.030210928671   28.160641800141   13.242501143147  217.930764543632
     0.031211159937   28.314342537262   13.246448896847  218.217142000243
     0.032217670281   28.617096483890   13.290592468870  219.937861587449
     0.033224145630   28.791146541548   13.280362232089  219.158072884530
     0.034230620978   29.165529675223   13.330385775351  221.195383187278
     0.035233631712   29.501110269555   13.374719986063  222.985214813411
     0.036241505989   29.489209845091   13.343200498959  221.596445756415
     0.037241788809   29.518384978553   13.335959708598  221.671723731091
     0.038244876851   29.651201871893   13.337307933221  221.447710852450
     0.039255948420   29.894105613258   13.368103411401  222.791152042248
     0.040260462709   30.005915114663   13.396266589919  223.970826023547
     0.041270889778   29.851985118008   13.347041939482  221.591199116836
     0.042273380086   30.101597239247   13.391870259515  223.705428105628
     0.043279233127   30.283286068401   13.432263783505  225.275303231562
     0.044284647450   30.188182521847   13.381137316342  222.827597363257
     0.045289813694   30.424398156823   13.443928189426  225.786560450574
     0.046301291218   30.265863732044   13.407733610929  223.862011416869
     0.047312717733   30.416644931391   13.450276486691  226.011622964103
     0.048315376627   30.360746402856   13.442592055542  225.219482430577
     0.049316150948   30.305092869682   13.466953841125  226.435086098711
     0.050317849211   30.253242067998   13.492561864132  227.297948137703
     0.051321704580   30.082584310279   13.467635232014  225.752356222063
     0.052326165302   30.214693300732   13.531081831944  228.552942210237
     0.053337558345   30.362496751724   13.589300483661  230.865900726466
     0.054351501488   30.296500898196   13.562347305129  229.077565055878
     0.055359237995   30.431806894309   13.604313341671  230.890225325554
     0.056368313734   30.359723177339   13.617105664398  231.306348090802
     0.057375133097   30.238290090078   13.593325991400  230.044601038133
     0.058376261080   30.428729809090   13.656421875229  233.073594841319
     0.059384800604   30.151334186391   13.628819747472  231.733541627974
     0.060385804677   30.210086169042   13.668515313017  233.738580574346
     0.061399056881   30.204772614303   13.646085202042  232.144096285874
     0.062410400449   30.329742675895   13.684225805576  234.000698872471
     0.063424400449   30.148574403518   13.692817096526  234.664793743024
     0.064439703499   29.784551903174   13.655872673580  232.947614756434
     0.065449276832   29.737472953354   13.641773042357  232.028857628729
     0.066456505339   29.961586537190   13.679007692660  233.508812895951
     0.067459915339   29.927441576001   13.701815104257  234.571838731322
     0.068465715339   29.840727158118   13.707425860129  234.724935642397
     0.069468715339   29.921000218917   13.716878883612  234.870545569294
     0.070012795339   29.924847253622   13.722916171730  235.072525027796
     0.071024311339   29.768198054053   13.727797011199  235.347163741032
     0.072033311339   29.728097243583   13.740262331966  235.928197022421
     0.073042311339   29.889105040606   13.775689673028  237.206743576053
     0.074052382017   29.888257087067   13.795827171526  238.055489995057
     0.075053835254   29.831152782900   13.807143378491  238.321608156650
     0.076056193039   29.880110423531   13.823258066366  239.009619929710
     0.077061661296   29.839908780581   13.847344997946  239.936187257638
     0.078064743882   29.844477158219   13.858316721250  240.353358042972
     0.079071394124   29.992215005978   13.891235062744  241.670788022724
     0.080072364048   30.018094340627   13.921040998139  242.918788622273
     0.081075919969   30.093557621400   13.943502382830  243.828299845772
     0.082080079435   30.205059778391   13.971678760602  244.830042201500
     0.083084875606   30.254688366412   13.991201180704  245.587207966681
     0.084089394857   30.159331638731   14.000282009317  245.961110045251
     0.085098247958   29.969066594437   13.999330280792  246.000915259466
     0.086100417417   30.116238593007   14.036229365806  247.521219091082
     0.087100763799   30.298888001379   14.078394887926  249.104516401750
     0.088105870504   30.300900130066   14.098532939033  249.968831661332
     0.089115367248   30.233888660720   14.098933279780  249.937914563402
     0.090018051758   30.218730665915   14.120002967325  250.824796421035
     0.091023219647   30.246170200326   14.156834671087  252.556393333832
     0.092027479623   30.305034386536   14.169363299734  253.050745986670
     0.093032135858   30.280593260143   14.183520635832  253.624100694407
     0.094034779207   30.291340996884   14.198115141678  254.175939466134
     0.095035395812   30.179482447085   14.201787318309  254.391237058703
     0.096038993853   30.158017265837   14.217849990770  255.001797700929
     0.097046296028   30.191328875124   14.243578225432  256.064071993854
     0.098049565542   30.193545842858   14.272313855388  257.389293332333
     0.099056190519   30.156265167334   14.290305579474  258.205702172801
     0.100059588135   30.083687004132   14.302270622881  258.671919783717
     0.101064012982   30.042290226196   14.316146212823  259.321613861852
     0.102069412729   30.000995606151   14.329064595269  259.893208659916
     0.103076876347   29.913269796291   14.337571379070  260.249260516331
     0.104081934748   29.819521522992   14.341066284876  260.374839705889
     0.105083808542   29.712450545085   14.347374249610  260.634965726580
     0.106084617262   29.656978392183   14.359862736023  261.176446328043
     0.107088360850   29.650902665476   14.375322963743  261.816000292127
     0.108093603675   29.529861385456   14.374308025506  261.802277077836
     0.109094213290   29.500420810749   14.404675630574  263.080875196839
     0.110094565872   29.499901407419   14.430745530458  264.289926914795
     0.111101421379   29.420549292729   14.438684456126  264.691723016440
     0.112106295377   29.352665495722   14.442042756113  264.770527238949
     0.113111423802   29.218289407260   14.445687676341  264.926905463592
     0.114116472603   29.096983381815   14.452529200127  265.317572242361
     0.115117385826   29.163633734603   14.484848429771  266.683703937517
     0.116124299290   29.060819087800   14.497116114696  267.235664390616
     0.117126616473   28.934694557096   14.495049997959  267.231781402397
     0.118130864590   28.966599914843   14.523539090444  268.351589130153
     0.119136406714   28.891515327807   14.533366326122  268.819315570984
     0.120144762752   28.748911524389   14.532171768634  268.779561042239
     0.121145039560   28.653856763680   14.545581468119  269.484699651574
     0.122145262959   28.587300250482   14.567352072291  270.674800120318
     0.123145392618   28.561018987384   14.585076151888  271.339813248284
     0.124151849075   28.460938108636   14.582379666747  271.251350046626
     0.125153046380   28.305559303667   14.581281158369  271.154457060339
     0.126155536660   28.265560293364   14.596431450595  271.830231771091
     0.127157418361   28.174595576768   14.604285251628  272.150206634704
     0.128157470561   28.027573739248   14.602750473751  272.210798503539
     0.129158887505   27.949650625553   14.628763975012  273.672600694362
     0.130163892048   27.898657797808   14.640566037751  274.062722553616
     0.131167015736   27.754655801504   14.632557832838  273.750725511868
     0.132167857810   27.648851216349   14.635079225670  273.780290793431
     0.133062537936   27.572513156183   14.642096208064  274.118593811475
     0.134063689172   27.533762599138   14.667855828825  275.569463581461
     0.135064556721   27.428608771311   14.681109941428  276.152065173854
     0.136066593522   27.342075064698   14.691028246631  276.659441957120
     0.137069441898   27.220202272041   14.694516805632  276.880013641531
     0.138074385914   27.063308945340   14.684436967541  276.369295389880
     0.139078337730   26.977854001490   14.696529261782  276.972274148735
     0.140078957632   26.848889561139   14.695918972777  276.987831886840
     0.141079978048   26.699645625738   14.684242815356  276.389954625578
     0.142084194864   26.575794704819   14.700501222137  277.496066076062
     0.143086628536   26.599723340849   14.736734146216  279.243391638607
     0.144089374194   26.490866299982   14.741854516125  279.346239511239
     0.145094386843   26.252281474098   14.717219675490  278.445463829241
     0.146096962693   26.121237818449   14.723319415503  278.846511955234
     0.147097501085   26.015216603476   14.720903429092  278.687726816390
     0.148098132243   25.859263219710   14.704197545858  277.792718480920
     0.149102754717   25.758788760275   14.715999416677  278.479437083344
     0.150105259136   25.718158229664   14.736601834624  279.491240391575
     0.151105567526   25.490570205032   14.727685548054  279.349418434118
     0.152107319143   25.295687603673   14.719046292715  279.026174148970
     0.153109783031   25.115270270788   14.706559556312  278.548239633666
     0.154112279348   24.999558009846   14.696748573424  277.962066242238
     0.155113431609   24.888851322512   14.695159784636  277.937105935169
     0.156113524747   24.746603432880   14.693552078343  277.879324176297
     0.157115458586   24.559144336732   14.682319961291  277.506739993369
     0.158117948027   24.410068793880   14.682986954994  277.710283380269
     0.159120760571   24.315191673250   14.688148952447  278.087471067702
     0.159888046672   24.179210482835   14.682356418940  277.952679692748
     0.160888445591   24.030118866250   14.682242711589  278.060751087779
     0.161889529212   23.853418223916   14.674588952913  277.755494221514
     0.162889594521   23.626627998339   14.636690358211  275.898965744164
     0.163891520148   23.514748658376   14.642679923279  276.526548800700
     0.164895818149   23.371466969128   14.636355216163  276.190083925832
     0.165901079640   23.222200530725   14.629635369404  275.943228079808
     0.166903245309   23.092679234879   14.627392430880  275.978207051301
     0.167903570982   22.960096190278   14.626802880384  276.057866911091
     0.168904831782   22.806038672524   14.621481551059  275.871444238184
     0.169907537643   22.640411929759   14.606149222698  275.283005089571
     0.170907761518   22.481322391063   14.595201929826  274.834252001932
     0.171909928072   22.373037792415   14.594119766944  274.922343160017
     0.172910205795   22.222740268126   14.586025647276  274.602251355173
     0.173914364012   22.075597376990   14.577525376967  274.291428754656
     0.174915447182   21.921893682987   14.570250811691  274.071432363411
     0.175918024205   21.767447652573   14.555953084966  273.470972653812
     0.176920543730   21.612696834870   14.535844162647  272.601747826382
     0.177921771290   21.462719279466   14.516895498055  271.627674201064
     0.178923125106   21.372791847967   14.525191365290  272.230801649848
     0.179926137056   21.316185295067   14.546278710847  273.473406629051
     0.180926755653   21.169628065928   14.531355090288  272.730716562140
     0.181927398962   21.049152760035   14.522321319522  272.298224469292
     0.182929464777   20.939165682630   14.520030528223  272.367060749532
     0.183932306842   20.880569358295   14.541428730948  273.674166662443
     0.184935888435   20.750409886603   14.528868355233  273.042794692836
     0.185138624222   20.732646611479   14.527070455533  272.964261279713
     0.186138733880   20.616989098806   14.517461631451  272.527764041802
     0.187142528946   20.558389634003   14.542287522363  274.016904024318
     0.188146616563   20.478166169814   14.548866438829  274.448048274701
     0.189146639215   20.339255674263   14.527206613873  273.340270588369
     0.190149950933   20.247703501340   14.524851124256  273.120025378710
     0.191152457654   20.146498737200   14.520368777134  273.112198713324
     0.192154629159   20.108003715929   14.551112474208  274.841971398386
     0.193156528925   19.998025290158   14.541429669374  274.385444500106
     0.194157554234   19.880893132720   14.521635528980  273.387435897985
     0.195159378531   19.851960440354   14.545828385810  274.893584096335
     0.196161583426   19.771091925084   14.546619770136  274.803410079234
     0.197164160886   19.685919627660   14.544029479804  274.879187962719
     0.198169446711   19.630856064234   14.565419554040  276.032883985622
     0.199170482570   19.535761974037   14.547113944075  274.974528748519
     0.200172798781   19.505272927221   14.569146301021  276.473933562830
     0.201175497490   19.437858902844   14.583682481064  277.134566348587
     0.202176288673   19.334278803840   14.557796153828  275.811232132258
     0.203180836611   19.223146272825   14.549445500560  275.472503106647
     0.204181591743   19.203834599089   14.581570128177  277.256734102476
     0.205087196612   19.127484112180   14.565987144802  276.408880177141
     0.206087283449   19.106925740082   14.593316455390  278.151293873283
     0.207089877774   19.050797421688   14.583730078235  277.074404616905
     0.208092647592   18.928241534790   14.553180427029  276.180187405141
     0.209094831297   18.915375763389   14.581759606874  277.625389871915
     0.210095600886   18.767335992211   14.542448572959  275.655232976171
     0.211095904304   18.742498571393   14.549999523881  275.730939893646
     0.212098421429   18.675240122149   14.549885230185  276.171688943212
     0.213099494430   18.647204139142   14.578226971610  277.798836561728
     0.214106578393   18.588426152026   14.577156821574  277.653294526157
     0.215111668484   18.484891773992   14.555549645312  276.491515469510
     0.216113233144   18.435048980863   14.557857934653  276.546924364659
     0.217115500439   18.413221265544   14.576070130917  278.019494772988
     0.218117976261   18.385060099324   14.610024064866  279.964235419107
     0.219122061907   18.308250296543   14.596847998493  279.304837254748
     0.220128627320   18.252054126731   14.588074423661  278.774700261490
     0.221129260289   18.180503715464   14.585472944412  278.600385403516
     0.222133185047   18.111153472534   14.579232563950  278.158642405158
     0.223133878693   18.061119958216   14.580283271369  278.123623587703
     0.224137284012   17.967810333092   14.564493109515  277.489067895363
     0.224858001462   18.006415116143   14.614326737742  280.446792584140
     0.225858725437   17.987323826365   14.634015885382  281.456091443147
     0.226862204838   17.915168149226   14.622765751910  280.919359720784
     0.227865895899   17.932891880409   14.660920711170  283.096478613390
     0.228866397278   17.810700968331   14.634768086113  281.731678490957
     0.229868179203   17.732615220783   14.625287171653  281.275658417628
     0.230869235952   17.669118038373   14.601284560708  279.779457392533
     0.231870494961   17.618032261615   14.594258763181  279.061432902715
     0.232871713194   17.603301871240   14.622178750664  281.192808636826
     0.233875689505   17.609395352480   14.663136444895  283.310319777169
     0.234876427587   17.529356643039   14.648522740586  282.623163333814
     0.235877536324   17.500932809023   14.654819024966  282.860668250846
     0.236881437864   17.439778558583   14.645685094413  282.447551415331
     0.237884867150   17.384093527410   14.644740040138  282.355946948269
     0.238889965581   17.309696855392   14.622681051584  280.930409242596
     0.239891284313   17.258717092456   14.618225361687  280.438965206916
     0.240895441176   17.217189520471   14.633960664531  281.349821397767
     0.241896057799   17.138950846411   14.613396579876  280.440811881361
     0.242899562012   17.150039406790   14.648891339292  282.890975292369
     0.243900563615   17.150378469319   14.677073328491  284.266787051009
     0.244493265508   17.094262998535   14.664769443457  283.642374506696
     0.245493705219   17.063183949672   14.676594857231  284.093478003416
     0.246494580743   16.985267500013   14.649494850448  282.432254262188
     0.247498270271   16.989591667977   14.668337497173  283.579393301864
     0.248499620872   17.000276084951   14.716784716906  286.511840479709
     0.249502025445   16.942867080823   14.714866809191  286.594672295313
     0.250503975081   16.903096956111   14.709705365097  286.134594560219
     0.251504833302   16.860396286677   14.708461796720  286.007071516610
     0.252509468535   16.787534458489   14.697696494144  285.550680685895
     0.253515522157   16.736693126834   14.687063041389  284.672967591083
     0.254515642392   16.701716790770   14.682909562804  284.549313461715
     0.255515707463   16.757048798835   14.744997297709  288.137484087619
     0.256516276223   16.685347270688   14.728284796200  287.365334941232
     0.257518065252   16.636517950172   14.726201988777  287.260678472712
     0.258518986940   16.583842036686   14.714169916100  286.303903977073
     0.259519126880   16.530198886976   14.701361449129  285.093172712930
     0.260522368082   16.576100836639   14.745546362250  288.376532323032
     0.261525909787   16.565102273031   14.774545078612  290.063839155742
     0.261732372630   16.557604821209   14.771095980594  290.006721617485
     0.262734002705   16.522274173138   14.778771345850  290.210679117592
     0.263738738793   16.496976229051   14.789943261117  290.586811332045
     0.264741550163   16.414552366397   14.755348747020  288.708363356294
     0.265745984800   16.367324148010   14.740074378343  287.773103619623
     0.266749623816   16.333013527688   14.732961544351  287.404069684535
     0.267752046616   16.282348286471   14.720950140741  286.544708454034
     0.268753619844   16.235626407533   14.710611565985  285.635542199166
     0.269754167428   16.251407337426   14.741921611941  287.850446068751
     0.270756314298   16.275370493723   14.782235518998  290.185682638830
     0.271758536882   16.234104520439   14.770223537140  289.422757575134
     0.272762047999   16.189147027219   14.765773228290  289.011279510255
     0.273768351443   16.161913511600   14.764346909942  288.616000723888
     0.274771029544   16.136704723929   14.762316626871  288.403020331870
     0.275772495206   16.115514415876   14.771567569302  288.955346185115
     0.276772893045   16.078088128276   14.776997302131  289.471477753942
     0.277774198286   15.985375191040   14.750523298003  288.055511171901
     0.278777456077   16.129736129041   14.859754067861  294.429931050636
     0.279153867062   16.110524215720   14.851813083690  294.089908562859
     0.280158147136   16.098478830107   14.852920447431  294.239316908850
     0.281159127076   16.049714850461   14.840441039851  293.241175881524
     0.282160624283   16.038259317480   14.852798651703  293.850654047952
     0.283161058065   15.982714176040   14.835583101546  292.710888271226
     0.284161189945   15.958682605272   14.828601595568  292.048840712481
     0.285162446158   15.915183909548   14.827008725155  291.666054695573
     0.286167082089   15.997073670568   14.904595086180  296.875399594959
     0.287169707283   16.013378101881   14.930809740075  298.474957873336
     0.288170451240   15.959787746207   14.919571523333  298.099023611024
     0.289173306192   15.960690700539   14.929137454219  298.810382028462
     0.290175948639   15.937132278108   14.935439343782  298.880836902831
     0.291176482281   15.940347917785   14.952723014774  300.139655941384
     0.292177310644   15.905376600783   14.959927228008  300.622545849197
     0.293177956669   15.874690824296   14.962732195713  300.606481663828
     0.294178912752   15.835533847181   14.952249993131  299.822773103136
     0.294515265984   15.845516464808   14.966215360636  300.394672214336
     0.295520472205   15.804751416139   14.945886174885  299.662782157795
     0.296522002933   15.807795745977   14.950739251845  299.641088271762
     0.297526347616   15.715226607136   14.918772317829  297.387047497881
     0.298526660621   15.665047652169   14.904179418272  296.110199722236
     0.299528633612   15.744764982862   14.974795396819  300.582509738610
     0.300531903358   15.795537549608   15.013797691365  303.425491137578
     0.301533750114   15.769845076410   15.022381460384  304.007232146407
     0.302536327760   15.725710789440   15.024789699980  303.965817837826
     0.303536550378   15.686967372245   15.011391351239  303.348586708206
     0.304536576950   15.663966155236   15.023201419919  303.788138578469
     0.305537801129   15.655767541709   15.022992173736  303.745540321190
     0.306539893341   15.652818229007   15.040741967735  304.768546785250
     0.307541929974   15.577158460646   15.006103323296  302.438758936805
     0.308543560555   15.548466302427   14.975247207273  299.991022973817
     0.309543809911   15.485011019789   14.967703762321  299.465401728210
     0.310484388376   15.469955558557   14.969230268108  299.495807068355
     0.311485064951   15.586841234967   15.078027270739  306.575041859235
     0.312486353096   15.507382310231   15.034526082937  303.573005911366
     0.313486358739   15.523764895910   15.044177256883  304.417355812799
     0.314486682059   15.510435451679   15.092393447235  307.881212052777
     0.315490718252   15.475515632854   15.083169032820  306.683634730896
     0.316490959015   15.367939427749   15.019672214214  302.742096176018
     0.317493428074   15.318247763733   15.009224328086  302.390290904654
     0.318493683689   15.297675130260   14.986929249285  300.519599077872
     0.319495036598   15.360385032438   15.041188153664  303.541914333550
     0.320496655651   15.393070968320   15.070880559604  305.818910597520
     0.321499576587   15.435795064330   15.132402999368  309.487370528629
     0.322500466479   15.419915648672   15.145023991925  310.393332672450
     0.323502178550   15.406513946605   15.160786770232  311.109410299100
     0.324502750691   15.259435152026   15.073810652158  306.338509905894
     0.325350191177   15.232690647993   15.086305869823  307.169724170004
     0.326351531322   15.128780489493   15.044652543798  303.915313026879
     0.327353438961   15.156393890907   15.030326762207  302.601987657733
     0.328355930157   15.271641009324   15.140308961190  310.287834697306
     0.329356246190   15.239824949285   15.136705946794  309.992250493256
     0.330357615375   15.188164895506   15.131322499141  310.122131355526
     0.331361397628   15.177772470317   15.129878569689  309.834292318474
     0.332361935297   15.174895913602   15.142941563425  310.293736959494
     0.333365450319   15.125513736784   15.123718815024  309.039917694816
     0.334365795693   15.088444287235   15.099794451438  307.019868194311
     0.335369832563   15.059682254114   15.109081813238  308.330263344293
     0.336370009638   15.000066721892   15.073538639913  305.629751039099
     0.337370797689   15.136653951701   15.163894204542  311.680889266721
     0.338373317479   15.127971680194   15.214283976794  314.020946359333
     0.339375636037   14.942233727921   15.079793311122  305.862718584452
     0.340298819046   15.024950808958   15.154477481557  310.414690136871
     0.341299578752   15.014291443030   15.152847966066  310.720728406691
     0.342301647105   14.981966014522   15.166187636564  311.056952501778
     0.343301694933   15.020344814467   15.157955764479  311.096596677522
     0.344303049522   15.061281337315   15.238770175607  315.369889978859
     0.345304298898   14.925338131455   15.201977519134  313.748398997526
     0.346309039897   14.873865420553   15.156479094379  310.339546264379
     0.347309507618   14.845387024746   15.130598143397  308.392095525582
     0.348313206109   14.821933843463   15.141421638820  309.417398927885
     0.349315783967   14.824866500935   15.138194561940  309.396021788184
     0.350318624135   14.916022148932   15.229047315433  315.307771447712
     0.351320449610   14.858756672126   15.231500383472  314.596782185561
     0.352321140283   14.771821682036   15.181229803627  312.773886235022
     0.353322807319   14.750182980861   15.191061942984  313.224852858430
     0.354040494568   14.747447704330   15.193678480658  313.589885022027
     0.355041315819   14.722779490654   15.185974196664  313.028360092038
     0.356043097603   14.664654489388   15.145449386046  309.800062348559
     0.357045384231   14.597012731202   15.116200360021  307.476026866840
     0.358046924932   14.640388311346   15.155075633085  310.523054728535
     0.359048913824   14.702840273205   15.236128625485  315.892661032625
     0.360050776817   14.669564584493   15.235964985397  315.973268244660
     0.361051861190   14.582153702126   15.185183174695  312.291354317894
     0.362054359819   14.502720895522   15.146758544031  309.463617455874
     0.363054789081   14.560382580646   15.176835088957  311.723263548237
     0.364055014690   14.509607832816   15.157517802065  310.211016041047
     0.365058422032   14.499166930971   15.177005495183  311.871923693873
     0.366059355600   14.442946327009   15.158586447254  310.816619504717
     0.366703915730   14.523329749802   15.216823308160  314.184309798048
     0.367706859332   14.582684357849   15.256662497585  317.079966684718
     0.368707460164   14.565239925264   15.281916181971  318.912955602052
     0.369709780167   14.463710154660   15.217864435191  313.882669291149
     0.370711740831   14.397203507854   15.183981724169  311.612933068366
     0.371712939012   14.462968164944   15.242391700360  316.563108256625
     0.372713432435   14.466391449729   15.270446772045  318.227630095016
     0.373714472285   14.449483575380   15.268459021285  317.935623308133
     0.374715381647   14.437441892557   15.265906692954  317.815167496247
     0.375716420028   14.385738914618   15.233421221155  315.447247214282
     0.376718603890   14.356850178057   15.206369298281  313.055249703563
     0.377720583877   14.436386938257   15.307204569765  318.936762923472
     0.378720739557   14.305622564104   15.219358748267  313.903504474530
     0.378864466661   14.301765653480   15.218860224550  313.681678716784
     0.379865789800   14.272211860159   15.193706852911  312.237759905680
     0.380867796660   14.280229660262   15.234607690541  316.295491854713
     0.381867887090   14.237245612478   15.218254364097  313.845296346787
     0.382867982393   14.302224890909   15.256262278009  316.568975285612
     0.383871157113   14.259788460681   15.234089275581  314.365844015608
     0.384871740295   14.319758594225   15.286596268289  318.360028876619
     0.385874096920   14.368907657588   15.371004711056  323.697420038298
     0.386877367338   14.217943182440   15.282135195232  318.549191724215
     0.387878272311   14.137035102809   15.253196051404  316.410904461995
     0.388878993264   14.222965627235   15.292104249498  318.967297816448
     0.389880382445   14.143891194448   15.234684189064  314.368451743175
     0.390839259127   14.266809081922   15.329682976530  321.331255122602
     0.391841220383   14.268627339714   15.372977502779  324.005436069041
     0.392841991302   14.149373589198   15.296537811098  319.984151694664
     0.393843261458   14.128219134981   15.268803897518  316.859691916130
     0.394843707947   14.140014846343   15.341228391894  321.553901593426
     0.395843870544   14.072705951231   15.275789382947  318.124731096741
     0.396844268707   14.132167656421   15.314117602053  320.311663395260
     0.397845244642   14.153643431682   15.351667090802  323.243359944337
     0.398847027177   14.081663492510   15.305154254551  318.776014189221
     0.399847427677   14.088200202858   15.301857623865  319.019655737609
     0.400849146092   14.053911378219   15.355630225733  322.038295177495
     0.401853055588   14.020102272728   15.311338053848  319.639258554658
     0.402853356667   14.106449507188   15.363073956578  323.580970139016
     0.403128822758   14.108768252556   15.369230075227  324.035866944724
     0.404130829872   14.150055447509   15.404494064548  326.170035970971
     0.405134025018   14.081354494729   15.379950587813  324.632465991273
     0.406138199395   14.013648969309   15.325958662063  322.811157668644
     0.407141970625   13.970991852247   15.305750413132  320.000007918577
     0.408142909258   13.955474048301   15.265235158660  316.391947953270
     0.409146836025   14.120665226828   15.406507361009  326.209512473725
     0.410149355929   14.007011564796   15.351504642073  322.837851660346
     0.411152473617   13.894198941423   15.295712140068  318.955730048754
     0.412152695733   13.968272846365   15.343405641042  321.682873038093
     0.413154302147   13.987848009230   15.335679044040  320.589319040917
     0.414157948535   14.042737672039   15.427255162093  327.932241408224
     0.415160382470   13.994343356013   15.414258662274  327.062440113937
     0.416163468788   13.989292644261   15.416845113397  327.288306491939
     0.417163660121   14.006743532251   15.421438704734  327.463690201069
     0.418165894304   13.961014805146   15.390009088835  324.498682620472
     0.419168640766   13.937882925479   15.387791730150  324.070734365865
     0.420173227798   13.942310915387   15.391186284448  325.318648999630
     0.421174279393   13.931959453115   15.426727409559  328.198729755269
     0.422177006084   13.794412647559   15.319919329216  320.141063338811
     0.422266686753   13.778370099554   15.303855311414  319.159229530806
     0.423267780076   13.799832507006   15.332023132951  321.203414499993
     0.424268616340   13.817014710950   15.350112968231  322.292531984270
     0.425269452603   13.943803367839   15.433143555700  328.427009940986
     0.426270288866   13.960946797165   15.476407398957  331.352801422533
     0.427271125129   13.953907890381   15.473975007293  331.270560567167
     0.428271961393   13.955263212978   15.486755356547  332.023477824799
     0.429272797656   13.924714808362   15.488621628663  331.397406790510
     0.430277341813   13.871743023241   15.457026774821  328.943402773455
     0.431277371027   13.889214588639   15.463038650094  330.146234654264
     0.432277571999   13.830305606562   15.416174173461  325.119664216585
     0.433278923070   13.962146452390   15.517839928999  332.940297713458
     0.434281981654   13.875293374146   15.494395679481  331.735131606659
     0.435284599267   13.763234322494   15.444798134185  327.137623665772
     0.436287317847   13.712518426724   15.399510480480  325.666475084335
     0.437287806186   13.676390556370   15.397271327037  324.892300605487
     0.438289838194   13.626246622489   15.350048252388  320.793944334771
     0.439289931788   13.599508121253   15.348564080530  321.137799502098
     0.440293229699   13.718445003101   15.451784005708  328.496790427532
     0.441211625002   13.707578101049   15.437244023713  327.835907057318
     0.442213826926   13.713384079818   15.473675264833  330.734315050929
     0.443217055290   13.646065402060   15.437054477841  326.942003433428
     0.444218120368   13.608729784493   15.400264197003  324.042134179922
     0.445218254478   13.719214614582   15.476006527168  330.181887190479
     0.446220335980   13.752340905709   15.544528791172  334.607170767312
     0.447221356487   13.586845408375   15.422367691367  325.991060115680
     0.448224157448   13.619344271649   15.442030566946  327.736496684501
     0.449224554566   13.712780744614   15.536779059165  333.870908537250
     0.450226845978   13.721349668816   15.551509062921  335.762365461127
     0.451227406743   13.648607042342   15.523748998329  332.380730105179
     0.452227904573   13.555333143203   15.461788204795  329.272423110171
     0.453230196686   13.546682344806   15.435115634480  327.068716840063
     0.454233554916   13.582257669426   15.476088183607  328.324594287990
     0.455237052695   13.643847561716   15.539962404832  333.992956496368
     0.456240083483   13.604882662226   15.546173952820  334.799268366835
     0.456597739774   13.572945869606   15.525283170234  333.160266911672
     0.457600149686   13.580716724862   15.518012710722  333.407107176817
     0.458601303000   13.535512741483   15.485130794479  329.759161344757
     0.459602119991   13.652476659521   15.568155644533  335.033378422828
     0.460603245712   13.671703840767   15.591694688415  337.235827558712
     0.461607247993   13.589613091738   15.563852382568  335.809650835497
     0.462610168159   13.534091009477   15.536275651617  334.756672594911
     0.463612873803   13.528822989474   15.534062242596  334.099969459287
     0.464614536633   13.553300440145   15.521831510332  332.499701487602
     0.465615716525   13.635049745138   15.605435209022  338.498158430362
     0.466616405605   13.596818335755   15.592841434205  337.400204358300
     0.467618083666   13.579497230262   15.586162917905  337.033770068351
     0.468618102231   13.606993214446   15.639058626935  340.142207229298
     0.469621381954   13.466469906201   15.544293651048  334.264181661342
     0.470624080875   13.445568706978   15.508650606890  331.374020223046
     0.471492516363   13.553702117858   15.591440328214  335.669288974199
     0.472492524249   13.565268688451   15.628067101736  339.378367031016
     0.473493012677   13.519711844814   15.624761775846  339.303202203894
     0.474494743966   13.513118638436   15.620128317132  338.705492053990
     0.475495903365   13.521746298763   15.642366013660  340.259701124004
     0.476495915623   13.391197262418   15.560237768203  335.327137657082
     0.477499602790   13.357454421974   15.511552770278  331.912346982658
     0.478503142764   13.403379916960   15.574071691354  334.026133700955
     0.479504116070   13.529184006512   15.645089930674  340.595380243851
     0.480505688659   13.499578190883   15.662961222244  341.241549124317
     0.481510242393   13.340531760813   15.570833634229  336.518685572775
     0.482510584545   13.287526102879   15.537603406284  334.228775290128
     0.483514333032   13.259920282147   15.500596410928  330.604746510641
     0.484515091313   13.336398642523   15.572909110272  334.541017049682
     0.485518994043   13.452642762856   15.667477039347  341.219587813174
     0.485619998294   13.453708617225   15.673901278068  341.604389321281
     0.486620237552   13.430901703133   15.659509573618  342.540032333997
     0.487623250792   13.441839920076   15.677045463270  342.785336326275
     0.488625333504   13.406969420536   15.645422330285  341.391644580019
     0.489627977045   13.427044213789   15.665040664792  342.241210037410
     0.490628757703   13.376029330552   15.677898894090  341.356848755643
     0.491631067795   13.286722513299   15.621094124472  339.022284861142
     0.492633224357   13.267770682531   15.572843346047  335.483318357924
     0.493635369924   13.306554041453   15.607569451482  336.497261518228
     0.494635869885   13.413625042275   15.698356744094  341.882253714616
     0.495638908953   13.419827354606   15.709896521650  343.963538496863
     0.496642160179   13.422172691625   15.751274729857  346.832163333690
     0.497642399437   13.394035058225   15.714944404398  344.840033912102
     0.498642638695   13.264263160768   15.603039814339  335.518499724564
     0.499642877952   13.274907133884   15.618303046818  337.800859240507
     0.499852892601   13.286455331421   15.640602216964  339.771420605720
     0.500855434902   13.274596108182   15.680588025617  342.672629270396
     0.501856885240   13.234061810989   15.651198676065  339.749406326578
     0.502857216490   13.309435764052   15.670500558115  341.701143613519
     0.503857949431   13.318387629929   15.677100151259  340.523586461156
     0.504860851051   13.343725173627   15.745790854545  344.797124951010
     0.505863112407   13.281134651491   15.717607874991  344.317232603097
     0.506866036244   13.350923295253   15.733605869994  345.261498514464
     0.507866847868   13.383237636034   15.773119758927  347.542457627645
     0.508867336295   13.346954615743   15.794972923671  348.574887482768
     0.509868816977   13.241563330915   15.708435118961  343.703943203292
     0.510870115795   13.229253955548   15.690552452202  342.143327957666
     0.511871600416   13.271231866436   15.743119910499  346.478556120926
     0.511988952085   13.271772532364   15.747355120570  346.769352109271
     0.512989758763   13.252177648349   15.747757825741  346.689140060384
     0.513990892109   13.205366756239   15.698414807209  341.590600149019
     0.514991064468   13.304891643888   15.787815319182  346.811209633368
     0.515991322370   13.255066339578   15.736385606112  343.482095386820
     0.516993696421   13.248042735388   15.783297907927  348.966733466855
     0.517996065460   13.185737202740   15.717384448836  343.926942677413
     0.518997132407   13.233911533710   15.758696208889  345.370183595443
     0.519997313372   13.363396530326   15.869213315680  353.571243837061
     0.520998154024   13.323632657396   15.853645278430  351.998100429162
     0.521998232014   13.187913157048   15.807047495505  349.877207798884
     0.522999666148   12.969845476649   15.625552650857  337.974744207040
     0.523659536511   12.998854899034   15.623136514610  338.124821150352
     0.524660470689   13.120671907561   15.750498644305  346.753786023678
     0.525663149476   12.958332225465   15.619525553565  336.943970060840
     0.526663388734   13.041311405351   15.686821333636  341.501725485559
     0.527663680683   13.137678183171   15.774250211859  348.337638728981
     0.528203471005   13.150486908014   15.778314343134  348.795539391197
     0.529206018213   13.123040497380   15.766042857548  347.482252709663
     0.530207120735   13.112062750859   15.781880517591  348.132212768976
     0.531207751637   13.084929308775   15.759482653472  346.933053874452
     0.532209444550   13.137072557625   15.784049673905  348.271501179921
     0.533211301282   13.141531519380   15.794681740506  348.645325733908
     0.534211382370   13.154216173736   15.848467949355  353.286756913293
     0.535213790524   13.114570735078   15.822409261077  351.583890789810
     0.536215177592   13.088783788269   15.785853130390  346.685309724406
     0.537215522760   13.108805746051   15.815606601867  348.891841868645
     0.538217269134   13.026492971444   15.753991938754  344.824153563028
     0.539218623862   13.106615319065   15.833187943754  351.609755110768
     0.540221344275   13.108591563083   15.826656751024  351.256535013978
     0.540631626433   13.113304192963   15.830557726319  351.466019128401
     0.541635083038   13.098344011584   15.828939997123  350.967770526243
     0.542637183007   13.015038646273   15.769764598171  345.124499389698
     0.543637547075   13.146760424919   15.862834461042  352.930021497507
     0.544638965783   13.167971142205   15.910216674784  355.243920186020
     0.545640712497   13.058055957531   15.862243146333  352.672989637005
     0.546641990259   12.920031449003   15.757117249714  345.355187361729
     0.547642847745   12.979121093032   15.794053974474  348.417167637720
     0.548644163393   12.962239872571   15.772121961862  345.706934550320
     0.549645805100   13.094476660070   15.882501473041  354.039998088836
     0.550646962017   13.010604009758   15.839382440774  351.235635649612
     0.551647376426   12.968147924437   15.827521047246  351.361219716926
     0.552095882285   12.949019406974   15.814569585570  350.122059791200
     0.553097776453   12.972263805299   15.798603938868  348.360623028148
     0.554099566474   13.073696976460   15.891874884455  353.693258030267
     0.555100301435   12.971641307961   15.862721415062  353.449005913636
     0.556102113597   12.864058572244   15.769075426147  346.154939210767
     0.557104768066   12.966131397638   15.816716253853  348.325874080079
     0.558105457135   13.047689726140   15.878350678612  352.467867057473
     0.559106071335   12.957112919990   15.848038072055  350.886131370793
     0.560108431814   12.892026464736   15.793350356030  347.585048228481
     0.561108996390   13.050148434566   15.904902088553  355.292722693455
     0.562109928516   13.097656738622   15.965115820257  357.818107137486
     0.562971283164   12.972133993851   15.898322981410  354.021719346897
     0.563971819904   12.957955700713   15.868437979451  352.751056877274
     0.564972421658   12.986301596664   15.863644317395  352.144373317236
     0.565975740661   13.156019997693   16.032981176786  362.896042181292
     0.566978824186   12.891240291017   15.911546142234  356.275384708526
     0.567981544199   12.722632879064   15.758659713729  348.171879786863
     0.568982945899   12.764698649743   15.779051511871  347.332776633938
     0.569984205262   12.820962552025   15.809401396356  348.269085204877
     0.570986135315   12.913732091471   15.877525255028  353.333790753852
     0.571987059227   12.837058674076   15.862721376424  352.354685654980
     0.572988377883   12.721562546411   15.801740898944  348.584066130916
     0.573467605377   12.684945029026   15.745672959468  344.031753427817
     0.574468077607   12.818082688870   15.846655244065  351.709038842466
     0.575468968986   12.813208240138   15.852501489698  352.191132406509
     0.576471330034   12.764591692158   15.811380224047  347.985235192574
     0.577473900045   12.878640638567   15.900868931832  354.725561005418
     0.578475017601   12.727555866099   15.829256533398  349.566872096594
     0.579475319759   12.714731394435   15.807042214553  348.344976414385
     0.580475612509   12.852923076376   15.900927602508  355.471956744679
     0.581477322931   12.901003788942   15.951360125190  358.908003634260
     0.582479265388   12.946733756933   15.987121540816  361.361661447918
     0.583482005125   12.860615771818   15.953738000326  357.392877567280
     0.584482791217   12.648403441957   15.781580618040  346.554640833771
     0.584678997408   12.660274619204   15.789355450325  346.860986161669
     0.585680984796   12.858426980847   15.937196434431  356.800846018748
     0.586681757427   12.873297220849   15.970731714694  359.561494878290
     0.587684504306   12.865603682715   15.962690689297  359.183912168541
     0.588685040064   12.850413642586   15.948693435788  357.979756759550
     0.589686726848   12.910830466312   16.004161901029  360.861134498907
     0.590689537819   12.742365893828   15.885293333559  354.080278027184
     0.591690179359   12.773479474223   15.902287640245  353.890275991808
     0.592690622700   12.980449557751   16.052637782756  365.310206418596
     0.593690809124   12.940143859736   16.045218617474  363.349850061607
     0.594692185087   12.807951579561   15.984937349077  359.244753260330
     0.595694281705   12.581532325257   15.832203646451  350.035616237389
     0.596073375943   12.565167880552   15.788410345376  346.919353282783
     0.597074505093   12.741973894499   15.901221029654  354.962478512521
     0.598074987532   12.763582330361   15.933727248755  356.512629556756
     0.599075607670   12.720579039967   15.900286693881  353.140957272074
     0.600077538123   12.855387441638   16.019217724278  362.244522167616
     0.601077602504   12.729286897433   15.929801454386  355.557625870059
     0.602080012621   12.903359131254   16.072524306510  366.383384999113
     0.603081874954   12.836290513378   16.046805324467  363.382565609604
     0.604082265753   12.625576070555   15.897337058845  354.017175400027
     0.605083942506   12.684309501005   15.915411354604  354.785563468792
     0.606086285734   12.851467664065   16.033120494357  363.614183955271
     0.606289181242   12.868264739636   16.047149488498  364.451729915035
     0.607289976683   12.322455646033   15.455679385870  337.855405677673
     0.608290045134   12.341820542088   15.461705058939  338.807023763571
     0.609291383376   12.521408687931   15.609202281651  347.373445940623
     0.610292449786   12.454836494112   15.527648702677  341.719445933345
     0.611294188360   12.616948454592   15.670357556177  349.633400616678
     0.612294644889   12.295823366756   15.504550785359  342.734668023167
     0.613296230944   12.284077111451   15.432866968101  335.959856271216
     0.614297489345   12.310214860530   15.414216757009  333.656829541338
     0.615297871342   12.542997423308   15.596603375598  346.693023360156
     0.615470010511   12.554035280094   15.621557360360  348.380009489725
     0.616470205311   12.572575988295   15.646148017823  349.367198216169
     0.617472209042   12.482111305721   15.583092501678  346.151823772620
     0.618473112716   12.412059750082   15.511777959307  339.535141720568
     0.619473536180   12.630872086068   15.668838156519  351.194483001550
     0.620474382121   12.569669702495   15.664155226955  350.760412428435
     0.621475226464   12.361931075188   15.527639092577  342.768615063369
     0.622238500644   12.285174034379   15.513904007069  342.056836225485
     0.623238848887   12.086122866887   15.424529613724  336.422022826419
     0.624239247754   11.690390301365   15.158355585274  319.191212944952
     0.625242382874   11.206153699439   14.826743859792  299.069662656412
     0.626246096229   10.850348261164   14.576092861246  284.671962178884
     0.627248378637   10.514860362511   14.326446787956  271.651394377008
     0.627778417830   10.367388962168   14.220973094621  266.558370271666
     0.628779534694   10.194627436442   14.098843126512  260.623993695640
     0.629782166746   10.055786279764   13.995073981386  255.916808437967
     0.630792869853    9.952571019681   13.923150881207  252.725077014922
     0.631794119853    9.868387614819   13.865829748529  250.195715083809
     0.632795369853    9.805038524292   13.825776822472  248.448085377006
     0.633796619853    9.759407858200   13.799865688037  247.358759166040
     0.634806501383    9.714131966686   13.775886065364  246.380181720812
     0.635819001383    9.672119595308   13.754547338214  245.525033827293
     0.636828576383    9.644568275654   13.741131660043  244.991748711835
     0.637834026383    9.614034228209   13.728031731101  244.459271853482
     0.638846526383    9.586957120559   13.715305362032  243.953653566439
     0.639847528883    9.564693571932   13.706371761761  243.591467702573
     0.640851208883    9.534227290151   13.693735460957  243.092099849570
     0.641854708883    9.508474854866   13.684742584065  242.728571397238
     0.642857908883    9.477320608829   13.670976173062  242.208949129550
     0.643860133883    9.455726809053   13.660451543642  241.814262010446
     0.644872363883    9.434991971956   13.652739471231  241.528515611606
     0.645887347883    9.413708467032   13.647833628324  241.340440098962
     0.646897247883    9.392883271750   13.639481647591  241.034926764370
     0.647913347883    9.376406757996   13.631465923267  240.762257912367
     0.648926747883    9.359978774512   13.628045970433  240.619093364728
     0.649943165883    9.336917490852   13.619614918472  240.294209171036
     0.650947799883    9.318635685371   13.613377334649  240.026985439031
     0.651265775883    9.310949893647   13.607834794606  239.835321600366
     0.652281575883    9.299350122482   13.602550482050  239.598015404293
     0.653285681883    9.279977038455   13.595916642728  239.312751131578
     0.654293069883    9.270294005282   13.591333837802  239.115106455441
     0.655310069883    9.257242771418   13.586576795946  238.931990284911
     0.656315069883    9.241808359237   13.581811130292  238.748719558793
     0.657317069883    9.227390112879   13.576775216096  238.562491266123
     0.658334069883    9.217053173625   13.572982293161  238.425606630355
     0.659351069883    9.206656374378   13.569325359029  238.300000918640
     0.660356069883    9.193847786947   13.566262178756  238.195879831432
     0.661358069883    9.178681603095   13.560351566637  237.987258685114
     0.662375069883    9.168408940726   13.556316315888  237.851361270611
     0.663392069883    9.153089678515   13.551363942302  237.680774461944
     0.664397069883    9.145120345882   13.548350320911  237.586074687440
     0.665399069883    9.135036266514   13.545518185114  237.498897419572
     0.666416069883    9.123103608794   13.541464643381  237.351961134900
     0.667421069883    9.115124043542   13.538395039644  237.241691110638
     0.668426069883    9.113692526027   13.539364447779  237.273446187018
     0.669431069883    9.108395614624   13.539876133605  237.300313134279
     0.670436069883    9.098248723896   13.533494145583  237.066661108091
     0.671441069883    9.098205754121   13.530447396757  236.959399740744
     0.672446069883    9.098939785612   13.530223170437  236.943180624930
     0.673451069883    9.097556036832   13.528893986938  236.889253613836
     0.674456069883    9.103074853761   13.533340011310  237.030562573101
     0.675461069883    9.097694608894   13.545793486375  237.443006419563
     0.676472549967    9.069700497426   13.554287296395  237.728755925787
     0.677482393526    9.039885750506   13.577033774392  238.552776460750
     0.678486908471    9.052107635672   13.613764942585  239.936044963801
     0.679491193205    9.161618244528   13.650597114750  241.377951437770
     0.680500735541    9.165307308981   13.598478105504  239.664601328043
     0.681502564412    9.177009826189   13.572458662760  238.850623446628
     0.682509894564    9.169355974018   13.559396755296  238.465447438695
     0.683516601349    9.144926679938   13.542650151302  237.916344614998
     0.684523308135    9.153763882999   13.541061665997  237.908883129138
     0.685530014921    9.167094266161   13.546821223347  238.162478149424
     0.686534955554    9.168930369311   13.547493027859  238.210823832289
     0.687536363883    9.165350586246   13.543901944510  238.117484313122
     0.688537772212    9.174760409282   13.546822721390  238.280993626170
     0.689539180541    9.188108095667   13.555339323771  238.693196445204
     0.690540588870    9.200534806652   13.563399895973  239.061458754029
     0.691541997199    9.210213446046   13.575121005617  239.572030334031
     0.692543405528    9.221543457364   13.584946794292  240.030543959559
     0.693544813857    9.238913725834   13.598177487126  240.651553474690
     0.694546222186    9.260555058089   13.624576622174  241.783807672964
     0.695547630515    9.288249536563   13.657605654677  243.240274793658
     0.696549038844    9.314256286519   13.690114897717  244.761546520622
     0.697550447173    9.334881447591   13.725690134594  246.494710487076
     0.698551855502    9.320242682835   13.735450355109  247.039933452403
     0.699556368615    9.284192018734   13.730911162346  246.915336695904
     0.700559052497    9.255515845422   13.721381034226  246.379771077850
     0.701561736380    9.224024090079   13.705037099530  245.725568489861
     0.702564420263    9.196558989328   13.698936438196  245.518176049250
     0.703567104145    9.189761935376   13.710543494778  245.943664895019
     0.704569788028    9.148319369783   13.689644341302  245.090854744252
     0.705572471911    9.132886063046   13.684024018403  244.745699076767
     0.706575155793    9.119467241890   13.677583742008  244.445352434354
     0.707577839676    9.097512922333   13.670215205657  244.061343682302
     0.708580523559    9.083572175253   13.666900730428  243.801968114363
     0.709583207441    9.067876490388   13.657665931032  243.368212155704
     0.710585891324    9.054852372862   13.648831436191  242.892217146082
     0.711588575206    9.046788481541   13.644347095905  242.662451499039
     0.712591259089    9.041482005747   13.643971573650  242.572081980505
     0.713593942972    9.019640452775   13.632898110684  242.065831625294
     0.713808803804    9.015809204491   13.630976879712  241.973808773703
     0.714811487686    9.002579575876   13.621671615840  241.542946963163
     0.715814171569    9.000598347815   13.622541682675  241.546940037960
     0.716816855452    8.992690831825   13.622398082842  241.554347665538
     0.717819539334    8.984098605910   13.619813986021  241.445969044722
     0.718822223217    8.982657463560   13.620551225794  241.475531737352
     0.719824907100    8.980539740097   13.622527630278  241.541364185912
     0.720827590982    8.970235970721   13.619543338239  241.410159817875
     0.721830274865    8.966676387155   13.620185760622  241.423766864816
     0.722832958748    8.961837544988   13.620500423741  241.420575917727
     0.723835642630    8.960580310960   13.622970798396  241.519112963273
     0.724838326513    8.959779723289   13.625000471470  241.618679618451
     0.725841010395    8.958396238491   13.627486434714  241.744843622665
     0.726843694278    8.956228073432   13.630288115908  241.857176364045
     0.727631517329    8.946404550484   13.628589474796  241.801270736804
     0.728635641575    8.946826927287   13.631000733525  241.888585630405
     0.729641190269    8.937231381340   13.610643695130  241.409235150607
     0.730646738962    8.960734323141   13.634058086309  242.441333124290
     0.731652287656    8.954603442506   13.634271752383  242.417312697393
     0.732657836350    8.947035228192   13.635147328780  242.471502911018
     0.733663385044    8.942446180082   13.636878119967  242.543094274135
     0.734667172443    8.945848295830   13.643913134678  242.912340035573
     0.735669547443    8.930585782277   13.639078108666  242.705895578843
     0.736671922443    8.923040951770   13.636768709275  242.585320942506
     0.737674297443    8.912800821982   13.630691602871  242.319185294988
     0.738680469318    8.909647077859   13.631795604772  242.331279912510
     0.739682844318    8.898288355703   13.630468470816  242.255941862871
     0.740685219318    8.891787423274   13.627673427142  242.146674222855
     0.741687594318    8.887746050328   13.626956098853  242.103203031679
     0.742689969318    8.878697090116   13.627050594785  242.106576476650
     0.743694597640    8.874068073698   13.627664352940  242.187219142160
     0.744695285140    8.871285662493   13.631070435719  242.370365943861
     0.745699347640    8.863185683789   13.626475806045  242.096633195623
     0.746705847752    8.850214765067   13.622049549764  241.897525915252
     0.747708222752    8.845987513577   13.622727363566  241.978339928457
     0.748710597752    8.836300528983   13.618468991083  241.707939592178
     0.749712949651    8.828643289079   13.615336923933  241.575826265010
     0.750718974660    8.822834625998   13.616453506872  241.637767551950
     0.751309599660    8.821728319968   13.619186180590  241.744311815743
     0.752313662160    8.813390178431   13.616279141441  241.544959255327
     0.753317724660    8.808210349680   13.613785825226  241.433359402880
     0.754321787160    8.804714961375   13.615718778352  241.516993401222
     0.755325849660    8.802649130896   13.618617784734  241.684082159541
     0.756329912160    8.806788026020   13.622931040954  241.814674497018
     0.757336084035    8.793687251502   13.615334787277  241.424288175664
     0.758337352806    8.788496688702   13.612628684438  241.300820622256
     0.759341752806    8.776297809571   13.606391479113  241.082993345468
     0.760345815306    8.773490430904   13.605937424596  241.059797003538
     0.761349877806    8.767977451752   13.606838496009  241.084293569170
     0.762353940306    8.762118282044   13.606111357893  241.043681466542
     0.763358002806    8.756856537203   13.605287693642  241.011154902090
     0.764361221556    8.755963402926   13.604706005527  240.969544495551
     0.765363596556    8.749622890772   13.603987238998  240.929706132749
     0.766365971556    8.743642267928   13.603041597071  240.907789156054
     0.767368346556    8.745769557095   13.606642799913  241.095285708261
     0.768370721556    8.739982241997   13.603633117183  240.949838302535
     0.769373096556    8.738135339299   13.602635871442  240.974959453818
     0.770375471556    8.744991046897   13.611269768483  241.307330012602
     0.771377846556    8.742290474110   13.613151933843  241.396141431109
     0.772380221556    8.745412630546   13.617658435844  241.609319016230
     0.773382596556    8.745472873178   13.616527117579  241.574893277093
     0.774384971556    8.747713809679   13.621512395890  241.835487463657
     0.774649487181    8.749170796969   13.623876192262  241.922838088890
     0.775652925306    8.749372533093   13.621782370413  241.828790588968
     0.776653477806    8.751408647862   13.625662925106  242.094879891936
     0.777654030306    8.749930065433   13.627207147275  242.121108455724
     0.778660657806    8.751082995100   13.627887210048  242.192255176885
     0.779663032806    8.752614094108   13.633359406912  242.408389692491
     0.780664438337    8.750826020424   13.633419286548  242.466931343246
     0.781665752743    8.753706933864   13.640830465205  242.735403460787
     0.782667469618    8.751379929347   13.640786236324  242.831650269575
     0.783671616493    8.753421391964   13.648840326919  243.129271492541
     0.784677408681    8.752683338476   13.653851021360  243.336377869997
     0.785677961181    8.754575891876   13.660113924713  243.700645481297
     0.786680589306    8.745999124882   13.660027366266  243.698964516469
     0.787688026806    8.730423032729   13.656015832055  243.509636234226
     0.788694473321    8.723580417656   13.651527813777  243.336390706513
     0.789698306321    8.719285613684   13.650698499590  243.295524941686
     0.790702139321    8.711946528837   13.649486892905  243.245494145206
     0.791704585196    8.705103760415   13.647641657668  243.186711612522
     0.792706960196    8.700217883826   13.646462370082  243.169016239106
     0.793709335196    8.695733313137   13.645585718197  243.148005639596
     0.794711710196    8.689611263064   13.645528074205  243.190512441836
     0.795714085196    8.685030868799   13.646230066832  243.195793110288
     0.796716460196    8.674118411812   13.637211150083  242.781080529984
     0.797574553946    8.670002143339   13.635034803943  242.687833373553
     0.798576849371    8.662214929966   13.631430973258  242.594443444607
     0.799581446056    8.658845010753   13.632681343718  242.648003776669
     0.800585499630    8.646717797382   13.626430454099  242.339531794272
     0.801592609620    8.639992447657   13.624222649906  242.328890220774
     0.802595367739    8.633793258195   13.623349316879  242.164595369918
     0.803597859176    8.626808783883   13.618814257399  242.067894599971
     0.804606562301    8.619335314819   13.617788050615  241.901573053700
     0.805609359176    8.608986572073   13.609301551277  241.611480760190
     0.806613421676    8.606116426072   13.610371095855  241.573576885941
     0.807617062301    8.594169010413   13.602128092290  241.251339969025
     0.808625309801    8.592594265140   13.604334639744  241.301509623412
     0.809627684801    8.581998948497   13.597373539173  241.010078242383
     0.810630566051    8.580314548606   13.598145115952  241.010110648714
     0.811636003864    8.566816043866   13.591192173319  240.660602474779
     0.812641643859    8.564482521573   13.591144749069  240.680238996731
     0.813647900109    8.555832204673   13.585812518981  240.417646016562
     0.814649325510    8.549584163778   13.582550566153  240.321670901638
     0.815655024885    8.545288469875   13.581638290724  240.190141336271
     0.816656003479    8.535250921062   13.576147991288  239.960811054823
     0.817656555979    8.528555013219   13.573929506119  239.879080469736
     0.818657108479    8.523974535207   13.572720993571  239.828259538250
     0.819660290272    8.518576127739   13.569930685547  239.684172390824
     0.820668385897    8.515385075923   13.570393567240  239.694624828719
     0.820926252772    8.513879892580   13.570074760294  239.671905578282
     0.821926805272    8.508723659544   13.568161718795  239.586160271186
     0.822928898375    8.504943250209   13.568483681969  239.582650858105
     0.823931273375    8.500542998464   13.567558812687  239.543313162761
     0.824937137282    8.494889889211   13.564963991267  239.448517636331
     0.825937689782    8.495977344581   13.568532372762  239.613140902962
     0.826943180413    8.491310079849   13.566925907090  239.549250270465
     0.827943732913    8.488594226390   13.566888364950  239.573097609914
     0.828951111350    8.490361677173   13.571892861277  239.749658844235
     0.829951663850    8.486310797405   13.571487356444  239.729783141891
     0.830951725288    8.483591320966   13.572148359366  239.762271660554
     0.831960630369    8.481087023027   13.571842751862  239.799771846197
     0.832963508567    8.484057321951   13.577119924994  240.001133459536
     0.833967932057    8.480415865327   13.577303329619  239.998438006115
     0.834968616126    8.479923193437   13.578430317774  240.111820754828
     0.835972585601    8.482278896090   13.584132117308  240.316108833133
     0.836975790157    8.480017089619   13.585364175233  240.413837931188
     0.837982734063    8.482178018575   13.591556506130  240.656009619263
     0.838984745828    8.476332031353   13.589634675814  240.609224409823
     0.839988578828    8.482182425859   13.597886672091  240.955630313603
     0.840992411829    8.478872677071   13.598124554626  240.973376414806
     0.841995809454    8.480222261130   13.602708771358  241.205771740292
     0.843002462266    8.479053062907   13.605531192784  241.313891643788
     0.843010663516    8.479010939470   13.605521520714  241.313314470359
     0.844018521102    8.479138055207   13.608956046544  241.529796034101
     0.845025401727    8.479317187181   13.613473581691  241.736549490313
     0.846030528196    8.476966082303   13.615161213084  241.746294760688
     0.847034920045    8.473093796104   13.614822837643  241.761843001277
     0.848035337412    8.470131614471   13.615398402316  241.780960076230
     0.849043051583    8.466377945249   13.616069275261  241.795115633211
     0.850047248770    8.463242694872   13.616219755508  241.828923376184
     0.851051051078    8.458880876425   13.616526197543  241.819842286694
     0.852051786671    8.455549456481   13.616803205264  241.862869441560
     0.853057626665    8.449390847842   13.614326834172  241.758733932467
     0.854060465728    8.446251840045   13.614466450643  241.795106231754
     0.855067402884    8.439820450655   13.613237560764  241.745829512168
     0.856074629446    8.436645772955   13.612279034738  241.773494816945
     0.857082465871    8.433829060041   13.612311156718  241.747772840739
     0.858082790559    8.427397541191   13.609946009063  241.581550461134
     0.859084752459    8.418151772244   13.605228209284  241.404002117403
     0.860092118746    8.414282016813   13.605277885339  241.432088299416
     0.861097514305    8.410900555583   13.605198656251  241.367221134554
     0.862101127705    8.404190376348   13.602350006169  241.204506339064
     0.863106404493    8.397548743772   13.599230622525  241.106117850252
     0.864112421404    8.393215745109   13.598903299034  241.068803739061
     0.865113712966    8.389506824799   13.599174917951  241.087782773239
     0.865415670312    8.388511896994   13.598293124741  241.071927260956
     0.866423485221    8.384049964832   13.594997387371  240.918145616751
     0.867430703011    8.379719799792   13.594678824860  240.869120783976
     0.868436319057    8.374847680778   13.591979288616  240.770980233258
     0.869437463251    8.374005045393   13.593846318676  240.872279170821
     0.870439971258    8.371527702529   13.594323250217  240.916762899866
     0.871444198926    8.369504175022   13.595351233859  240.956330755412
     0.872451729913    8.367123837516   13.594902552588  240.948708816312
     0.873457466118    8.363997177611   13.594801717825  240.932079629720
     0.874464954266    8.360012271863   13.594011069492  240.900113993904
     0.875471575589    8.357938668590   13.594773582379  240.907984058452
     0.876479128278    8.353664960059   13.592133903124  240.789770772118
     0.877483011633    8.351968740049   13.593323334308  240.880662484610
     0.878488094235    8.352377558849   13.596923216608  241.021260725691
     0.879490112893    8.349827656465   13.596626992033  240.983920966180
     0.880492119392    8.349408124000   13.599011310370  241.154577464144
     0.881499072851    8.353005379663   13.607068512071  241.468248243645
     0.882500112337    8.349501650933   13.606364762712  241.430321359094
     0.883501613566    8.349249113381   13.609239076330  241.594752733142
     0.884503353118    8.350068918211   13.614049049496  241.828825334887
     0.885503916262    8.349659550173   13.618199164834  241.976482815993
     0.885532306079    8.349666084081   13.618354323222  241.982902050864
     0.886534752620    8.343915724510   13.615571466392  241.857749031394
     0.887540694143    8.343703951063   13.618319480123  242.013077149260
     0.888542209451    8.344078002541   13.623598026352  242.248496477707
     0.889543816034    8.342322918711   13.626155491839  242.320378857175
     0.890545112036    8.339652922670   13.627360420182  242.323463761383
     0.891551082676    8.342514571370   13.634554469821  242.694943591778
     0.892557250191    8.338369825557   13.635644316631  242.767674351191
     0.893560604667    8.337306613285   13.639491240615  242.905362981689
     0.894560610169    8.333440710585   13.639743262037  242.911827783259
     0.895565977156    8.328754359163   13.638756015072  242.864628463394
     0.896573341669    8.323872510469   13.637338648473  242.810661526989
     0.897574122293    8.319920479057   13.639089129593  242.854406778656
     0.898576068144    8.315263079895   13.636469756691  242.770662698984
     0.899579288320    8.311625569679   13.638365583910  242.805978373847
     0.900582595697    8.307692553232   13.635055984625  242.745110579671
     0.901582607205    8.305575314489   13.635369819531  242.793376551197
     0.902586641719    8.301694080512   13.635593396144  242.817899533453
     0.902958542566    8.299124737388   13.633758240179  242.773311025328
     0.903959228205    8.296317453242   13.635323416054  242.833078018936
     0.904964248565    8.291017375479   13.631446981172  242.686781685916
     0.905969487401    8.287713268901   13.631511217092  242.606754641344
     0.906975940114    8.278913715251   13.626148978813  242.347604452561
     0.907982392510    8.273911645041   13.627086556170  242.346104823784
     0.908982444736    8.268774127258   13.623486988680  242.251039551789
     0.909984596050    8.265497363916   13.622118620769  242.279041850480
     0.910988830396    8.259794896297   13.620594224712  242.126474341888
     0.911991942288    8.256661664085   13.616729828208  242.019662810718
     0.912991944497    8.251357243727   13.615223227154  241.907721610372
     0.913997643225    8.246862418675   13.614689323650  241.882967780451
     0.915004455612    8.243938247745   13.612785830638  241.867452937850
     0.916012101710    8.240873492608   13.614387215947  241.921433503340
     0.917015303241    8.236287003045   13.611630463622  241.728586425344
     0.918017937364    8.231641112435   13.608617366968  241.623054665270
     0.919018863821    8.227735445740   13.609189690956  241.621387266914
     0.919618895069    8.224053466167   13.607687102456  241.579809868412
     0.920619960070    8.221166541656   13.609795278970  241.617296217549
     0.921621875150    8.217522077746   13.607811497655  241.580109212413
     0.922623483861    8.214643469290   13.606591116306  241.559822878491
     0.923629302558    8.211797684546   13.605570341566  241.550409674858
     0.924629628893    8.209454245907   13.606888967077  241.580273481385
     0.925633917718    8.206215828655   13.606548598138  241.576571027586
     0.926638273661    8.202063609929   13.605728047565  241.500701186472
     0.927639092069    8.196657770260   13.602154942210  241.340519596451
     0.928642370456    8.193739698954   13.600231375266  241.304129576014
     0.929644217794    8.189809127061   13.600852180881  241.262815608916
     0.930646032193    8.187051474410   13.603059243083  241.306634023811
     0.931649543703    8.182128049550   13.600347242583  241.219592715102
     0.932653551673    8.179285099077   13.599800678103  241.215154789259
     0.933655494420    8.177024119850   13.600234730433  241.235040474766
     0.934142356612    8.173867877276   13.598358968188  241.149239310943
     0.935147943156    8.170291781800   13.597629591757  241.119694609786
     0.936148833483    8.166210884123   13.597247510054  241.098981011608
     0.937154339287    8.163763720238   13.597813815750  241.138235468122
     0.938160922766    8.161214926824   13.598886482304  241.190640733691
     0.939161662464    8.157240721199   13.597832479035  241.157294303537
     0.940162661815    8.153776040181   13.598167050749  241.165808475774
     0.941163994083    8.149644037448   13.597417899686  241.159810858852
     0.942171418147    8.144377368211   13.597908599449  241.159224330033
     0.943178697004    8.141383785063   13.598210553727  241.187384008163
     0.944178806254    8.135332721507   13.593743990998  240.951594096702
     0.945182789328    8.131671025888   13.593771098496  240.945773446597
     0.946184898686    8.126406089714   13.592297021012  240.914133334532
     0.947187850593    8.123106739662   13.592632058273  240.945356688879
     0.948188057367    8.118407735741   13.590683147090  240.825421658677
     0.949192955373    8.112969737521   13.586928156968  240.655542036218
     0.949658147940    8.111382209024   13.586312438281  240.635384662758
     0.950659827770    8.105277308380   13.586434906750  240.610070814462
     0.951664215401    8.101399074614   13.585612974686  240.601762311218
     0.952664409030    8.098510379788   13.585479356096  240.600781115599
     0.953665715642    8.093681452887   13.583741203425  240.461497544092
     0.954667917253    8.087637490570   13.577548395662  240.265174847987
     0.955668807406    8.085757995990   13.579124619465  240.309475803707
     0.956671679311    8.081137988044   13.578160439355  240.274918344680
     0.957672774023    8.078969829752   13.579022492960  240.363853835681
     0.958675936921    8.074324543304   13.578234103685  240.302893705789
     0.959682871955    8.068242145455   13.574656331799  240.134859443194
     0.960686697050    8.065843059734   13.573922639899  240.119717084056
     0.961691825505    8.062973888854   13.574845439665  240.085263936998
     0.962696073661    8.056908648837   13.570155184683  239.890793192973
     0.963697550429    8.054240732316   13.569482460010  239.879975098771
     0.964700803180    8.051766775873   13.569316271212  239.868923793848
     0.965705197711    8.049346691220   13.568999937647  239.868016899023
     0.966709116891    8.046778231666   13.568852295700  239.913804478458
     0.966850731092    8.046258949202   13.568770524943  239.911377776992
     0.967853124011    8.045296179329   13.569905077309  239.983798584226
     0.968853930236    8.044005822029   13.571346711516  240.046929001322
     0.969855761476    8.041510264351   13.571573490575  240.031011400421
     0.970860716423    8.037202034421   13.571221564859  239.937088440550
     0.971867238475    8.034219820575   13.568593762734  239.859591796271
     0.972869739811    8.030891939776   13.566776754742  239.808983260167
     0.973875120091    8.032778266950   13.571741564156  240.083198785038
     0.974875139532    8.033540454076   13.577736514879  240.301891713034
     0.975877614928    8.027750195071   13.575114292448  240.139455928823
     0.976881429701    8.025254636858   13.573683268284  240.137684068303
     0.977882184060    8.024738008483   13.577105478924  240.318313953492
     0.978885568402    8.025529250941   13.580885221483  240.490966653665
     0.979889055957    8.023110591676   13.580833777671  240.486782475981
     0.980890375634    8.018640486610   13.578428180256  240.374110955449
     0.981895016304    8.015543593334   13.579315528835  240.374792202820
     0.982807157561    8.014896865438   13.581950187401  240.535015049927
     0.983809586775    8.015659075910   13.585294374434  240.726511409716
     0.984814800859    8.012654098521   13.586504399527  240.745917628189
     0.985823261004    8.007947814979   13.583607874028  240.628726963858
     0.986825763866    8.009228848704   13.587729662103  240.814147778225
     0.987830048203    8.005869575005   13.589452641658  240.854781128647
     0.988836040238    8.001881398656   13.586768850328  240.767549043481
     0.989837587483    8.000837220044   13.589358493792  240.895386866842
     0.990840890916    7.997444221990   13.588181633479  240.866872789783
     0.991845009915    7.993712858759   13.588743791865  240.891108305636
     0.992847662659    7.989709894113   13.587614105567  240.868203843047
     0.993852653436    7.985817615604   13.587283895552  240.844820998514
     0.994853631906    7.984377717375   13.588221253253  240.897712028818
     0.995856609733    7.975491322966   13.582363023894  240.559699009836
     0.996859029343    7.972279897650   13.581586064750  240.528201669368
     0.997643982762    7.967682610525   13.579714262397  240.447994346865
     0.998644655161    7.963825417954   13.578939112115  240.408195083406
     0.999648339738    7.961563177484   13.580378091405  240.489615831146
     1.000649623651    7.957025632180   13.578111212281  240.406431748699
     1.001651994786    7.955794229827   13.580221873806  240.489801386314
     1.002652417933    7.953437798810   13.580622774695  240.544955815967
     1.003653656461    7.950113101634   13.580822068884  240.554404749449
     1.004655915784    7.946648764502   13.580624919070  240.540348874255
     1.005657478417    7.945324722471   13.577628662375  240.564976947197
     1.006662608541    7.945592823897   13.580226570875  240.674783023507
     1.007664146719    7.938257716255   13.575335964267  240.464064044449
     1.008672432359    7.939793343857   13.577955665787  240.599909667259
     1.009674106353    7.936965260301   13.576902680388  240.574390313125
     1.010683485103    7.930057027500   13.574522471926  240.402290870448
     1.011045772616    7.929264998431   13.579290025873  240.504981444467
     1.012046758406    7.927654299769   13.576573176318  240.560454257159
     1.013048206677    7.924848579086   13.582429942133  240.643893296101
     1.014048371601    7.921262870636   13.579507645699  240.575949366786
     1.015049577277    7.918961256842   13.578177616326  240.473489476289
     1.016050279657    7.912909858077   13.574361026195  240.321557022290
     1.017054156655    7.909361828913   13.573224492911  240.257250472146
     1.018059340698    7.906065988402   13.571600357420  240.182971280124
     1.019063283905    7.901683847457   13.568405286722  240.074879803885
     1.020065275069    7.902898505243   13.569710259637  240.301461551888
     1.021065960417    7.902936573175   13.577736381513  240.598493485390
     1.022066658264    7.901906873121   13.586162300661  240.856203611010
     1.022726417321    7.899448782715   13.584317154976  240.788022517648
     1.023728075148    7.893649469436   13.580955057726  240.616383067084
     1.024731738746    7.888559299311   13.579469135804  240.561791271272
     1.025731779021    7.884578426591   13.579942550964  240.566029680679
     1.026734807658    7.880940327310   13.578690239873  240.524203891753
     1.027739839119    7.877108647259   13.575963579117  240.422059122078
     1.028740850908    7.874672576116   13.578854822035  240.519323663117
     1.029743944775    7.870441696558   13.576340558465  240.440503647430
     1.030750156938    7.867028619422   13.575874536223  240.414640561458
     1.031754836638    7.864334657296   13.575006452271  240.376629837392
     1.032756123168    7.862743204870   13.576197477239  240.440256122717
     1.033759266538    7.859019937781   13.575893147368  240.414222092730
     1.034761728638    7.856206748600   13.577373049381  240.465841067125
     1.034810638705    7.855808522263   13.577133708607  240.452207163206
     1.035811905033    7.851985443841   13.576544175772  240.456934088328
     1.036812863173    7.849210323883   13.577022760242  240.493631337758
     1.037814653124    7.846656512686   13.578179599603  240.607621255394
     1.038816459701    7.847709234452   13.584002933827  240.847684157855
     1.039817040614    7.844571827176   13.582807792393  240.888707765288
     1.040820506398    7.842183619831   13.571065973414  240.642421148205
     1.041820993413    7.840610160236   13.586306297252  240.906677997150
     1.042823418444    7.824522485667   13.572642285865  240.254220775554
     1.043827701894    7.826169105271   13.574530894989  240.455920761741
     1.044832666103    7.826071749960   13.576579785975  240.585442722843
     1.045837630311    7.828221717033   13.571769153094  240.597265620776
     1.046842594520    7.823421481925   13.576869264657  240.598685897089
     1.047848744002    7.816763300169   13.573118216255  240.439687013564
     1.048759914245    7.810759956050   13.571843447421  240.285494004361
     1.049762040710    7.806013480173   13.572484190213  240.236159738325
     1.050767510221    7.801633775200   13.570058076841  240.199932066423
     1.051769885221    7.800814295991   13.558177358343  240.020159363494
     1.052772260221    7.800466029551   13.565422840173  240.189679444070
     1.053774635221    7.795401255100   13.564159241638  240.097446387726
     1.054777010221    7.793604982830   13.563828587786  240.119561773596
     1.055779385221    7.790235818594   13.562831951959  240.083915696519
     1.056781760221    7.786903430931   13.562761862461  240.048367124331
     1.057790378971    7.784138570368   13.562100412779  240.027922484826
     1.058792753971    7.782077563413   13.561838063017  240.042570964672
     1.059795128971    7.780699933834   13.562252970243  240.073432120557
     1.060797503971    7.777504661869   13.562039958565  240.063325858900
     1.061799878971    7.775734159515   13.562455342156  240.091271479819
     1.062800777936    7.773155359473   13.562659826756  240.085462548925
     1.063800908348    7.766879058272   13.560868471879  239.981351666761
     1.064804211892    7.760954262028   13.568283758672  240.002156437764
     1.065810677466    7.756189253844   13.558825199243  239.819096446529
     1.066813052466    7.750520554787   13.555278044350  239.649472053993
     1.067815427466    7.744790572903   13.552436902659  239.475572566302
     1.068817802466    7.747552806251   13.555387577271  239.749501123990
     1.069822054322    7.747519996936   13.557946818054  239.921964790113
     1.070201491628    7.748096353437   13.561660949952  240.030275600376
     1.071209941628    7.742635282599   13.563562301831  239.996753664985
     1.072212316628    7.737994337604   13.557521218411  239.753280815340
     1.073214691628    7.740433779461   13.559104395890  240.013754708090
     1.074216772516    7.741790211189   13.564816276712  240.255629355648
     1.075220469929    7.742021920954   13.569791710517  240.424636790422
     1.076221174277    7.739761929861   13.576642766112  240.603146588341
     1.077222339641    7.736343814555   13.581031811507  240.632413403171
     1.078224292026    7.731958101337   13.575633709317  240.532871376186
     1.079233091559    7.729802112918   13.575491649082  240.543282787967
     1.080233191659    7.729958961964   13.577906410402  240.651831213610
     1.081234544348    7.730532299410   13.562977158937  240.435758596785
     1.082239195067    7.731875012406   13.575333751140  240.697516077569
     1.083239365525    7.727950918280   13.571906896094  240.589873511186
     1.084241480090    7.725484419084   13.575592916889  240.686064601212
     1.084495718840    7.724287771898   13.570533479189  240.621850936755
     1.085498291888    7.723240543313   13.577427428373  240.783996607512
     1.086507367211    7.714908048478   13.585504367528  240.788191678662
     1.087512577521    7.713013692018   13.570310192438  240.624528532834
     1.088517787831    7.712537985028   13.575425720058  240.744688023707
     1.089522998141    7.703887303981   13.573034310950  240.572677818496
     1.090528208451    7.704733322176   13.573778744908  240.726024190117
     1.091533418762    7.697880713904   13.574976512449  240.650203042396
     1.092538629072    7.690235518425   13.570044925091  240.397872577896
     1.093542198802    7.685165716101   13.566624668626  240.274309425183
     1.094545537472    7.680646635007   13.563861720864  240.070931801932
     1.095546322250    7.678766223248   13.568866957374  240.155583340923
     1.096547365499    7.675655097494   13.568223505184  240.184017315811
     1.097550105318    7.675027187645   13.570279139188  240.320549083003
     1.098553791735    7.671571863554   13.568274816049  240.244580087272
     1.098973471552    7.669413618933   13.566931495355  240.181087881811
     1.099975577235    7.667341653664   13.556035972743  240.050593611631
     1.100306432950    7.666366760284   13.554784572571  240.017889507410
