# {0} signal over time, extracted at r = 500 km
# All quantities are measured in a resting observer's frame at infinity
# cols=4 rows=1120
#              time        luminosity               <e>             <e^2>
#               "s"           "foe/s"           "MeV^1"           "MeV^2"
    -0.256519704513  1.4681935775e-11    5.344916541563   31.156734329965
    -0.255516928062 -2.6127366807e-03    3.431028044689   13.435293815949
    -0.254505796418    0.021788940491    3.513689070049   14.108751008689
    -0.253496131540    0.043974647428    3.523373427744   14.215465686335
    -0.252457029454    0.052499753782    3.512318346086   14.136357233098
    -0.251431716561    0.054885540378    3.512514018008   14.147036760793
    -0.250406403668    0.055329531519    3.518257768742   14.203124520543
    -0.249381090775    0.055027685106    3.521667508707   14.244139848883
    -0.248357669391    0.055217172574    3.523012743034   14.265991333105
    -0.247317669391    0.055940122400    3.523175886110   14.274972686645
    -0.246277669391    0.056538736292    3.525855150918   14.304751322886
    -0.245237669391    0.057217293289    3.529062582318   14.338361196990
    -0.244197669391    0.057917482932    3.532810395427   14.376483469518
    -0.243157669391    0.058688797791    3.537876537052   14.425332546225
    -0.242117669391    0.059454658477    3.543923793491   14.481766264740
    -0.241077669391    0.060190785189    3.550710821753   14.543666448963
    -0.240037669391    0.060921112901    3.557961402329   14.608973791951
    -0.238997669391    0.061653240511    3.565357275436   14.674915945994
    -0.237957669391    0.062400140217    3.572540620311   14.738837219800
    -0.236917669391    0.063167412459    3.579595110872   14.801605580527
    -0.235877669391    0.063957237674    3.586633019838   14.864135704014
    -0.234837669391    0.064706209391    3.593954934883   14.928064427778
    -0.233797669391    0.065670790272    3.600996560220   14.989996301000
    -0.232757669391    0.066663334499    3.608244683170   15.053633016823
    -0.231717669391    0.067645111388    3.615094156344   15.114539950017
    -0.230677669391    0.068643286860    3.621686624985   15.173829331595
    -0.229637669391    0.069712190470    3.628469817613   15.234632028452
    -0.228597669391    0.070907507464    3.635281946007   15.295811686894
    -0.227557669391    0.072008195118    3.641852159103   15.355587364798
    -0.226517669391    0.073150171849    3.648174794285   15.414005168002
    -0.225477669391    0.074315036867    3.655290909993   15.477855160190
    -0.224437669391    0.075546794937    3.662844011524   15.544754149179
    -0.223397669391    0.076801454661    3.670427704222   15.612119904164
    -0.222357669391    0.078057138650    3.678077862124   15.680306005994
    -0.221317669391    0.079355337827    3.685937425795   15.750252991528
    -0.220277669391    0.080696244363    3.693868542987   15.821091408034
    -0.219237669391    0.082066804112    3.701892774813   15.892864584204
    -0.218197669391    0.083471381262    3.710051863624   15.965745610639
    -0.217157669391    0.084906540319    3.718317414419   16.039587968247
    -0.216117669391    0.086377538917    3.726670438155   16.114404186163
    -0.215077669391    0.087906107184    3.735174600386   16.191069663074
    -0.214037669391    0.089468611070    3.743823925261   16.269684571656
    -0.212997669391    0.091042133666    3.752700767651   16.350543252421
    -0.211957669391    0.092626811695    3.761763970057   16.433260068354
    -0.210917669391    0.094245769960    3.770942875502   16.517396580835
    -0.209877669391    0.096022432936    3.781495138586   16.612759030074
    -0.208837669391    0.097831456347    3.793942703937   16.723365007273
    -0.207797669391    0.099575260982    3.807594382699   16.843649385062
    -0.206757669391    0.101278254075    3.821468077394   16.965499390167
    -0.206437669391    0.101809971088    3.825688731892   17.002585932049
    -0.205397669391    0.103587256356    3.839318132993   17.122404125629
    -0.204357669391    0.105337973878    3.852309274052   17.236680168161
    -0.203317669391    0.107072385121    3.864870245119   17.347746295299
    -0.202277669391    0.108811115961    3.876809440439   17.454223943999
    -0.201237669391    0.110601028555    3.888121779497   17.555723578925
    -0.200197669391    0.112467103775    3.898772352477   17.651575050485
    -0.199157669391    0.114410478894    3.909080668640   17.744719570819
    -0.198117669391    0.116416169548    3.919197271232   17.837040840609
    -0.197077669391    0.118472343277    3.929213658637   17.929161265138
    -0.196037669391    0.120560694194    3.939392516704   18.022478430169
    -0.194997669391    0.122660612265    3.949817692910   18.117298192241
    -0.193957669391    0.124781233929    3.960309504781   18.212775297411
    -0.192917669391    0.126977377769    3.971043430122   18.310745700821
    -0.191877669391    0.129276536783    3.982218238729   18.412689667678
    -0.190837669391    0.131667214645    3.993733950476   18.517942889286
    -0.189797669391    0.134124754100    4.005469798173   18.625620510244
    -0.188757669391    0.136621445243    4.017322537862   18.734725406121
    -0.187717669391    0.139177745898    4.029409094515   18.846304688764
    -0.186677669391    0.141796486347    4.041770176997   18.960635359799
    -0.185637669391    0.144460483725    4.054395699730   19.077504112520
    -0.184597669391    0.147192482420    4.067420429625   19.198395498233
    -0.183557669391    0.150024095602    4.081327946533   19.327809753167
    -0.182517669391    0.152998339059    4.097980445752   19.481281519637
    -0.181477669391    0.155904405979    4.116605491445   19.651324193970
    -0.180437669391    0.158728786657    4.135777244476   19.825438068316
    -0.179397669391    0.161569776613    4.154423088533   19.995240087367
    -0.178357669391    0.164463127534    4.171574508587   20.152615427269
    -0.177317669391    0.167378057748    4.187406739113   20.298714518328
    -0.176277669391    0.170322481586    4.202239678425   20.435993598342
    -0.175237669391    0.173303853120    4.215889684051   20.563171225384
    -0.174197669391    0.176333230942    4.228308038454   20.680418360840
    -0.173157669391    0.179424693354    4.239860612296   20.790641842302
    -0.172117669391    0.182569392847    4.251204673406   20.898865484132
    -0.171077669391    0.185739075029    4.262482086759   21.006387444577
    -0.170037669391    0.188907303481    4.273537372086   21.112274675010
    -0.168997669391    0.192030923131    4.284020040369   21.213328350974
    -0.167957669391    0.195134413891    4.293615632548   21.306819437189
    -0.166917669391    0.198254994028    4.302436522250   21.393998672061
    -0.165877669391    0.201419886125    4.311004305166   21.479007289742
    -0.164837669391    0.204626196226    4.319697833695   21.565097529049
    -0.164597669391    0.205371112787    4.321742467274   21.585288992051
    -0.163557669391    0.208617980665    4.330821095491   21.674507978450
    -0.162517669391    0.211883775480    4.340264336764   21.766625388638
    -0.161477669391    0.215179201009    4.350025371088   21.861310883272
    -0.160437669391    0.218681564640    4.362129373924   21.976253377109
    -0.159397669391    0.222224155651    4.377079688307   22.116030273349
    -0.158357669391    0.225635334086    4.392769820455   22.262344118767
    -0.157317669391    0.228940772433    4.407393511349   22.399828512704
    -0.156277669391    0.232252942917    4.420286366206   22.522711213320
    -0.155237669391    0.235584599717    4.431576320569   22.632045505685
    -0.154197669391    0.238974382370    4.441822028123   22.732547237254
    -0.153157669391    0.242535492131    4.451662492517   22.830127455778
    -0.152117669391    0.246303591402    4.461572550381   22.928862268159
    -0.151077669391    0.250245777629    4.471685965031   23.029950276315
    -0.150037669391    0.254333768257    4.481858917390   23.132385603246
    -0.148997669391    0.258538638409    4.492221996607   23.237071837009
    -0.147957669391    0.262793639116    4.502420169686   23.340558950410
    -0.146917669391    0.267077449667    4.512034016620   23.439147593435
    -0.145877669391    0.271467138857    4.521412591253   23.535726820986
    -0.144837669391    0.275962198254    4.531002052355   23.634020053784
    -0.143797669391    0.280588240707    4.541045611967   23.736434808741
    -0.142757669391    0.285295928999    4.551510392529   23.843473789731
    -0.141717669391    0.289920351054    4.562164842805   23.951876733673
    -0.140677669391    0.294523654102    4.572831582892   24.060165454953
    -0.139637669391    0.299303652536    4.584483072616   24.177200718247
    -0.138597669391    0.304182652762    4.597343232866   24.305053427847
    -0.137557669391    0.309011959336    4.609730217997   24.428635310362
    -0.136517669391    0.313851726850    4.621297715284   24.544981872629
    -0.135477669391    0.318777404328    4.631830640822   24.652429665243
    -0.134437669391    0.323803967260    4.641667805413   24.754016455235
    -0.133397669391    0.328943276895    4.651378656894   24.854546266656
    -0.132357669391    0.334178363136    4.661021767661   24.954607336450
    -0.131317669391    0.339494022506    4.670368622250   25.052653897067
    -0.130277669391    0.344937393745    4.679909597217   25.152659017589
    -0.129237669391    0.350539362266    4.689949822449   25.257225103690
    -0.128197669391    0.356309163315    4.700229209111   25.364507582887
    -0.127157669391    0.362266393851    4.710693343144   25.474072909289
    -0.126117669391    0.368318641987    4.721202916443   25.584530826749
    -0.125077669391    0.374421349600    4.731437120093   25.693105432141
    -0.124037669391    0.380626575957    4.741784335702   25.803237996615
    -0.122997669391    0.386986050747    4.752369275152   25.916044149323
    -0.121957669391    0.393541223711    4.763357099206   26.033153637568
    -0.120917669391    0.400324050681    4.774842421085   26.155599480102
    -0.119877669391    0.407468759979    4.787001112753   26.285680512594
    -0.118837669391    0.415082039581    4.799995108332   26.425348537962
    -0.118437669391    0.418131776170    4.805163864987   26.481091184075
    -0.117397669391    0.426405166565    4.819025162632   26.631048692714
    -0.116357669391    0.435049963293    4.833023513925   26.783626225748
    -0.115317669391    0.443947623342    4.847358273170   26.939684955381
    -0.114277669391    0.453157777599    4.862036301246   27.099495529144
    -0.113237669391    0.462676161954    4.876874509616   27.261228555889
    -0.112197669391    0.472470200965    4.891971465539   27.426116741188
    -0.111157669391    0.482472472056    4.907133433595   27.592444243496
    -0.110117669391    0.492726965822    4.922194995035   27.758456315541
    -0.109077669391    0.503323378096    4.937576629322   27.928070123782
    -0.108037669391    0.514256298513    4.953279059900   28.101070646030
    -0.106997669391    0.525525024729    4.969272659156   28.277383221598
    -0.105957669391    0.537136660437    4.985473126648   28.455958166553
    -0.104917669391    0.549057187196    5.001780749286   28.635694393401
    -0.103877669391    0.561295431979    5.017954025407   28.814755738576
    -0.102837669391    0.573862593123    5.033734422920   28.990831309637
    -0.101797669391    0.586785067408    5.049555054466   29.167825768788
    -0.100757669391    0.600076652925    5.065623870185   29.347878720324
    -0.099717669391    0.613768629294    5.082087581002   29.532601970884
    -0.098677669391    0.627919958459    5.098999991265   29.722431273664
    -0.097637669391    0.642558067854    5.115883292710   29.913037197584
    -0.096597669391    0.657973430738    5.133451888087   30.112174537669
    -0.095557669391    0.674186853135    5.152006285141   30.322991265387
    -0.094517669391    0.691160570941    5.171358216285   30.543112695748
    -0.093477669391    0.708902900377    5.191395915974   30.771197912462
    -0.092437669391    0.727501617984    5.211894296355   31.005427724006
    -0.092117669391    0.733389811043    5.218141723676   31.077301037215
    -0.091077678948    0.753147880166    5.238747293943   31.315037907424
    -0.090037678948    0.773746380266    5.259477542204   31.555492836533
    -0.088997678948    0.795304211926    5.280403339019   31.799722953690
    -0.087957678948    0.817819167235    5.301731020360   32.049822711077
    -0.086917678948    0.841316998490    5.323979987405   32.310828291215
    -0.085877678948    0.865471944851    5.346332942360   32.573923081212
    -0.084837678948    0.890505045881    5.368121406658   32.832558409350
    -0.083797678948    0.916655198890    5.390271118869   33.096234442782
    -0.082767447515    0.943653262478    5.412977520132   33.366964744318
    -0.081727447515    0.971890694164    5.436163245808   33.644616737331
    -0.080714514497    1.000372196543    5.458335838690   33.912883078928
    -0.079664247381    1.029828718932    5.398840078777   33.639735630837
    -0.078659124202    1.059693463809    5.271301177348   32.900777083104
    -0.077633790070    1.094558942255    5.320086724072   33.355051631311
    -0.076612286325    1.129119899537    5.322196715032   33.497283250953
    -0.075732286325    1.159725654196    5.389057012108   34.064899192261
    -0.074692286325    1.196278198605    5.516900840003   35.072903753327
    -0.073652286325    1.234854486993    5.587010650508   35.695559911139
    -0.072612286325    1.275639375751    5.627797760385   36.123127762461
    -0.071572286325    1.317792548826    5.657570026357   36.470078788664
    -0.070532286325    1.361654859679    5.688138292500   36.828963148337
    -0.069492286325    1.407288183463    5.718181454437   37.188662187118
    -0.068452286325    1.454437844344    5.750176253097   37.562360271001
    -0.067412286325    1.503219369134    5.778428423352   37.907514201764
    -0.066389443634    1.552411744904    5.775563600569   38.028011532731
    -0.065310949808    1.605263913425    5.616014463267   37.048831430574
    -0.064270949808    1.663170918689    5.701036810319   37.804339992940
    -0.063230949808    1.721569420156    5.720269330223   38.090732302381
    -0.062190949808    1.780653268578    5.789977099247   38.749224091301
    -0.061181168642    1.839704240134    5.909398181494   39.765021905147
    -0.060730294257    1.867244131677    5.934827228978   40.015947998456
    -0.059686040483    1.933241069289    5.954162321406   40.314156594086
    -0.058670390633    2.000059026104    5.951439744366   40.449015648824
    -0.057650783884    2.069613952183    5.965388982664   40.707013712534
    -0.056610783884    2.143122582537    6.003673261837   41.148998056410
    -0.055594450297    2.218337967990    6.043372492772   41.600941096475
    -0.054548954061    2.299584444780    6.071970028508   41.984675870256
    -0.053490534267    2.386504594875    6.107166477291   42.424523304011
    -0.052459369257    2.475235203617    6.147787993653   42.897475967240
    -0.051419369257    2.570316005152    6.191304541183   43.400284715390
    -0.050379369257    2.671270337106    6.231868441871   43.892266096714
    -0.049339369257    2.778039937462    6.268300659572   44.359941213628
    -0.048336378937    2.885402168223    6.302621167276   44.811417459241
    -0.047973388618    2.925467106585    6.314924844836   44.975010791315
    -0.046933388618    3.044744014854    6.346553261453   45.420233757309
    -0.045893388618    3.170684559290    6.384782403928   45.927092860392
    -0.044853388618    3.303926790053    6.421242189231   46.426237525969
    -0.043845654976    3.441390295257    6.457644486319   46.923473738993
    -0.042840008007    3.584896770810    6.439736662489   47.009313529030
    -0.041783211594    3.745362666457    6.412008658243   47.034462936741
    -0.040712127673    3.920696769849    6.416178077184   47.321482858523
    -0.040388507859    3.975573613037    6.435144288828   47.546768888875
    -0.039378478635    4.153595491345    6.477589295263   48.118423508631
    -0.038366754310    4.345229750700    6.567051529589   49.074916122524
    -0.037351922847    4.550255845583    6.638906714210   49.906119588988
    -0.036345042090    4.768217310805    6.684029537727   50.529783566949
    -0.035312667695    5.005863552601    6.717110535081   51.069825465170
    -0.034237424689    5.270006312298    6.740199960601   51.542217230960
    -0.033614772444    5.433114088193    6.774746416701   51.992165178945
    -0.032555144849    5.728070296500    6.817182064675   52.635323780700
    -0.031476447095    6.050751990254    6.877217114578   53.436250878505
    -0.030436447095    6.382710522276    6.941202764591   54.259728301404
    -0.029396447095    6.738573504904    7.001840392010   55.063151849549
    -0.028356447095    7.120200864654    7.059940901301   55.852669071976
    -0.027876447095    7.306523876378    7.085257342720   56.207165658781
    -0.026836447095    7.735694491023    7.135640638770   56.948746883182
    -0.025796447095    8.206751850986    7.181767913633   57.667083067056
    -0.024794180722    8.707063659170    7.209391718642   58.226729881295
    -0.023768080490    9.243986616157    6.771526043714   54.797955974668
    -0.023298078447    9.538719902288    6.877769488189   55.871619659101
    -0.022258078447   10.210593654791    6.997123093128   57.261668436862
    -0.021218078447   10.943088213861    7.028776340877   57.900172693480
    -0.020178078447   11.750841236346    7.266079545375   60.365953145677
    -0.019298078447   12.510384694920    7.433810815723   62.186696264354
    -0.018258078447   13.527494875175    7.512656819461   63.297198212868
    -0.017218078447   14.690281176877    7.573865498364   64.266377658055
    -0.016498078447   15.589216999243    7.623739291731   65.014783473471
    -0.015458078447   17.035968619226    7.700908530619   66.151913489084
    -0.014418078447   18.692626559148    7.764151984987   67.174642146461
    -0.014258078447   18.969401864664    7.773053515113   67.325112135018
    -0.013218078447   20.936147368821    7.829618168005   68.299646695123
    -0.012180027709   23.216729707627    7.787104517575   68.363525789998
    -0.011160027709   25.884565797289    7.779410808963   68.739865947326
    -0.010440027709   28.039121119295    7.845566923891   69.671290260476
  -9.4050277092e-03   31.632296817458    7.893964589711   70.544645320676
  -9.0900277092e-03   32.869686251903    7.916642313786   70.878562803385
  -8.0550277092e-03   37.538583271374    8.015652765577   72.178520493684
  -7.9200277092e-03   38.224223448032    8.026958651777   72.329745927481
  -6.9975277092e-03   43.431816774312    8.070281071137   73.003939822200
  -6.2634652092e-03   48.349055122975    8.077511411765   73.233035822323
  -5.5294027092e-03   54.090944216304    8.075969049840   73.351588932845
  -4.9092464592e-03   59.635443550359    8.074313330928   73.448119795864
  -4.3586995842e-03   65.029922269709    8.075628885448   73.586900693302
  -3.8651058342e-03   70.185083206417    8.081664896698   73.801700939327
  -3.4237191155e-03   74.981754300652    8.094318781183   74.122558121641
  -3.0392855217e-03   79.229300451714    8.112800657169   74.534508624202
  -2.7011263420e-03   82.948932701166    8.135848738510   75.017292266925
  -2.3914437248e-03   86.298365933733    8.162433350396   75.558240964755
  -2.1244759514e-03   89.127188988284    8.189563972256   76.101095650099
  -1.8895443108e-03   91.554895650948    8.216887061178   76.642451964053
  -1.6755829887e-03   93.683352903324    8.244349913889   77.183308764110
  -1.4874507988e-03   95.469484995019    8.270601037209   77.698321678973
  -1.3252678764e-03   96.933359746120    8.294659421762   78.169559722183
  -1.1793032463e-03   98.184309572857    8.317333507975   78.613467866426
  -1.0479350792e-03   99.249522495162    8.338529028552   79.028352844371
  -9.3237974701e-04  100.132428749198    8.357821468770   79.405806630537
  -8.3020450592e-04  100.865040059719    8.375407193761   79.749655193011
  -7.4171344890e-04  101.459482329968    8.391038105130   80.055135590531
  -6.6234518127e-04  101.959019475341    8.405358891309   80.334961857453
  -5.9118742409e-04  102.378444682680    8.418423746145   80.590271078870
  -5.3234543257e-04  102.704192320309    8.429374203609   80.804314765748
  -4.7692448706e-04  102.994219058171    8.439859829707   81.009316757427
  -4.6460872140e-04  103.056399257391    8.442212499601   81.055320228787
  -4.5454953090e-04  103.106300140601    8.444127206840   81.092766398848
  -4.4307861048e-04  103.162491131101    8.446315176507   81.135559455364
  -4.2657543348e-04  103.241949418961    8.449471804859   81.197302648344
  -4.0802824586e-04  103.329261546312    8.453032057984   81.266946936788
  -3.7129288071e-04  103.495848448733    8.460123471176   81.405684068067
  -3.4818807222e-04  103.596222740198    8.464610197000   81.493473378774
  -3.3402846641e-04  103.656022554689    8.467369861603   81.547473543373
  -3.2049135534e-04  103.711955369250    8.470015277424   81.599240029049
  -3.0689782136e-04  103.766887942623    8.472678683477   81.651359978900
  -2.9240267150e-04  103.824084907289    8.475526475520   81.707089174797
  -2.7846927188e-04  103.877705953653    8.478271410426   81.760805947150
  -2.6711737989e-04  103.920395792877    8.480513285636   81.804678010613
  -2.5804325151e-04  103.953868212068    8.482308850531   81.839815769273
  -2.4649927680e-04  103.995606529653    8.484597761626   81.884607238807
  -2.3758840335e-04  104.027172077980    8.486368109644   81.919250298873
  -2.2890577760e-04  104.057376113473    8.488096048785   81.953062748712
  -2.1950504667e-04  104.089457816792    8.489970228008   81.989735858110
  -2.1176770619e-04  104.115375424155    8.491515356781   82.019969391432
  -2.0199142606e-04  104.147486900394    8.493470991554   82.058234043516
  -1.9595794212e-04  104.166948933744    8.494679777948   82.081884832464
  -1.8662477582e-04  104.196513954309    8.496552452480   82.118523837036
  -1.7727476813e-04  104.225469946356    8.498431918811   82.155294108416
  -1.6779821361e-04  104.254135412009    8.500340289341   82.192628108082
  -1.5726058962e-04  104.285197451184    8.502466463289   82.234220843909
  -1.4615912177e-04  104.316987381522    8.504711067988   82.278127698920
  -1.3443034614e-04  104.349522867602    8.507087680396   82.324613669477
  -1.2193631827e-04  104.382983453486    8.509625241499   82.374244104267
  -1.1863387604e-04  104.391620260826    8.510296988220   82.387381696674
  -1.0785073477e-04  104.419211761646    8.512493275847   82.430333375923
  -9.7390730724e-05  104.445080561751    8.514628034859   82.472078929302
  -8.7566437360e-05  104.468568239992    8.516636892231   82.511359874716
  -7.9450682776e-05  104.487376803349    8.518299183255   82.543862208868
  -7.1428655738e-05  104.505436472859    8.519944769129   82.576036219744
  -6.4233251929e-05  104.521183221196    8.521422864552   82.604934082916
  -5.7312575029e-05  104.535923914142    8.522846402350   82.632764034960
  -5.1160234503e-05  104.548693519509    8.524113435474   82.657533307312
  -4.4788901160e-05  104.561584344267    8.525427100518   82.683213167276
  -3.8839714984e-05  104.573313886234    8.526655121673   82.707217911698
  -3.3113551011e-05  104.584322603817    8.527838382848   82.730346874228
  -2.7872250454e-05  104.594156778221    8.528922550108   82.751538158379
  -2.2973419994e-05  104.603138293694    8.529936820970   82.771362633226
  -1.8291990949e-05  104.611531050439    8.530906935575   82.790323511307
  -1.3550987680e-05  104.619840599278    8.531890239709   82.809541650782
  -8.5755162712e-06  104.628354968157    8.532923092897   82.829727636436
  -4.0257403606e-06  104.635955687245    8.533868394186   82.848202020991
   2.4212336430e-07  104.642924269858    8.534755835180   82.865545197153
   4.9545678927e-06  104.650436929289    8.535736517963   82.884710122760
   9.4134085002e-06  104.657369296781    8.536665194689   82.902858282252
   1.3553564216e-05  104.663652619100    8.537528165847   82.919722050251
   1.8114183356e-05  104.670402469703    8.538479530483   82.938312750036
   2.2248793217e-05  104.676365988545    8.539342695439   82.955179569653
   2.2376912345e-05  104.676548408817    8.539369452568   82.955702416397
   3.1169406785e-05  104.851551922632    8.541146565965   82.990516683272
   4.5148485438e-05  104.864105940892    8.543996345503   83.046257612372
   6.2730978388e-05  104.877649759874    8.547609281134   83.116899663820
   7.9171960805e-05  104.888059085343    8.551017265108   83.183509327669
   9.5731679991e-05  104.896325832431    8.554477404045   83.251117651611
   1.1276019774e-04  104.902478415877    8.558061264716   83.321127501163
   1.2880707153e-04  104.906066623646    8.561458713431   83.387487353856
   1.4553581452e-04  104.907483375897    8.565017028561   83.456987339913
   1.6133316483e-04  104.906602840255    8.568388760058   83.522847264662
   1.7859080376e-04  104.903122248744    8.572080852410   83.594975831209
   1.9471529843e-04  104.897437672773    8.575535406414   83.662479408861
   2.1250112617e-04  104.888365364402    8.579348234486   83.737006183023
   2.2979492016e-04  104.876648347328    8.583055755966   83.809500839357
   2.4755573438e-04  104.861556625178    8.586862111955   83.883957707565
   2.6634149295e-04  104.842128676635    8.590886090551   83.962705898782
   2.8473542647e-04  104.819569932718    8.594824368710   84.039811535949
   3.0343973458e-04  104.792966298103    8.598828287791   84.118236585050
   3.2327492678e-04  104.760649492569    8.603075179525   84.201456415295
   3.4430997614e-04  104.721703958621    8.607582594456   84.289817882324
   3.6547736520e-04  104.677615765828    8.612125194167   84.378902408896
   3.8675842712e-04  104.628309337990    8.616702143872   84.468688917141
   4.0918139967e-04  104.570930366055    8.621538605209   84.563590933373
   4.3292440288e-04  104.504078025755    8.626678309623   84.664463830294
   4.5832046661e-04  104.425589477298    8.632199490930   84.772839149943
   4.8402221177e-04  104.337897617154    8.637743481825   84.881668700680
   5.1004864826e-04  104.242254823349    8.643455620707   84.993800444816
   5.3805334594e-04  104.130542605962    8.649632370757   85.115045081808
   5.6851114053e-04  103.998470925917    8.656384253483   85.247560229718
   6.0120830820e-04  103.844125838657    8.663669575532   85.390510846374
   6.3637087481e-04  103.663234975101    8.671544467534   85.544975580712
   6.7394043565e-04  103.452408003857    8.680002487182   85.710798329148
   6.9555809088e-04  103.322680378440    8.684889662269   85.806568984932
   7.3149110648e-04  103.093161778998    8.693046713455   85.966336167494
   7.7104719550e-04  102.820025340696    8.702076355800   86.143066960704
   8.1407710087e-04  102.498004711485    8.711960958259   86.336372028871
   8.6045991414e-04  102.121289610891    8.722689821373   86.546003461096
   9.1109025964e-04  101.674513103525    8.734487762886   86.776323470826
   9.6567438949e-04  101.150952421369    8.747301629305   87.026283478936
   1.0218126011e-03  100.567168241917    8.760569824994   87.284959388238
   1.0857196407e-03   99.847043850177    8.775762022220   87.581050853080
   1.1586686791e-03   98.953402471273    8.793183026007   87.920555762052
   1.2402705702e-03   97.863255676542    8.812722759355   88.301389606948
   1.3267813903e-03   96.600620776408    8.833440023573   88.705254901674
   1.4198570127e-03   95.113352380579    8.855686426111   89.139126805531
   1.5286334177e-03   93.198037688099    8.881677157815   89.646471666094
   1.6429302991e-03   90.979188260247    8.909247081008   90.184764283644
   1.7758483199e-03   88.151958431846    8.942261733387   90.827193612514
   1.9170810007e-03   84.905782305812    8.979027733257   91.536877643578
   2.0663314913e-03   81.301058126826    9.018637908089   92.298152831349
   2.2155819819e-03   77.691626312886    9.053597877300   92.984407908145
   2.3648324725e-03   74.355946222779    9.075724185292   93.456588518433
   2.5140829630e-03   71.675312447409    9.080174520459   93.615604758520
   2.7066816216e-03   69.911156957957    9.066026538195   93.439125560394
   2.8876400710e-03   70.757207981981    9.057898516775   93.345712285234
   3.0685985205e-03   74.678527058051    9.091148719388   94.057380081327
   3.2495569699e-03   82.166185007229    9.194099846612   96.230627186487
   3.4305154194e-03   93.573960914961    9.376111777716  100.180472868766
   3.6352608832e-03  111.377291408212    9.661777131652  106.571968757614
   3.8800955814e-03  139.044799251798   10.069989756711  116.049110703815
   4.1249302797e-03  172.066503857269   10.498441947228  126.395961698118
   4.3697649780e-03  207.875877144148   10.907780650797  136.640301597659
   4.6145996762e-03  243.775386882426   11.276778571887  146.173550117222
   4.8594343745e-03  277.276024652079   11.596802922203  154.671928805875
   5.1032897340e-03  306.377740253668   11.865696637635  161.982525922150
   5.3391145479e-03  329.320623012286   12.081554645329  167.970286503833
   5.5755573188e-03  346.898912253435   12.257710586018  172.946036492542
   5.8260694504e-03  359.892175330089   12.404884033358  177.177766065755
   6.0770475363e-03  367.568097581038   12.517533517306  180.489238875699
   6.3286918344e-03  370.480923659002   12.598381929519  182.933705339868
   6.5799435054e-03  369.608011839210   12.652696653542  184.620060189923
   6.8310674239e-03  365.858343649341   12.685526997431  185.702386221138
   7.0813285213e-03  359.630730706309   12.692973225589  186.106956491476
   7.3317038666e-03  351.522139705186   12.687666662352  186.134154851644
   7.5824070921e-03  341.935394486880   12.667960268959  185.747836048584
   7.8326312088e-03  331.360365591752   12.635355753512  185.013195890967
   8.0858066266e-03  319.348475750041   12.583873707038  183.771845429711
   8.3380722201e-03  306.903130277826   12.522078010663  182.238468331561
   8.5898065151e-03  294.446556814608   12.451310178013  180.461298003346
   8.8413068152e-03  281.984996171296   12.371795946526  178.462270856761
   9.0928071153e-03  270.154501284170   12.285788969585  176.281299076979
   9.3463903445e-03  259.472773570009   12.198500857768  174.032420574184
   9.6001280225e-03  249.723129967143   12.112952685034  171.812074912931
   9.8538657005e-03  240.715589131794   12.027216459649  169.577703589209
     0.010107603379  232.069395357120   11.938190493050  167.240118693149
     0.010361341057  224.259069970673   11.850678900482  164.909406906976
     0.010615078735  216.758159952500   11.761616504463  162.525435144932
     0.010868816413  209.842001466749   11.674353985422  160.187794565689
     0.011122554091  203.181705287714   11.590424944423  157.952576475983
     0.011376291769  197.053918764826   11.508089164457  155.757692504277
     0.011627495560  191.340292884643   11.432737807116  153.708797341808
     0.011881964712  185.627846916067   11.355238191109  151.627607610920
     0.012138809103  180.581273226328   11.282516792873  149.689955097905
     0.012390060082  176.158160751903   11.220265379677  147.975941403614
     0.012641310870  171.601857460723   11.157660350405  146.261580180285
     0.012892561658  167.554116701574   11.100779836890  144.764528479175
     0.013143812446  164.329004291119   11.055901220518  143.609925456179
     0.013395063234  161.196465108959   11.013474789235  142.503217455434
     0.013646314022  157.673112149900   10.966923330712  141.314239818795
     0.013897564810  154.263299541326   10.921169136960  140.209343719837
     0.014148815598  151.376036706339   10.881600728832  139.290493874556
     0.014400066386  148.802860986151   10.845286813284  138.411063746987
     0.014651317174  145.894692802524   10.802061797926  137.329390923169
     0.014902567962  142.601709648582   10.750750398126  136.077431362113
     0.015153818749  139.735287740680   10.704754354861  134.975203076179
     0.015405069537  137.176159847223   10.662835295188  133.980198747260
     0.015656320325  134.242682002741   10.611491867723  132.769930557886
     0.015907571113  131.454953936187   10.559356316881  131.538056785429
     0.016158821901  129.210810187763   10.517436674881  130.540493938365
     0.016410072689  126.987832911145   10.477395506088  129.576362627748
     0.016661323477  124.559264035676   10.432296499824  128.493238133156
     0.016922110183  122.136905075737   10.387452885242  127.420105528134
     0.017173706471  120.025527237372   10.351594185647  126.548734769892
     0.017425302758  117.989781127216   10.319140206040  125.744700354497
     0.017676899045  115.812031351736   10.281803830675  124.828698090467
     0.017928495333  113.637429710408   10.241396672573  123.846951993375
     0.018180091620  111.674919093465   10.204767824323  122.975109098989
     0.018432001184  110.038391453003   10.177038950578  122.338769142827
     0.018693263937  108.615493010874   10.155873880253  121.844688601447
     0.018954526690  107.084868083499   10.133125898428  121.302989681021
     0.019215789443  105.201658258227   10.102560192428  120.587895333519
     0.019478967020  103.184778874713   10.058963458124  119.680216279524
     0.019735875199  101.489274205686   10.025347384663  118.947743024217
     0.019994711068  100.191596509621   10.004682051417  118.460228820038
     0.020247891772   99.096789930273    9.988639089177  118.087702817517
     0.020512301550   97.807985425518    9.967923991776  117.610391721263
     0.020766770390   96.499547274633    9.944650158297  117.074785525691
     0.021025167923   95.261037656276    9.919491950343  116.516749018303
     0.021283565457   94.147441797139    9.895045848447  115.994627977349
     0.021547571380   93.203157271766    9.873112156895  115.543419073551
     0.021798181220   92.451820076484    9.857782044536  115.248997213645
     0.022050038942   91.483285017650    9.836590394747  114.780083311127
     0.022300969799   90.242130335473    9.806140242143  114.077829278712
     0.022551201258   89.091087257399    9.777109589054  113.430566869104
     0.022801432717   88.183896388373    9.754569255020  112.942357706376
     0.023051664177   87.464483401157    9.739197036926  112.610842963262
     0.023309664106   86.734492641708    9.726894501454  112.325259466021
     0.023563983527   85.800183949049    9.709003709179  111.891021191712
     0.023820338564   84.713329527036    9.685523683654  111.340558139899
     0.024083883918   83.634115297431    9.661435724243  110.797591219290
     0.024341270599   82.630715246281    9.638572269122  110.293539521475
     0.024597741916   81.709932006052    9.617125534730  109.828282038985
     0.024856299996   80.965480909102    9.600215887311  109.459000311240
     0.025013683175   80.616684183801    9.593572062727  109.312558220729
     0.026023633519   77.959557382242    9.541830645012  108.133056124793
     0.027033763730   75.984642851483    9.489226155374  107.191961629901
     0.028043893941   74.757196449453    9.450399065865  106.466373145139
     0.029048256947   72.682280685953    9.402352582677  105.430982067695
     0.030054674064   71.093561054401    9.355179809812  104.502972352832
     0.031068476332   69.764054097379    9.268085136589  103.204814295831
     0.032083285420   68.252791925904    9.283090549918  103.023000036848
     0.033108867084   67.927393503027    9.293321516554  103.115642920020
     0.034127800614   67.026716690339    9.291120469588  103.126876893151
     0.035146734143   65.601908225357    9.266428589846  102.548176131772
     0.036165667673   63.996516511373    9.222908047898  101.652844393929
     0.037190720280   62.445447171652    9.174494348700  100.792190309571
     0.038222930865   60.786848155359    9.116026688941   99.682686882963
     0.039251427015   58.995903955836    9.081296609086   98.931624772654
     0.040279923165   57.475574041089    9.028440760175   97.983750978806
     0.041291987143   56.333595699416    8.962685359400   96.958546139119
     0.042295542175   55.872211079584    8.992768047475   97.318925238138
     0.043299097207   55.849647871370    9.031340379356   98.161919460119
     0.044302652238   55.221311209082    9.036870042270   98.266797437315
     0.045306207270   54.364120942327    9.016870997215   97.859333504494
     0.046318289007   54.029047578653    9.023632771677   98.033727723309
     0.047341367607   53.921117515895    9.025311711635   98.198415940120
     0.048380630007   53.069398495892    9.009630804074   97.788176026172
     0.049391005032   52.557344916356    9.011760511257   97.850072132051
     0.050406143972   52.301993456976    9.020079177329   98.075815318529
     0.051412343972   51.824565789235    9.012037963839   97.945513009305
     0.052438343972   51.547263193467    9.035317455917   98.457175598922
     0.053442328258   51.288354859128    9.058771910676   98.998264733658
     0.054442643112   50.912821894350    9.070043055249   99.301131877600
     0.055463699020   50.524010957765    9.101250073903   99.800797882378
     0.056473777942   50.168831776658    9.129478654127  100.534705069697
     0.057511706727   49.685016252885    9.154845909160  101.090250284881
     0.058513507000   49.225063647291    9.150427205309  101.100536005377
     0.059523709298   49.186268527546    9.175311957178  101.759384864912
     0.060529023883   49.278226234251    9.230601766637  102.888636539139
     0.061589221883   49.332515917892    9.272538708949  103.951950362033
     0.062601831374   49.229686012731    9.297154437329  104.535985168804
     0.063608881340   49.425521570333    9.352183095134  105.714451153388
     0.064630391044   49.583374162445    9.392145066454  106.719209913242
     0.065658002482   49.133688196591    9.387137619554  106.620877595682
     0.066686009929   48.615776878020    9.368966718954  106.363574082245
     0.067716765628   48.231446701518    9.343919740437  105.849527373881
     0.068721479490   48.444244070241    9.347688457180  105.791690831514
     0.069767894621   48.932145598498    9.353000994519  106.106630299274
     0.070795388976   49.434512696731    9.370784368555  106.735598427119
     0.071803959036   50.206107723779    9.413702126869  107.753404415921
     0.072832046530   51.180610806624    9.483913017621  109.263938891800
     0.073843222558   52.059368511239    9.516147628282  110.152985329853
     0.074865458928   52.582532123496    9.531202942455  110.543297353423
     0.075884513093   52.694078155294    9.549272932755  111.145971690487
     0.076892367113   52.659499074642    9.582301436926  111.947648840483
     0.077924579339   52.666334182771    9.604699354675  112.592872281742
     0.078957488838   52.515050975654    9.605367718990  112.629887330963
     0.079974258652   52.536248262834    9.610546613529  112.718601302778
     0.080993334960   52.595602090278    9.633065311647  113.371244454054
     0.082002661205   52.493506482811    9.655150103176  113.813999097850
     0.083040853332   52.820246435375    9.713828660623  115.267178167800
     0.084049842928   53.130622544914    9.746633292950  116.255488490852
     0.085060894605   53.303595071491    9.781369884425  116.990589189415
     0.086099126961   53.180091042321    9.802421850784  117.468712337614
     0.087136343983   53.066954113093    9.820294797888  118.043726678234
     0.088137989538   52.851991371151    9.852540575416  118.870790196429
     0.089138156497   52.494784919752    9.879213474667  119.367561896921
     0.090020395322   52.245333533327    9.893319375384  119.667443268348
     0.091053964966   51.986085762679    9.921252036366  120.277735188150
     0.092072303953   52.022203283295    9.954657288077  121.124872515852
     0.093106143185   52.013469281439   10.006109170270  122.370713551896
     0.094124590765   52.203329374449   10.062597403545  123.699625026354
     0.095132610053   52.431153572744   10.117333776810  125.148315391096
     0.096140908460   52.111145446602   10.147034987843  125.797360229516
     0.097146053527   51.733436296545   10.173923791533  126.559674575689
     0.098156896701   51.308915679058   10.203123448116  127.316229401125
     0.099168019499   50.695174740906   10.209173205543  127.421751335084
     0.100175350586   50.206964108781   10.223477109921  127.773572430923
     0.100908375909   49.854219192336   10.240325928737  128.238782990231
     0.101715539170   49.519501827367   10.271342479553  128.977958020547
     0.102394049954   49.230784192881   10.293453990844  129.595186944196
     0.103280079772   48.797389668178   10.306988427122  129.899448187547
     0.104285740419   48.410357010512   10.326465743872  130.522463668660
     0.105292456150   47.987163302704   10.362344137049  131.473532048386
     0.106294634498   47.451214172769   10.389874634197  132.253432823969
     0.107300422967   46.773477176638   10.403578589181  132.670013854869
     0.108308649218   45.513494429198   10.368008748126  131.746821768088
     0.109315944549   43.910122874488   10.306294613912  130.043305727832
     0.110347495349   42.939709473633   10.289463713217  129.650812135032
     0.111350307956   42.169761572384   10.287378888337  129.699073932342
     0.112379308204   41.943611627824   10.326717957028  130.671999404529
     0.113414853293   41.882643883017   10.359812573588  131.723253043332
     0.114454853293   41.687426097853   10.375510314049  132.318724425364
     0.115494848011   41.572385789099   10.414639399417  133.264274191028
     0.116534779350   41.407883041585   10.445685505464  134.066175100280
     0.117569287075   41.178493014584   10.472966682929  134.757041164372
     0.118646028289   41.061119463103   10.517367634526  135.885598298616
     0.119674078831   40.972090903659   10.543910794255  136.839874945485
     0.120710878831   40.800165901132   10.582118318945  137.881043011349
     0.121747678831   40.620812530432   10.612011283044  138.708055278857
     0.122784393868   40.255608747285   10.626205248595  139.126700791256
     0.123820967837   39.863468914967   10.639945721571  139.502994338775
     0.124857541806   39.455537389285   10.649490975342  139.782490793201
     0.125881297660   39.081459181825   10.659502504403  140.074781617204
     0.126910954756   38.904097700708   10.693779291324  140.945450814805
     0.127911384467   38.868909076776   10.724853850200  141.877896309478
     0.128939695595   38.830476169677   10.765201737045  142.873373767299
     0.129943559078   38.900756631728   10.797286781728  143.991033152002
     0.130964695176   38.943914009253   10.841909452542  145.088686966731
     0.131971342674   39.062381844366   10.882048668020  146.236045356897
     0.132972572283   39.181250219408   10.924464270304  147.415323146755
     0.133977886387   39.391386736050   10.969134231789  148.818916386551
     0.134985594640   39.706118825573   11.029790685372  150.526561814854
     0.136010490252   40.155447976917   11.099562065596  152.546343487560
     0.137013993368   40.484619763037   11.153720106554  154.209869331792
     0.138023495099   40.746083354087   11.207532757021  155.693827603733
     0.139030741491   40.912469492842   11.249771198310  156.947614082203
     0.140058219529   41.175787341304   11.300395829012  158.502846641839
     0.141076852972   41.364818140899   11.346973930582  159.915565439759
     0.142095309051   41.493791057687   11.392576233423  161.229818439009
     0.143113550678   41.385268748791   11.416680090021  161.923517308582
     0.144136340769   41.110326749017   11.429277873559  162.371841006020
     0.145159130860   40.734315537750   11.430558613523  162.473211616550
     0.146181920951   40.442194559950   11.448276581775  163.049517587545
     0.147204711042   39.987791486431   11.450126599942  163.120731296619
     0.148196449951   39.448761596989   11.443424705675  162.948418461298
     0.149218628749   38.918016921073   11.438754730979  162.857556158481
     0.150240805543   38.492122769244   11.443349604633  163.050953979697
     0.151262982338   37.965279923295   11.438208247420  162.914985030932
     0.152267929074   37.473196769594   11.435379660379  162.896439737763
     0.153283166389   37.076231736578   11.449884816034  163.317816892292
     0.154312320875   36.630218976170   11.437355088599  163.161280251856
     0.155341475361   36.189190468778   11.433749587163  163.011671577520
     0.156370625634   35.901553268346   11.444262149968  163.366607521439
     0.157399774895   35.641906272690   11.459125325575  163.954684963363
     0.158428094307   35.398849178526   11.473222925137  164.493492473853
     0.159436428924   35.259213365686   11.502631239339  165.311146052354
     0.160443360174   35.046888269792   11.511935081641  165.661348930798
     0.161454847674   34.906030507381   11.534358256764  166.474373717505
     0.162469571186   34.836831780330   11.561474220248  167.348224220972
     0.163478745987   34.825892720295   11.593242661596  168.327033620564
     0.164487194497   34.821515192494   11.628198206145  169.565356148030
     0.165487924286   34.711027040000   11.649163719920  170.236508233621
     0.166500811441   34.733609263382   11.686691243422  171.382634216841
     0.167508846695   34.629324116854   11.707705338546  172.154546991991
     0.168516737853   34.439969955234   11.729750136764  172.756420508352
     0.169535408921   34.265371430117   11.737923796949  173.002887848984
     0.170542451123   34.169097045461   11.761509785558  173.735754888809
     0.171545851044   34.159932924347   11.784305579243  174.753499545668
     0.172563772283   33.960518095968   11.798718640055  175.015248995917
     0.173579744812   33.895375434151   11.822270143887  176.071874581603
     0.174600599666   33.724414693274   11.838368375049  176.597036413238
     0.175611456381   33.507745692258   11.842831543950  176.933137653655
     0.176621288085   33.170995549084   11.853356072258  177.007009534539
     0.177635315379   32.723924110370   11.827836087493  176.285375713967
     0.178653360929   32.535420595027   11.845257116706  176.841485838870
     0.179659133566   32.476539927477   11.867312303095  177.763013774195
     0.180668059886   32.389571797350   11.892558330596  178.307652804140
     0.181679594847   32.380605110878   11.910252098134  179.363278040506
     0.182691916141   32.245315806343   11.930880839024  179.819249253796
     0.183696107566   32.248476426351   11.956621416743  181.071741925577
     0.184704272131   32.230482777058   11.989068111881  181.946647913038
     0.185712939765   32.043866725156   11.996717018450  182.246701976389
     0.186718552762   31.996416536603   12.019121895548  183.200280068051
     0.187734376006   31.980364762553   12.036696554933  183.943259147587
     0.188742509971   31.672558506159   12.044969242167  183.751545033636
     0.189742745394   31.549965108692   12.048498569213  184.443761715072
     0.190745881280   31.514342686775   12.074679062322  185.104218081355
     0.191754734692   31.462563968424   12.100545266212  185.805946052485
     0.192762805004   31.330825422809   12.098630084795  186.205673702018
     0.193774052300   31.332633378969   12.134445690100  187.178910279048
     0.194782944813   31.068189896719   12.138338813509  187.302564375159
     0.195785882975   30.862884833522   12.144306146049  187.851058146169
     0.196084213914   30.799586322373   12.136377092274  187.764419534557
     0.197084892137   30.638616027664   12.153820916560  188.033594144067
     0.198088845893   30.497808452539   12.146044874097  187.779903575508
     0.199102818540   30.637686010794   12.190904020118  189.671130758084
     0.200117101468   30.536841549470   12.199104203655  189.772249952907
     0.201118754493   30.543643296641   12.228968859698  191.169469423611
     0.202135259668   30.297528125190   12.221824754161  190.999547801268
     0.203149061133   30.212012700845   12.237172912008  191.279578524391
     0.204151868383   30.128304729246   12.261377227810  191.776626247190
     0.205161725262   30.180800408941   12.279437999989  192.866358282848
     0.206166420312   30.140801885850   12.302907471775  193.655212124066
     0.207171637760   30.144666152383   12.331803643293  194.522381160547
     0.208183480994   30.059063711301   12.332329929742  194.961027641259
     0.209192327658   30.188699504703   12.392432304071  196.744356112415
     0.210201174322   29.906472665358   12.361699122183  195.956208762729
     0.211210020986   29.720272723694   12.367912950099  196.368504549104
     0.212218867650   29.490791286244   12.361492383924  196.062952044015
     0.213232132576   29.349172754971   12.363428295972  196.019178035834
     0.214233566711   29.185149722594   12.372276133925  196.055281737830
     0.214248513489   29.182520305058   12.372423512605  196.066620744079
     0.215085552128   29.131854638019   12.382299369760  196.980243071941
     0.216091880813   29.081967113632   12.445055951317  197.951491527098
     0.217098767286   28.888325941124   12.416783955572  196.738589271464
     0.218109058770   28.946141494717   12.446850161412  197.758352333681
     0.219119350254   29.133961469291   12.504314344704  200.215815837029
     0.220129641739   28.933959753738   12.507659716560  200.431574010622
     0.221136518456   28.703354269450   12.497783066218  199.839031472939
     0.222059762181   28.487037205617   12.481659823779  199.025631376911
     0.223031680473   28.294198308212   12.475658505459  198.892480544180
     0.224039168488   28.362688716703   12.510156541332  200.520420840055
     0.225040423646   28.369524965218   12.532632592975  201.314824631444
     0.226039776121   28.104723258145   12.514876404779  200.718577093629
     0.226985867427   28.112092402641   12.543505918820  201.673227925832
     0.227901855525   28.004415291208   12.545972531863  201.592222290117
     0.228839357460   27.956894491284   12.549233400710  201.705584015248
     0.229843394462   28.123300441174   12.596545934670  203.052417783402
     0.230847431465   28.258308250250   12.640325497668  205.186011122610
     0.231851468467   28.304858985097   12.670006578212  206.245342566853
     0.232855505469   28.031651552314   12.643497349134  205.320262630892
     0.233859518155   28.154709557458   12.682222135697  206.618117538418
     0.234481952472   28.122865528477   12.685131302864  206.567586572052
     0.235487521382   28.071400922051   12.697598587710  206.925900672557
     0.236490986465   28.002414663351   12.701832855018  207.186951965084
     0.237492989974   27.767175090219   12.680754003795  206.377807758335
     0.238426540825   27.784897634115   12.703036063288  207.076984557667
     0.239435655964   27.760228784418   12.721677384660  207.646845477786
     0.240208899975   27.687262527402   12.734166365147  208.447099076395
     0.241213164757   27.727896325987   12.764228575657  209.722941869515
     0.242018361072   27.668951146693   12.762668259725  209.504299263209
     0.243027428180   27.806250948979   12.804260615302  210.879044696447
     0.243724480634   27.741313648567   12.798681539971  210.744300170542
     0.244581791448   27.684593297184   12.816048576549  211.216103912975
     0.245590427397   27.507024844111   12.801721379430  210.753763949716
     0.246461272457   27.531164670618   12.819571812637  211.500647637396
     0.246688215545   27.505793901157   12.819487436253  211.462558102112
     0.247660419487   27.315444710854   12.807714175472  210.733137034373
     0.248666833336   27.380994607808   12.833247594209  211.564650403063
     0.249672379417   27.408370986868   12.853249340152  213.064349807960
     0.250678958285   27.553760374655   12.907127293907  214.956441366193
     0.251683073310   27.401959705438   12.896204842301  214.577544917299
     0.252691980834   27.343758674634   12.908342323358  215.027155750030
     0.253700888357   27.234875775460   12.899415348250  214.523191648693
     0.254709795881   27.344371203310   12.928804660914  215.437130283974
     0.255718703404   27.307951259377   12.935281254612  215.469442893396
     0.256727610927   27.268443764223   12.949181294104  216.122322454977
     0.257736518451   27.093082850846   12.938355926926  215.744523607121
     0.258645912266   26.976096091263   12.931992249387  215.314893223745
     0.259548312442   27.163478090919   12.983782724347  217.149334569721
     0.260548943344   27.140829300774   12.994865440094  218.138049799268
     0.261534201785   27.339699591402   13.046620621109  219.982693460291
     0.262538980670   27.115705906848   13.020274615528  219.402684464602
     0.263515310180   27.110564686802   13.046332802440  220.330153604214
     0.264495968293   26.884012007324   13.019138601080  219.178991750711
     0.265476626406   26.959550755371   13.045746822257  219.800779747080
     0.266457284519   26.914387066469   13.044858969281  219.329719945948
     0.267437942631   27.185338590925   13.106759626701  221.664469120963
     0.268418600744   26.835169928162   13.064131335907  220.232333867362
     0.269172051528   26.735885296674   13.058864256044  220.061035646329
     0.270141276581   26.928351970421   13.108261862753  221.726110023686
     0.271148108163   27.109541470209   13.148576249263  223.709237369046
     0.272153674318   27.191643820907   13.170406773990  225.080702001544
     0.273160505900   26.954240294470   13.163108055866  225.104998200838
     0.274152032990   26.750571530217   13.143335923899  223.812595600161
     0.275132691103   26.860477871752   13.164744190094  224.219513181020
     0.276113349215   27.049279077060   13.209443205471  225.544258477302
     0.276677911555   26.970923584663   13.201667423537  225.411230953603
     0.277575804308   26.873161049515   13.206466055530  226.202070069435
     0.278376743906   26.578695494245   13.175587918256  224.588175121728
     0.278967115285   26.583236536585   13.179856997415  224.658117450597
     0.279807196202   26.772879790660   13.226786690430  226.104483573382
     0.280733706297   27.045343973726   13.280664673849  229.082247010717
     0.281645852518   27.110775707113   13.298367109036  229.647167957322
     0.282501777897   27.076276432134   13.309088581232  230.434347296100
     0.283362028153   26.867701671668   13.291287666170  229.082324150629
     0.284227003739   27.088744676883   13.335904271589  230.490130988658
     0.285091979325   26.997267066175   13.322944826233  229.859639998042
     0.286095480777   27.006585333797   13.345290236064  231.427385858004
     0.287107646816   26.593363618084   13.271125986802  229.718788986117
     0.288004236983   26.544730556898   13.282277733444  230.019631153363
     0.288838096068   26.526800799471   13.297268407005  229.268420912852
     0.289635963947   26.760618714897   13.366292771492  232.233990861473
     0.290476720217   26.869702261183   13.396075559720  233.270752730716
     0.291317476486   27.008637805883   13.431333791156  235.227782997511
     0.292187547499   26.809649173594   13.427041998346  235.010748516659
     0.292892502601   26.527282619017   13.391792220375  233.214570157686
     0.293635554948   26.467903131916   13.370882343731  231.644708181765
     0.294337253400   26.566688418246   13.383737835701  233.153335074727
     0.295329260226   26.820414664673   13.446823963025  234.800613481252
     0.296174789470   27.234530881854   13.513368702690  238.482092157824
     0.296992004564   27.202215134198   13.516931971477  239.311266249639
     0.297809219658   26.871624978664   13.506839300717  237.555060535937
     0.298626434752   26.616386721710   13.465699349267  236.433368308885
     0.299233486916   26.409383947473   13.436959286129  235.273109851030
     0.300141503687   26.345367065241   13.430140376898  234.101363816465
     0.301049520458   26.708698628956   13.494180069601  237.741754439920
     0.301957537229   26.705122161500   13.503648338726  238.068118099031
     0.302865554000   26.786845959939   13.536615512129  239.614142078230
     0.303655528591   26.733402411188   13.532563388535  239.077811055864
     0.304563545362   26.976036971666   13.581501029524  240.253631841844
     0.305288539588   26.965714090773   13.588630689500  240.082383763647
     0.306001523334   26.873546310281   13.576062686664  239.722763256151
     0.306789340056   26.745604172240   13.579535258579  239.608544453464
     0.307577156777   26.985035434528   13.624515254304  242.702834521451
     0.308364973499   27.070765383615   13.647939924386  243.150720471401
     0.308996955322   26.905444403774   13.622534489619  241.756553382507
     0.309814170416   27.075070949601   13.657974127459  242.949268876226
     0.310631385510   27.119085452172   13.681233755587  244.492386660313
     0.311308389774   27.309152348930   13.733237200828  246.946081575893
     0.312065070417   27.153248809728   13.718649314982  246.368777879371
     0.312701945995   26.971229187756   13.686811058719  243.990850488129
     0.313432770748   26.749394662789   13.646415105011  242.294583399498
     0.314189451391   26.964102586093   13.700751814622  244.866092823349
     0.314908243996   27.044612628012   13.718770579765  246.175612097143
     0.315643737581   27.091845766030   13.731961157725  246.226013443381
     0.316145902140   27.022265674256   13.725508843694  245.322973555862
     0.316936140810   27.284465574724   13.776540733863  248.473562073555
     0.317794020527   26.755848004760   13.722773767706  246.329203086836
     0.318651900244   26.289844350849   13.649566936541  243.960635107946
     0.319175527266   26.167959332213   13.632356826827  243.184181227174
     0.320009386351   26.147399216489   13.631983229296  242.384841087900
     0.320588590034   26.223852691462   13.660347808541  243.479781860426
     0.321352102982   26.546393751327   13.711717348836  246.074922600982
     0.322104839667   26.669113884996   13.759313045969  247.088354605654
     0.322883317695   27.058370130410   13.836920559093  251.411272387718
     0.323661795722   27.103608879867   13.856690326925  251.238209636532
     0.324440273749   26.684394466575   13.789014594798  249.402446971202
     0.325218751777   26.355806172865   13.748412404813  247.605283065378
     0.325997229804   26.323759242542   13.749592421975  247.692464283202
     0.326775707831   26.120505661806   13.724380006550  246.940179672876
     0.327373530326   26.025210057539   13.721246172608  246.803916362048
     0.328053407883   25.936122974489   13.699410112608  245.796231896280
     0.328302935771   25.959945002217   13.704598558266  245.589165354041
     0.329023748759   26.414305308784   13.802917814018  249.194174034238
     0.329744561747   26.703352904239   13.854106512982  250.762921033716
     0.330465374736   26.943656297220   13.893727610202  252.225773159006
     0.331186187724   26.908935642400   13.889343579735  252.771384063924
     0.331907000712   26.686784676012   13.881809937541  253.133023969830
     0.332627813701   26.416726943714   13.848607899729  251.646946932496
     0.333348626689   26.357430558438   13.839480085100  251.371637648586
     0.334069439677   26.284395446206   13.827555051520  250.777686408733
     0.334637946628   26.200566600665   13.815124395038  250.076237569609
     0.335299890854   26.236890495257   13.830862805011  250.255690508391
     0.335961835080   26.306963401303   13.861762736886  251.050711868620
     0.336623779306   26.639339109165   13.926965461262  254.910158786025
     0.337292344276   26.786189054072   13.958074519983  256.116824542930
     0.338250751641   26.715941008212   13.958239165775  256.203346053228
     0.338985955861   26.641277147427   13.946189157516  256.219840895945
     0.339588573540   26.390494842177   13.912063149323  254.308232505199
     0.340289203764   26.172285815269   13.874042828614  251.521525295859
     0.340894129871   26.306689068568   13.904180945684  253.622340512517
     0.341584422147   26.461302564287   13.938960034310  254.314418515556
     0.342203885484   26.691798943081   13.985201141500  256.894211450956
     0.342602725626   26.765842335170   13.999029880495  258.083940688347
     0.342917047320   26.837126897750   14.016548772906  258.776808294856
     0.343581288221   27.056474584090   14.083919703951  261.301669911707
     0.344325604854   26.581087633097   14.018647160973  258.378567873773
     0.344779226485   26.058198183650   13.919164365041  254.601389481913
     0.345427023060   25.633600163212   13.848933315863  251.976936536627
     0.345999835585   25.567494926240   13.838738990637  250.759609521794
     0.346756516228   25.830281813236   13.889376967187  252.852442074684
     0.347487354860   26.177310733308   13.964981105598  256.640228274312
     0.348208167848   26.302076441616   14.016291403422  259.088187925695
     0.348550339444   26.200010232349   14.004283873697  258.117702165002
     0.349161087248   26.110039113288   13.966837150039  256.522880408441
     0.349354110185   26.139881203152   13.974917687550  256.852855083085
     0.349878425235   26.084849487672   13.979715033795  255.974815917306
     0.350587460285   26.452638394793   14.041008551588  259.216561236031
     0.351296495334   26.700889801749   14.134197099406  262.228619044418
     0.352005530384   26.472922363312   14.097123089314  260.952884661224
     0.352714565433   26.278741875075   14.076524746599  260.067500402757
     0.353423035095   26.253784684728   14.075643238246  260.058170901309
     0.354143848083   26.271403781602   14.084811712030  260.231145789023
     0.354864661071   26.158523011816   14.056990710275  259.209064748994
     0.355505044185   26.255867652558   14.076162524949  259.208589937356
     0.356135611387   26.368109980384   14.103377076243  259.971355664259
     0.356766178589   26.408635712913   14.136315524183  261.757000598896
     0.357396745791   26.207336145446   14.097808938602  260.298120242788
     0.358012609369   25.950032109623   14.067421508920  259.609864398104
     0.358621562273   25.768265759018   14.044212147643  258.631660262373
     0.359252129476   25.669144157305   14.025699017195  257.153381230607
     0.359882696678   25.964406401517   14.100750028206  260.642183619824
     0.360513263880   26.006537341337   14.123881225357  262.201080689857
     0.361143831082   26.002614695729   14.137301083979  262.794989220306
     0.361774398284   25.928426932625   14.132144880681  262.529452572689
     0.362404965486   25.979323928341   14.140522620576  262.821924237636
     0.363035532688   26.118979996681   14.161811775341  263.443417028086
     0.363666099891   26.205114440767   14.175820973948  264.092009457466
     0.364296667093   26.205850967889   14.187757945191  264.778777261011
     0.364886424266   26.060310196208   14.178013542982  264.506454843652
     0.365478659234   25.932906162903   14.163601136094  263.892368029805
     0.365996995854   25.858637241403   14.147618809888  262.894313443942
     0.366580854375   25.985899842323   14.160253766004  262.839962863209
     0.367164712895   26.337836268725   14.228423011372  265.119435864773
     0.367662483683   26.548351972957   14.273383242430  267.702649039440
     0.368275395004   26.842014765834   14.340187392519  270.601770516757
     0.368888306324   26.789259260405   14.354177427477  271.055727427433
     0.369462834934   26.203915613884   14.242314190279  267.013056196106
     0.370093402137   25.752403473260   14.171944400719  264.057349788559
     0.370723969339   25.698488353305   14.155149560020  262.969837071066
     0.371354536541   25.773822064369   14.158921639210  262.888192630460
     0.371985103743   25.865918967557   14.188225481323  264.047525881093
     0.372615670945   25.740964741054   14.183775373941  264.672061866236
     0.372785924090   25.733688448725   14.191524659480  265.159172542317
     0.373200474237   25.596519391751   14.177598169521  264.589366681598
     0.373924582754   25.617507304298   14.177355273679  264.264181198866
     0.374648058521   25.820966393319   14.218122279269  264.831214219536
     0.375371534289   26.206652227649   14.293636366484  269.167273368430
     0.376095010057   26.268680246250   14.309163809772  269.685968668012
     0.376668164075   26.280683242287   14.326177019491  270.722671921718
     0.377281075395   26.156931377650   14.310440395127  270.007883284353
     0.377893986716   26.228654304663   14.338252455982  270.570733265601
     0.378450149016   25.829998768722   14.249806140340  266.527215036983
     0.379026547122   25.427078022583   14.177939758295  264.133463184925
     0.379610405642   25.388888686469   14.173680132770  263.187786047421
     0.380194264163   25.765477495813   14.256659426175  266.941227660953
     0.380778122683   26.000088559110   14.301697578072  269.055358779959
     0.381361981204   26.225833185190   14.353641843755  271.264765534762
     0.381945839724   26.220388997767   14.369750238830  272.269518448684
     0.382561377976   26.022089835404   14.348691940038  271.395177748419
     0.383210109665   25.938229236539   14.330020322622  270.415400614714
     0.383805381058   25.979238748108   14.319950863568  269.742810218795
     0.384376589311   26.125887965457   14.342742916815  270.355762974891
     0.384868532498   26.080514202553   14.338072309231  269.452895328136
     0.385238824668   26.190099511758   14.360805626536  270.973522672532
     0.385700733872   26.632899484838   14.454722877079  275.263911101154
     0.385974022245   26.749574226714   14.476744735941  275.913835611710
     0.386562225663   26.888702780665   14.518050103128  277.929736996187
     0.387403065632   26.323968772542   14.448446598001  275.029421044448
     0.388023685615   25.336144325747   14.258159777590  267.821705473999
     0.388643464649   24.864221417701   14.161010296541  264.211581065867
     0.389292196339   24.811607262329   14.160675671202  263.270675446962
     0.389940928028   24.879398048449   14.186344647144  264.014012216744
     0.390589659718   25.146256533891   14.261569445780  268.071164818644
     0.391238391407   25.254114611562   14.288885088477  269.127060279754
     0.391887123096   25.529289814298   14.336759758436  271.027239479723
     0.392535854786   25.745319343255   14.375765924518  272.251340678993
     0.393184586475   25.738265291174   14.366112272647  271.104307616457
     0.393833318165   25.880396134181   14.393792304425  272.148306874517
     0.394482049854   25.660497708299   14.365833590366  271.910433266247
     0.394855137936   25.437348520340   14.336278252869  271.114873192807
     0.395414202219   25.308879203840   14.317890653452  270.163387452254
     0.395954811961   25.346341864315   14.320719031266  269.350152949859
     0.396495421702   25.573290589901   14.370884610855  271.636890768880
     0.397036031443   25.936759079067   14.441478168903  274.831155302115
     0.397405516977   26.045363855577   14.463058846238  275.828832382381
     0.397976959560   26.102424045894   14.484524136607  276.955845901522
     0.398548227388   26.170174799901   14.522539994310  278.413050052842
     0.399092693115   25.894343683045   14.474684241322  276.501719350693
     0.399640276722   25.110971433415   14.340608401942  271.234881535082
     0.400176961876   24.907812208854   14.302167860475  269.128768336293
     0.400717571618   24.921463414855   14.290435337360  268.324541429230
     0.401258181359   25.106128786367   14.321957974905  269.243454036291
     0.401798791100   25.451666339696   14.404300590551  273.306554196980
     0.402339400841   25.646607264201   14.447930877159  275.181506105679
     0.402880010582   25.842717606985   14.483200056310  276.782662691082
     0.403420620324   26.049404385277   14.521711859164  278.280774452327
     0.404129083803   26.179544391165   14.552679837773  279.634624642257
     0.404893495681   25.852025718428   14.508405610441  277.796058936623
     0.405434105423   25.641691819680   14.449924594087  275.802218050289
     0.405974715164   25.733650395164   14.463877874391  276.475519436483
     0.406515324905   25.722616309428   14.472441342634  276.299227774597
     0.407060035416   25.748182909708   14.479928129551  276.295443033181
     0.407587701162   25.909275548243   14.505197567771  276.364492225328
     0.408146279362   26.263930410593   14.575856301120  279.341727776556
     0.408848583438   26.027070935810   14.558784258727  279.958415935257
     0.409383669950   25.668541263864   14.513557673326  277.645702730512
     0.409867797236   25.304008746200   14.412801976359  272.977148952442
     0.410388383008   25.206944859111   14.402373498802  272.307910952529
     0.410955893490   25.276718677682   14.425726338710  273.787375797823
     0.411402720901   25.414559600324   14.448150350673  274.182493901098
     0.411842388439   25.837141259720   14.534650582995  278.324988039338
     0.412358765072   26.168928634480   14.611056746402  282.301223676390
     0.413104204038   26.199531270361   14.643914051366  283.161020853367
     0.413748730085   25.803149831131   14.561115269295  280.096739967518
     0.414289339826   25.536810394321   14.504620173416  278.218220251551
     0.414829949567   25.457588940985   14.489682306419  277.236409671491
     0.415370559309   25.354160380125   14.481572149514  276.642079186989
     0.415918102342   25.336880262006   14.479318146645  276.385907425582
     0.416399267015   25.433570252807   14.499980447594  276.761922070826
     0.416773362572   25.454768324487   14.505485107480  276.590454702718
     0.417290084254   25.798714624280   14.581027221067  280.428083775801
     0.417842238685   26.132655796605   14.647920507927  283.640131357709
     0.418394393117   26.241998592249   14.695855406089  285.322686939413
     0.418878538103   25.739012942738   14.596626837211  281.676384383977
     0.419446048585   25.168727076858   14.500887132624  277.512187821129
     0.420013559067   25.158218506858   14.492327313934  276.782241258732
     0.420581069549   25.158782604229   14.478030079643  275.663972740043
     0.421148580031   25.390515553412   14.531287774149  277.879267885795
     0.421651649872   25.547325377303   14.571514680384  280.497742652168
     0.422177122540   25.751423739267   14.613037575788  282.360900354801
     0.422702595209   26.076334556110   14.693517241093  285.712166403824
     0.423190708140   25.823405450211   14.657632826301  283.883566035181
     0.423746587187   25.225826618333   14.553917124870  279.890021195190
     0.424260762338   24.989310245328   14.505913065030  277.500668649042
     0.424786235006   24.977982616717   14.491119268969  276.479622768952
     0.425311707674   25.067981096163   14.504107603048  276.625268485470
     0.425837180343   25.343918568682   14.572395059494  280.336877520879
     0.426362653011   25.537780847866   14.624180339817  282.904778979605
     0.426881721408   25.547232694970   14.631668760061  283.204703471485
     0.427395178466   25.633977811256   14.643866336565  283.537223909652
     0.427915157946   25.841718239401   14.675816949916  284.506562119013
     0.428482668428   25.925279520674   14.692079720912  285.177668463459
     0.429050178910   25.769101610562   14.684394372340  285.155416701590
     0.429494417014   25.501852891125   14.629018085911  282.267325089176
     0.429996108102   25.131035772101   14.547963543887  279.123876096728
     0.430527884389   25.027673584605   14.528975678760  277.763470992455
     0.431059660677   25.301711225848   14.584093017598  280.099458674909
     0.431591436964   25.709325848118   14.662355037424  283.625292147101
     0.432094769392   25.779867543256   14.680965414637  283.930253090250
     0.432545277509   25.873364578218   14.698138342857  284.532389162200
     0.433025275714   26.035748206135   14.732219964121  285.853327866698
     0.433683461295   26.224994155475   14.787550075303  288.533490530183
     0.434284138785   25.942607332066   14.736590627515  287.110221505171
     0.434826850898   25.560455537366   14.672977971073  285.005970169616
     0.435316824337   25.230614333558   14.612450258001  281.452597514580
     0.435953131506   24.918478916983   14.541399498709  278.052269217457
     0.436662842078   25.083469209840   14.587512722579  280.763627448182
     0.436826075510   25.169821922341   14.605735015835  281.509919044467
     0.437535786082   25.529644915376   14.663958212504  283.928116487462
     0.438054111377   25.726283190336   14.710292100814  286.835493739640
     0.438505884435   25.450472075205   14.674005277383  285.833558666566
     0.438988378629   25.386440857934   14.672899914129  285.475367667710
     0.439393835935   25.352598736188   14.661843460676  283.981632432348
     0.439799293241   25.455704373623   14.677701408030  283.688314994745
     0.440277624593   25.893016493786   14.763675942419  287.908646629579
     0.440715518483   26.102368697470   14.809098844534  289.988125797947
     0.441311560007   26.234909363074   14.849203375263  292.215342410283
     0.441945969102   26.079876289002   14.838069242514  291.243482538973
     0.442432517869   25.578917013386   14.733267958210  287.467774378800
     0.443007515355   25.358281202083   14.685753931655  285.451060071945
     0.443494064122   25.292361652591   14.670304121773  284.401388758380
     0.443980612889   25.284666220794   14.668919687416  283.803783033051
     0.444438655755   25.391319553497   14.691435413564  284.652239461235
     0.444886396830   25.697273101996   14.767780652304  288.505973452436
     0.445415479554   25.986587663762   14.833280985056  291.708200077672
     0.445973717029   26.017405059306   14.858771321767  292.491678242320
     0.446502230881   25.726734214656   14.804485551698  290.414190527755
     0.446975714202   25.168100848066   14.698471115222  285.597601018777
     0.447453320634   24.813909581935   14.618362486564  282.106533485281
     0.447945632474   24.484185352491   14.553796356689  278.730511716211
     0.448456391907   24.684225441903   14.597185187695  280.958351028626
     0.448993269387   24.975299066341   14.660950907218  283.340202455968
     0.449550346643   25.339395162573   14.753923305190  288.290999250563
     0.450107283105   25.539957721131   14.801397219687  290.492674214880
     0.450664098863   25.686370249213   14.830314602868  291.716543547175
     0.451220758573   25.768702503483   14.849495134823  292.349796945274
     0.451777264911   25.622356039618   14.824976456792  291.180649927433
     0.452312499287   25.501068550469   14.797529667757  289.824539493569
     0.452718857609   25.485337284798   14.791376348188  289.803220457691
     0.453300820208   25.563689523481   14.805572762327  290.659828405712
     0.453687529680   25.585485728520   14.808647679091  290.657153590014
     0.454010869632   25.627313882725   14.818730134887  290.696625505706
     0.454321693456   25.739864708886   14.832452461810  291.016661235898
     0.454693040594   25.961445147244   14.861383712308  292.359176669412
     0.455199609988   26.157773196571   14.952625921746  296.501249009377
     0.455600827415   25.612214907098   14.864486086160  292.840980197131
     0.456005403391   24.944932271238   14.743349050558  287.452108570935
     0.456417755141   24.467515978273   14.624035408752  282.320172889799
     0.456904151904   24.293521268969   14.584252996598  279.785471151501
     0.457358311867   24.491506909110   14.623111203560  281.593869487331
     0.457812378176   24.786357956228   14.688550476804  284.476527949488
     0.458266335206   25.087589224500   14.757271351155  288.324367109045
     0.458720218907   25.291277893977   14.804278226115  290.418430347679
     0.459173977577   25.506646853559   14.847718339455  291.956888375174
     0.459627675319   25.736804628216   14.893403476319  293.624325781316
     0.460081236127   25.821397447747   14.908727815774  293.995245700975
     0.460534738064   25.816106122494   14.901909503203  293.725837010410
     0.461090367011   25.700408876003   14.878765824604  292.732238731213
     0.461770922119   25.638600952028   14.889787597074  294.066219850912
     0.462250537569   25.261872098017   14.828094289760  291.672018247951
     0.462701045687   25.107888037760   14.784088000997  290.189859584216
     0.463151553804   25.190381105498   14.795649357285  290.532897845901
     0.463602061922   25.229890889466   14.809234898984  290.553243801336
     0.464038311458   25.316069066496   14.825981922092  290.443486705227
     0.464476205348   25.635046560341   14.891996243242  293.137954975610
     0.464914099239   26.039855381258   14.984143630249  297.811107321273
     0.465351993129   26.119190991148   15.012664151024  299.137496240434
     0.465811811086   25.986956388922   14.986520801718  297.737561254595
     0.466262914529   25.734935731956   14.933743350480  295.794900368521
     0.466788387197   25.435595921954   14.873229484047  293.022637421691
     0.467313859866   25.518267276543   14.873497507864  292.169044018499
     0.467766541009   25.797007015010   14.926522450322  294.928738741066
     0.468156787420   26.053825743703   14.981599681537  297.902142259922
     0.468683383180   26.161921039923   15.006472882588  299.359316067969
     0.469208855849   26.270900859017   15.059537735694  301.345770587712
     0.469609383910   26.087998083902   15.031863495021  299.785320806283
     0.470013402564   25.569104442973   14.928572159336  295.851273367223
     0.470274265427   25.246051047766   14.863926627555  292.525982518067
     0.470723647275   24.965738730933   14.787713862350  288.212526040659
     0.471094886376   24.960909412655   14.789869971675  288.298720599932
     0.471495986425   25.059661442463   14.807569156634  289.335309720344
     0.472023340624   25.494381815197   14.906944502802  293.912303962794
     0.472480128605   25.796482977805   14.977452253618  297.356507358037
     0.472893711454   26.056392177569   15.039171669785  300.418966665666
     0.473415279879   26.064342596531   15.049456676532  301.285973369118
     0.473865787997   25.778049910919   14.998386847309  298.241162705136
     0.474258097701   25.638343762370   14.951463430226  295.342468841695
     0.474652202202   25.581030034688   14.926321444198  294.174614793855
     0.475103324919   25.631985451292   14.950428054702  295.859943312825
     0.475553773157   25.767153044118   14.980581959900  297.299626360146
     0.476004112312   25.918180248153   15.009000522564  297.945387192839
     0.476432645085   26.056300804752   15.033195864049  298.752258496260
     0.476826749586   26.282889673979   15.085900924148  301.721678156877
     0.476980450342   26.411543511165   15.115515154636  303.253235670309
     0.477205187413   26.608002273562   15.154563908313  305.114613052377
     0.477565843833   26.688906977431   15.173449842512  305.990523533296
     0.477892647727   26.671285957638   15.176644730266  305.912938726068
     0.478341099561   26.391285058167   15.110314557124  302.203175966244
     0.478826211660   26.320239209338   15.138647433284  303.647089168121
     0.479304050399   25.760275916753   15.045940446447  300.305553733913
     0.479778784235   24.821193855323   14.848146488708  291.971159203185
     0.480286902627   24.378676784690   14.751170720236  287.789136903074
     0.480710266597   24.374640256435   14.753395848645  287.051926471351
     0.481002396230   24.633150593823   14.818157304846  289.983765764324
     0.481316771981   24.743849367533   14.848182015212  291.767870582918
     0.481674035326   24.531078362156   14.807573930277  290.379466551578
     0.482022691208   24.519889961200   14.808156403863  290.026391720478
     0.482360572296   24.881181367294   14.875583937166  292.056529765064
     0.482743997121   25.659251449409   15.033890318229  298.611038011902
     0.483142983074   26.245610062210   15.165049429096  304.463820954216
     0.483541938161   26.444073770580   15.224006143334  307.465677906138
     0.483971977866   26.284691704956   15.179848133744  305.471598923519
     0.484340457798   26.134097742597   15.144385814060  304.459659213652
     0.484819972182   26.004540293917   15.132431975429  304.311606517924
     0.485310055794   25.692880663671   15.084200113354  302.506992227294
     0.485809001537   25.203323365055   15.005016949301  298.988132298064
     0.486188715696   24.574205294914   14.881707474914  294.074607878448
     0.486615446028   23.989674949556   14.753574449732  288.154167921562
     0.487038487697   23.811978019247   14.704376312438  285.773826885662
     0.487417902262   23.844176666801   14.727506147897  286.555078055465
     0.487786216237   24.091462774632   14.784345045063  289.146502952862
     0.488178010512   24.426102212283   14.858094576486  292.063688185017
     0.488572907070   24.853128139072   14.956953103705  296.821177198735
     0.488970942315   25.133429337874   15.020967294321  299.566469745661
     0.489368886828   25.347393902011   15.065502506019  301.533534752567
     0.489763602796   25.486680212890   15.096577892101  303.001375660329
     0.490132279680   25.472647190349   15.094094259553  302.867301295686
     0.490484534000   25.418423278159   15.079636347081  302.178987782670
     0.490843545412   25.372662974562   15.064353825757  301.056843305903
     0.491238016894   25.361520850601   15.055554116450  299.905439215712
     0.491629201964   25.543373262102   15.103944558743  302.056856501572
     0.492002616213   25.627278995759   15.132460418993  303.627449256080
     0.492526760614   25.266023834125   15.063961056059  301.666132811792
     0.493070310838   25.018031543930   15.021902189970  299.963945183482
     0.493563403793   25.092310179382   15.020638358860  299.155793212042
     0.494054518782   25.260272550930   15.042541901406  299.883952519254
     0.494413652590   25.491570317125   15.093921257611  302.659270998850
     0.494844516696   25.803121814640   15.164162409885  306.250378588417
     0.495291367480   25.963825656307   15.216988694087  308.731518389471
     0.495846634977   25.706099010263   15.183285969940  306.750753182255
     0.496281455269   25.362912339430   15.117518134538  304.221741715623
     0.496635174743   24.983346399518   15.042376370610  300.551727816781
     0.496982160704   24.689900561533   14.957450413780  296.555152212734
     0.497356530241   24.451905836184   14.902689747024  293.797222895062
     0.497740377213   24.482947501548   14.923653640246  294.994224201978
     0.498136838544   24.790882351303   14.995442774079  298.121319354987
     0.498530067471   24.989851633635   15.042391988584  299.830712288830
     0.499047269026   25.019951429650   15.056163870823  300.902882093330
     0.499586717149   25.029489615938   15.056653029719  300.623999859062
     0.499980285627   25.235626516051   15.097044077721  301.845568971562
     0.499980285627   27.394801498149   15.097044114763  301.845570452790
