# {0} signal over time, extracted at r = 500 km
# All quantities are measured in a resting observer's frame at infinity
# cols=4 rows=770
#              time        luminosity               <e>             <e^2>
#               "s"           "foe/s"           "MeV^1"           "MeV^2"
  -4.4551180059e-04  1.0941331869e-06    7.015228967020   62.375904260943
  -4.1243714736e-04  1.0765840947e-06    4.683669334538   32.241426613293
  -4.0073223618e-04  1.0779769283e-06    4.407808104177   28.675209400551
  -3.9239512210e-04  1.0815211633e-06    4.263505452952   26.809330810008
  -3.8369359749e-04  1.0875340755e-06    4.143423178974   25.256269961690
  -3.7551300652e-04  1.0953665886e-06    4.051213080498   24.063355141033
  -3.6768888915e-04  1.1048326272e-06    3.977156481425   23.104963786096
  -3.5932215295e-04  1.1170823040e-06    3.909832339484   22.233297057226
  -3.5132498482e-04  1.1308267154e-06    3.854579007906   21.517468807283
  -3.4263253627e-04  1.1479971462e-06    3.802602961257   20.843535240317
  -3.3390057578e-04  1.1675497069e-06    3.757272833580   20.255110537843
  -3.2446324592e-04  1.1912344039e-06    3.714602571639   19.700383875020
  -3.1584198552e-04  1.2151444052e-06    3.680366768860   19.254483535264
  -3.0700819054e-04  1.2418579284e-06    3.649216412992   18.847887685792
  -2.9834877835e-04  1.2701891095e-06    3.621960727079   18.491210383490
  -2.9007713010e-04  1.2992132277e-06    3.598531026122   18.183713520331
  -2.8556389450e-04  1.3158818240e-06    3.586699801456   18.028057786404
  -2.7881212925e-04  1.3421549375e-06    3.570146385079   17.809760845827
  -2.7244191483e-04  1.3684895630e-06    3.555685670272   17.618486860687
  -2.6713867865e-04  1.3916192713e-06    3.544431944732   17.469202344038
  -2.5974737567e-04  1.4257826526e-06    3.529584669646   17.273821963680
  -2.5690725935e-04  1.4395454040e-06    3.523826160943   17.200705302784
  -2.5164088930e-04  1.4659062737e-06    3.513546720293   17.071367293696
  -2.4516766589e-04  1.4996774240e-06    3.501707511105   16.921608925891
  -2.4388275522e-04  1.5065571818e-06    3.499457082014   16.893023552152
  -2.3722017730e-04  1.5431652150e-06    3.488293541253   16.750556189236
  -2.3192969711e-04  1.5733320839e-06    3.479993038760   16.643936816680
  -2.2895026331e-04  1.5907402485e-06    3.475527751555   16.586286255064
  -2.2061176535e-04  1.6411255106e-06    3.463932597225   16.435868742758
  -2.1313613226e-04  1.6882578970e-06    3.454425146203   16.311391137629
  -2.0533201554e-04  1.7393292634e-06    3.445249642632   16.189862639512
  -2.0316734598e-04  1.7538230698e-06    3.442832470188   16.157594266340
  -1.9620119084e-04  1.8014314317e-06    3.435417619330   16.057877545060
  -1.9099400351e-04  1.8379618460e-06    3.430202935200   15.987174623541
  -1.8594932659e-04  1.8741032442e-06    3.425401184712   15.921452805387
  -1.7732218549e-04  1.9376288606e-06    3.417741045603   15.815384830695
  -1.6901102492e-04  2.0008667818e-06    3.410953529747   15.720142482163
  -1.5981328288e-04  2.0731687975e-06    3.404027757050   15.621519868909
  -1.4924992048e-04  2.1592661982e-06    3.396803827767   15.516878749995
  -1.4015537176e-04  2.2360375678e-06    3.391116558960   15.433109317596
  -1.3226197850e-04  2.3046974502e-06    3.386547621208   15.364815757133
  -1.2311608889e-04  2.3866696001e-06    3.381649851437   15.290500175988
  -1.2124671601e-04  2.4037450837e-06    3.380695863369   15.275877636929
  -1.1514695564e-04  2.4602526375e-06    3.377692476072   15.229545686317
  -1.0781785329e-04  2.5297461942e-06    3.374286686276   15.176386570860
  -9.8179000920e-05  2.6238652592e-06    3.370134321045   15.110523457483
  -9.4384580831e-05  2.6617739017e-06    3.368587972423   15.085683923448
  -8.7346223991e-05  2.7334251208e-06    3.365858957397   15.041417190406
  -7.9750394057e-05  2.8127077459e-06    3.363093581492   14.995909452260
  -7.2277861831e-05  2.8927313612e-06    3.360551700798   14.953408927806
  -6.5138678701e-05  2.9711013280e-06    3.358278000980   14.914792207340
  -5.8647678978e-05  3.0440076052e-06    3.356335186542   14.881289976803
  -5.2526165724e-05  3.1142276609e-06    3.354608309330   14.851047500488
  -4.6860962333e-05  3.1804993435e-06    3.353093723525   14.824155170747
  -4.1332755025e-05  3.2463709597e-06    3.351694538784   14.798908313742
  -3.5618878186e-05  3.3157216029e-06    3.350324846745   14.773812831582
  -3.0606670641e-05  3.3776241101e-06    3.349188338652   14.752613928589
  -2.5680817997e-05  3.4394467873e-06    3.348123648072   14.732473989248
  -2.1009500952e-05  3.4989834311e-06    3.347164450521   14.714018879689
  -1.6673338531e-05  3.5550466114e-06    3.346316637775   14.697423136686
  -1.2005778888e-05  3.6162597632e-06    3.345449500480   14.680133122313
  -7.5404493552e-06  3.6756686930e-06    3.344661597406   14.664122620785
  -3.1438200142e-06  3.7349810486e-06    3.343923180836   14.648853100640
   1.0477069579e-06  3.7922828921e-06    3.343257231181   14.634756167416
   4.7891949184e-06  3.8440613638e-06    3.342693141915   14.622546466859
   8.4313449472e-06  3.8950397332e-06    3.342168109493   14.610977396414
   1.2547262014e-05  3.9533362875e-06    3.341604222581   14.598284879540
   1.6415713205e-05  4.0087923381e-06    3.341106095200   14.586721269628
   2.0355903958e-05  4.0659461534e-06    3.340625560772   14.575289864871
   2.6474139974e-05  4.2111286990e-06    3.334854143041   14.520252055395
   4.0796213641e-05  4.4327052806e-06    3.333556878209   14.483874837888
   5.7154568368e-05  4.6957493488e-06    3.332575669459   14.447686429517
   7.4584652610e-05  4.9881000394e-06    3.332124838232   14.416114222675
   9.0668286538e-05  5.2690562081e-06    3.332213549948   14.392592889450
   1.0624256212e-04  5.5515997034e-06    3.332746873206   14.374744264140
   1.2330344535e-04  5.8732748488e-06    3.333824170592   14.360567755657
   1.3922495830e-04  6.1852552804e-06    3.335284477694   14.352251467369
   1.5582415919e-04  6.5230037006e-06    3.337265876891   14.348492382795
   1.7143830326e-04  6.8526913524e-06    3.339549514727   14.349415845534
   1.8792780843e-04  7.2138725182e-06    3.342395579151   14.354976221603
   2.0516796921e-04  7.6062441858e-06    3.345839907021   14.365713964952
   2.2150457736e-04  7.9924117972e-06    3.349537546137   14.380433276846
   2.3884075826e-04  8.4180051153e-06    3.353914872809   14.400794932625
   2.5709769897e-04  8.8843775292e-06    3.359019746433   14.427415083557
   2.7450782839e-04  9.3470622161e-06    3.364351220713   14.457654141945
   2.9284395550e-04  9.8539322131e-06    3.370445575667   14.494536036690
   3.1231333901e-04  1.0414825060e-05    3.377443091734   14.539251223700
   3.3313208573e-04  1.1041286543e-05    3.385510761396   14.593274527667
   3.5237821636e-04  1.1645682192e-05    3.393491669493   14.648804407288
   3.7282936808e-04  1.2315243427e-05    3.402505925783   14.713566577467
   3.9485216862e-04  1.3068490122e-05    3.412803126377   14.789750738208
   4.1853088203e-04  1.3916504591e-05    3.424512807338   14.878794453702
   4.4403126770e-04  1.4875297457e-05    3.437753859681   14.982200151042
   4.7124814071e-04  1.5955314415e-05    3.452247378473   15.098754111010
   4.9713750485e-04  1.7055414912e-05    3.464959780551   15.206537733979
   5.2477400400e-04  1.8395077633e-05    3.472403334169   15.282862561156
   5.5403476691e-04  2.0442191002e-05    3.456622880367   15.177998756767
   5.5875889290e-04  2.0883019138e-05    3.448732650646   15.118405425325
   5.9031605448e-04  2.5201791230e-05    3.358765921219   14.326983430430
   6.2403764386e-04  3.3279084765e-05    3.253088259551   13.287263530160
   6.6005503841e-04  4.6894065537e-05    3.203461517577   12.696244474010
   6.9868777812e-04  6.8822102638e-05    3.207544000891   12.541842946562
   7.3989696730e-04  1.0287750497e-04    3.245400928849   12.672164037409
   7.8384758834e-04  1.5543921419e-04    3.301141179222   13.017118532863
   8.3010157471e-04  2.3493692343e-04    3.352755579360   13.418914216678
   8.7484756382e-04  3.4376871679e-04    3.389159627937   13.701660710267
   9.2528722930e-04  5.1902706488e-04    3.422079448778   13.983540224525
   9.7764893489e-04  7.8259925431e-04    3.457031688962   14.266987025303
   1.0379917982e-03  1.2350551006e-03    3.515670617777   14.756423872224
   1.1041114482e-03  2.0020397656e-03    3.584122020410   15.342449399405
   1.1767507402e-03  3.3502640511e-03    3.656842717851   15.974119223032
   1.2586875300e-03  5.8521742818e-03    3.737291050503   16.666323451784
   1.3491152380e-03    0.010542584718    3.820371229876   17.396318505436
   1.4461961442e-03    0.019278596727    3.910541237160   18.204714981579
   1.5561416087e-03    0.036801382853    4.021304010278   19.218773302047
   1.6833460860e-03    0.073136424163    4.164089319544   20.553726523876
   1.8300958316e-03    0.144378595355    4.361399369280   22.545903584195
   1.9663842777e-03    0.242898087887    4.596646150885   25.082836908260
   2.1310190232e-03    0.409063313647    4.949276445744   29.187469103731
   2.2908629829e-03    0.629164646267    5.355396504119   34.292037352049
   2.4605120481e-03    0.944175593526    5.856150072787   41.135397085459
   2.6301611132e-03    1.364390809599    6.411064440625   49.374334422436
   2.8460280163e-03    2.061478335917    7.124056873933   60.909459257221
   3.0503626551e-03    2.854945684511    7.741460115875   71.766527870568
   3.2546972939e-03    3.711942379182    8.283987979742   82.013080726166
   3.4590319327e-03    4.572879449489    8.752402451022   91.439077813613
   3.6633665715e-03    5.390825540752    9.156539569214  100.062472357171
   3.8677012103e-03    6.138767467718    9.504248358244  107.894677550256
   4.0720358491e-03    6.808614032314    9.801917491832  114.947474283671
   4.3241009731e-03    7.523686165680   10.112520957053  122.697680169487
   4.5754024112e-03    8.124101139516   10.371287153458  129.497616631426
   4.8283142706e-03    8.634639956956   10.590018186939  135.528231847638
   5.0792422657e-03    9.067966794554   10.772611892132  140.794009986137
   5.3296333796e-03    9.437404546404   10.928456423591  145.468032848740
   5.5803851909e-03    9.740707847443   11.060890570661  149.606127084904
   5.8337131280e-03    9.962318395902   11.170223766207  153.204859943723
   6.0864408223e-03   10.121321184522   11.255240672206  156.161804439263
   6.3377393486e-03   10.267102652504   11.320741927577  158.532732840710
   6.5904975882e-03   10.434434003146   11.376015753164  160.539473537686
   6.8414165595e-03   10.633433453528   11.426520989818  162.319582577834
   7.0944010427e-03   10.864262959530   11.473707109440  163.928018170322
   7.3486362995e-03   11.121760598989   11.519019336505  165.417878098780
   7.5996739973e-03   11.385347111257   11.563023444707  166.818757442549
   7.8507116950e-03   11.664752228146   11.608912580722  168.224194476046
   8.1017493928e-03   11.945086253995   11.660056832105  169.757972855344
   8.3527870905e-03   12.220388913320   11.713995972009  171.380035638518
   8.6038247882e-03   12.502879962625   11.765673289893  172.937344058711
   8.8548624860e-03   12.796917410790   11.817927482468  174.507636392270
   9.1059001837e-03   13.109323907785   11.871640893655  176.118793794631
   9.3570577029e-03   13.436592722894   11.926462624311  177.756944009165
   9.6082391863e-03   13.782613713843   11.975645508650  179.212446444088
   9.8594206697e-03   14.146713720021   12.028162870897  180.751025646695
     0.010110602153   14.521599111919   12.084736214599  182.415378446758
     0.010361783637   14.911787032872   12.134347716529  183.876290673294
     0.010612965120   15.321799369652   12.186838481016  185.422392068158
     0.010864146603   15.736642944866   12.246207152668  187.195107903211
     0.011115328087   16.151218658213   12.297358629111  188.725587533866
     0.011366509570   16.575143765084   12.341496016643  190.010983633960
     0.011617691054   17.021967785464   12.393443921047  191.517532358158
     0.011868872537   17.458120307530   12.444984030471  193.033123404014
     0.012120054021   17.871734701091   12.484543664703  194.187260721830
     0.012371235504   18.304236198594   12.525231180827  195.356746597359
     0.012622416987   18.748677237971   12.575893432330  196.856288102901
     0.012873698659   19.158479648422   12.620250125479  198.200311875704
     0.013125280894   19.534732231812   12.651013481597  199.110362455002
     0.013376863130   19.937395076531   12.682908868220  200.011242134821
     0.013628445365   20.342614216195   12.721540648440  201.140373427170
     0.013880027601   20.687535706219   12.754022067805  202.130328676689
     0.014131609836   21.005969705969   12.776173196456  202.790079121474
     0.014383192072   21.349625049453   12.798114624010  203.424719502539
     0.014634774307   21.701277380397   12.826681338347  204.295879406153
     0.014886356543   22.010166859852   12.854577956502  205.170303786516
     0.015137938778   22.306524559322   12.878316538323  205.892436986203
     0.015389521014   22.617007673517   12.897626952906  206.426862275633
     0.015641103249   22.920848899218   12.911323226618  206.763542397941
     0.015892685485   23.193097526413   12.925865647680  207.167342828905
     0.016144267720   23.443002516017   12.945445681157  207.784003352517
     0.016395849956   23.699050401120   12.965710875363  208.415346953998
     0.016658583952   23.971427665851   12.979752516559  208.806057125677
     0.016916148156   24.221963915949   12.984737782349  208.887409429392
     0.017176711446   24.479889343957   12.992557783120  209.066639369798
     0.017439367670   24.765407470690   13.014048453665  209.728577286952
     0.017698796328   25.055626910809   13.042529936411  210.652974490477
     0.017956170859   25.325295794311   13.061557474683  211.267949562310
     0.018215003192   25.569427494958   13.070549806276  211.541898828520
     0.018468933831   25.787559766257   13.073411229831  211.577906110902
     0.018721731620   26.013413441174   13.077907033251  211.671383928951
     0.018975565322   26.274452653751   13.093497158910  212.141367038316
     0.019232236664   26.553263229171   13.118861693673  212.943165119104
     0.019489658505   26.791135539652   13.138472672694  213.596444939698
     0.019740054286   26.972943399962   13.146358879827  213.879105483960
     0.019990450068   27.136244523754   13.149202975813  213.973681887824
     0.020247425608   27.304325075552   13.153185282662  214.085843885623
     0.020497868294   27.478631207467   13.160587741828  214.286274734337
     0.020753108716   27.661153230867   13.167173806185  214.436846393708
     0.021013446369   27.841149918838   13.171202536897  214.535120757512
     0.021273784022   28.002869547149   13.178042125804  214.794731724665
     0.021534121675   28.145003128469   13.184913609744  215.081584813523
     0.021793260958   28.287375224051   13.189208552734  215.289326147653
     0.022048729389   28.455806250676   13.197526194040  215.630325732106
     0.022319997641   28.636518093258   13.200863936204  215.720973482445
     0.022573672660   28.783478086104   13.194043709111  215.439482136860
     0.022827399991   28.924773198690   13.187527195592  215.204901006721
     0.023081127322   29.069581298468   13.186046033717  215.163129570731
     0.023334854652   29.219356253155   13.190044092042  215.353086617853
     0.023588581983   29.382759487136   13.200516658650  215.824183058918
     0.023842309313   29.565236439697   13.214268891401  216.362492767843
     0.024097511035   29.719418735529   13.214855805817  216.337474526491
     0.024352533010   29.857616673734   13.211916322909  216.225365391617
     0.024607320936   29.980828535419   13.210750521342  216.213422758906
     0.024865967936   30.084365105167   13.210103354059  216.213938735905
     0.025016970646   30.139779440988   13.209999562599  216.223502509545
     0.026040501330   30.624401132010   13.227972718789  216.886531166471
     0.027052067985   30.900694018530   13.223117265378  217.200884845367
     0.028077663788   31.234117336131   13.234733951548  217.378922473372
     0.029079955385   31.429426698766   13.229359300772  217.264790139238
     0.030094303106   31.742471314899   13.249310467298  218.149117683867
     0.031123340977   31.909429935566   13.248790723717  218.139148488170
     0.032152378848   32.141453120551   13.253096677096  218.286848233041
     0.033181416719   32.407299263699   13.270999435010  218.995169730429
     0.034185534553   32.618844390913   13.303145682300  220.214859020558
     0.035214646098   32.820204216425   13.306571545115  220.205934539919
     0.036243757644   33.005347387912   13.316690547902  220.612627569327
     0.037264748272   33.117909371204   13.328882452782  221.090529290590
     0.038277996735   33.257986616722   13.323795107368  220.957587718667
     0.039278654136   33.391848947024   13.318998804095  220.768864396392
     0.040310874799   33.516846854278   13.327773719225  221.150527431016
     0.041317509828   33.896155451985   13.366816278711  222.855505246142
     0.042352509828   34.262502112979   13.395562789879  223.911140730347
     0.043387509828   34.312710735274   13.400106795033  224.031666001624
     0.044420258926   34.335443428570   13.416976104036  224.660189386153
     0.045440858926   34.265583394614   13.396049185567  223.954619040083
     0.046446464843   34.227999964427   13.402823966452  224.285970776592
     0.047449561852   34.385760382314   13.428898989933  225.480541584674
     0.048452626337   34.445695354581   13.455452055489  225.895990510491
     0.049455641453   34.426492180269   13.459925691930  226.041099314437
     0.050476046138   34.508736154836   13.485583390221  226.959887996427
     0.051496412858   34.607606300167   13.518158241744  228.118104534681
     0.052522183165   34.746752464227   13.548675997390  229.290228170239
     0.053556592045   34.860358000233   13.578864123272  230.261178352892
     0.054600767322   34.843452012552   13.577602896403  230.061398040312
     0.055653103644   34.859896787173   13.575017325666  230.210210577447
     0.056710152999   34.940185085913   13.596660683295  231.050771753508
     0.057711726261   35.032371705142   13.628819985039  232.064798486302
     0.058714381782   35.106219089749   13.652081185441  232.691808678851
     0.059772334236   35.087898459967   13.629421486876  232.180883344520
     0.060796456076   35.135998743102   13.637365278924  232.824383976271
     0.061812895941   35.186700578757   13.681322465242  233.975643817918
     0.062864140581   35.160865765847   13.663615731366  233.763637350136
     0.063903356703   35.044340941893   13.672769278632  233.843927544057
     0.064911994497   34.884551074081   13.673005936440  233.482253112134
     0.065986734030   34.983001822056   13.661812643229  233.675551979280
     0.067013113787   35.180020552956   13.698877059632  234.929786655793
     0.068061706088   35.175412351125   13.704716862828  235.150780638812
     0.069091677342   35.075189837567   13.685191786523  234.710820782571
     0.070092797342   35.050119087369   13.732907401377  235.856099829515
     0.071109608089   35.074045886722   13.730684773176  236.334780108767
     0.072160493336   35.136655085900   13.788197944062  237.536225983023
     0.073169597955   35.131775423487   13.767469528078  237.129431595398
     0.074181100061   35.074025378978   13.756208023347  237.134993972855
     0.075221095456   35.065004078526   13.768323150862  237.684077579802
     0.076250345456   35.077197851700   13.782964914315  238.379425781184
     0.077281404176   35.057829104287   13.856052982236  240.105604393220
     0.078299217854   35.021893195547   13.845343009800  240.161027653451
     0.079316635199   35.004327253562   13.852887061658  240.435038713242
     0.080368635199   35.026916350182   13.833411571879  240.375030405316
     0.081398632003   34.984284116152   13.852129305280  240.965513194383
     0.082411492003   35.023922883919   13.894948801418  242.307992000886
     0.083421118670   35.033256703826   13.941284147462  243.722078071985
     0.084459095802   35.069154490466   13.932954095227  244.114077349421
     0.085477852122   35.100783089870   13.954758326894  244.848927338662
     0.086549256122   35.045482645704   13.964535530091  245.262291769883
     0.087562702045   35.046434114948   13.955567135915  245.565463447743
     0.088602697343   35.024624608427   13.998066383087  246.643062954678
     0.089629377343   35.112480176392   13.997996789711  247.181817011169
     0.089990954053   35.109053020100   14.035233421667  248.004540555849
     0.090997284344   34.957021580130   14.056156613352  248.355808862707
     0.092017284344   34.893194596616   14.004730690031  247.661603527153
     0.093087128344   34.948843796045   14.041089396298  248.926057277628
     0.094107128344   35.029257676100   14.071481150556  250.022763674735
     0.095122940032   34.953659680205   14.095838730399  250.764190497621
     0.096125398032   34.856879294390   14.107604814115  251.274922875920
     0.097143286032   34.750493728346   14.099678236360  251.305047109468
     0.098173786032   34.779696755079   14.110439586217  251.966926094929
     0.099214078752   34.782044429914   14.161662535250  253.288132472849
     0.100234445472   34.703182689554   14.147238561512  253.373741865754
     0.101269873920   34.700294019107   14.154903312482  254.038342869259
     0.102310361040   34.629399749190   14.188309175697  254.914014434393
     0.103330727760   34.580222446019   14.182789113834  255.054817875875
     0.104349633567   34.582010893713   14.205936768483  255.913166370140
     0.105379117343   34.518123638226   14.249525448374  257.161637791928
     0.106407411904   34.438753422625   14.227305373991  257.286026840206
     0.107410347364   34.401987691634   14.238801386898  257.931677790552
     0.108414785942   34.361700798110   14.298358862237  259.494976504821
     0.109472702157   34.219026900677   14.260094815190  258.763479988431
     0.110472856488   34.163283805548   14.262429131595  258.988457184746
     0.111483122087   34.048419144622   14.320628859342  260.193044631952
     0.112533910592   33.855359400475   14.296315892295  259.544957676310
     0.113558456283   33.845212966450   14.280829574098  259.999484032983
     0.114566543043   33.847447740438   14.326011923896  261.647707439076
     0.115590320840   33.778641559912   14.374408386993  262.755296995582
     0.116606515949   33.678357638825   14.358673670291  262.638799064006
     0.117630252987   33.527827960577   14.352006231141  262.710709088105
     0.118663595023   33.426423399167   14.366917598097  263.153624093678
     0.119697119873   33.348609593755   14.360150635953  263.245999646332
     0.120738225833   33.209187257507   14.381304120425  263.950792578195
     0.121741586441   33.055392658088   14.378505725634  263.815708211533
     0.122761953161   32.951627464927   14.360593116835  263.576185522884
     0.123771636521   32.776304420715   14.369519068574  263.757063483117
     0.124803900521   32.614963472559   14.389707939926  264.081255444573
     0.125813945321   32.582796362223   14.380384883063  264.631244459082
     0.126841702470   32.442807031115   14.400746426018  265.368468057910
     0.127847774592   32.314492866357   14.414101593695  265.536838519564
     0.128883500188   32.266500196704   14.420451164578  265.896758156653
     0.129898619725   32.173350499438   14.425351198189  266.748257053714
     0.130913739262   32.073395735926   14.442448082848  267.464735686050
     0.131928858800   31.991804586261   14.452174820276  267.937011289112
     0.132943978337   31.808392663120   14.448652950362  267.807369083187
     0.133968076955   31.657191951810   14.448141322936  267.654158836296
     0.134988676955   31.544575459564   14.463886109058  268.268333518760
     0.136009276955   31.470657960956   14.470063857548  269.111841940769
     0.137018825855   31.389541219602   14.479800851374  269.365839000699
     0.138046277816   31.242514480009   14.506859122470  269.747371109209
     0.139073729442   31.163687468777   14.485859107500  270.346993785233
     0.140101181067   31.094747375650   14.508376395373  271.068422567673
     0.141109830834   30.961964891865   14.508638982867  270.967894190176
     0.142130197554   30.745541804567   14.528310974692  271.129114606649
     0.143150564274   30.714141257313   14.517675874343  272.035355290357
     0.144151984284   30.640898674927   14.536327086252  272.564257147858
     0.145173435774   30.478241290370   14.529440460775  272.119628481118
     0.146205541661   30.386220645949   14.550603141500  273.161111179192
     0.147226644946   30.291725751806   14.530316271849  273.437586483276
     0.148231068436   30.196206835730   14.570304491881  274.208491273260
     0.149240723878   30.030558834893   14.557542344651  273.614452566416
     0.150244556878   29.917825233783   14.557827984903  274.059638260836
     0.151248389878   29.836308607968   14.568890486217  274.856247041649
     0.152255900175   29.735530094052   14.574459502617  274.834079187389
     0.153266229878   29.640909973809   14.603043087375  275.727263181494
     0.154276274918   29.540147671883   14.575314365751  275.846174862967
     0.155291205914   29.487839062015   14.600625557285  276.565291020624
     0.156295629404   29.333535578664   14.629529120495  276.921434623307
     0.157302922675   29.180887262029   14.591696874692  276.718005810995
     0.158310215947   29.129256371898   14.623628244146  278.038234587075
     0.159310462321   29.020964658141   14.621937091705  277.606374367132
     0.160314885811   28.798989609350   14.623415522311  277.346727552872
     0.161319309301   28.802534892488   14.633242878544  278.841097739917
     0.162325580582   28.714177056843   14.640157062938  278.895675751735
     0.163335450613   28.514322530925   14.621698875127  278.035165987221
     0.164339552604   28.438147718460   14.655573308613  279.417453303500
     0.165344621792   28.343749649393   14.655425285907  279.839974953009
     0.166345772300   28.247915414196   14.647758517237  279.264215062912
     0.167358878194   28.148381094087   14.663957443327  280.168722903023
     0.168363800414   28.059430263088   14.662655703083  280.566042257318
     0.169369282206   27.933654840218   14.669385933516  280.127747476628
     0.170385942599   27.805905529156   14.660099787416  280.482707725595
     0.171394726802   27.753167386534   14.666833953072  281.060313447088
     0.172398899255   27.571183179770   14.697656903111  281.058186871896
     0.173403568054   27.502838395011   14.654631923534  281.313233732056
     0.174419831073   27.465545792517   14.689305188487  281.814912988098
     0.175432890480   27.334423473202   14.697003543302  282.444101659978
     0.176434240275   27.269078435241   14.714794522054  283.566448715453
     0.177442545613   27.081917183563   14.665423929568  281.701963564066
     0.178449789447   26.976160005890   14.692081431353  282.063454267777
     0.179450232940   26.962892644014   14.717838396225  283.791014814937
     0.180450881094   26.828991583000   14.684905492120  282.683924707237
     0.181457743943   26.724904387439   14.692700008114  282.646332825156
     0.182470774200   26.594777518065   14.712795671216  283.634183698860
     0.183485335305   26.544167445390   14.720157741653  284.617469550334
     0.184490935195   26.402733299797   14.692125576442  283.166098617465
     0.185497514063   26.356298144505   14.728899957342  284.911415070137
     0.186504092931   26.316255215770   14.751973576001  286.429206116683
     0.187504333640   26.186898176504   14.739351190542  285.785874485849
     0.188509168166   26.013230986059   14.705189588769  284.198897816297
     0.189511618682   25.976473645266   14.732055222132  285.620901315710
     0.190512760304   25.878034098636   14.734770657204  285.738949300827
     0.191515619405   25.743881042800   14.697450016744  284.244419632081
     0.192525910890   25.704515351060   14.756332265752  286.894028714574
     0.193538768996   25.681097011836   14.764884016707  287.487344310341
     0.194541380040   25.475474696099   14.710075796538  285.001375946410
     0.195553721836   25.420203354659   14.759873417679  286.767490683609
     0.196566868553   25.355623953108   14.761180338301  287.697057689158
     0.197577755433   25.217738325705   14.729510414487  286.343382136886
     0.198584564428   25.153594446754   14.761037229785  287.432112402138
     0.199591373424   25.159642788731   14.785144691489  289.422184585447
     0.200598182420   25.029425168019   14.773338451596  288.813429141844
     0.201604991416   24.899134272281   14.765037606831  288.502412187214
     0.202609473199   24.788194569178   14.756251417016  287.847748908604
     0.203612664029   24.624412591609   14.714235808867  285.963997259632
     0.204621571552   24.611469334878   14.759556701957  288.161463126893
     0.205636866021   24.535828994043   14.761523524094  288.366821256534
     0.206640359808   24.387015641776   14.724381784533  286.731781963639
     0.207649267331   24.340762177124   14.758552751152  288.368215693992
     0.208658174855   24.336463114687   14.789472282197  290.578311049911
     0.209665569435   24.187777669577   14.772849356762  289.894704316676
     0.210667490798   24.074681903839   14.772903700614  289.590449911505
     0.211613665474   23.945681290134   14.741334120873  288.036619922719
     0.212498072552   23.874001173274   14.763124177442  288.603520427202
     0.213509457521   23.816755680728   14.760593250070  288.827165094081
     0.214515391404   23.791159856912   14.749859920334  289.204290175346
     0.215510027404   23.648544204164   14.732856054323  287.997177418900
     0.216517448225   23.676087227015   14.797334447968  291.087049208247
     0.217524240946   23.585562652341   14.798506297992  291.466426341655
     0.218532923089   23.428410106970   14.750273433720  288.694860324650
     0.219540316072   23.417243372444   14.775332300847  290.588539197882
     0.220513942298   23.302969947696   14.753646211276  289.192052491465
     0.221521606638   23.388579234880   14.818152799051  292.906257777914
     0.222518531417   23.214201144076   14.781366295355  290.942021664551
     0.223318426035   23.172979676791   14.770433278692  290.177137662552
     0.223574287129   23.184702514155   14.807151270310  291.307230667699
     0.224485450407   23.190821294589   14.846562977529  294.269621876451
     0.225494586716   23.100114190043   14.833106867717  294.088227930160
     0.226496556343   23.018466610171   14.816137364847  293.767751386591
     0.227333009484   22.937318094864   14.800934008475  292.081964828927
     0.228336124376   22.867335370520   14.818342949261  292.576625664739
     0.229340670329   22.821330996393   14.787279382944  292.054097573918
     0.230306639017   22.740317112266   14.786026528245  291.757681730754
     0.231271866465   22.710482318701   14.824425506285  294.188491399424
     0.232102009251   22.635712154764   14.821339562459  294.222979235227
     0.232961882893   22.580930814692   14.817549922562  294.025413638897
     0.233812906857   22.465787375731   14.808996240724  292.853480868411
     0.234800182428   22.268109728531   14.765403823079  291.029856836137
     0.235803949219   22.114218702463   14.721647668681  288.787748057068
     0.236816844567   22.008796737843   14.711559061808  288.825044108248
     0.237820567902   21.870029271532   14.706087395607  288.309138614998
     0.238333513963   21.725798965323   14.628244186151  284.958984090506
     0.239249321018   21.664604438598   14.676746967576  285.323350259699
     0.239903884594   21.619311762574   14.643993549331  285.946975943826
     0.240687497037   21.640326261361   14.726789940165  288.195452592221
     0.241696656815   21.436837510761   14.700708870930  287.109765308349
     0.242704590279   21.110129457652   14.551703161558  279.595702416283
     0.243704899236   20.973041398038   14.529941429284  278.549996076349
     0.244713503484   20.847165154715   14.493768733649  276.866709525111
     0.245719865203   20.817428468229   14.518152429916  278.608017081236
     0.246724454256   20.649155420094   14.513831914108  278.677700671521
     0.247725980962   20.451990088234   14.443968763478  274.805731868364
     0.248728655503   20.318483595576   14.420409985227  273.246675105402
     0.249465238445   20.241953172368   14.410305701329  273.294426298360
     0.250364686074   20.190202028178   14.432364561540  274.590325047975
     0.251353784641   20.017194968459   14.400449642546  273.077211597950
     0.252360312904   19.853173591327   14.375248340248  271.834737289529
     0.253362545300   19.640236455775   14.293847253381  268.095773698853
     0.254365547406   19.510085088520   14.277677211116  267.038618395827
     0.255370918526   19.419483060441   14.261097906034  266.079796129272
     0.256376982451   19.323546211528   14.247165913500  265.684021227599
     0.257381000392   19.205835081517   14.228975188987  265.037991246952
     0.258295203775   19.134520951185   14.226762007705  265.049647241982
     0.259187078006   19.052880341681   14.223969414454  264.958557812431
     0.260192013076   18.950756103536   14.203380126780  264.286050704285
     0.261203648899   18.842021292792   14.180232672691  262.939654408352
     0.262209414034   18.802317361003   14.185901227336  263.728274014569
     0.263213605393   18.757841671708   14.198048571233  264.404958344293
     0.264220371297   18.667675891156   14.181971805582  263.389205859658
     0.265166698413   18.600912459636   14.172397217653  262.911426877840
     0.266167995347   18.560511641886   14.184976684198  263.960043563979
     0.267168056779   18.542726926299   14.214578076048  265.942789792225
     0.268173752274   18.472427639453   14.193728948619  265.585238435866
     0.269179895966   18.401487331116   14.192083182751  265.335866195675
     0.270189570481   18.327205453556   14.201392613239  265.210711195110
     0.271192790213   18.239946497677   14.176224942584  264.444674505876
     0.272196009944   18.158408571925   14.159715626461  263.643464149450
     0.273200202870   18.077381298548   14.139756315062  262.490991927966
     0.274204535634   18.012979446256   14.126881506476  261.599959440356
     0.275207907314   18.014404807221   14.153082358492  263.535314848189
     0.276211278993   17.995267368450   14.175576510755  264.842452532027
     0.277214650673   17.933592987872   14.164818707530  264.284665417769
     0.278218022353   17.877267862418   14.157036329116  263.913177693143
     0.279221394032   17.810123577394   14.147466806450  263.389307472994
     0.280221508705   17.739569404053   14.133597227083  262.591606794003
     0.281230230419   17.675145329600   14.122258357491  261.848840868295
     0.282233602099   17.693891323439   14.151173331271  264.248710140857
     0.283234410888   17.724307105649   14.195404544017  267.013612285478
     0.284238391591   17.677767122420   14.193190380497  266.925449089311
     0.285245085762   17.625382041125   14.193041090011  266.746082529611
     0.286250405388   17.582557547240   14.190384458241  266.752248924532
     0.287260071299   17.521314744168   14.176091772748  266.214268639733
     0.288269737209   17.452098538476   14.160759852528  265.110678208356
     0.289278077670   17.366697653961   14.136573343040  263.256675664828
     0.290281449350   17.306283247210   14.117094972909  262.269138288962
     0.291284821030   17.369583719797   14.172472150973  265.948539770665
     0.292288192709   17.329275300057   14.172886621856  266.024921810558
     0.293294027647   17.285875311325   14.169978907364  265.866223619473
     0.294302935171   17.243846930412   14.163185588555  265.714620744590
     0.295311842694   17.233917682758   14.180479591486  266.900814294966
     0.296320750218   17.168936741759   14.161959218229  265.695050692812
     0.297321300607   17.116697673583   14.149840104390  264.884303530756
     0.298321931509   17.056547286467   14.139847699350  263.994203089366
     0.299238164619   17.002318447343   14.123943530894  263.030727665434
     0.300172338252   16.972092508184   14.122612876763  262.850511923225
     0.301106511885   17.005493311362   14.159428131826  265.699115228371
     0.302040685517   17.012684809615   14.190768348950  267.404959981343
     0.302974859150   16.976081780416   14.185881944588  267.174989656620
     0.303909032783   16.948924343452   14.188118145487  267.341218276635
     0.304843206416   16.908187485422   14.184759680588  267.218635440461
     0.305777380049   16.870392611398   14.180396824304  267.012652481722
     0.306695790944   16.825533720801   14.168728708568  266.307527142657
     0.307704657492   16.781395837828   14.155927538467  265.512181909238
     0.308178207095   16.763941152174   14.151404995849  265.291770257593
     0.309187073643   16.728765150155   14.144588916630  264.871471810925
     0.310083391280   16.685525292824   14.139991021318  264.474236499438
     0.311017564913   16.648914256598   14.135073461189  264.063737507263
     0.311951738546   16.694344635922   14.174853432972  267.072247885196
     0.312857683289   16.706286296427   14.207069706096  268.781540622017
     0.313758251101   16.671621817370   14.205340054179  268.675720275452
     0.314658818913   16.644394030009   14.207690651920  268.855474956049
     0.315559386724   16.603380104357   14.201765552861  268.538449107141
     0.316459954536   16.563434973899   14.192784269120  267.982697623298
     0.317360522348   16.530406512105   14.184673324325  267.444832039572
     0.318242226280   16.497479313948   14.179316295539  267.060783444753
     0.319107201866   16.467495610794   14.174829302953  266.804639741496
     0.319822438324   16.457937487887   14.179991366959  267.239406754899
     0.320308419539   16.438192951625   14.182467863952  267.126835522657
     0.321077448669   16.408578368457   14.179576716636  266.575967881862
     0.321913666401   16.387845718511   14.179548364647  266.952850354015
     0.322749884133   16.470411118222   14.248859912852  271.446163686396
     0.323586101866   16.449494552133   14.252262706256  271.549170264991
     0.324422319598   16.427729561788   14.253581098312  271.690136555437
     0.325258537330   16.413310698228   14.262378034113  272.272756089070
     0.326094755062   16.393694483972   14.266404018611  272.524739357838
     0.326930972795   16.364155110311   14.263120486014  272.310010326827
     0.327767190527   16.329428282714   14.254834018974  271.784889453769
     0.328603408259   16.302016657905   14.247937919578  271.359025157824
     0.329439625992   16.278081031181   14.243204295136  271.091822192612
     0.330275843724   16.252939429892   14.238981254043  270.830039880197
     0.331112061456   16.228396033839   14.235183307384  270.552822864337
     0.331948279189   16.198707274351   14.228633964899  270.106918223335
     0.332784496921   16.166335510434   14.220996981448  269.583048096222
     0.333620714653   16.132799756866   14.211870404436  268.960851649197
     0.334456932386   16.098204732011   14.206895387577  268.506879602396
     0.335205476437   16.069183007818   14.199809665403  267.906984795830
     0.336022691531   16.048065410814   14.200418302763  267.873639891877
     0.336839906625   16.123962472543   14.252322665745  271.919233818037
     0.337657121719   16.135873219789   14.287639253229  273.735264470727
     0.338474336813   16.109255126995   14.282368296386  273.472549668079
     0.339291551907   16.089956424982   14.282182144323  273.457322960181
     0.340108767001   16.068978006212   14.281218929395  273.404943153485
     0.340925982095   16.046107337004   14.278657995065  273.253391184820
     0.341743197189   16.027979799902   14.277168643429  273.147068586272
     0.342560412283   16.008361065374   14.276378365846  273.091271621003
     0.343377627377   15.987762161430   14.276416283495  273.111111388752
     0.344194842471   15.964414664170   14.273821575774  272.956400503721
     0.345012057565   15.942056198430   14.269228191567  272.671792590610
     0.345829272659   15.916028673259   14.264138950352  272.317367800472
     0.346646487753   15.885293653721   14.255276900477  271.748144075231
     0.347463702847   15.854378947167   14.244962089758  270.967385193541
     0.348205006435   15.827847071086   14.236296331274  270.234846560787
     0.348983484462   15.801590567276   14.230171633674  269.626189292920
     0.349761962490   15.841811488479   14.258689247483  272.093116062310
     0.350540440517   15.903610906488   14.321669839383  275.864136394650
     0.351318918544   15.908875129398   14.331122727287  276.768656791362
     0.352097396572   15.891209657032   14.338416936638  277.180960058691
     0.352875874599   15.870955675296   14.338717521940  277.193792445514
     0.353654352626   15.854819766954   14.339480351707  277.225469072338
     0.354432830654   15.838734185474   14.338844863031  277.203461865586
     0.355211308681   15.822071881757   14.337521442409  277.158275462512
     0.355989786708   15.805748417687   14.335563081767  277.058458455320
     0.356768264736   15.791576889973   14.332719600462  276.914094515505
     0.357546742763   15.777531378622   14.332363714105  276.901371179736
     0.358146170844   15.765607746800   14.332888492696  276.912382200025
     0.358924648872   15.738058613843   14.326266771461  276.441020262788
     0.359703126899   15.695915148901   14.311300708310  275.161853749859
     0.360324027696   15.657366152618   14.291710974939  273.632842163063
     0.361053487624   15.623032804520   14.276099176914  272.497050416962
     0.361738777154   15.595705746250   14.273329683718  272.024397063887
     0.362418280809   15.575341083073   14.265079092547  271.615073650228
     0.363184038663   15.557251537843   14.269833790215  271.819825008753
     0.363949796516   15.657399803014   14.333353267073  276.867778343914
     0.364715554370   15.657679760430   14.352959263849  277.793995711631
     0.365481312223   15.660331136797   14.362270516487  278.662929518094
     0.366247070077   15.652010711269   14.373336363121  279.197000262925
     0.367012827930   15.634562014785   14.374208820666  279.217572839051
     0.367778585784   15.618783431279   14.374822125819  279.209577104203
     0.368544343637   15.597054868444   14.369905294202  278.878320966722
     0.369310101491   15.573504660601   14.364083572897  278.519171367988
     0.370075859344   15.547667599906   14.356950785001  278.085525681606
     0.370841617198   15.543982178017   14.355216967206  278.202856246762
     0.371607375052   15.542588314996   14.366014758928  278.915159907628
     0.372373132905   15.533379950556   14.368273436835  279.026547034251
     0.373138890759   15.515806470943   14.365144590628  278.895063680316
     0.373904648612   15.498983106454   14.364530795669  278.860438937520
     0.374670406466   15.475586312213   14.357145837697  278.391225543645
     0.375436164319   15.444386681352   14.345734248226  277.479073478323
     0.376201922173   15.406181809020   14.330067866210  276.212289351303
     0.376870740886   15.374623605824   14.316304334505  275.144688523301
     0.377571371111   15.344240936578   14.308255321966  274.258673869664
     0.378272001336   15.376380639049   14.331970625678  276.163366049258
     0.378972631560   15.441969996139   14.389699995947  279.892307679976
     0.379673261785   15.443842049039   14.394522609229  280.499860587419
     0.380373892009   15.440821788305   14.409629578443  281.326095856147
     0.381074522234   15.425184791164   14.411057486634  281.387224935434
     0.381775152459   15.411827142401   14.411404564825  281.367302465516
     0.382475782683   15.397301571239   14.410293278881  281.312459423829
     0.383176412908   15.387657482003   14.413900630296  281.480025612244
     0.383877043132   15.372885951067   14.414011306866  281.461463924617
     0.384577673357   15.357489891514   14.412614411305  281.364045055452
     0.385278303582   15.340937384368   14.408298496344  281.067427526545
     0.385978933806   15.318413655465   14.397460835725  280.499885684647
     0.386679564031   15.312776516754   14.395119811186  280.606731799808
     0.387380194256   15.290851588665   14.386921212303  280.066405112449
     0.388080824480   15.249324292669   14.370347287557  278.606872880743
     0.388781454705   15.215090166770   14.352263260181  277.279022489625
     0.389398553407   15.188513209094   14.342442908665  276.447957826009
     0.390079565985   15.163300947576   14.337451872455  275.800866121595
     0.390760578564   15.215063972789   14.366417855049  278.489701624499
     0.391441591142   15.271236365289   14.420919087708  281.874348085108
     0.392122603720   15.276870616498   14.427720963943  282.590176601300
     0.392803616299   15.271711225823   14.440455667501  283.263482958725
     0.393484601809   15.255362966572   14.440651532095  283.252367305700
     0.394165443850   15.246295598149   14.441175899693  283.263886859376
     0.394846110518   15.235642560774   14.441002424580  283.252931549875
     0.395526609888   15.223860032753   14.439591422073  283.201052552785
     0.396206941830   15.220180076293   14.441891849660  283.310042467105
     0.396887103284   15.205931175196   14.438308820376  283.153059454803
     0.397567098375   15.199771693692   14.439913504842  283.236892481865
     0.398246925260   15.191342337495   14.441094703935  283.279763969010
     0.398926585685   15.178211298321   14.441140620226  283.307527792587
     0.399606078353   15.167419274186   14.441339146468  283.306257052627
     0.400183513203   15.150813329430   14.433756582748  282.902610519033
     0.400862692560   15.133919769807   14.426602027277  282.449491988187
     0.401541703152   15.103632848277   14.414539940285  281.344712203906
     0.402220544375   15.067443996519   14.395691527506  279.859124070854
     0.402904367952   15.036346896893   14.382147987347  278.722396146939
     0.403661048595   15.008714692811   14.376537715153  277.979333345647
     0.404390101092   15.098241069276   14.415371369602  282.041262683944
     0.405120416198   15.130929094526   14.453471869404  284.264256414178
     0.405850537057   15.130942009065   14.470667698135  285.183573063384
     0.406580467435   15.117673093121   14.478946845338  285.649679492250
     0.407310212378   15.104687164890   14.479354750339  285.638477298483
     0.408039764189   15.092759672864   14.480824814819  285.681998884662
     0.408769124536   15.078889907057   14.479142354296  285.610977488099
     0.409498297279   15.070586916583   14.478765020391  285.583508044974
     0.410227280872   15.061787268063   14.478000376285  285.571249285880
     0.410956072111   15.053328809780   14.478864476670  285.624052994964
     0.411684674393   15.040899266163   14.478323586172  285.610791994051
     0.412413088226   15.025509687889   14.470639125836  285.193919233866
     0.413141309245   15.006649685541   14.460228541255  284.552496442461
     0.413869339150   14.975518931748   14.446517066409  283.372329277513
     0.414579713964   14.943881910541   14.429075839731  282.057409330613
     0.415307372228   14.913610290235   14.417884260058  281.049230007276
     0.415978465539   14.888833789419   14.409853009621  280.281420619261
     0.416679095764   14.866852802680   14.405606313833  279.726125021937
     0.417373864485   14.901047316209   14.429780170101  281.902221727739
     0.418054298652   14.971222922398   14.490413224469  286.062840798788
     0.418722930842   14.976477039328   14.510106023932  287.235753864351
     0.419388508521   14.959810135404   14.515149260916  287.214659229929
     0.419712518602   14.939447333108   14.508793721537  286.438062605217
     0.420327899596   14.850862434127   14.428290708502  281.460762742472
     0.421014236515   14.814639789697   14.407231207296  280.084070221437
     0.421700573433   14.820481660239   14.428448985639  280.772910444908
     0.422386910352   14.744617391583   14.385139600215  278.608477416783
     0.423073247271   14.733395621665   14.376456688385  277.689913558461
     0.423759584189   14.813911598856   14.428682534480  281.493617787485
     0.424445921108   14.857782866060   14.471765076010  284.250083244277
     0.425132258026   14.855453678401   14.481606323133  284.863363299732
     0.425818594945   14.843296547862   14.483755604923  284.996399436961
     0.426504931864   14.823878390136   14.477605806414  284.661134097183
     0.427191268782   14.815357610955   14.474875735519  284.505519757974
     0.427877605701   14.815540566144   14.482067173011  284.877161508642
     0.428563942620   14.793800587653   14.481054596685  284.907468074920
     0.429250279538   14.792113339996   14.483994220622  284.976204581990
     0.429936616457   14.780207074997   14.476755092538  284.574011020479
     0.430622953375   14.770789686094   14.479388876460  284.740320559194
     0.431309290294   14.761777055306   14.479511276885  284.751964722153
     0.431995627213   14.750960331377   14.478078324100  284.702111006947
     0.432681964131   14.737758913276   14.474298447558  284.446346832620
     0.433368301050   14.729303375503   14.471157678598  284.267668109601
     0.434054637968   14.720526803381   14.472289067528  284.330045532152
     0.434740974887   14.704705094680   14.469746345041  284.177465536508
     0.435427311806   14.693619869404   14.467345394636  284.042291808017
     0.436113648724   14.680626605918   14.463240104236  283.736114222222
     0.436799985643   14.656690511298   14.452269985218  282.839889058013
     0.437486322562   14.631122358995   14.436161468702  281.556747888364
     0.438172659480   14.618981767625   14.428693383312  280.976055778715
     0.438858996399   14.599154543712   14.424334863674  280.636081036963
     0.439545333317   14.586935369547   14.422197541171  280.369341377279
     0.440231670236   14.566257520501   14.418928691965  280.044777081475
     0.440918007155   14.546903095711   14.415340493689  279.753007085549
     0.441604344073   14.578590246073   14.442447820024  281.677081154394
     0.442290680992   14.635030792143   14.494942093472  285.206199344674
     0.442977017911   14.647548740458   14.510184397679  286.234212412555
     0.443663354829   14.649598925823   14.518239084470  286.708910740508
     0.444349691748   14.639203954093   14.518822631986  286.731011262033
     0.445036028666   14.628525848132   14.517727635948  286.641655857800
     0.445722365585   14.620580074992   14.516814291859  286.567880962356
     0.446408702504   14.615893435436   14.518989552431  286.685137205337
     0.447095039422   14.608930587669   14.520798347217  286.776097001125
     0.447781376341   14.599484215580   14.520490699955  286.724354618959
     0.448467713260   14.590316627087   14.520429788984  286.667513984921
     0.449154050178   14.579505941599   14.518142032459  286.587513301903
     0.449840387097   14.575829403519   14.519962489382  286.750819256430
     0.450526724015   14.575326230005   14.523409248634  287.049354622044
     0.451213060934   14.578511748656   14.529802393681  287.482708825257
     0.451899397853   14.579604728037   14.537553042410  287.965673062391
     0.452585734771   14.568441696923   14.540641356485  288.051400172445
     0.453272071690   14.546174739530   14.532641743117  287.494451639626
     0.453958408608   14.532272907424   14.527400027430  287.212743511215
     0.454633034957   14.525506319919   14.526009850638  287.225726492118
     0.455304873402   14.527437675136   14.529512678845  287.570817460705
     0.455999526881   14.531745647768   14.537505906395  288.053831526120
     0.456705501458   14.523800315754   14.538878401529  288.237489371202
     0.457399834654   14.511800341236   14.538022809810  288.164140600377
     0.458082535336   14.499423430455   14.530862614738  287.740524533441
     0.458756482125   14.493940255818   14.526894758076  287.471423276621
     0.459407344898   14.485930032719   14.527351117315  287.409439302255
     0.459457515782   14.485398459933   14.527577174178  287.419480613288
     0.460134025363   14.477535062593   14.530809327487  287.604657664494
     0.460810384212   14.466493772073   14.530925527502  287.625474109322
     0.461486593741   14.453343927790   14.525241267503  287.322139532062
     0.462179839258   14.441024281797   14.521174106447  286.957280309611
     0.462827105606   14.426104505893   14.514784439339  286.454779190146
     0.463508592708   14.408611287172   14.505685957642  285.797636332473
     0.464212829485   14.394445816639   14.501539615763  285.379901805946
     0.464882560867   14.380232849087   14.496128624163  285.062665826130
     0.465560726056   14.361761819002   14.490493955695  284.621394313229
     0.466255911659   14.338130835599   14.482398996281  283.733235369144
     0.466959519578   14.320358367400   14.473646769093  283.002257827132
     0.467674403581   14.362894512072   14.507074028915  285.315507467649
     0.468389118589   14.420917565933   14.557970157058  288.695498520454
     0.469103651748   14.425828847195   14.571298930698  289.518477683045
     0.469818034345   14.407162335507   14.571020569784  289.374283884790
     0.470532251561   14.357605138402   14.534184725792  286.802830647709
     0.471246305170   14.284689901921   14.482063519058  284.036515809990
     0.471948782649   14.265333133696   14.482236389999  283.987486683854
     0.472536913052   14.242650358190   14.475849990269  283.210906688109
     0.473227677321   14.318617227030   14.526122965116  286.670406762469
     0.473941118147   14.367161186668   14.572697736437  289.494318583450
     0.474648691787   14.377982116336   14.581969189923  290.446664460068
     0.475270540364   14.362118426756   14.582141825636  290.222051973053
     0.475886559317   14.342936715596   14.574946014918  289.726522701715
     0.476473948593   14.329409965071   14.572915445878  289.481306937530
     0.477112540374   14.321131920978   14.571541456014  289.488212139711
     0.477796599696   14.322386652138   14.575629027303  289.764653124663
     0.478463414508   14.328472845641   14.576305808890  290.080298451068
     0.479158576751   14.338435531773   14.584988862087  290.637653153292
     0.479825105962   14.336573363196   14.593165575004  291.013358080414
     0.480491494254   14.326747079564   14.593023983767  291.006947701204
     0.481146354272   14.314225542686   14.590865467052  290.809948229471
     0.481829544669   14.307138819610   14.589447198115  290.787708933878
     0.482509742176   14.307405107762   14.593971691732  291.094039685326
     0.483184103355   14.304198042581   14.595867055605  291.326480765200
     0.483889611026   14.300601190993   14.599661733497  291.487013588221
     0.484600648620   14.294428696016   14.599207754737  291.527895316232
     0.485311526344   14.286423423177   14.598342252148  291.487141982038
     0.486022247145   14.272625187365   14.592678602181  291.027714153156
     0.486728416141   14.259666837795   14.586993393332  290.623397104798
     0.487238629379   14.249410531993   14.584171931009  290.399714543066
     0.487781105285   14.232865920766   14.576609646530  289.815673996961
     0.488316794867   14.223214817912   14.574938565710  289.437761655810
     0.488865780110   14.232826208665   14.587094587876  290.315956039009
     0.489378974556   14.228560728416   14.587885569775  290.423392213676
     0.489918856331   14.216965847209   14.581851521018  289.927992476419
     0.490476490560   14.204527482050   14.575895847817  289.379498723673
     0.491034031808   14.199040376637   14.574414910530  289.286379614090
     0.491591472714   14.198851170184   14.579954852212  289.836044601390
     0.492148819454   14.197771723830   14.588720550834  290.458905179502
     0.492706068639   14.188624794573   14.588469207725  290.469103011436
     0.493263220127   14.178561560333   14.585209264968  290.238208186547
     0.493820275770   14.164295897303   14.578058256026  289.730560077627
     0.494377235937   14.153250130009   14.573186530867  289.363856520027
     0.494934098190   14.137781173689   14.566090032071  288.810770398936
     0.495490864636   14.128214227977   14.561078812310  288.402715198155
     0.496047534849   14.113944264443   14.555353689221  287.919776922458
     0.496242346477   14.108173177690   14.552481371972  287.701494428213
     0.496798884222   14.098048554847   14.547464529409  287.277523955251
     0.497355327696   14.081406128385   14.541184676967  286.714619730653
     0.497911677971   14.075727416268   14.538449641355  286.432470671124
     0.498467933310   14.068347483341   14.537707773320  286.366963465007
     0.499024088431   14.060127373837   14.536772667683  286.360644064947
     0.499580155387   14.048386369713   14.535076045053  286.241247861201
     0.500058300333   14.042185353983   14.535246399979  286.163998861606
