# {0} signal over time, extracted at r = 500 km
# All quantities are measured in a resting observer's frame at infinity
# cols=4 rows=985
#              time        luminosity               <e>             <e^2>
#               "s"           "foe/s"           "MeV^1"           "MeV^2"
  -4.9306194139e-04  9.9341377825e-07    8.269528331419   79.730245526156
  -4.9200788660e-04  9.9343278624e-07    8.241458794322   79.384502845065
  -4.9148673886e-04  9.9344303458e-07    8.227681783885   79.214806885700
  -4.9110005011e-04  9.9345100283e-07    8.217502190788   79.089421694691
  -4.9077841379e-04  9.9345786673e-07    8.209062768178   78.985470845626
  -4.9049917321e-04  9.9346399972e-07    8.201756048527   78.895471922198
  -4.9025100761e-04  9.9346958572e-07    8.195278205451   78.815682572779
  -4.9002658568e-04  9.9347474702e-07    8.189432864500   78.743683977207
  -4.8982105780e-04  9.9347956521e-07    8.184090209517   78.677877140944
  -4.8962622037e-04  9.9348421345e-07    8.179034752016   78.615607827099
  -4.8944455303e-04  9.9348861818e-07    8.174329153165   78.557647840869
  -4.8927201539e-04  9.9349286471e-07    8.169867283428   78.502689953603
  -4.8910860746e-04  9.9349694324e-07    8.165648006023   78.450720157681
  -4.8894831413e-04  9.9350099761e-07    8.161515275079   78.399816398099
  -4.8880129887e-04  9.9350476277e-07    8.157730205233   78.353194877031
  -4.8865428361e-04  9.9350857254e-07    8.153950216802   78.306635963957
  -4.8851124771e-04  9.9351232201e-07    8.150277411007   78.261397260257
  -4.8837897083e-04  9.9351582699e-07    8.146885133795   78.219613900128
  -4.8824669394e-04  9.9351936806e-07    8.143496946207   78.177880927463
  -4.8811441705e-04  9.9352294522e-07    8.140112840753   78.136198249802
  -4.8798903012e-04  9.9352636935e-07    8.136908766463   78.096733064058
  -4.8787000315e-04  9.9352964978e-07    8.133870592945   78.059311320859
  -4.8775097618e-04  9.9353295940e-07    8.130835707542   78.021930089231
  -4.8763194921e-04  9.9353629820e-07    8.127804104849   77.984589302446
  -4.8751542186e-04  9.9353959517e-07    8.124839342297   77.948071808325
  -4.8740829789e-04  9.9354265073e-07    8.122116592987   77.914535242180
  -4.8730117392e-04  9.9354572993e-07    8.119396490111   77.881031281245
  -4.8719404995e-04  9.9354883274e-07    8.116679029765   77.847559877293
  -4.8708692598e-04  9.9355195918e-07    8.113964208052   77.814120982196
  -4.8697980201e-04  9.9355510924e-07    8.111252021081   77.780714547922
  -4.8683565181e-04  9.9355938538e-07    8.107606547525   77.735812687617
  -4.8667486664e-04  9.9356420546e-07    8.103545994089   77.685798242513
  -4.8648827270e-04  9.9356986593e-07    8.098841050503   77.627846767973
  -4.8624683513e-04  9.9357729649e-07    8.092764995279   77.553007148009
  -4.8590984155e-04  9.9358786851e-07    8.084306273678   77.448819953713
  -4.8544187843e-04  9.9360293608e-07    8.072602672533   77.304665261548
  -4.8470489771e-04  9.9362757671e-07    8.054270584880   77.078866925460
  -4.8311175648e-04  9.9368465409e-07    8.015052788487   76.595817875926
  -4.7708653385e-04  9.9394768635e-07    7.871627326894   74.829237975449
  -4.6003211865e-04  9.9509252145e-07    7.503433808103   70.294071887108
  -4.4207434278e-04  9.9693275350e-07    7.166750416613   66.146490869332
  -4.0914534976e-04  1.0019746308e-06    6.654418679573   59.832487696527
  -3.8734090996e-04  1.0064842844e-06    6.372969593104   56.361369729794
  -3.7236314854e-04  1.0101147851e-06    6.200745487560   54.235979359303
  -3.6077114126e-04  1.0132152984e-06    6.077590479937   52.715332933183
  -3.4595329230e-04  1.0175354326e-06    5.931539153811   50.910872894013
  -3.3094053741e-04  1.0223033467e-06    5.795106424456   49.223898600244
  -3.1559083052e-04  1.0275661541e-06    5.666178169687   47.628210065896
  -3.0254970911e-04  1.0323331324e-06    5.564101269861   46.363578450683
  -2.8968665968e-04  1.0372970458e-06    5.469463648573   45.189900349057
  -2.7688948854e-04  1.0424952962e-06    5.380753359586   44.088484819806
  -2.7639865181e-04  1.0426999482e-06    5.377452918872   44.047481482858
  -2.6540582385e-04  1.0473875446e-06    5.305412793916   43.151989668066
  -2.5562318740e-04  1.0517288986e-06    5.244197265130   42.390260998727
  -2.4420237397e-04  1.0570030429e-06    5.175960224895   41.540209471811
  -2.3265040259e-04  1.0625594075e-06    5.110245124947   40.720513649509
  -2.2146064154e-04  1.0681460948e-06    5.049524148855   39.962050904877
  -2.1062903723e-04  1.0737453854e-06    4.993302510832   39.258747725842
  -2.0085093206e-04  1.0789678214e-06    4.944577867979   38.648329010976
  -1.9076989315e-04  1.0845226305e-06    4.896248565151   38.041959382771
  -1.8095323871e-04  1.0900994213e-06    4.850948386547   37.472688627211
  -1.6876961708e-04  1.0972615225e-06    4.797016167044   36.793667175451
  -1.5593899727e-04  1.1050957955e-06    4.742810579220   36.109646823338
  -1.4368225124e-04  1.1128635194e-06    4.693356171043   35.484039419929
  -1.2998987615e-04  1.1218799623e-06    4.640632896880   34.815259792323
  -1.1832152220e-04  1.1298556597e-06    4.597685580746   34.268940942794
  -1.0739171095e-04  1.1375753753e-06    4.559023422823   33.775813737626
  -1.0053406111e-04  1.1425425765e-06    4.535505484799   33.475177397215
  -9.1228050564e-05  1.1494383743e-06    4.504467288160   33.077563289415
  -8.3026615694e-05  1.1556661502e-06    4.477921303897   32.736677368238
  -7.5919914666e-05  1.1611788549e-06    4.455510800669   32.448265629205
  -6.8793827046e-05  1.1668170085e-06    4.433574976939   32.165367761355
  -6.2058548497e-05  1.1722493000e-06    4.413322189554   31.903623079357
  -5.6330476198e-05  1.1769494847e-06    4.396456086220   31.685222032854
  -5.0727093234e-05  1.1816198323e-06    4.380268451535   31.475225645307
  -4.5316116299e-05  1.1861987467e-06    4.364922899602   31.275794198743
  -3.9677336669e-05  1.1910434970e-06    4.349224518098   31.071400535645
  -3.4133810361e-05  1.1958800408e-06    4.334077257333   30.873806567169
  -2.8791587129e-05  1.2006109155e-06    4.319743021155   30.686464741274
  -2.3568827164e-05  1.2053031474e-06    4.305974115491   30.506175104535
  -1.8316589043e-05  1.2100895658e-06    4.292367041648   30.327668237528
  -1.3324778882e-05  1.2147022457e-06    4.279653336572   30.160567825355
  -8.6868652647e-06  1.2190440161e-06    4.268028753151   30.007507434799
  -3.7484287292e-06  1.2237271463e-06    4.255846564625   29.846813063014
   8.8595312348e-07  1.2281787604e-06    4.244595580774   29.698125460525
   5.0885482957e-06  1.2322636001e-06    4.234542571693   29.565035861421
   9.2980145134e-06  1.2364012645e-06    4.224613954571   29.433368816660
   1.3369259453e-05  1.2404473510e-06    4.215143716210   29.307565877183
   1.9891916653e-05  1.2506438440e-06    4.199475415952   29.098851171419
   3.2849077337e-05  1.2643095456e-06    4.171117864091   28.719168152291
   5.0614782183e-05  1.2836895911e-06    4.134148574848   28.218402946837
   6.9566526732e-05  1.3054173274e-06    4.097299871910   27.716820872179
   8.6695677974e-05  1.3259650607e-06    4.066023456222   27.286915903858
   1.0364046003e-04  1.3471730371e-06    4.036878351292   26.882381681297
   1.2099881513e-04  1.3698375335e-06    4.008786529752   26.488398291408
   1.3949514760e-04  1.3950654261e-06    3.980731178448   26.090369660101
   1.5716764343e-04  1.4202362135e-06    3.955657376730   25.730209315291
   1.7536635491e-04  1.4472726620e-06    3.931530518395   25.379068946005
   1.9455216347e-04  1.4770247888e-06    3.907876871993   25.029705901664
   2.1306625882e-04  1.5069690868e-06    3.886711256724   24.712011800995
   2.3201411298e-04  1.5388862095e-06    3.866666155574   24.405830241407
   2.5215460737e-04  1.5742369467e-06    3.847074286852   24.100511649316
   2.7180613287e-04  1.6101580131e-06    3.829582102931   23.821686773498
   2.9231011691e-04  1.6492019754e-06    3.812945182155   23.549691664123
   3.1386802244e-04  1.6923755317e-06    3.797077046246   23.282301328844
   3.3481623584e-04  1.7389130434e-06    3.783289908184   23.030866172593
   3.5815714317e-04  1.8104951327e-06    3.771223917852   22.697242774082
   3.8301599625e-04  1.9523107298e-06    3.758019663467   22.021012573514
   4.0569214195e-04  2.1919304544e-06    3.720849138675   20.810802843752
   4.3137831427e-04  2.6544178099e-06    3.618232941433   18.834841442145
   4.5923831314e-04  3.4700459633e-06    3.476852295560   16.689174528352
   4.8916655269e-04  4.8700716706e-06    3.370085687389   15.057312231565
   5.2118848454e-04  7.2604190201e-06    3.301926295922   13.952269861252
   5.5250107857e-04  1.0931885278e-05    3.268627500699   13.333485462606
   5.8688095844e-04  1.7212678656e-05    3.257814749655   13.007593937260
   6.2402433503e-04  2.7854842311e-05    3.263433981667   12.895792151569
   6.6379946534e-04  4.5677737214e-05    3.280710596233   12.926967472098
   7.0550305250e-04  7.4433360313e-05    3.313347972603   13.102570166627
   7.4978345661e-04  1.1974427005e-04    3.374431319226   13.507752518067
   7.9614503972e-04  1.8713150948e-04    3.439411652190   14.008024517963
   8.4239196927e-04  2.8122594377e-04    3.478453275219   14.342925379570
   8.9286900523e-04  4.2827386564e-04    3.502534551986   14.557796944446
   9.5440495648e-04  6.9722721475e-04    3.554562785790   14.999932484578
   1.0187351052e-03  1.1340751179e-03    3.614904849194   15.528127686483
   1.0943931985e-03  1.9647761416e-03    3.682907440651   16.108818640527
   1.1742328771e-03  3.4372180875e-03    3.753897127409   16.697245553748
   1.2576821933e-03  6.0467301549e-03    3.826361535043   17.313295420103
   1.3655789781e-03    0.012101665425    3.901938059320   17.966717197333
   1.4724866662e-03    0.023167870531    3.969364755017   18.526753345690
   1.5793943543e-03    0.042374244763    4.042288552253   19.148803911824
   1.6863020424e-03    0.072143503003    4.132172832668   19.948915758960
   1.7932097304e-03    0.111974699434    4.242989104313   21.006607285691
   1.9001174185e-03    0.158881991798    4.371107242878   22.322542718105
   2.0536823519e-03    0.232807260498    4.580750528266   24.638832137075
   2.2148426507e-03    0.315594514967    4.828398427858   27.564090752203
   2.3760029496e-03    0.406094464568    5.121568816294   31.288115485895
   2.5371632484e-03    0.511176475043    5.464815451936   35.965282452104
   2.6983235473e-03    0.639646145137    5.850141616344   41.597128918128
   2.8594838461e-03    0.798436217173    6.271169838180   48.176233601813
   3.0206441450e-03    0.990522411226    6.709479930276   55.436027155372
   3.1818044439e-03    1.216003834248    7.149093877215   63.134529736288
   3.3429647427e-03    1.472140047594    7.577800044681   71.037478072934
   3.5041250416e-03    1.754646423957    7.987623881934   78.967959974918
   3.6669023316e-03    2.062171512866    8.379890517042   86.933312616166
   3.8903663535e-03    2.512112914058    8.883616539254   97.755325186761
   4.1073142712e-03    2.968010601692    9.336349397426  108.098106499279
   4.3242621889e-03    3.428423825389    9.755707079878  118.267193439606
   4.5412101066e-03    3.876693357813   10.141518018613  128.197646114199
   4.7581580242e-03    4.295544333062   10.492049303818  137.765579002996
   4.9751059419e-03    4.673935865484   10.804888520978  146.794740985361
   5.1920538596e-03    5.008911312956   11.078899315779  155.131345484199
   5.4133629106e-03    5.307071845997   11.320404530627  162.850562824796
   5.6643646248e-03    5.596135899563   11.551850626401  170.627486222291
   5.9153663390e-03    5.839473347795   11.743208189617  177.392372088746
   6.1663680532e-03    6.045523494214   11.899990176864  183.207018231449
   6.4173697674e-03    6.222056685782   12.027341880609  188.150170671221
   6.6683714816e-03    6.379379551006   12.130059042068  192.309208076698
   6.9193731958e-03    6.526408447673   12.213584237037  195.810685290146
   7.1703749100e-03    6.667094463939   12.284257750373  198.832388697097
   7.4213766242e-03    6.808141868280   12.346299925276  201.494142242161
   7.6723783384e-03    6.956390449046   12.403005166653  203.894543377110
   7.9233800526e-03    7.112265475017   12.456264138806  206.116256251277
   8.1743817668e-03    7.279693723914   12.510034761307  208.275859494503
   8.4271714359e-03    7.459194231742   12.565060237656  210.433931357679
   8.6816078026e-03    7.657089025812   12.623671679778  212.647474308069
   8.9360441693e-03    7.867237820315   12.685507225455  214.933225840845
   9.1904805359e-03    8.088532624961   12.751120050110  217.317496342981
   9.4449169026e-03    8.320198883336   12.818300068117  219.744188534250
   9.6993532693e-03    8.561013469566   12.885452529316  222.169016647917
   9.9537896360e-03    8.815492943962   12.956012622483  224.684959835032
     0.010208226003    9.074915768428   13.028011425582  227.245574180468
     0.010462662369    9.342929479202   13.102032465612  229.852891867925
     0.010717098736    9.616438408592   13.175111357383  232.431104187044
     0.010971535103    9.888478683008   13.245253949421  234.923871042556
     0.011223670030   10.170717705988   13.316445952921  237.420373584405
     0.011480851563   10.453686029478   13.386454185417  239.895900138056
     0.011738033095   10.728954988726   13.452981182219  242.263038148416
     0.011995214628   11.011152166248   13.518889346955  244.574337636155
     0.012252396160   11.284188108265   13.579372191391  246.709889709464
     0.012509577693   11.557797980114   13.636507421029  248.716430921324
     0.012766759225   11.835078771744   13.693514346367  250.709598082662
     0.013023940758   12.092539797539   13.747176519924  252.594948977883
     0.013281122290   12.340713009335   13.797942166205  254.348578972672
     0.013538303823   12.594595588282   13.845862103268  255.969644296346
     0.013795485355   12.835476313680   13.886521437071  257.336069461348
     0.014052666888   13.070306425052   13.925712085776  258.621035130940
     0.014309848420   13.313401522535   13.967075742013  259.946333346047
     0.014567029953   13.536245793878   14.001822656353  261.069960579649
     0.014824339316   13.738081543912   14.030233364809  261.987689527469
     0.015077993831   13.945355048271   14.060945477316  262.952054793394
     0.015331648347   14.161602042973   14.092750355003  263.945781795402
     0.015585302863   14.366378720105   14.119687789649  264.796866583789
     0.015836398000   14.564476098889   14.145439103484  265.609173737668
     0.016091958710   14.772020356095   14.174701487545  266.554561031133
     0.016344964643   14.970950509362   14.204442953552  267.573048626503
     0.016600881907   15.145952176740   14.228675548946  268.402136365628
     0.016855223119   15.304207696973   14.248143499055  269.026396437967
     0.017110950319   15.474767295765   14.271815056617  269.769260002259
     0.017363627046   15.662886252768   14.299260753191  270.625389463298
     0.017616303774   15.840389258783   14.317751679827  271.174222519930
     0.017877157505   16.001390011239   14.331893512472  271.607801720280
     0.018139131155   16.158762278113   14.350153765740  272.209383287533
     0.018395905705   16.322597876907   14.372897829942  272.988686254313
     0.018652861732   16.491305079176   14.392535699596  273.642427024852
     0.018909817759   16.645690782592   14.403869930265  273.961795137746
     0.019160617965   16.782720395654   14.413210090206  274.207450427213
     0.019412818502   16.921148080604   14.427279455666  274.676316348454
     0.019666503086   17.072441977638   14.450268127161  275.506597640298
     0.019920501850   17.219086591972   14.468196833105  276.057633675881
     0.020174500613   17.340049510860   14.474172489725  276.138483290305
     0.020425826005   17.446550654810   14.478905715281  276.235785918859
     0.020676599521   17.553558851617   14.486160042113  276.459629324655
     0.020928596564   17.674834243743   14.499331569385  276.915412392861
     0.021178731179   17.793488940122   14.510311257205  277.236295315575
     0.021428865794   17.888637262659   14.512110816423  277.184098437665
     0.021679000409   17.971548866215   14.513355270315  277.146990071969
     0.021929135024   18.056617153747   14.518451316718  277.277815817698
     0.022183007704   18.151620669128   14.527343813889  277.571502263190
     0.022438641339   18.248699691203   14.536202194232  277.876185481852
     0.022692087492   18.325195782436   14.537396997755  277.854886673573
     0.022943479158   18.387541567101   14.536475621674  277.757883275586
     0.023194870824   18.448578729162   14.538317787653  277.798048157610
     0.023446262490   18.517040265952   14.543212200390  277.969407163425
     0.023697654156   18.593676044392   14.547545656676  278.121562202722
     0.023952878306   18.676264693047   14.551800627675  278.314544785354
     0.024203464556   18.744792507088   14.551688681456  278.287261411698
     0.024459926982   18.794599216788   14.543892812152  277.922808265928
     0.024717953373   18.844482021707   14.535070740210  277.584540389123
     0.024975979763   18.909451663124   14.529704625329  277.415594533617
     0.025004649362   18.917802767278   14.529398732989  277.407674820305
     0.026005226010   19.367430296001   14.548125313274  278.194613115390
     0.027008465219   19.720180836441   14.554515846488  278.808807112816
     0.028025825219   19.924679573337   14.554038553144  278.842391978387
     0.029042602824   19.995991365375   14.548384153688  278.585828443545
     0.030057188885   20.116230509037   14.531232120734  278.383317288478
     0.031068073067   20.245322849493   14.551389792757  279.077596986623
     0.032101029381   20.321791074845   14.528436477981  278.194319044825
     0.033105714755   20.499576205334   14.547121262769  279.125927819548
     0.034140770631   20.553097185317   14.517886049095  277.862866305660
     0.035175825679   20.698384019364   14.527032317309  277.995456968715
     0.036193122887   20.799763030750   14.543818671196  278.637019216615
     0.037194951143   20.848830522358   14.520437827092  278.063166762963
     0.038197803460   20.915410462330   14.561192934157  279.035374236274
     0.039202263247   20.996192126448   14.532718277670  277.957489283399
     0.040218575972   21.066610473741   14.550718476941  278.762580945579
     0.041231489566   21.037071503958   14.518346211715  277.620427340584
     0.042233424937   21.016223132002   14.518382346933  277.294097190679
     0.043251230921   21.081773633213   14.533055139148  277.662131617198
     0.044258070394   21.146338911905   14.529914663046  277.761988590443
     0.045259252819   21.237336138352   14.541329543246  278.019617761750
     0.046261739196   21.218139606603   14.532033838086  277.427079451329
     0.047267347988   21.117198333374   14.531159507378  277.543054860303
     0.048277799798   21.109862305556   14.548885963335  278.149672078811
     0.049304279529   21.201626353264   14.583028746003  279.601233207565
     0.050306370616   21.180879814221   14.576109460124  278.820188618866
     0.051310223838   21.129699922259   14.578420123892  278.400875148460
     0.052320802675   20.986189461258   14.562318187399  277.844774269696
     0.053321616485   20.893723163506   14.561496299755  277.318633348983
     0.054325661104   20.944409935859   14.563445762784  277.608034517469
     0.055342621615   20.969500192880   14.579888388816  277.902162191474
     0.056349271254   20.871435586703   14.544183776675  276.306654782142
     0.057355799565   20.900568374931   14.536056379415  275.939743102525
     0.058364067779   20.994628743123   14.560430664622  276.950930667127
     0.059370222973   21.000913008799   14.579769410096  277.916732614364
     0.060372975582   20.938396680227   14.574522335045  277.810993891244
     0.061379333987   20.967182739422   14.595157081945  278.649227762621
     0.062380786773   20.965945944184   14.607851787197  279.232140136691
     0.063381464773   20.938672755042   14.600466960319  278.861693929033
     0.064390898138   20.947854798872   14.598371843705  278.835142492124
     0.065395167492   20.880028240491   14.594161237325  278.659461723379
     0.066398840553   20.856091817855   14.594757244199  278.636482089072
     0.067402050039   20.859156992855   14.600278278286  278.777317483441
     0.068219508390   20.850859181202   14.612709567527  279.306038466712
     0.069226722015   20.768606001468   14.603666805099  278.977149904878
     0.070241990848   20.721723225716   14.594824496696  278.571191370324
     0.071260534591   20.766133260519   14.598972710379  278.542775904845
     0.072268865260   20.734111123901   14.599015500638  278.458406904317
     0.073279726556   20.631729756703   14.604222012126  278.657562762946
     0.074289001124   20.627267104861   14.628966662237  280.015810873953
     0.075301125577   20.595336712173   14.629548426810  280.079678218446
     0.076315988456   20.715117700734   14.644549772258  280.510040525547
     0.077319723978   20.691882814994   14.639020254283  279.990693801254
     0.078320435043   20.473489768207   14.607450837530  278.650615220114
     0.079335963880   20.309242158902   14.593680218270  278.052847130146
     0.080344339527   20.298829145880   14.587386333390  278.224376000301
     0.081349066727   20.312106230919   14.614338746212  278.941305815971
     0.082361768509   20.275974713284   14.610528553830  278.836939288880
     0.083371928433   20.239498790159   14.615181905718  279.107001330871
     0.084402270447   20.169677182377   14.609408040580  278.788477047854
     0.085465734008   20.116448876027   14.585275244405  278.256434080826
     0.086467134008   20.068147098926   14.592925855307  277.974208135211
     0.087487734008   20.011920295030   14.586807274500  277.372880121853
     0.088527414008   19.972969303159   14.580177917281  277.188499211176
     0.089535178185   19.943791519156   14.579785778379  277.608292763561
     0.089988778185   19.921556761066   14.585007496356  277.886857168488
     0.090994538124   19.872181295140   14.601859518214  278.586475912436
     0.092000095859   19.884467953085   14.624900859353  279.232026772197
     0.093009278824   19.825315891443   14.619842217228  279.526046764339
     0.094017196733   19.820363887552   14.628533624942  280.037246115796
     0.095036642089   19.752181273411   14.625135067376  280.051255112011
     0.096091687127   19.672189377651   14.615429599050  279.794903573934
     0.097096844519   19.619074104960   14.609957555484  279.517676325105
     0.098119576891   19.553596798858   14.616780694579  279.580967249348
     0.099167713831   19.487618201878   14.611143198747  279.593457780628
     0.100217569831   19.439544727594   14.614857922100  279.832119079343
     0.101223497552   19.395156998516   14.622048592941  280.106022829974
     0.102166243476   19.341843999044   14.639411880231  280.345790205785
     0.103114833136   19.264325380005   14.624892660780  280.056448922388
     0.104084715184   19.189710108372   14.616183958262  279.825505457313
     0.105042818189   19.122755523849   14.612918710027  279.700353467213
     0.106052328827   19.058606825997   14.610588719990  279.646432153483
     0.107060160311   19.003645202570   14.612280919850  279.773457383092
     0.108068144550   18.938698288657   14.612068829737  279.832286117708
     0.109072252057   18.891492651509   14.616330423622  280.066482716410
     0.110077344213   18.827607830027   14.616955318613  280.171507903242
     0.111083516773   18.772143775838   14.618930202120  280.320290668436
     0.112088695850   18.717543457429   14.613618318449  280.318184884314
     0.112952196330   18.675638264170   14.614071522738  280.410063550504
     0.113952751308   18.621307165005   14.635091496212  280.821414729114
     0.114802758355   18.550535450276   14.624035214014  280.741582749558
     0.115678007247   18.501127961290   14.630330173768  280.931817715862
     0.116581034835   18.438607323685   14.625099193232  280.874044067081
     0.117493011677   18.379611719102   14.623434876785  280.873057819380
     0.118385675587   18.338529948349   14.625269242287  281.002530417853
     0.119265931916   18.290435433399   14.628798200961  281.208947466076
     0.120165875819   18.243783355587   14.632133558915  281.432635145652
     0.121094606618   18.188853818899   14.633387003342  281.555811993555
     0.122055117377   18.119709669115   14.630649504194  281.503056296122
     0.123036445944   18.057645578360   14.627538144045  281.429337889506
     0.123980860915   18.009853173990   14.629609067854  281.600038219648
     0.124989660917   17.951460061329   14.632638471469  281.814866377553
     0.126003850997   17.901528065463   14.634343188805  281.959135007392
     0.127012209901   17.839273629648   14.630019470619  281.976244992569
     0.128036345358   17.791135768765   14.633790936516  282.254258455589
     0.129043697192   17.747287528269   14.642384364916  282.558943187494
     0.129903293104   17.708274261924   14.647119421141  282.764196922974
     0.130739347033   17.667904495379   14.658599072082  283.063558999994
     0.131594196290   17.607169792999   14.653027007821  283.152835600561
     0.132436385812   17.548893453285   14.651225463504  283.185234575142
     0.133257171994   17.515789454084   14.655851678856  283.439323461648
     0.134137346139   17.462308566349   14.654119170855  283.417150325579
     0.134994302118   17.430306842691   14.658435183727  283.656999719179
     0.135920068749   17.392079552618   14.661418880335  283.840998642866
     0.136860139728   17.345640096372   14.665929345527  284.128253695147
     0.137818565892   17.296180818721   14.669911183744  284.369454957746
     0.138748696694   17.247087834009   14.673710992624  284.624035289478
     0.139754193956   17.215738674884   14.685286903893  285.250692270151
     0.140765909766   17.165221886138   14.683261276466  285.492417356075
     0.141565953961   17.137481093212   14.682037359892  285.688512505988
     0.142304261703   17.096846467276   14.710740026446  286.110028730958
     0.143027188405   17.066230180158   14.709945479079  286.410917118455
     0.143786537892   17.019740374168   14.706599354648  286.519220784713
     0.144788923808   16.974585279239   14.711975053054  286.925732989595
     0.145791793868   16.933208145386   14.667708311843  286.430507241779
     0.146549480632   16.899762487684   14.747859063277  287.880118880936
     0.147307913078   16.857793982005   14.741871169334  287.922114901418
     0.148024602845   16.813497879856   14.729206611343  287.914960278582
     0.148831958225   16.767766518349   14.732888843691  288.145871957992
     0.149626174752   16.718078749505   14.729826912824  288.112820858132
     0.150405079851   16.676797504916   14.729767462884  288.126940662723
     0.151270157808   16.628354662596   14.733310699763  288.363067678396
     0.152142834849   16.587021372017   14.737639068257  288.686374471307
     0.153016337148   16.529271879134   14.735059643365  288.560186092804
     0.153927644804   16.470545540490   14.730935214156  288.440255055154
     0.154857789509   16.422499824015   14.732825366607  288.615893637880
     0.155738055391   16.385215978910   14.739322995867  288.993640505896
     0.156662081783   16.328757967990   14.740959575233  289.083948767488
     0.157580102283   16.277871805195   14.741202247641  289.236152269607
     0.158515778628   16.222597720640   14.740026152238  289.209364817273
     0.159515891966   16.158902555479   14.736641917262  289.139834934170
     0.160545428518   16.091774766769   14.677468139899  288.099703568266
     0.161576897849   16.037334280132   14.674120970005  287.925672351750
     0.162593899357   16.039388149982   14.722586533858  288.795341875690
     0.163482361967   15.944742257915   14.739504012939  289.173187938152
     0.164486939284   15.872483458090   14.753788660493  289.403313740924
     0.165208653363   15.831737100881   14.710608727479  288.963352614198
     0.165951562150   15.796083254397   14.759210807189  289.720233544541
     0.166597830854   15.747113132772   14.732807964584  289.250869161955
     0.167318158509   15.708107230267   14.733732006576  289.494860951702
     0.168057338882   15.668895885808   14.734986658877  289.665396975046
     0.168823548034   15.620548823729   14.732374894060  289.551440306439
     0.169539231323   15.587368814883   14.733623014774  289.715171636452
     0.170300912621   15.549535698933   14.736951012090  289.809304495921
     0.171051322433   15.508060755060   14.734522128580  289.822401553685
     0.171796390398   15.470079499960   14.736382128383  289.943583706197
     0.172616322675   15.420170308826   14.734615193848  289.922307836376
     0.173415375238   15.378378180360   14.735066769344  290.069867457436
     0.174257843613   15.325787935375   14.730961427536  289.858886074225
     0.175278949900   15.275950873178   14.731546989916  290.026000148188
     0.176283504882   15.212649415986   14.700259215313  289.343908838495
     0.177302255129   15.172154666136   14.727541036719  289.910313938089
     0.178312220890   15.098543282485   14.721049466545  290.173537200826
     0.179312886102   15.110623412985   14.725056024780  290.125540130131
     0.180329352047   15.030240918656   14.719901524328  290.308126114859
     0.181336471747   14.962662305432   14.706610015588  289.899660394062
     0.182347812585   14.903267048226   14.735036013926  290.290838401516
     0.183352652196   14.854311914895   14.693218968747  289.684641138135
     0.184199314358   14.817523608677   14.750738815139  290.901237354195
     0.184854771647   14.793234070551   14.726380266933  290.735938289861
     0.185490919220   14.745178007191   14.762833812697  291.156650481459
     0.186165287230   14.701784217586   14.734610468993  290.721443197487
     0.186907085084   14.666362684894   14.731713497233  290.806513289349
     0.187775698165   14.623848680827   14.738738228503  291.280831669236
     0.188413012525   14.594736436107   14.710055821079  290.952296924301
     0.189417980680   14.541198068846   14.741360181806  291.244920146454
     0.190085182468   14.491804743087   14.661820576307  289.842708507471
     0.190771794738   14.490594722160   14.762995052312  292.043791925372
     0.191495930851   14.452674868488   14.760048877263  291.872305729888
     0.192270120289   14.391603113729   14.733289046422  291.359804134396
     0.193029064874   14.344396199772   14.725688126641  291.092215971534
     0.193789284195   14.306846211631   14.725542276823  291.070420257305
     0.194548990433   14.273303200659   14.730351767536  291.420885720150
     0.195325369218   14.234934073431   14.727850405650  291.360402925763
     0.196074223734   14.201819777456   14.729470500877  291.478302053020
     0.196836784888   14.168185582658   14.735197458883  291.876371265033
     0.197622606446   14.123096025121   14.728775365758  291.546059481938
     0.198373487959   14.074952809967   14.720321120440  291.262621607195
     0.199170230030   14.054496795992   14.733185688116  291.985081390388
     0.199975815870   14.012550124800   14.730300164776  291.903159252694
     0.200787004150   13.962349561752   14.721874136464  291.485210893146
     0.201586715958   13.934261341320   14.724590545280  291.732838297246
     0.202403632320   13.894996449467   14.730219738501  292.084510570718
     0.203295486051   13.846574980453   14.722556101776  291.787896127614
     0.204310507433   13.801066493390   14.715860752938  291.800300238492
     0.205339360325   13.753459419463   14.691733852053  291.261800698525
     0.206339950957   13.718936220747   14.744059001587  292.112497965423
     0.207345644202   13.681829778739   14.728378244862  292.509109703258
     0.208346601387   13.617626952098   14.709599049609  291.878586140021
     0.209349673539   13.579420371145   14.722711824809  291.868355395148
     0.210353813096   13.522090645251   14.696126733584  291.677870021627
     0.211360317397   13.486221000819   14.703810414809  291.951503189003
     0.212045745727   13.448360947420   14.728666188625  292.081908510061
     0.213052620209   13.395516738118   14.731844686916  292.047355536666
     0.214060852746   13.354577511473   14.652908067017  291.101436827670
     0.215076055868   13.309981371722   14.695027744437  291.639683620374
     0.216088812121   13.272586362141   14.666843281158  291.197520268704
     0.216933976737   13.244164491537   14.687962553458  291.692368737225
     0.217544645155   13.208561584434   14.702135816878  291.840160176350
     0.218111799851   13.179352639569   14.749445290424  292.563571842347
     0.219093305545   13.120203138028   14.703471017953  291.973413380291
     0.220098083457   13.089728885468   14.660382719823  291.789358425000
     0.220938790418   13.049281736898   14.659966094571  291.208969253280
     0.221154979400   13.039863225263   14.644281861997  290.850355188273
     0.221912938478   13.009389421807   14.739533482551  292.847725921853
     0.222658514135   12.986274037024   14.708814547620  293.061326029177
     0.223425273014   12.932273697254   14.707111182076  292.837970187984
     0.224200062167   12.904185809086   14.687072974680  292.102550172112
     0.224988955697   12.853524352716   14.677064948402  291.623023694632
     0.226000531674   12.819848167845   14.676702659367  291.589238092434
     0.227021225728   12.764433998060   14.659695038938  291.069783702010
     0.228038494634   12.720813048132   14.646556486398  290.544229461702
     0.229055763540   12.708200396503   14.669954460969  291.897427657981
     0.230073032446   12.673626976613   14.676500848746  292.276587413480
     0.231090301352   12.629380961199   14.670182897476  291.984469997378
     0.232107570258   12.590397003459   14.669475801835  292.089773648933
     0.233124839164   12.544470894709   14.664200787513  291.812866021404
     0.234132515173   12.492977884621   14.651918115821  291.180696215828
     0.235147124353   12.441450128430   14.648696729484  290.865613614657
     0.236150398854   12.413316888301   14.650279573797  291.427146118129
     0.237155269550   12.384764654800   14.684535143561  292.517951765481
     0.237809899222   12.356458934902   14.649094793931  292.005710551566
     0.238411256877   12.332791142534   14.682358882587  292.367054394683
     0.239412760648   12.290235931049   14.666036399721  292.271860546543
     0.240018896232   12.259900557352   14.637889007156  291.698257605826
     0.240659648367   12.232612018709   14.656306669799  291.532767605055
     0.241288261553   12.202999124805   14.653026242927  291.290653921314
     0.241917942949   12.177728810306   14.648257709432  291.451122860076
     0.242574254220   12.172131315318   14.661884052558  292.402763797787
     0.243256334954   12.152808155992   14.671754739929  293.075650577454
     0.243935981903   12.128950982587   14.671639839072  293.115771192608
     0.244674274736   12.101852785386   14.668200934773  293.027292306992
     0.245455003695   12.064963705233   14.661129416322  292.709152450694
     0.246188921846   12.039959564449   14.657411901030  292.498831177038
     0.246978793651   12.001280087801   14.648399652409  292.004533226886
     0.247997029651   11.958421055124   14.635515932677  291.369134070140
     0.249006999479   11.956763361385   14.636721725355  292.700688178798
     0.249841313375   11.938329501913   14.676212085452  293.441761496022
     0.250416543622   11.912030672002   14.666293986896  293.346860947348
     0.251028961179   11.889425674878   14.662186147293  293.402690107336
     0.251753641079   11.860243665241   14.679594194671  293.647711787831
     0.252599101346   11.822160126082   14.651772042163  293.166205185668
     0.253189643722   11.799418365293   14.657427216399  292.955484012262
     0.253768061094   11.781198000248   14.638252689148  292.608856023440
     0.254389517992   11.754695637250   14.658905746714  292.541208316555
     0.255006585186   11.724555564033   14.638683763353  291.983980169008
     0.255636575883   11.701247604109   14.633513027108  291.775457047484
     0.256208851216   11.687139710966   14.635465424627  291.837238585955
     0.256853198942   11.659659832861   14.631690677334  291.650650600839
     0.257440004335   11.642548876646   14.634774951585  291.963439163636
     0.258052385167   11.641396547776   14.653037732944  293.254563019778
     0.258682772831   11.622911147000   14.659375603196  293.567942258056
     0.259358325552   11.595626349001   14.648873713218  293.101090685429
     0.260030509019   11.569227976781   14.640059350147  292.571085632638
     0.260646995372   11.547647238435   14.634132436717  292.273196504614
     0.261319173182   11.526737183777   14.634280474867  292.243167647384
     0.262008747464   11.499153094000   14.631909162621  292.059741486070
     0.262681120293   11.473607027352   14.625399259858  291.816053609040
     0.263352171736   11.453395386205   14.626390643065  292.015295348740
     0.264062157253   11.453239037038   14.649399194653  293.474173776019
     0.264744184451   11.433568250910   14.650437433056  293.664522030426
     0.265434613503   11.407054466034   14.644475738791  293.200676044558
     0.266360264545   11.371718107608   14.632265795246  292.588688944939
     0.267363463558   11.344355518343   14.628030279947  292.764186591123
     0.268366662571   11.309004641734   14.604837105989  291.782254727914
     0.269375762451   11.281340327505   14.606933378554  291.703551816177
     0.270377639513   11.240300608490   14.613887064659  291.595585058748
     0.271387735231   11.231867604534   14.628715794510  293.102994805389
     0.272401424899   11.204177688326   14.635803117538  293.504578399018
     0.273017756226   11.176102475603   14.605039239905  292.531825797655
     0.273531871568   11.157125508278   14.632668995647  292.651656490275
     0.274128401431   11.134179998970   14.632613664362  292.585928716630
     0.274746876524   11.107824999417   14.624028072357  292.462108847457
     0.275434845150   11.078476748125   14.607773160165  291.980456580857
     0.276023094135   11.056065877255   14.591984390263  291.646633752968
     0.276581358008   11.067565466386   14.628917708606  293.333778345802
     0.277181955692   11.059601617030   14.645476072398  294.171183973358
     0.277697974463   11.041228118394   14.640052006805  294.078666128794
     0.278180480960   11.022772084393   14.632310943044  293.849965104950
     0.278762383464   11.008787795105   14.634305831184  293.818340832062
     0.279361535591   10.987050052445   14.633251713592  293.790082922399
     0.279988208619   10.968976917354   14.627474086108  293.741992226137
     0.280642220363   10.947928035649   14.624011677326  293.452354045782
     0.281248145178   10.919501842660   14.611082192677  292.654876908286
     0.281878375428   10.899153455117   14.602669503104  292.062028089501
     0.282512361306   10.884092661870   14.605577258693  292.416886648039
     0.283152559239   10.887027463941   14.629950668108  293.839971428317
     0.283792685584   10.867991566000   14.625505082628  293.831791688459
     0.284435906533   10.853531035962   14.628209651739  293.912842273231
     0.285056589936   10.835225477398   14.627366528322  293.997147618544
     0.285720701176   10.811591586751   14.620941363425  293.624406451227
     0.286411342869   10.791750164038   14.618027913471  293.485774535866
     0.287081903192   10.767856391545   14.609431337033  293.097149955015
     0.288072626749   10.731533796165   14.597919369677  292.177364072915
     0.289072658476   10.727688514918   14.576360161808  292.826956101476
     0.290000770962   10.715439022821   14.599849340536  293.782122574255
     0.291005748345   10.694331875809   14.624533887289  294.327205147805
     0.292016983078   10.661408812374   14.584721187960  293.503803655006
     0.293030844470   10.638552669323   14.617913427047  293.797285463296
     0.294040023446   10.597708403258   14.566811757293  292.269125817311
     0.295007078417   10.575764920645   14.565125478204  291.676463455561
     0.295661073554   10.558757837239   14.577305147931  291.870632107125
     0.296056931775   10.554684852395   14.616722371983  292.919324186435
     0.296606658876   10.552653277868   14.631985637913  294.240435859440
     0.297136256610   10.541528719563   14.644436891596  295.167486911674
     0.297655475415   10.521931606162   14.632490216081  294.852499043024
     0.298191115406   10.497116639194   14.617920166795  294.156522530547
     0.298755155023   10.477332216203   14.607819340427  293.624838288206
     0.299307910211   10.462215126757   14.604631003347  293.435848017428
     0.300128547322   10.437246833398   14.596540840351  292.988557416535
     0.300775526599   10.421197848333   14.595708809887  292.916887717785
     0.301321637750   10.403392966433   14.541788116920  291.884617173913
     0.302003192675   10.395613360902   14.617918367823  292.925594278415
     0.302573420145   10.388825850429   14.612188836034  293.691117926551
     0.303182830165   10.384980754707   14.592645416820  294.295039316471
     0.303736089418   10.372804357232   14.634199150298  294.792759503523
     0.304323517063   10.350522535392   14.606479541720  293.908750541423
     0.304913569296   10.329807835960   14.601460193934  293.369138001607
     0.305499669791   10.310367558350   14.591882831570  293.059841525248
     0.306089739229   10.295779291305   14.592361396871  293.062786918160
     0.306730542227   10.281523005225   14.593853394704  293.047414488403
     0.307365809284   10.292074772991   14.617505500247  294.763338198075
     0.307977917714   10.281554637837   14.623803006173  295.484566522210
     0.308594509875   10.267368603183   14.624307429677  295.373086521761
     0.309221028165   10.245483468182   14.615751475342  294.789394070833
     0.309828440648   10.230617556553   14.612407114154  294.756334764409
     0.310462522318   10.219420363302   14.621289600799  295.441970320036
     0.311470564998   10.180790734962   14.595448349417  293.685049969421
     0.312482204607   10.164492127893   14.551780496339  293.054510691820
     0.313493844216   10.154539829910   14.577363286607  293.310171670796
     0.314505483825   10.131989316178   14.579343997680  293.500301486040
     0.315517123434   10.103364817420   14.577601422174  293.542641574520
     0.316525328238   10.067321019711   14.557533252504  292.149367428252
     0.317537670035   10.035361469914   14.546835613629  291.646147092559
     0.318512907756   10.043947097504   14.578613704966  293.813806545039
     0.319519224241   10.022320465177   14.582675197060  294.080270307095
     0.320530742007    9.993649359448   14.557901024788  293.522234542742
     0.321324483687    9.967535133976   14.559043182540  292.691085737659
     0.321829228882    9.950984359569   14.547266786726  291.908895989371
     0.322322694029    9.936986427223   14.551158275661  291.764641642296
     0.322873118165    9.922480047292   14.597509143568  292.542953899120
     0.323421550723    9.901112530498   14.565678926001  292.078572613657
     0.323983848603    9.880974718618   14.555172537552  291.818025146880
     0.324530488871    9.866903940568   14.551752293587  291.639468784097
     0.325070238191    9.862801571774   14.560841248178  292.382535887963
     0.325641502535    9.880477163627   14.596029053843  294.743330397795
     0.326172330769    9.869423850446   14.599719000946  295.017297529850
     0.326711191011    9.854757305999   14.580247590629  294.300488673792
     0.327232563297    9.838931073985   14.589049825817  294.080419790290
     0.327737414151    9.824716376112   14.576606486531  293.614352174826
     0.328221945675    9.814472189754   14.574797451891  293.474857552155
     0.328724278463    9.800612658425   14.572128451811  293.280574132453
     0.329252624728    9.790708718957   14.572089248995  293.332262974168
     0.329822925346    9.779148626675   14.575181282256  293.496376084899
     0.330361781151    9.760982352790   14.563116256402  292.978679489968
     0.330886562707    9.748709455449   14.555886845122  292.430199610979
     0.331466141210    9.732566787643   14.554298247563  292.152889001596
     0.332046313377    9.717895311347   14.549639022223  291.989995529456
     0.332955578531    9.734547054698   14.587378455811  294.868117338904
     0.333715873032    9.722412441355   14.580971599529  294.815748689927
     0.334346043058    9.704268954871   14.534579738026  293.159280967930
     0.334953720798    9.697326449852   14.591159383445  293.870660844507
     0.335570096418    9.671678061431   14.568524949886  293.339762189672
     0.336186206298    9.657826669144   14.563133105778  293.313350915111
     0.336804848742    9.646019504078   14.566199835903  293.574792725340
     0.337384003647    9.633785728865   14.564235020206  293.565619497382
     0.337938445611    9.616745093988   14.557556679466  293.092405476594
     0.338561317995    9.594747850167   14.544903302138  292.090666041592
     0.339140306258    9.583654625679   14.541315920988  292.177435087686
     0.339741482460    9.610287808409   14.579890963175  294.810966736766
     0.340373892976    9.601078512365   14.591512187605  295.328408964470
     0.340957508093    9.589977603943   14.586937123878  295.317368982666
     0.341843819476    9.573865083287   14.586726270406  295.380432693212
     0.342851744755    9.547431251477   14.548111291378  294.285356518592
     0.343783060996    9.532728609651   14.548600400168  293.492590097254
     0.344718799035    9.504086214214   14.540977372882  292.327230096815
     0.345728846808    9.479643660756   14.525743391748  291.701820312980
     0.346737754331    9.452453838132   14.502306365570  291.080869280319
     0.347746358579    9.477914297006   14.561042132629  294.740190419848
     0.348380556008    9.476310710276   14.577988281818  295.491181464733
     0.348879890003    9.460558603108   14.571416191675  295.298720175865
     0.349376159280    9.454027043797   14.584948683360  295.689205584522
     0.349896011579    9.444530692778   14.626619996378  296.714435562725
     0.350422591792    9.417732774573   14.593817897277  296.100074993596
     0.350944884082    9.406590325301   14.585481859756  295.924154300886
     0.351419119795    9.397865560344   14.585164294040  295.991068903977
     0.351925646674    9.387446737354   14.583158266361  295.743679379550
     0.352443239631    9.376986365479   14.580363629738  295.593447034140
     0.352929655152    9.369132877380   14.582187016977  295.683241737989
     0.353444857015    9.359235973575   14.578501300136  295.631615374932
     0.353976124937    9.343933286194   14.572440597465  295.224576788811
     0.354526561702    9.333037360915   14.566490511550  294.892210992552
     0.355044125263    9.325912684168   14.565553145826  294.926857122323
     0.355544377626    9.314759230742   14.562108396935  294.658883493960
     0.356070884315    9.300020219785   14.555323597211  294.175320169066
     0.356580509533    9.293803592788   14.558112331913  294.283166002492
     0.357059909863    9.287934655327   14.560633080875  294.493239071745
     0.357551964035    9.269966668186   14.547777388374  293.720755938421
     0.358081540543    9.248860016038   14.534052344773  292.609088042291
     0.358607337412    9.267902107979   14.560703943264  294.670793900289
     0.358730858953    9.273206223572   14.572007297682  295.331561321789
     0.359261510268    9.274252862657   14.584641024339  296.271784260812
     0.359815697095    9.256886392446   14.572569069628  295.508132905724
     0.360378436440    9.245384082770   14.566571049104  295.129910547863
     0.360901872147    9.244228555564   14.575357620055  295.889158401377
     0.361426305028    9.241263521273   14.585955577564  296.524800632331
     0.361946894984    9.231695375184   14.586878330351  296.527644799749
     0.362475602086    9.219312932529   14.585030543590  296.442467224898
     0.363009561445    9.208401125415   14.580127640283  296.277007411813
     0.363586816719    9.187121421492   14.565232117046  295.227138234267
     0.364586938395    9.152770883339   14.530157247076  292.838859712531
     0.364748755835    9.150002056233   14.526502584277  292.729426586829
     0.365223101498    9.149862023973   14.491453043169  292.148063457238
     0.365735767961    9.151458696970   14.501433808053  292.499895523361
     0.366255964548    9.139461399049   14.536348139458  293.230764886069
     0.366757861889    9.114605045057   14.552044329517  293.982900281755
     0.367271918904    9.120137174390   14.534279339198  294.137748867718
     0.367808337867    9.101403257676   14.520419630567  293.357915472056
     0.368332688421    9.097690673257   14.519759092634  293.363230588689
     0.368847901799    9.090130243249   14.521736158733  293.688871082951
     0.369407212230    9.081242499385   14.523679936151  293.712017708547
     0.369920603623    9.070949343916   14.520222152089  293.582279745568
     0.370467582110    9.052430023949   14.509699650616  292.787122979906
     0.370987811082    9.040659864026   14.499035437949  291.902625579896
     0.371543486205    9.032971753264   14.494938062901  291.673992976278
     0.372061010244    9.030007908087   14.500700076327  291.876864466716
     0.372531969595    9.017510780577   14.494265488071  291.826257208003
     0.373056713085    9.009663096960   14.497298118713  291.721883525680
     0.373600846022    8.995788263185   14.491547111910  291.455453466947
     0.374116857382    8.999888694800   14.501725157281  292.321891379513
     0.374670314965    9.022124137073   14.543389897754  295.433562304793
     0.375179510420    9.025390739944   14.562601880735  296.466976733803
     0.375689809779    9.018635292951   14.562218765917  296.739101204383
     0.376193572537    9.014537168791   14.566354856141  297.020758065009
     0.376687736255    9.008688645366   14.572010755397  296.822718606777
     0.377128963577    8.965143826423   14.524238303395  293.847264276696
     0.377638252478    8.941481561193   14.494607764916  291.920241390536
     0.378172746465    8.921285340583   14.483425163072  291.230368416788
     0.378724752224    8.924421649164   14.490466517021  292.042140560364
     0.379263674886    8.944389573579   14.529392574104  294.766269641523
     0.379830577502    8.949594543522   14.543885065691  295.728294541714
     0.380606844709    8.935008804819   14.545191223865  295.929518140048
     0.381549413545    8.925031733633   14.544782562518  296.308070253207
     0.382491982381    8.910033934268   14.525838030801  295.170692662189
     0.383280792383    8.889325998763   14.512603279680  294.074343194336
     0.384054004133    8.869051327467   14.499867713485  293.224687845022
     0.384874598470    8.859332537732   14.497536428398  293.255716110694
     0.385738962677    8.845289243177   14.510461799617  293.436643102862
     0.386450668345    8.826786425863   14.489648667500  292.751830298640
     0.387123526666    8.807137693983   14.483303857508  291.632188117656
     0.387694532525    8.819705335477   14.488805049739  293.166674716072
     0.388448854862    8.833846266203   14.534938969698  295.923184047845
     0.389292719574    8.826911037135   14.562985017171  296.755140902983
     0.390030093997    8.823159747901   14.542779923888  296.997047392566
     0.390699499673    8.815309352219   14.547491960470  297.127480755404
     0.391147903699    8.808824455530   14.554492317302  297.047470430640
     0.391816276446    8.800897012287   14.556241560332  297.302343649485
     0.392471611594    8.781711971563   14.568287272203  297.036516114312
     0.392902757409    8.766191226705   14.534867242967  296.507444340244
     0.393316757696    8.765989155657   14.518088920675  296.291385862296
     0.393866350706    8.761662940615   14.555117911755  296.466075016282
     0.394447687407    8.736620819364   14.536539271633  295.494693454702
     0.394926389849    8.724902174241   14.514267955900  294.891899811964
     0.395419176921    8.722171985110   14.517108038023  295.113058819890
     0.395876810290    8.723371204263   14.513776234926  295.453089953332
     0.396329956347    8.718805918660   14.547982590588  296.140057204382
     0.396769972562    8.709859541366   14.537493624546  296.109833873514
     0.397265067510    8.703319431360   14.539678447112  296.339043439993
     0.397767029503    8.689947150158   14.529454896685  295.725149960517
     0.398231040308    8.675097663234   14.511764857717  294.612144368968
     0.398704338511    8.664368509377   14.499824499710  293.924249596570
     0.399175221113    8.655200046121   14.495328247709  293.404424756611
     0.399590844018    8.644485015767   14.490262167221  292.927031363478
     0.400092645003    8.639178920517   14.484305685797  292.766833113236
     0.400588052120    8.628204040194   14.487540696964  292.695523597988
     0.401069813921    8.618789039581   14.482432010336  292.493203794061
     0.401565769319    8.645890821332   14.517377300449  295.278053786009
     0.402080352180    8.657921763444   14.550328926071  297.238131083199
     0.402527147358    8.654267709710   14.551284129051  297.400795055792
     0.403039543386    8.647154394232   14.549618642366  297.484101005801
     0.403513679300    8.649271392274   14.558294869009  298.072276947180
     0.404028867227    8.629563117489   14.549561864844  296.867589525924
     0.404479890117    8.586276506172   14.492747781563  293.457420486996
     0.404950095029    8.568401080266   14.475635271031  292.267546203629
     0.405470948316    8.555385774647   14.468508202882  291.707695893297
     0.406025338196    8.566907941520   14.486650604080  293.182286363128
     0.406522506936    8.578878862229   14.514019800779  295.273266413850
     0.407050498768    8.571852428421   14.509622659811  294.911011822957
     0.407652024717    8.564586767608   14.510948747540  294.908558089524
     0.408592523792    8.567170585633   14.533526598315  296.677707860978
     0.409533022867    8.554415041579   14.500048139060  295.746334153928
     0.410473521942    8.538210743898   14.495040890735  294.605315673038
     0.411414021017    8.509775149563   14.468761810325  292.530608803109
     0.412354520092    8.504162577254   14.474197859989  293.091042014252
     0.413204059343    8.484758676730   14.467915343090  292.570845895755
     0.414044815613    8.465877917804   14.460290960046  291.856614159533
     0.414787878076    8.500487501502   14.508695424259  295.690908776873
     0.415020058814    8.505519732414   14.521687510731  296.583617641056
     0.415895410727    8.500442850951   14.534904565097  297.486013263114
     0.416770762640    8.484075118349   14.523291970821  297.371497306676
     0.417646114553    8.479582434179   14.528058178830  297.278503782116
     0.418201239487    8.472904755625   14.529328421147  297.367986363763
     0.419146619553    8.460219418808   14.535118611787  297.580026793449
     0.419723771615    8.449584334694   14.535329025432  297.530643549809
     0.420120991727    8.436677888213   14.502352045995  296.623249123356
     0.420496394815    8.429452412245   14.501981621582  295.850820777342
     0.421324933310    8.409333779911   14.535058290472  295.589052744657
     0.422152496904    8.384386860152   14.463056252310  293.729066940011
     0.422557094392    8.396779229666   14.473974782484  294.932749099955
     0.422899148989    8.402130054244   14.501130764509  295.761344843871
     0.423260642794    8.390766608945   14.495811787349  295.170862881435
     0.423673083514    8.383097030744   14.507235366823  294.963616257103
     0.424105666999    8.378305771919   14.529221039244  295.739151805486
     0.424520440353    8.365516581744   14.515733567027  295.718110331682
     0.424971504840    8.357115027507   14.500429527040  295.308292799682
     0.425427506900    8.355990734064   14.505914830545  295.737394900226
     0.425876321068    8.355749246856   14.518640780571  296.446460662270
     0.426302499325    8.348037528009   14.511754418523  296.170828978913
     0.426696615408    8.335374243288   14.499611409280  295.308657846256
     0.427118808893    8.323150452945   14.486287529028  294.140767920630
     0.427556042035    8.310755662674   14.474132238566  293.235557124638
     0.427932930840    8.306441843883   14.474488433420  293.139051994741
     0.428375054546    8.302082225283   14.474710675815  293.363316998100
     0.428818782439    8.291928668901   14.470515247666  293.095764558326
     0.429295390064    8.286544566949   14.469196505564  292.921905792819
     0.429750158782    8.312729540498   14.504822402140  295.745466837689
     0.430189742878    8.326112347730   14.536116660825  297.764299817934
     0.430644628211    8.321219323838   14.532508813986  297.814544337233
     0.431108075949    8.317120417062   14.537228751456  298.031692910180
     0.431586996427    8.315362808240   14.546294494702  298.599326023630
     0.432080033312    8.310958443152   14.547738468740  298.831533311226
     0.432561814031    8.302990628900   14.541972040571  298.501627403184
     0.433020813001    8.295183853244   14.535142599957  298.149152507063
     0.433475260141    8.288618048336   14.530561331456  297.850794052401
     0.433927682082    8.283017708656   14.531151210754  297.788637678348
     0.434390599959    8.278443893566   14.533749666937  297.878213091504
     0.434850910548    8.270302929405   14.530312029430  297.758732806041
     0.435298855230    8.262323606797   14.524911695247  297.425788629187
     0.435739675930    8.250967930045   14.514011358060  296.726377196535
     0.436197163023    8.236339485668   14.499520777714  295.543967404038
     0.436679320845    8.223165709301   14.486026896835  294.495797921613
     0.437166177933    8.214707012537   14.480487922693  294.107520175411
     0.437668882210    8.208263630744   14.475943108050  293.951180498591
     0.438159058100    8.202979520839   14.475752510623  293.927162067394
     0.438549983443    8.197664263267   14.474185539859  293.774612876322
     0.439014728043    8.189238676471   14.468773533423  293.316699305309
     0.439502328156    8.181768810089   14.465162362665  292.882359553538
     0.439972651094    8.178693982455   14.471259110386  293.206028706869
     0.440481407830    8.210560679546   14.515729857357  296.947608833836
     0.440983957578    8.223654289660   14.547705486650  299.148625129200
     0.441468376212    8.218448772642   14.546970359058  299.159379274810
     0.441971696723    8.210729864230   14.541535215157  299.003312594333
     0.442646773889    8.208850708312   14.554415565915  299.617086419446
     0.443521030001    8.201840709622   14.554972525925  299.986883966683
     0.444395286113    8.195286474575   14.528352138330  299.155724087631
     0.445269542224    8.189026928059   14.535798035339  299.048983028556
     0.446143798336    8.176191352011   14.529753419176  298.701976000265
     0.446886527581    8.168946457517   14.529781092196  298.702184476976
     0.447643208224    8.158088776786   14.523022734009  298.278920659676
     0.448399888866    8.144841148135   14.519538137466  297.910472134489
     0.449119187642    8.126375640390   14.503020056363  296.841089433832
     0.449783844814    8.104461189553   14.480578622729  295.105916172418
     0.450187106390    8.096404004013   14.469305393319  294.340420884668
     0.450871386597    8.086009810191   14.459711892131  293.640487937917
     0.451732435437    8.059242486484   14.464113406562  292.905150907739
     0.452552939904    8.056229096328   14.432482790413  292.401218484159
     0.453060396667    8.054810679736   14.442390784309  292.512683461635
     0.453709759722    8.046562802602   14.443068427137  292.430206794511
     0.454439906649    8.077915075503   14.513660186263  296.753466368200
     0.454844794886    8.079246358274   14.509420330554  297.764116027088
     0.455252989533    8.076619218542   14.502471486538  297.673148506673
     0.455822243418    8.076941609439   14.528551078552  298.530108037109
     0.456350735055    8.071606635381   14.564321979604  299.548553304524
     0.456889628267    8.055782324504   14.531078780707  299.023849817008
     0.457502267650    8.055697357362   14.510649201101  298.503965548336
     0.458106000184    8.038694058240   14.515755230788  297.626522143635
     0.458518460060    8.026509915403   14.496034597264  296.600880018549
     0.458933730073    8.014106767465   14.454241817708  295.065074501009
     0.459620685358    8.003235653253   14.494668056266  294.370347584276
     0.460095528974    7.989820073514   14.474783165567  294.073014778892
     0.460269202855    7.990184683325   14.472953280680  294.395429558393
     0.460674237199    7.996566874679   14.464928369111  295.622400927475
     0.460990490462    8.007079658115   14.478751842883  296.908513679982
     0.461387654077    8.012785670818   14.528141447457  298.060928016742
     0.461788254450    7.994812369342   14.503254970620  296.965396070999
     0.462227874274    7.972180402795   14.497168723214  295.334477519525
     0.462563982301    7.968092075300   14.481440041173  294.914123535988
     0.463004926294    7.993283744448   14.517983408265  297.882151577148
     0.463373359663    8.007463275280   14.543799060237  299.721756909541
     0.463845186484    8.010386037641   14.560086007332  300.586829444670
     0.464277617911    7.972451769666   14.511352991435  297.479790463026
     0.464646587891    7.956071356550   14.493444871308  296.335896211366
     0.465093409163    7.943007395206   14.479545807441  295.527423334352
     0.465543729681    7.929821378861   14.455235019596  293.693568926940
     0.465884136007    7.925090083985   14.463138003560  293.265423907124
     0.466309806001    7.941369671685   14.476179811104  295.101965897084
     0.466733394457    7.966658942554   14.526483742387  298.522336763718
     0.467138441328    7.972604370829   14.551688644692  299.738749625978
     0.467468834792    7.941916902152   14.512092280526  297.298043882426
     0.467899864245    7.905436867564   14.462592142766  294.050470306898
     0.468319272992    7.895533105849   14.451491025883  293.160907531489
     0.468736024638    7.887948075496   14.448421614843  292.858024116086
     0.469147775756    7.901080458342   14.464515462285  294.419677881017
     0.469594912005    7.914127254708   14.489512469464  296.150650201604
     0.470062985619    7.917971163124   14.498022255009  296.737983731860
     0.470516328278    7.926531131011   14.520006377469  298.350184166104
     0.470991953181    7.930631032478   14.533790125652  299.515131815323
     0.471444603284    7.929870911697   14.540064982493  299.968746286805
     0.471871323740    7.922416375798   14.537335347974  299.648988955848
     0.472332909757    7.913807931217   14.525483523741  299.099359635648
     0.472799140675    7.905001588989   14.521965264711  298.648375146798
     0.473250093198    7.894980489857   14.514961340346  298.096332499223
     0.473664675485    7.884368955587   14.498176994434  297.232084766302
     0.474030143281    7.872376505842   14.485799096604  296.198563835266
     0.474501015874    7.854466298627   14.463608987341  294.300916520109
     0.474972677061    7.863455820325   14.471802813987  295.070110264517
     0.475639630249    7.880333386712   14.519094044109  297.794901086097
     0.476452626067    7.859554785245   14.486574253970  296.540319655725
     0.477174229868    7.865688163348   14.480896471203  297.521833271148
     0.477837636109    7.838210231227   14.456991925437  294.582585736820
     0.478759061100    7.855881195371   14.487194266633  296.751643688202
     0.479768115285    7.829332076182   14.445828998504  295.198584865267
     0.480543857857    7.817561216328   14.443450511151  294.131292623198
     0.481322335884    7.802058205639   14.441038429734  293.175471831973
     0.482100813912    7.834873430565   14.502719745467  297.929320763928
     0.482879291939    7.836234248623   14.514777191377  299.002780714575
     0.483532481200    7.832597985404   14.520460309382  299.400164070265
     0.484305079134    7.840671316094   14.544103298712  300.852538028256
     0.484991764773    7.780144544882   14.457896724955  295.230208245263
     0.485549154062    7.751639507647   14.420051511828  292.238597154648
     0.486244036633    7.767818352117   14.447733628528  294.620147117535
     0.486808857160    7.769775453634   14.480909161517  295.989523858503
     0.487619368190    7.766167914823   14.465802977235  295.801286078658
     0.488429879221    7.778272270765   14.496299490285  298.258136900877
     0.489240390252    7.758464338760   14.473522360371  296.579722150709
     0.490050901282    7.738753425464   14.453429973811  295.015917064362
     0.490500051243    7.745158084390   14.464340092070  295.920403516418
     0.490887850908    7.751362175703   14.487719901398  297.386515201538
     0.491348906874    7.741356955356   14.480520967214  297.021677776242
     0.492083766201    7.731708769398   14.515995128338  297.580403604536
     0.492782098663    7.697891253343   14.442656955517  295.034361340854
     0.493273419888    7.691799893057   14.418792024874  293.450738335180
     0.493660333563    7.686410354736   14.427937975605  293.103056654938
     0.494070181233    7.685895939801   14.431089840855  293.570511596559
     0.494437080069    7.713954436643   14.471626208238  296.566366619842
     0.494732135924    7.729572808187   14.535522946961  299.060016995558
     0.495100850606    7.724822295543   14.538029538583  299.732340170613
     0.495482133647    7.720685701302   14.526731481722  299.996442815734
     0.495801067192    7.727505394982   14.544676274475  300.919382718440
     0.496281850012    7.707012779292   14.529661518521  299.368664932329
     0.496700232365    7.667186256330   14.466043560666  295.683071388607
     0.497094502359    7.647826642090   14.448376961998  294.221604135312
     0.497504838655    7.647453365607   14.433910760999  294.156423922307
     0.497794933665    7.671565829138   14.446236862072  296.127714499588
     0.498191031778    7.691957495668   14.523714001343  298.853295207635
     0.498478392304    7.689551343999   14.521461370878  299.047349801645
     0.498888247041    7.689487633103   14.519752389656  299.676480522849
     0.499385534887    7.696193320826   14.545516339960  300.685027214304
     0.499688922019    7.667319094028   14.505911056949  298.155469017454
     0.500094863522    7.629844765355   14.449521094727  294.701660351519
     0.500493828654    7.614676260272   14.422545214605  293.083403204364
     0.500933406241    7.612623316066   14.433033752504  292.794620219944
     0.501383713981    7.632172834762   14.457943573236  295.247428539894
     0.501807048029    7.651386712065   14.495906125694  298.101437997211
     0.502220903088    7.650133449692   14.493276093056  298.171773330843
     0.502649977900    7.651348064520   14.488711353978  298.131601832428
     0.503058606521    7.654649735882   14.513628083088  299.038694104679
     0.503417872787    7.653023553455   14.516975209653  299.480547226648
     0.503822807795    7.648199976685   14.516255944466  299.750564620368
     0.504232527547    7.647840241403   14.520761254086  300.000165980201
     0.504659095613    7.643038842957   14.528330047954  300.096167357595
     0.505119136291    7.627950374274   14.502728370423  298.933168977164
     0.505539492879    7.617342275790   14.489440870384  297.941001076575
     0.505943109848    7.613019260272   14.483604515959  297.454303665066
     0.506322667029    7.605526941911   14.470918973312  296.741671182821
     0.506737257000    7.607686773695   14.478706171206  296.989603998439
     0.507151432218    7.617075762442   14.503164691369  298.622457006339
     0.507603135064    7.613691436360   14.516783783047  299.477710193276
     0.508020834087    7.611377232598   14.511254128101  299.606521757748
     0.508477625610    7.599693005394   14.502220774962  298.877551207380
     0.508896688106    7.581449363774   14.470572259214  296.778414041544
     0.509315327237    7.576545737269   14.461044361941  295.794260980289
     0.509770021814    7.583086221833   14.473288449347  296.889106880529
     0.510241815788    7.590852891257   14.499696978400  298.601625383227
     0.510667780424    7.590928675076   14.512481202246  299.400569802047
     0.511090158147    7.581964939156   14.496205168597  298.817914152089
     0.511539408705    7.561840561691   14.467943724232  296.663514043584
     0.512002582794    7.548719155452   14.447903886663  294.715665672026
     0.512440311995    7.546444149748   14.446983151460  294.750295520397
     0.512820785692    7.553603388029   14.460529764947  296.113016694098
     0.513213883056    7.556127688476   14.476466672097  297.368367399367
     0.513643939877    7.544497687714   14.472666977214  296.751220648714
     0.514217937952    7.520526052090   14.439381933270  294.266366708767
     0.514868398739    7.555097651465   14.486040721320  298.080102100844
     0.515375533518    7.570575202630   14.509307795914  300.377494424051
     0.516111027102    7.572082300844   14.521545994623  300.231618342189
     0.516792143377    7.568515434851   14.517189363469  299.847992194733
     0.517492773602    7.520929278863   14.441824437936  295.391529260235
     0.518193403826    7.512858444388   14.441064489538  295.207041032049
     0.518894034051    7.556529249541   14.517258334311  300.497303916275
     0.519442775573    7.535424404908   14.486187605118  298.595595828927
     0.519950062312    7.535296329766   14.489772851920  298.947636514566
     0.520511752827    7.554825425758   14.533007534599  301.800205722454
     0.521163532498    7.550240586246   14.551424739258  302.623097589308
     0.521864162722    7.503373533522   14.477840225639  297.731121593369
     0.522564792947    7.479613460478   14.432228247299  295.255999077067
     0.523265423172    7.513003715030   14.498184029381  299.549553350100
     0.523966053396    7.498007228798   14.475414332948  298.002768039995
     0.524666683621    7.501874964870   14.495213239783  299.358570339353
     0.525367313845    7.502026447243   14.509690642155  300.350866818324
     0.525990045510    7.487817373618   14.494711130558  299.461604929705
     0.526366087657    7.472727380761   14.476834355999  298.252557208634
     0.526692387200    7.461153656327   14.463674579463  297.321214850440
     0.527312311472    7.453787834529   14.460646787206  296.699196320119
     0.528038459856    7.452310270064   14.500414129693  298.497261742655
     0.528421239205    7.454222477269   14.478555110843  299.315762995082
     0.528776126176    7.462771174395   14.480768177178  300.064911505417
     0.529114696920    7.468761374993   14.501699760655  300.432170914806
     0.529604995411    7.458404140676   14.503513158220  299.613608593400
     0.530269906181    7.414511111599   14.469208341404  296.134877713319
     0.530601443991    7.402945230243   14.440536439401  294.803951319470
     0.530955083400    7.400876137452   14.406534735383  294.317487763715
     0.531234487963    7.408172916503   14.404231534770  294.892096014548
     0.531565694687    7.419369128757   14.443530642918  296.363153607058
     0.531943066677    7.423280921168   14.501004333254  297.844421997457
     0.532295521251    7.407258567469   14.484704116602  297.234028965584
     0.532661838121    7.393200522579   14.458588379347  296.127764238799
     0.532999443914    7.415290654916   14.483588075222  298.229003238316
     0.533340845919    7.421793044358   14.493200372060  299.444348840644
     0.533606676321    7.400283408400   14.465207198044  297.191516716585
     0.533963697842    7.378242215729   14.442948198799  294.796261808365
     0.534324534993    7.369540317430   14.432435191177  294.198941765774
     0.534709047000    7.365128811202   14.431153196720  294.093049817061
     0.534776792104    7.364808675140   14.431877661300  294.129154973504
     0.535141255884    7.377768737080   14.447833130942  295.715922475116
     0.535503164833    7.406264734794   14.493834796669  299.344069049566
     0.535959410561    7.416358064340   14.520663006943  301.316279684709
     0.536353682043    7.415783472715   14.525757672719  301.714218999793
     0.536723934645    7.415416774828   14.532181700090  302.081807942400
     0.537036701683    7.415492859915   14.534038620596  302.466148222601
     0.537489170727    7.421510093374   14.533081365711  303.158496162581
     0.537849607059    7.427775989288   14.557894538320  304.079790331885
     0.538358098362    7.414488237230   14.562134806294  303.095310307731
     0.538650106827    7.374176779075   14.481216579615  298.700966510802
     0.539021344691    7.346844466434   14.440800668078  295.470177789721
     0.539200333733    7.342712176699   14.442571348539  295.130117630019
