# {0} signal over time, extracted at r = 500 km
# All quantities are measured in a resting observer's frame at infinity
# cols=4 rows=997
#              time        luminosity               <e>             <e^2>
#               "s"           "foe/s"           "MeV^1"           "MeV^2"
  -4.5580969732e-04  1.0654649497e-06    5.615367773631   45.621781546787
  -4.0689953086e-04  1.1656265783e-06    3.430766601388   18.406577326216
  -3.9681546962e-04  1.2046984592e-06    3.326140705731   17.103399981472
  -3.8535833620e-04  1.2541075538e-06    3.236687500218   15.986068744538
  -3.7581390552e-04  1.2979906222e-06    3.179162208696   15.262065778756
  -3.6716034450e-04  1.3397696974e-06    3.135837888997   14.717038008250
  -3.5934889495e-04  1.3792831915e-06    3.102159490956   14.294473211964
  -3.5178516124e-04  1.4192349956e-06    3.073623889231   13.936539443396
  -3.4436983849e-04  1.4600713071e-06    3.048894206542   13.626187819478
  -3.3653820733e-04  1.5050446255e-06    3.025665456225   13.334621801900
  -3.2765674579e-04  1.5583532435e-06    3.002405969614   13.042138508539
  -3.1936319826e-04  1.6103820730e-06    2.983203651367   12.800025126824
  -3.1122930436e-04  1.6635752202e-06    2.966362246171   12.587130531698
  -3.0735903498e-04  1.6896606201e-06    2.958942046589   12.493220100572
  -2.9940912240e-04  1.7448148371e-06    2.944859749923   12.314307256989
  -2.9182665026e-04  1.7994634799e-06    2.932652832267   12.158766126737
  -2.8658294687e-04  1.8384543365e-06    2.924828111425   12.058836176738
  -2.7914411998e-04  1.8954726358e-06    2.914563704895   11.927141771857
  -2.7191419597e-04  1.9528205895e-06    2.905438582464   11.809385490280
  -2.6478841971e-04  2.0112262515e-06    2.897183804130   11.702205947699
  -2.5751078574e-04  2.0728323490e-06    2.889437599582   11.600960184464
  -2.5614872770e-04  2.0845826583e-06    2.888059282387   11.582868869322
  -2.5075075831e-04  2.1318475504e-06    2.882805282692   11.513668921332
  -2.4510512504e-04  2.1824759176e-06    2.877647470026   11.445335667755
  -2.4211631022e-04  2.2097765428e-06    2.875048281675   11.410733818993
  -2.3392631730e-04  2.2863824908e-06    2.868360890583   11.321121916547
  -2.2953226031e-04  2.3285723385e-06    2.865019241289   11.275990401192
  -2.2078942236e-04  2.4148221357e-06    2.858840526648   11.191811306647
  -2.1306894684e-04  2.4935615548e-06    2.853864008097   11.123206424680
  -2.0473474861e-04  2.5813138135e-06    2.848951866402   11.054637502005
  -1.9829207443e-04  2.6511325235e-06    2.845455929937   11.005224691809
  -1.9133483420e-04  2.7284954176e-06    2.841954076395   10.955120876107
  -1.8805056000e-04  2.7657294640e-06    2.840393920935   10.932575614389
  -1.8183517967e-04  2.8374639530e-06    2.837595984592   10.891747760124
  -1.7502170861e-04  2.9180235486e-06    2.834748965893   10.849607477117
  -1.7282826333e-04  2.9443871378e-06    2.833878995445   10.836594637815
  -1.6978397521e-04  2.9813274391e-06    2.832707784720   10.818963855862
  -1.6089863989e-04  3.0914980129e-06    2.829520295623   10.770240184872
  -1.5492329277e-04  3.1675647506e-06    2.827559540567   10.739638752729
  -1.4584166073e-04  3.2862622723e-06    2.824842058859   10.696231674391
  -1.3782667603e-04  3.3941405671e-06    2.822689955750   10.660827444052
  -1.3032190569e-04  3.4978361067e-06    2.820870413276   10.629978861682
  -1.2123848703e-04  3.6268584801e-06    2.818905253960   10.595425081649
  -1.1275072745e-04  3.7509347870e-06    2.817289016799   10.565714271501
  -1.0717677475e-04  3.8342809369e-06    2.816336796650   10.547478407198
  -9.7932249967e-05  3.9758168345e-06    2.814938507683   10.519340123590
  -9.4928120986e-05  4.0226995658e-06    2.814530578581   10.510736665001
  -8.6671835414e-05  4.1538359840e-06    2.813522387493   10.488397955887
  -7.8866708497e-05  4.2809039634e-06    2.812715039364   10.468963505097
  -7.1999083852e-05  4.3952243980e-06    2.812116397822   10.453149621733
  -6.5329056893e-05  4.5085325612e-06    2.811631018412   10.438892310614
  -5.9203107879e-05  4.6145922618e-06    2.811265529094   10.426716075529
  -5.3248298762e-05  4.7195354662e-06    2.810981479786   10.415691706891
  -4.7633532445e-05  4.8201668780e-06    2.810775983860   10.406005017838
  -4.2119376728e-05  4.9205960896e-06    2.810631383725   10.397139806332
  -3.6683337465e-05  5.0211675800e-06    2.810542837541   10.389009887478
  -3.2090822716e-05  5.1073522016e-06    2.810508774414   10.382600226159
  -2.7409983037e-05  5.1963521000e-06    2.810511617630   10.376488906672
  -2.3054402265e-05  5.2802239112e-06    2.810547629558   10.371175808512
  -1.8644686222e-05  5.3661824935e-06    2.810616233836   10.366155575272
  -1.4054566940e-05  5.4567812061e-06    2.810721371463   10.361305493280
  -9.8238798243e-06  5.5413063669e-06    2.810848177557   10.357167340558
  -5.6461828781e-06  5.6257401199e-06    2.811001072572   10.353387610493
  -1.5410410666e-06  5.7096494589e-06    2.811177675690   10.349964825728
   2.5406427913e-06  5.7940107005e-06    2.811378783896   10.346842806443
   6.4095580229e-06  5.8748366110e-06    2.811592549363   10.344137971484
   1.0025259423e-05  5.9511355218e-06    2.811812411977   10.341830629823
   1.3958242534e-05  6.0349718584e-06    2.812073325127   10.339558749313
   1.7648824189e-05  6.1144431441e-06    2.812338510591   10.337649128587
   1.9963000391e-05  6.1646737947e-06    2.812514745546   10.336560114236
   2.5869184881e-05  6.1426034737e-06    2.812677407345   10.362028187408
   3.9483694784e-05  6.4596284643e-06    2.814023636291   10.358829889774
   5.5562444552e-05  6.8457281704e-06    2.815985645936   10.358548999265
   7.2733282706e-05  7.2732223705e-06    2.818486571250   10.362196488315
   9.0721498356e-05  7.7391434726e-06    2.821517931280   10.370141111336
   1.0703400570e-04  8.1786505193e-06    2.824604898969   10.380810530103
   1.2415290492e-04  8.6581932764e-06    2.828171235317   10.395406916307
   1.4022406103e-04  9.1261794761e-06    2.831810825621   10.412170135181
   1.5686363107e-04  9.6295559771e-06    2.835867078085   10.432561020141
   1.7267671528e-04  1.0126228088e-05    2.839986199636   10.454728451914
   1.8933401696e-04  1.0669208363e-05    2.844597913048   10.480953085996
   2.0661502531e-04  1.1254431697e-05    2.849671731819   10.511203371129
   2.2317223244e-04  1.1836408877e-05    2.854803160944   10.543020833864
   2.4074411797e-04  1.2477079345e-05    2.860530962121   10.579739397853
   2.5895623993e-04  1.3166256751e-05    2.866763978139   10.620897456696
   2.7661291887e-04  1.3858859475e-05    2.873083443516   10.663695509085
   2.9519069324e-04  1.4613411825e-05    2.880012134268   10.711661320512
   3.1494072240e-04  1.5444208849e-05    2.887672757973   10.765766854375
   3.3583075136e-04  1.6354346006e-05    2.896079598949   10.826240312806
   3.5575438941e-04  1.7251465667e-05    2.904359185491   10.886755405615
   3.7654211172e-04  1.8216487691e-05    2.913235999281   10.952541616373
   3.9869339561e-04  1.9275636741e-05    2.922920206337   11.025237307496
   4.2258322051e-04  2.0451091218e-05    2.933570483369   11.106157087574
   4.4826890122e-04  2.1749911737e-05    2.945190894490   11.195466845750
   4.7581370458e-04  2.3178514231e-05    2.957763161779   11.293153066758
   5.0156489284e-04  2.4543047881e-05    2.969542626841   11.385581647868
   5.2949724518e-04  2.6049737890e-05    2.982268951825   11.486344472773
   5.5917645051e-04  2.7675206685e-05    2.995650855788   11.593253532923
   5.9064720060e-04  2.9420026763e-05    3.009601626691   11.705715859240
   6.2430879906e-04  3.1303616744e-05    3.024175368810   11.824289572862
   6.6038880362e-04  3.3335317555e-05    3.039332917745   11.948814639915
   6.7450706628e-04  3.4132576334e-05    3.045124322623   11.996726208687
   7.1437704002e-04  3.6387457443e-05    3.061041967805   12.129402011846
   7.5664373003e-04  3.8779223339e-05    3.077211852242   12.265744179031
   8.0206120965e-04  4.1346766040e-05    3.093806888158   12.407416573081
   8.4643464714e-04  4.3850840160e-05    3.109286729604   12.541241316883
   8.9396284435e-04  4.6527796825e-05    3.125122577451   12.679854406040
   9.4642320011e-04  4.9477715416e-05    3.141775924131   12.827465218375
   1.0075112842e-03  5.2909695313e-05    3.160155560254   12.992436046645
   1.0668656606e-03  5.6249992994e-05    3.177068501959   13.145860234943
   1.1386631227e-03  6.0776353859e-05    3.201024464122   13.358262583530
   1.2150106934e-03  7.6859998328e-05    3.406120609371   14.975843766173
   1.3031490122e-03  1.4377291131e-04    3.992321545851   19.504749061672
   1.4021746561e-03  3.1856941794e-04    4.392352098812   22.656982162710
   1.5037130994e-03  6.9487366462e-04    4.542282645629   23.885542913860
   1.6186567433e-03  1.5628102882e-03    4.617867529797   24.660242459963
   1.7539454155e-03  3.7363281370e-03    4.658094259842   25.152505568650
   1.8751510233e-03  7.5493606532e-03    4.704609092828   25.699492011228
   2.0108164426e-03    0.014274034520    4.809528121091   26.892452508292
   2.1833241014e-03    0.024424226917    5.065998207671   29.920602293046
   2.3325331300e-03    0.032371320544    5.349942004326   33.545269113972
   2.5100520679e-03    0.040182625974    5.709241666607   38.531135828887
   2.7209593462e-03    0.047877109622    6.108695460418   44.612830999423
   2.9318666245e-03    0.054584878291    6.435878900616   50.037566900580
   3.1427739028e-03    0.060689061575    6.692073923900   54.577091906641
   3.3536811810e-03    0.066696837380    6.896288916150   58.360632265350
   3.5645884593e-03    0.073322394323    7.072384274415   61.704019719476
   3.7754957376e-03    0.081340656346    7.240239808346   64.909238731665
   3.9864030159e-03    0.091512952504    7.413634254377   68.202349587903
   4.1973102942e-03    0.104557674949    7.600378997937   71.729968613236
   4.4495686904e-03    0.125039513866    7.843789279755   76.331444602373
   4.6997238373e-03    0.151857569082    8.099827858872   81.218881740644
   4.9498789841e-03    0.186525595475    8.359418228881   86.251685711951
   5.2000341309e-03    0.230275829818    8.610809095324   91.217324026561
   5.4501892777e-03    0.284384914333    8.845487112956   95.947153296862
   5.7020740140e-03    0.350548574776    9.061207950375  100.392591918333
   5.9546872721e-03    0.430354111095    9.258917065476  104.569962549169
   6.2075965521e-03    0.524452750567    9.438712897959  108.453701575533
   6.4603444113e-03    0.634624531760    9.601652935253  112.058606921831
   6.7108204726e-03    0.758888973081    9.745998695591  115.313062701675
   6.9640862818e-03    0.901206674908    9.880010367878  118.397870350387
   7.2157883886e-03    1.057868776023    9.998725696495  121.156286331172
   7.4691276083e-03    1.228265030704   10.099355342965  123.509042867889
   7.7208750231e-03    1.408975164092   10.178829592846  125.363164774068
   7.9711665204e-03    1.602936648038   10.246437239098  126.929147882857
   8.2231676501e-03    1.816841152683   10.311762026130  128.440897962783
   8.4752896139e-03    2.049310397863   10.374310862265  129.883882347603
   8.7274115776e-03    2.301174491711   10.434276654912  131.269947352518
   8.9795335413e-03    2.574344663303   10.496340531566  132.720010008895
   9.2316555051e-03    2.864243450860   10.552698755939  134.012468353226
   9.4837774688e-03    3.169362399353   10.604379740530  135.196092651802
   9.7358994326e-03    3.480947836188   10.646593700906  136.155448535392
   9.9880213963e-03    3.800887833885   10.680577517579  136.903826419314
     0.010240195775    4.135690223013   10.712702967385  137.603415216707
     0.010492684641    4.478055137047   10.737213676533  138.085626928786
     0.010745173508    4.832400740376   10.757644711048  138.458241286809
     0.010997662375    5.205427185773   10.783237704983  138.979746784716
     0.011250151242    5.593467776764   10.807657599610  139.511130451135
     0.011502640108    6.005170949394   10.833715607631  140.082268180306
     0.011755128975    6.434580232742   10.863028190558  140.742119061547
     0.012007617842    6.863611963210   10.888615985619  141.337844826341
     0.012260106709    7.294361042562   10.909648186194  141.816864527581
     0.012512595575    7.738445853253   10.931976181033  142.321712755321
     0.012765084442    8.195323348514   10.957636161914  142.924179073562
     0.013017573309    8.643774892210   10.981895875774  143.517213782900
     0.013270062175    9.073375965055   11.000352002911  143.958290867687
     0.013522551042    9.490921079498   11.013868566046  144.259466283846
     0.013775039909    9.906395607642   11.025316399235  144.512340218637
     0.014027528776   10.319877373842   11.037944862237  144.810137516860
     0.014289040301   10.735056654473   11.052325881345  145.155353448242
     0.014546054361   11.129473925185   11.063461520635  145.394455809120
     0.014803068421   11.511135961665   11.069256542709  145.489606207668
     0.015060082481   11.879905398116   11.072863021887  145.558733605763
     0.015317096541   12.236816056149   11.078816585603  145.696233474353
     0.015576359066   12.590912950275   11.084794346986  145.821732568326
     0.015834798473   12.943098622313   11.088928984712  145.935077377657
     0.016093941632   13.287273782408   11.090792678775  146.004634128052
     0.016353624595   13.631455975967   11.094092121719  146.071855459798
     0.016605978431   13.977848046755   11.103526765942  146.272388746270
     0.016861712995   14.329306694963   11.114474556776  146.531706219570
     0.017117447560   14.673354122204   11.123153449643  146.805363424725
     0.017370120485   15.009447161968   11.130609971257  147.060963691822
     0.017634186846   15.358827596358   11.133760341621  147.091532533876
     0.017889669631   15.715114170218   11.138213579038  147.102285065109
     0.018147618422   16.089026497808   11.147718563726  147.322386551523
     0.018397933193   16.448324733822   11.160335898230  147.713918762628
     0.018648247963   16.810201424983   11.173461008776  148.122447408278
     0.018907965917   17.191547801023   11.184360915219  148.411223577780
     0.019158905042   17.559723454869   11.194754926909  148.624853462072
     0.019413952915   17.922422186855   11.202837912142  148.759120570053
     0.019666098096   18.277645456486   11.211260625225  148.991085268549
     0.019923989578   18.661279032484   11.226539889038  149.478018762813
     0.020181881061   19.065267614192   11.247669574549  150.111298630078
     0.020439772544   19.454974832565   11.267370498318  150.664112621068
     0.020693653546   19.790084478831   11.277972459955  150.907384618899
     0.020944995541   20.083985637640   11.278650486523  150.849555466948
     0.021199928998   20.393164614793   11.282184901437  150.940448753461
     0.021453441152   20.737292577663   11.294996013093  151.343892763244
     0.021706953307   21.108527404234   11.313935784422  151.917391907064
     0.021960465462   21.472123754342   11.332766513367  152.466239017305
     0.022216855046   21.788610733592   11.344787870006  152.766653449911
     0.022470141617   22.034742617562   11.342386070535  152.601779034091
     0.022727080447   22.288418922603   11.341305693762  152.535340144375
     0.022984019277   22.583591615634   11.352075172864  152.882951625359
     0.023240958107   22.896954125344   11.369427085697  153.447628975313
     0.023497896937   23.184260923132   11.383381220910  153.882667226440
     0.023750033836   23.385346053091   11.379242053535  153.672799325529
     0.024003953432   23.551819272317   11.364136005575  153.121367977637
     0.024257873027   23.774026370428   11.363686632220  153.104323555918
     0.024511792623   24.059581520466   11.382307584921  153.716192146435
     0.024765712219   24.353668307664   11.407712421870  154.538450352753
     0.025019631814   24.580325937635   11.421305886092  154.938147972385
     0.026023013081   25.242890501944   11.412450455816  154.589268255726
     0.027049878542   26.076314643205   11.407019579410  154.613152479191
     0.028078144629   26.986979454775   11.442417096207  155.575324604742
     0.029096327042   27.814704574447   11.441509877690  155.663936716320
     0.030108827042   28.791614107582   11.491915438379  156.962475023882
     0.031121327042   29.667588377265   11.517747080102  157.636622245290
     0.032169328925   30.575452059239   11.553906230182  158.689559596866
     0.033184748730   31.501516539783   11.560593937109  159.055980713075
     0.034200168534   32.408721244061   11.604097018318  160.313499044515
     0.035230565466   33.344823919471   11.644179635668  161.348095908264
     0.036265565466   34.250413456865   11.679721311306  162.342564773624
     0.037300565466   35.265847938580   11.726174781530  163.731120401481
     0.038346815466   36.152171356391   11.762839927845  164.747337382985
     0.039367411189   36.688694266621   11.771437337718  165.077258711533
     0.040388005576   37.215844050219   11.803207400352  166.038882632810
     0.041388691828   37.666611688739   11.822860164371  166.522935323923
     0.042402644258   38.053068214848   11.827720870589  166.601410299578
     0.043439626380   38.685854139088   11.851640317237  167.420404409096
     0.044490524261   39.433772253243   11.880815987255  168.293092215354
     0.045516361189   40.040697032173   11.908985764832  169.070453530584
     0.046540691828   40.691944222731   11.931039818344  169.655607372604
     0.047560691828   41.324377191435   11.946064535473  170.255595514994
     0.048580691735   41.854611929542   11.974179718142  171.168294523443
     0.049600691629   42.239490957441   11.996800306767  171.849663757900
     0.050614691585   42.525944953596   12.018387959279  172.512601034122
     0.051621491585   42.738681216141   12.036838446926  172.838055779301
     0.052639091585   43.020546589675   12.030295480198  172.857267563709
     0.053707091585   43.435807190895   12.049779723749  173.527296955754
     0.054709733853   43.788527534513   12.072464333094  174.190044034466
     0.055774057694   44.109616208553   12.096123346331  174.757023336169
     0.056810257694   44.414935002423   12.091813736015  174.827016140553
     0.057872017694   44.721158589899   12.110925384066  175.394258752641
     0.058908817694   45.162668291205   12.133072721573  176.060100053828
     0.059933344886   45.469888142172   12.150445245762  176.526275053509
     0.060981424067   45.762995226685   12.189594922139  177.439625725568
     0.062004589598   45.911035891832   12.191592131852  177.658915331438
     0.063040044472   45.974713232982   12.193028803388  177.885561018440
     0.064061975752   46.159961502218   12.210137208500  178.430256678203
     0.065093702555   46.392965172946   12.246254727398  179.283764616210
     0.066116307602   46.727759146380   12.252955171749  179.659499097720
     0.067132307602   47.171507053721   12.285388020284  180.607068487741
     0.068136307602   47.500544862455   12.292274592898  180.912934377089
     0.069148732002   47.741626864499   12.321605564880  181.572989704527
     0.070187680734   48.084690396146   12.352433324343  182.386638381997
     0.071189867708   48.316401780578   12.358903176698  182.792997774307
     0.072218427708   48.437146335838   12.355505443348  182.990098856917
     0.073221227708   48.592509114170   12.375607602080  183.620428798484
     0.074268266108   48.793748682262   12.429245927116  184.893346778526
     0.075290492163   49.079160085082   12.439260638051  185.432469178566
     0.076342608642   49.407403728088   12.454852043185  186.130054483160
     0.077368130140   49.505944671604   12.489663688940  186.947793236245
     0.078400130140   49.427198414586   12.468769607282  186.618968913630
     0.079420865673   49.385132251880   12.488395220054  187.051639198194
     0.080473547964   49.633401572209   12.496322292876  187.400026078308
     0.081513587964   50.192429047821   12.542264096711  188.643997272543
     0.082569693180   50.767077498733   12.581714999558  189.790816924966
     0.083573927902   51.268487793655   12.603125754763  190.603515212024
     0.084618646639   51.506285893511   12.647946627893  191.655494977220
     0.085644646639   51.760171413070   12.654727987441  192.270493506929
     0.086648333839   51.986234158452   12.703890092325  193.690305649846
     0.087655318334   52.206047189956   12.732958804189  194.581715553915
     0.088656565613   52.365711361218   12.728737429752  194.791256830109
     0.089703510701   52.445216320908   12.782651010594  196.021417510488
     0.089979009715   52.478023368769   12.790572820221  196.218132259704
     0.091035798467   52.553215005666   12.796010058120  196.656762230742
     0.092048298467   52.696211255280   12.790935397972  196.846475011277
     0.093056067037   52.925255359560   12.839951609681  198.077817369557
     0.094106314628   53.314426269321   12.882431609081  199.359850668452
     0.095147860528   53.224898397393   12.874151709238  199.465422134023
     0.096174226548   53.097208430256   12.904328105592  200.321355346406
     0.097189421548   53.079423343516   12.894763641583  200.438100829375
     0.098197427344   53.146475946975   12.959656490422  201.973344543519
     0.099209748473   53.254063793468   12.975183846100  202.584310912547
     0.100219761885   53.126547425231   12.984178929976  202.838266182844
     0.101239878234   53.068782486124   12.988481087311  203.085945047122
     0.102302200225   53.111458894896   12.997103603410  203.542967190199
     0.103322783572   53.220038017270   13.006015347150  204.120281280446
     0.104340897990   53.463341731659   13.092613678814  206.172396657087
     0.105361264561   53.473223214810   13.101788826785  206.681552802135
     0.106376247054   53.383534254333   13.116444985965  207.324236634912
     0.107385482421   53.486129457333   13.128805924435  207.956622605105
     0.108410653051   53.577683584023   13.129702656485  208.390904409056
     0.109426958868   53.619799141706   13.180128993883  209.625514673072
     0.110459161842   53.494629388283   13.194722716930  209.991624547899
     0.111467770862   53.448972615971   13.175952253316  209.892373499667
     0.112514608366   53.514818033695   13.218218118317  211.010308878044
     0.113534975086   53.582236935842   13.238517235461  211.678778142972
     0.114543654766   53.712599905886   13.261131674378  212.493345569204
     0.115553516416   53.828429351497   13.293486617367  213.752102199321
     0.116593511023   53.861647665729   13.346200520357  215.073952074892
     0.117596759052   53.896870960918   13.329833384144  215.091164794826
     0.118640714916   53.935891216272   13.371507305702  216.173758052340
     0.119676721620   54.007305469174   13.390400427841  216.844715044588
     0.120700189506   54.032877460763   13.421275289795  217.814015661608
     0.121732490435   54.003110546484   13.452789167405  218.849922742704
     0.122750073595   53.985719005739   13.461030070382  219.526827599778
     0.123797764704   53.903006130726   13.462698510144  219.821972328097
     0.124818364704   53.932198787784   13.492620691393  220.652932400715
     0.125838064704   53.983949464933   13.512333319951  221.347238593540
     0.126847129494   54.021268357391   13.540727700481  222.184887908383
     0.127880220799   53.873987616488   13.565934008143  222.745887524731
     0.128924767235   53.772591897391   13.581559139552  223.523412051463
     0.129940690628   53.805902725993   13.586432763106  224.221156151140
     0.130975690445   53.816011269089   13.609627785628  224.936911925831
     0.131980315002   53.840989168924   13.631090868630  225.611717747090
     0.133007961653   53.817593604757   13.656030988481  226.336316159274
     0.134012429153   53.867351644478   13.685093124172  227.185287941122
     0.135042479153   53.809999849156   13.696505344174  228.002798005433
     0.136066521653   53.767395388812   13.734645635640  229.385124168305
     0.137072541653   53.657946068293   13.749644489810  229.867262580701
     0.138096057653   53.620814600303   13.754616812303  230.139567967960
     0.139101509168   53.685718036478   13.779166865064  230.929862945517
     0.140109121297   53.842798602212   13.819613379747  232.089587952446
     0.141142242578   53.741806249950   13.828771872447  233.016025065034
     0.142148270704   53.668691216041   13.851817463344  233.830106586601
     0.143153597643   53.666684761447   13.889940144380  234.829439437983
     0.144179126288   53.707496352311   13.892050233824  235.081894094675
     0.145196081288   53.653000067420   13.927133964419  236.016949547433
     0.146213036288   53.818435762495   13.947648992614  237.364920399797
     0.147229991288   53.953793136607   13.980716715674  238.509201506176
     0.148232872538   54.081130284947   14.006519285475  239.384691704120
     0.149233149272   53.816324638593   14.020614740183  239.786503260760
     0.150237572762   53.491859658120   14.026985558965  239.981322941395
     0.151244269679   53.496668400405   14.052542705394  241.312352519985
     0.152261220721   53.622026195530   14.081231685391  242.332342780639
     0.153284645331   53.698184765912   14.086521849589  242.632731832619
     0.154288537380   53.666841105524   14.125397930308  243.662251742170
     0.155292960870   53.422039752500   14.133323656560  244.118282578369
     0.156297384360   53.393911525916   14.156067585061  245.443354826619
     0.157325690254   53.321459289592   14.174670883359  246.191111105758
     0.158333715474   53.197835534160   14.188743696647  246.593587665209
     0.159346969945   53.042110547594   14.195693065416  246.842561540085
     0.160370321904   52.982870426490   14.219117837108  247.426280377028
     0.161389828019   53.031454449855   14.262766623076  248.781349043160
     0.162407804888   53.036768269751   14.285506422959  250.227497564835
     0.163413089586   52.834796286997   14.298357465122  250.734373641567
     0.164422511790   52.448039012583   14.285612165688  250.589794120662
     0.165433683858   52.327086651264   14.316692176600  251.540003537057
     0.166441720809   51.945251436255   14.305972903010  251.224788944740
     0.167453981869   51.671069859511   14.313640133763  251.449802867202
     0.168460668822   51.558322109487   14.336112991254  252.042045502160
     0.169465105441   51.416950373309   14.338740455223  252.059643490442
     0.170481345751   51.305296033117   14.364267698831  252.906805289001
     0.171493092706   51.529967623996   14.404413800637  255.070687032228
     0.172505592706   51.291267360513   14.385038491148  254.869895073277
     0.173518092706   51.058583238842   14.411774985902  255.614841337518
     0.174530592706   50.861405626790   14.419643057347  255.938255901368
     0.175543219268   50.566717289585   14.422108001071  255.868090597227
     0.176554853328   50.485370713957   14.457434661886  256.732573162985
     0.177557070547   50.625134479372   14.489787743130  258.506129098083
     0.178569247132   50.698359718542   14.502623184331  258.892767448798
     0.179595743583   50.548271978172   14.543010477478  260.162609909922
     0.180596947267   50.709279515123   14.562665391422  261.478334255050
     0.181602572859   50.831289799602   14.554215357378  261.612602538763
     0.182618953772   50.637350401675   14.613644600696  263.081568394510
     0.183635334684   50.421084632557   14.620824738985  264.112876075045
     0.184651715597   50.220561157762   14.630195152774  264.552195087527
     0.185652115750   50.172098366811   14.640072620558  264.710012149635
     0.186656539240   49.991962329741   14.662065671637  265.004800042578
     0.187661484426   49.998711369093   14.678893828206  266.441083694451
     0.188674360426   50.195709731405   14.705085368076  267.218087061624
     0.189694913080   50.198724539608   14.743724534855  269.009806131191
     0.190702008072   50.223080552385   14.739959602204  269.096903985798
     0.191715067478   50.180566425153   14.795143580639  270.719331277068
     0.192724581418   50.081859439160   14.804096119763  271.649678278732
     0.193729352391   50.153517292224   14.788521049134  271.277717206643
     0.194741213698   50.141731317373   14.858500613479  273.711705721909
     0.195754145745   50.138390256715   14.851601147489  273.561986885509
     0.196755579879   50.221004054738   14.916683159895  275.935566303812
     0.197757014014   50.227762132888   14.928024221326  276.752901817157
     0.198758448148   50.043585944771   14.931363971666  276.831132871823
     0.199759882283   49.769401606897   14.933433783027  277.058723775363
     0.200761316417   49.361983388438   14.929556887402  277.066775172512
     0.201769118077   48.929677358193   14.915730478395  276.437489046774
     0.202781741697   48.938757807207   14.918407152348  276.505589965267
     0.203782677761   48.904366673995   14.972124246805  278.443910676161
     0.204789330156   49.131429956892   14.987817068012  279.287562258348
     0.205798237679   48.960038231503   15.011515864106  279.940249153397
     0.206806309396   48.971549289943   15.042968808597  281.646150978526
     0.207809017879   49.147045010386   15.045289065623  281.871807499917
     0.208811726361   48.818494576014   15.028585388921  281.291752395730
     0.209821391442   48.482211602794   15.022533666829  281.207896425310
     0.210830298966   48.351396202100   15.090961069337  283.581897520222
     0.211833538888   48.409984984225   15.103055562764  284.340975771693
     0.212840716461   48.255827248304   15.074353184484  283.162355714682
     0.213853373053   48.235052659967   15.144750826096  286.039174003019
     0.214856139299   48.280499903093   15.124224807239  285.508811780052
     0.215857152280   48.380250775676   15.199532935048  288.234963526732
     0.216857499685   48.421879389360   15.183167332925  287.755620086393
     0.217865682298   48.617350137845   15.236246558571  290.206970519739
     0.218868365687   48.562949539764   15.226590890306  289.683275508138
     0.219839077491   48.719281478143   15.300220856288  292.646726648572
     0.220829982695   48.951733102767   15.329278499093  293.463280215774
     0.221839469546   49.069533024288   15.353877112713  294.949850465178
     0.222848956397   48.970038010056   15.331471935951  294.453786930146
     0.223858443248   48.635455797997   15.332381350166  294.681753523283
     0.224867930099   48.345749275284   15.327487587481  294.752514141024
     0.225634167107   48.273838089700   15.331962388017  294.802619611978
     0.226640577124   48.045881039573   15.338273511838  295.096346778110
     0.227642846078   47.770891037789   15.349412981742  295.811599414553
     0.228644299997   47.375812227545   15.345256030558  295.568697645864
     0.229449661708   47.287444522741   15.345183626595  295.446267397014
     0.230430319821   47.305153137423   15.378601459142  295.746378139044
     0.231410977934   47.404715186723   15.414593750966  298.067088270414
     0.232379638557   47.409289098217   15.424943234317  298.295987560855
     0.233354329033   47.076679966399   15.423022088539  298.406407579966
     0.234220884438   46.830259591119   15.435305453982  299.211036998726
     0.235221459715   46.407496069969   15.431255619005  299.245493554260
     0.236230367238   46.012287343946   15.374149552816  296.343199384270
     0.237001085492   45.895000188652   15.410365091234  298.248348479181
     0.238011853068   45.878476491597   15.414410457268  297.667758792817
     0.238825025366   46.171368055654   15.462687865743  300.345986581948
     0.239829271789   46.239128985303   15.494201286015  301.279583830080
     0.240668373548   46.334117133719   15.509887622302  302.177059102622
     0.241536073840   46.467596955037   15.539907928252  303.337554234228
     0.242522633244   46.495758657305   15.577211107454  304.919516726022
     0.243339848338   46.406194650765   15.527581423468  303.344220060153
     0.244157063432   46.380986281918   15.605586417407  306.101596521449
     0.244974278526   46.547204075379   15.625141049527  307.353755980045
     0.245792153367   46.353326515400   15.611424186993  306.502003405468
     0.246798984949   46.175291574329   15.638250939324  308.243770914600
     0.247746106001   45.466869804768   15.538075860047  304.155197527249
     0.248559462024   44.987400662357   15.515899684181  303.178630407164
     0.249434993405   45.244116403688   15.594353939619  305.771919093938
     0.250222964036   45.555841614102   15.595583555418  306.146128577895
     0.250539727370   45.538149777117   15.610254491460  306.658702578916
     0.251261924549   45.443313953933   15.662311383194  309.293455724727
     0.252069896916   45.582906698042   15.687048283528  309.517154823874
     0.252877869283   45.554128033592   15.673603601509  308.696518578570
     0.253685841649   45.637855046674   15.691502087717  309.463258414642
     0.254493814016   45.366050182649   15.682227811624  309.261235702601
     0.255372805717   45.135334162675   15.687070197518  309.697675606866
     0.256223647776   45.101526624410   15.698181329111  310.340917648409
     0.257074489835   44.730549778613   15.662015356231  308.317063273074
     0.257925331895   45.012143384835   15.701314578632  310.186395781336
     0.258776173954   45.052418682126   15.705359285233  309.949842760988
     0.259627016014   45.110850126876   15.720306702833  310.605042317478
     0.260477858073   44.928447965368   15.724040079569  310.976241386112
     0.261447833239   44.679648115587   15.717414378021  310.746544609247
     0.262218373069   44.637144625700   15.719360839666  310.450177873961
     0.262975053711   44.661567887319   15.708726296920  310.112568873135
     0.263979498177   44.998636939125   15.787155528620  313.498910511139
     0.264628229867   45.222188424796   15.788213339181  313.425362538420
     0.265276961556   45.169948589279   15.799337029950  313.957663201503
     0.265925693245   45.319996669335   15.872083764241  317.645458485980
     0.266574424935   45.413781104795   15.887720181844  318.324560176888
     0.267223156624   45.269515308542   15.880444209976  318.010988479186
     0.267871888314   45.123578607553   15.884358638621  318.442269221869
     0.268520620003   45.007005696417   15.893580688507  319.149203731759
     0.269169351693   44.851780513050   15.891906715683  319.015909629226
     0.269818083382   44.805615132156   15.893377218210  319.038209072376
     0.270466815072   44.694203927001   15.891139668692  318.815865045528
     0.271115546761   44.567040629282   15.879253400406  318.053493470348
     0.271764278451   44.612144329884   15.888474499670  318.418708722171
     0.272413010140   44.606348337753   15.894390700257  318.568580408821
     0.273061741829   44.542642464469   15.896580361216  318.692069506068
     0.273895514269   44.314940295550   15.887758377920  318.330434083958
     0.274600616565   44.278144497154   15.889258463553  318.329400383785
     0.275231183767   44.131057878077   15.845642270434  316.693527132898
     0.276165375618   44.475137376010   15.938102212623  320.496032330535
     0.277034504855   44.787905884451   15.938196626852  320.429013821553
     0.277683236544   44.826949195047   15.965335889911  321.324968011097
     0.278331968233   44.715703286211   15.973947542329  321.949588586005
     0.278980699923   44.832400471453   16.030629130772  325.493135397204
     0.279629431612   44.788228028470   16.033655827890  325.351908807412
     0.280278163302   44.696876638211   16.023865563622  324.734390194742
     0.280946381525   44.710243023586   16.026410572166  324.222142161380
     0.281845641839   44.762400288642   16.044436293949  324.854373244796
     0.282395119743   44.454027284967   16.009961811855  323.614228200446
     0.282962630225   44.493078585149   16.001861584015  323.716410141827
     0.283530140707   44.756931995886   16.102832688173  327.779021693664
     0.284097651189   45.011211664642   16.142185387147  329.914117423657
     0.284730629167   45.038618073867   16.144272085053  329.735611069399
     0.285376198219   44.852036262452   16.137215753853  329.489552328837
     0.285927818407   44.729047206575   16.123046488610  328.682404962164
     0.286479406758   44.768725600073   16.115557130193  328.304595211282
     0.287030803684   45.126292541333   16.207869249892  332.705031199465
     0.287581991356   45.267140537823   16.226126310992  333.608106153087
     0.288132985280   45.025131255235   16.205336887862  332.461446929054
     0.288683766042   45.018518531318   16.208887666232  332.553762602924
     0.289294913588   44.999928200042   16.212716082962  332.466444439900
     0.290041105743   44.874047695221   16.206071507524  331.978688074710
     0.290373905100   44.768574001346   16.197384324495  331.544853402257
     0.290957763620   44.595530722499   16.157199328629  330.164508565469
     0.291541622141   44.772299006767   16.217203421450  332.647933134889
     0.292125480661   44.998892906974   16.278075958426  336.449164903254
     0.292709339182   44.918227077749   16.281999977686  336.825675237935
     0.293293197702   44.741425575380   16.281468194112  337.124451285724
     0.293877056223   44.659416362321   16.281278545889  336.871344164449
     0.294460914743   44.712513298472   16.280242391718  336.478174276177
     0.295080148612   44.621859741461   16.267122929172  335.605619700149
     0.295696956020   44.626208783788   16.261868127011  335.028718054406
     0.296183504787   44.578319411887   16.254302889218  334.201686516173
     0.296670053554   44.605706245889   16.230700906601  333.193015727736
     0.297156602321   44.807291228402   16.297193559667  336.397408759815
     0.297643151089   44.948435705254   16.328393554622  337.994179932851
     0.298156890702   45.120023698755   16.339450369351  338.312767719962
     0.298805622391   45.150163521900   16.363196087791  339.734478722278
     0.299454354081   44.800656200515   16.352472231200  339.735779714439
     0.300103085770   44.464230110891   16.288411483221  336.207831561930
     0.300751817460   44.149821936186   16.268883412685  335.753824192061
     0.301400549149   43.941925740771   16.265542294608  335.771485774102
     0.302049280839   43.824592607185   16.257153236114  335.169516214331
     0.302637681368   43.810299296450   16.260695175772  335.070462722747
     0.303163154036   43.732954073043   16.260133837823  334.874103184535
     0.303688626705   43.552106047565   16.246900911486  333.902971083430
     0.304214099373   43.735808734347   16.290152588501  336.515171241798
     0.304739572042   44.097876638892   16.342017456603  338.998286590222
     0.305265044710   44.069897675158   16.337276994802  338.540192038145
     0.305790517379   43.915099287647   16.338332824656  338.991534614890
     0.306315990047   43.827630746749   16.351230762441  340.093588590271
     0.306841462716   43.674153359415   16.357379070055  340.473815373537
     0.307366935384   43.459664119063   16.337661370761  339.557497107698
     0.307892408053   43.545669969206   16.347527073911  339.940654265186
     0.308417880721   43.562873684336   16.353909825591  340.033992268991
     0.308943353389   43.428454018513   16.346851563572  339.785920078841
     0.309468826058   43.304474443232   16.343391484854  339.660323704935
     0.309994298726   43.235369373407   16.336781242112  339.196927286856
     0.310519771395   43.455288741978   16.362522046564  340.291719884579
     0.311045244063   43.293673263584   16.355535580368  339.947185469393
     0.311570716732   43.061962607340   16.340817204341  339.456004580133
     0.312096189400   43.095709325778   16.352697235019  340.065867480209
     0.312683135403   42.931243348178   16.336536662155  338.960308937557
     0.313156060805   42.880452097036   16.323407568232  337.921777448836
     0.313628986206   42.930038103806   16.316837256027  337.324756430649
     0.314101911608   42.947410448446   16.327977459798  338.017653686651
     0.314574837010   43.169125077368   16.380702833523  340.958231741296
     0.315047762411   43.405882630783   16.399149466026  341.410656547571
     0.315520687813   43.464552941658   16.400730746820  341.100593720440
     0.316012583907   43.446752878293   16.406486236791  341.637055845441
     0.316545664211   43.253787441141   16.397287011288  341.367734672522
     0.317005347701   43.193384550472   16.394922447904  341.170111908027
     0.317465031191   43.263766820884   16.389289144356  340.670318428474
     0.317922654489   43.278580474424   16.394744556956  341.013787094848
     0.318474169044   43.636195548728   16.464935868682  345.073469301934
     0.319058027565   43.905342573582   16.502576558545  346.867588005977
     0.319641886085   43.688448440975   16.497767060761  346.961288447963
     0.320225744606   43.236268569484   16.426380245006  343.403825176756
     0.320747728722   42.892811526606   16.403908147241  342.531277467405
     0.321220654124   42.921251529774   16.402538323626  342.097117256217
     0.321600961957   43.052893857390   16.410766247205  341.950441516884
     0.322059258431   42.926914286075   16.405941725847  341.439766557160
     0.322544599904   43.115961925043   16.454877338205  344.730763705056
     0.323022053150   43.477742896892   16.504490186409  347.042501810169
     0.323570327485   43.441387495589   16.503390339240  346.860048968402
     0.324154831734   43.436142437903   16.518532943925  348.153576721793
     0.324654505090   43.277862723275   16.516396516578  347.947286013062
     0.325080137952   42.982461994495   16.466426980325  344.498184881447
     0.325550045139   42.658958131953   16.407705010744  341.692940413806
     0.325944149640   42.472792889790   16.399867417056  341.200395009774
     0.326338254142   42.643111361268   16.443424470189  343.584308617763
     0.326732358643   42.955478832876   16.462436112256  344.361641112367
     0.327126463144   43.309569988492   16.513330391135  346.401838704151
     0.327520567646   43.645914355711   16.573840118453  349.853960217496
     0.327914672147   43.855569616726   16.605549348775  351.547727377057
     0.328308776648   43.778099416685   16.605734108495  351.694038281618
     0.328702881150   43.644862692588   16.598534189254  351.475414669425
     0.329097642199   43.661992329343   16.604841261359  351.796583899898
     0.329508410132   43.775929125780   16.614931399574  352.153483186614
     0.329929383006   43.763089491766   16.614961582498  352.090412383868
     0.330351960011   43.649078002634   16.604083471497  351.598385487528
     0.330777883680   43.585409385961   16.598222451708  351.466620303154
     0.331191670192   43.565681589870   16.599445041881  351.562281830021
     0.331615660881   43.617620181439   16.601819707911  351.330852867944
     0.332030971259   43.715229173873   16.604563314425  351.057494410410
     0.332581654069   43.781313229147   16.607871280738  350.634531239960
     0.333136506570   43.819389852129   16.613696294254  350.685308533450
     0.333623055337   43.706225410264   16.599062640881  350.019419239674
     0.334109604104   43.588013291990   16.575788600140  349.153171909941
     0.334596152871   43.838455978067   16.625266878025  351.905867062389
     0.335094887352   43.982417749569   16.666508628838  355.051860526499
     0.335581436119   43.993750675360   16.680318661930  355.862339489192
     0.336088328594   43.995759731515   16.692735244174  356.711868701957
     0.336628938335   43.716913686814   16.667871665839  354.473100717961
     0.337169548076   43.283298135603   16.617663932750  352.814727250176
     0.337606154721   42.869698402040   16.599064701731  351.791220436321
     0.338023457307   42.454084837798   16.528903704587  347.409401899915
     0.338447524486   42.329708891004   16.504685295209  346.076982140760
     0.339012569371   42.356273708271   16.533236866024  347.731267678103
     0.339622628734   42.732167426995   16.589228797612  350.448849444888
     0.340040945183   42.854402715044   16.587680917008  349.885911646190
     0.340459073650   42.983472805225   16.592767189088  350.185569080683
     0.340872294271   43.024441771394   16.600810221896  350.771594964280
     0.341299065936   42.807156029468   16.600564347534  350.570217857187
     0.341725757914   42.982191980560   16.649664197597  353.722801292285
     0.342152320765   43.335870669405   16.695329550166  355.985891357522
     0.342578806817   43.415623377653   16.692727885851  355.149669313735
     0.343005172836   43.315535762809   16.683140073010  354.676389575808
     0.343431434688   43.190812154173   16.676020266515  354.537680576187
     0.343857613766   43.151476873823   16.673132164980  354.256951152085
     0.344283665197   43.224274674823   16.681882668464  354.425463546579
     0.344775649903   43.232656710496   16.684750735561  354.181905112041
     0.345209242106   43.152694856594   16.681582827027  354.047971234790
     0.345647135996   43.083096608394   16.678496246646  353.793671947150
     0.346085029886   43.092647452617   16.678652876746  353.862134734070
     0.346515824404   43.203980044137   16.708485063467  356.188703590180
     0.346917442526   43.453625931291   16.761769593419  359.751399930311
     0.347305362756   43.651846072646   16.791654144834  361.207006912680
     0.347423592353   43.673668645512   16.795472247990  361.325762683126
     0.347818021126   43.705317905572   16.799561041197  361.322682136753
     0.348209148295   43.634788994789   16.805247410411  361.898630650876
     0.348613792898   43.523950669113   16.811992202605  362.395634909301
     0.349031924557   43.392999869925   16.807769565888  362.033629630733
     0.349407393196   43.386872996421   16.799106297546  361.481171871826
     0.349774171036   43.401912301506   16.792253811243  361.017119358762
     0.350181850228   43.586006953373   16.795986818018  360.200304501519
     0.350589459575   43.794040939705   16.812954083392  360.161068783058
     0.350980009628   44.084606100504   16.867528798072  363.658250702953
     0.351388661559   44.381521765734   16.913219911100  366.746316903032
     0.351782766061   44.526430456547   16.932212394133  367.858278138559
     0.352176870562   44.454822358503   16.939175374312  368.289225707964
     0.352570975063   44.243234959203   16.932370096671  367.922904598571
     0.353005727077   44.018622847342   16.896236288273  365.169895487991
     0.353399831579   43.687090725459   16.831168271797  361.351884971488
     0.353793936080   43.353022427188   16.791051646061  359.343409069606
     0.354188040581   43.220078848361   16.772087289706  358.381751762668
     0.354582145083   43.531115673369   16.822800347165  361.284414985163
     0.354976249584   43.878661362119   16.875371217369  364.084526541659
     0.355370354085   44.063573981320   16.888123467211  363.786841688463
     0.355764458587   44.168831886080   16.895781704482  363.800790303021
     0.356158563088   44.066071802803   16.890349553214  363.701042069458
     0.356548514052   43.963929940502   16.886395341059  363.956040175267
     0.356968361562   43.946429443593   16.895212258170  364.984008280598
     0.357388114312   43.746402653781   16.887281301065  364.818541210325
     0.357804390051   43.606354368740   16.877136088205  364.366225160638
     0.358227361424   43.625061388607   16.877031541061  364.496579651337
     0.358623169681   43.552670701097   16.872849181790  364.137098465265
     0.359039197547   43.484228180391   16.864990550618  363.554866528478
     0.359420488015   43.497780517094   16.868508776177  363.730458000013
     0.359819460215   43.464734680146   16.868554340188  363.280779414287
     0.360235248132   43.478354045861   16.868254351451  362.747882674421
     0.360650939121   43.581304620734   16.881068544004  363.188420323095
     0.361069945531   43.708281214773   16.908600803428  365.804039190430
     0.361475335761   43.930633389531   16.948740582283  368.684235865611
     0.361897543368   44.059799782516   16.966108812622  369.467429909209
     0.362319665412   44.009250957258   16.967820563197  369.690261985238
     0.362741689796   43.901102985516   16.973372965887  370.108234885123
     0.363163633341   43.819456128433   16.974310287761  369.969627107553
     0.363585478555   43.760806639506   16.965040045329  369.522911798583
     0.364007237762   43.798106150119   16.958510566623  368.972215142483
     0.364428918524   43.867695174050   16.948634364332  367.522522208941
     0.364804280024   43.972337735147   16.948673158236  366.738426322374
     0.365123504670   44.063343735203   16.956610019734  366.862488416602
     0.365442729316   44.047252053935   16.957838265812  366.992546337406
     0.365787544619   43.975216900182   16.957084029482  367.421534142792
     0.366266710867   43.896471469613   16.978403806168  369.294388367332
     0.366745877115   43.726966710759   16.995372790850  370.476428110122
     0.367205604540   43.523464750485   16.978833591240  369.974537538062
     0.367633378550   43.402659449167   16.956224590295  369.368434959009
     0.368047859084   43.285909395107   16.952317929065  369.004367659418
     0.368410094628   43.196065439835   16.940851462158  368.559416084834
     0.368772044076   43.208589159397   16.946810895345  368.936902151766
     0.369171496940   43.280246758553   16.951190436300  368.683666332514
     0.369555287687   43.294258322981   16.935154612845  366.538922664243
     0.369819413325   43.454922119829   16.950787104230  366.940995037117
     0.370104821990   43.791874346810   16.992436570183  369.676114478334
     0.370483709498   44.096391586209   17.022237652342  371.199799600125
     0.370798977896   44.210871964451   17.030399604281  371.310516068197
     0.371142582143   44.231606935109   17.042082417764  372.159957844661
     0.371550985590   44.144178110139   17.067919038754  373.960455137292
     0.371940875131   43.997931389410   17.063126549905  373.555721698132
     0.372360961602   43.602136016665   17.021406208623  371.371907661222
     0.372807074523   43.045053227510   16.976988648633  369.949891503132
     0.373249234107   42.510228685855   16.902853327341  365.041142770414
     0.373697307771   42.362701292478   16.868421739176  362.952378552412
     0.374135201661   42.472742714193   16.892444603377  364.994057760777
     0.374573095552   42.691074771593   16.945662454615  368.918452472796
     0.375053352517   42.566216046601   16.958688558721  369.180988269308
     0.375491246408   42.302266823732   16.913488975321  366.779083225973
     0.375954991221   41.984948866908   16.908595162468  367.798722927724
     0.376392632647   41.515771079091   16.870248436998  365.522769443471
     0.376833153900   41.171139966678   16.804081757564  360.869330098811
     0.377198065476   40.959931066502   16.773348898607  359.219386125421
     0.377699741304   40.974167893942   16.794312903561  361.227495359760
     0.378081571639   41.143277043343   16.835694378777  364.325116491271
     0.378507204501   41.168301264798   16.853972955729  363.929330853279
     0.378906750519   41.308530361880   16.841587953254  362.552645109429
     0.379288646148   41.416595407715   16.859658456812  363.564798946211
     0.379697274640   41.571677097375   16.901113985287  366.882362068789
     0.380099122619   41.792088295082   16.938490001925  368.972119641297
     0.380536688859   41.769843671832   16.934926042573  367.913270149199
     0.381003664898   41.661377763294   16.911117719061  366.052461520574
     0.381450417698   41.648411907615   16.905950282377  365.301722719207
     0.381868683568   41.765909713658   16.924573558430  366.693888925760
     0.382276823920   41.960522774841   16.969744061359  370.378931092222
     0.382676549488   41.962704120135   16.992708502334  371.531097529892
     0.383082875294   41.740617963242   16.966579500588  369.310984983687
     0.383487462182   41.520030781564   16.926635696449  367.527708304811
     0.383895324992   41.280154445364   16.910285394403  367.114911485090
     0.384289262655   41.167714170549   16.904850138519  366.738536429989
     0.384719335482   41.156833005980   16.896489321245  365.866836750563
     0.385132327770   41.157351073142   16.894989930854  365.117252985861
     0.385549909100   41.120029887408   16.894453002489  364.804259355646
     0.385967426075   41.269864224470   16.917403508082  367.439204443089
     0.386384850026   41.512214971765   16.965064355841  370.439210444485
     0.386802212067   41.732881725907   16.984636419721  370.632592576051
     0.387158699274   41.769177085252   16.987281487094  370.685032888793
     0.387523610849   41.619491646780   16.972785775503  369.953998733832
     0.387888522424   41.594890487605   16.965489426334  369.445583374875
     0.388332126551   41.666886336824   16.973075528260  368.940037622910
     0.388696998726   41.824045559546   17.004413040091  370.734702185522
     0.389061808633   42.144454918031   17.062407441907  374.679066283792
     0.389426572218   42.198028178953   17.081972478732  375.913527238140
     0.389793104107   42.026542201169   17.059243212733  374.561277584511
     0.390344562321   41.755174243344   17.019841597417  372.339404318487
     0.390773981813   41.633364058878   17.027070139040  373.429173986799
     0.391203401355   41.408317325267   17.015821239424  372.874080591208
     0.391566610729   41.309544570395   16.982206052918  371.807858027506
     0.391895031146   41.238502697459   16.972598449013  371.447582986721
     0.392223451564   41.211337341500   16.976805900609  371.169607474033
     0.392562796165   41.312147191338   16.975720267052  370.160805634298
     0.392851933547   41.471606970567   16.986179499533  369.680426783952
     0.392871091405   41.483408802489   16.987773035080  369.711416004415
     0.393165246626   41.700622444574   17.025643037124  371.666370521067
     0.393460825002   41.938991991572   17.064320850908  374.259122922172
     0.393882272582   42.135628347261   17.075579001176  373.893043311465
     0.394254666731   42.252073406166   17.075876736716  373.444530886391
     0.394566581746   42.547532925175   17.111891950008  375.717956666599
     0.394764065166   42.738624645613   17.129209872966  376.376676213454
     0.395081314071   43.004957113555   17.139617537463  376.499937735409
     0.395252572627   43.144198027528   17.148476016186  377.455297337565
     0.395548219497   43.348447733615   17.188465652229  380.322777940610
     0.395782927702   43.396271286585   17.213087202523  381.141017682019
     0.396181940711   43.213242577895   17.216905494757  381.366048653209
     0.396587524025   42.662066049982   17.177422621971  379.749634004518
     0.396993040601   42.042237868693   17.119757078852  377.163717590052
     0.397388515814   41.415921658388   17.037555732903  373.315124759818
     0.397755212662   40.784784415198   16.962793154562  370.619703760006
     0.398076683704   40.532087192608   16.947148318193  370.047058390458
     0.398412112517   40.479882148822   16.946452081302  369.846639369539
     0.398697573973   40.442371981014   16.936641295359  368.560871359414
     0.399042336591   40.396867767319   16.921832931714  366.609725648641
     0.399407145602   40.601330460300   16.951837088787  368.505074063100
     0.399819306469   40.934104324764   16.988632143570  369.777609464208
     0.400184218044   41.400201625492   17.036058911521  372.189923225287
     0.400485724741   41.732555039384   17.072293137680  373.897792607581
     0.400731362729   41.877285471655   17.085814806899  374.047206936466
     0.401056169033   42.097351988750   17.107023729020  375.735755584885
     0.401300177985   42.250215932771   17.141210229097  377.772187260173
     0.401745704427   42.096379479341   17.136226590116  377.423040054157
     0.402191230869   41.718439488738   17.128179038727  377.806958768362
     0.402636757311   41.234172760284   17.065105768644  374.156902570296
     0.403082283753   40.798536251995   16.991430115149  371.960596929135
     0.403527810195   40.724987630879   17.000678741053  372.661854059983
     0.403952397407   40.668458709200   16.992055085952  371.520888805587
     0.404341488754   40.587198615442   16.982496640534  370.797754831549
     0.404767121615   40.582887754088   16.982539696669  370.504576965292
     0.405192754476   40.580848920996   16.986986676661  370.230885107519
     0.405545996076   40.605367282626   17.001122248076  370.677416435188
     0.405953286152   40.966748571359   17.046679516627  374.514655554776
     0.406360576228   41.205952514747   17.079857777832  375.871503043642
     0.406767866304   41.244163420027   17.078695666948  375.361526507346
     0.407175156380   41.182907672542   17.087568903414  376.614150584846
     0.407582446456   41.013349766201   17.079308050749  376.474825428324
     0.407983661834   41.048998439290   17.081850970942  376.251479507185
     0.408408721355   41.060484591426   17.073292838479  374.825822314388
     0.408787313805   41.007669938744   17.056034346580  373.101833035711
     0.409152225380   41.044542472172   17.058285707390  372.889485144420
     0.409451204478   41.074548209095   17.063827065097  373.439169909459
     0.409758084292   41.210208992316   17.092893907183  376.069863437557
     0.410093193556   41.361673179246   17.138063954158  378.265777326325
     0.410428302821   41.291743570487   17.127585324738  377.318817246592
     0.410763412085   41.083156541305   17.116975094759  377.739027630265
     0.411098521350   40.737768811790   17.111120422266  377.057682787620
     0.411495724475   40.344848296788   17.045666518446  373.948258564551
     0.411831037667   40.088159338906   17.026541968360  373.641331576640
     0.412195949242   39.840392698699   17.004606930155  372.420345438159
     0.412560860818   39.825458615555   16.986578190295  370.606857178117
     0.412911157715   39.880907925201   16.978648806768  369.648473341746
     0.413276069290   40.014210717809   17.004601365902  371.644331171993
     0.413640980866   40.271734090279   17.048397236131  374.598930894965
     0.413830734885   40.368300844260   17.060636920962  374.813867124563
     0.414195646460   40.430386795067   17.056503792677  373.430722031466
     0.414481420250   40.575149782021   17.068177389299  374.205654001782
     0.414729786386   40.826826987328   17.100259093858  376.720770041641
     0.414946483565   41.006692865063   17.124697190366  378.110582209326
     0.415205278016   41.142438113347   17.135840796086  377.966185241671
     0.415487607223   41.279004439440   17.142407836013  377.721453241430
     0.415826503801   41.351047629400   17.163086199547  379.182537328420
     0.416174220251   41.243827333195   17.190295195298  381.039422385847
     0.416539131826   40.954027305473   17.177806304936  380.381069460258
     0.416904043402   40.476626327719   17.127936118767  378.118358186090
     0.417295444220   39.788777132923   17.045614512748  374.651221070050
     0.417620371230   39.365935359185   16.993280321810  371.586126818369
     0.418003440805   39.034814582768   16.943977947534  369.120989078794
     0.418359076888   38.856515111620   16.919493705186  367.397053651904
     0.418713770939   38.657850977477   16.885500663932  365.502684328344
     0.419068464990   38.808905168064   16.915870858278  367.708349235812
     0.419423159041   39.034123213631   16.953967315421  369.798486078001
     0.419777853093   39.235655667822   16.979716486723  370.129947245437
     0.420133613943   39.507226120722   17.024690414086  373.382657180321
     0.420544205300   39.770595005075   17.068571369253  375.690134621018
     0.420955639035   39.859607540900   17.063640041524  374.411204460340
     0.421221668675   39.835289095760   17.053908646886  373.359775357701
     0.421528527544   39.810201883367   17.046004089386  372.922372005341
     0.421750427645   39.929466538943   17.057128530382  374.326572447349
     0.421962468099   40.107946543710   17.083389356974  376.609036729989
     0.422228838073   40.255257110293   17.115787867418  378.825309703640
     0.422534236199   40.298546213369   17.139945891436  380.024007343311
     0.422925107645   40.202931975523   17.159917344785  379.935927020908
     0.423315979091   39.751053166169   17.121365568589  378.034047811922
     0.423706850537   39.123606023640   17.047976288903  374.891277026347
     0.424085585070   38.659021968530   16.985456426301  371.960926800626
     0.424393298713   38.303838444689   16.942274101806  370.171542624500
     0.424761595330   37.992391239969   16.910019481376  368.452475248229
     0.425171046087   37.846657604706   16.883538274355  366.704723938372
     0.425643971488   37.887123898123   16.883590864141  365.806313739614
     0.426069076476   38.121623025889   16.922652711709  368.153721187354
     0.426479217576   38.400547550735   16.945530563289  368.837774442193
     0.426840943774   38.672486603197   16.990328902807  372.000559056393
     0.427205855349   38.862584957025   17.034068453695  375.212727590156
     0.427570766924   38.935039223759   17.066296620759  376.571431990329
     0.427985595510   38.815991232794   17.057353176970  375.316778292572
     0.428535384903   38.532055023391   16.993140797640  371.358741063623
     0.429085174296   38.219536855697   16.983465538241  372.430317626177
     0.429634963688   37.866951345598   16.947060419083  371.481122877154
     0.430184753081   37.608519227484   16.915032890696  369.681794390886
     0.430734542474   37.637449842406   16.904784501826  369.880467478344
     0.431284331866   37.789855009310   16.920856974263  369.917599539687
     0.431716043600   37.787261148076   16.918486143244  369.628830426114
     0.432188969001   37.692875071153   16.912478076619  369.431934319185
     0.432661894403   37.682434305196   16.911584514164  368.661767953609
     0.433029918329   37.758257819918   16.937258762049  369.202780989180
     0.433413090738   38.049422778627   16.982808788981  372.773898825494
     0.433703275603   38.204961216244   17.010503961081  374.775305108615
     0.434094147049   38.154219349828   17.026580337880  375.650442688664
     0.434485018495   38.039273690218   17.036716731156  375.251458629453
     0.434910420650   37.683383847741   16.996312469312  373.483593079623
     0.435262706324   37.349019522953   16.959671779657  371.356168779578
     0.435434531819   37.136969089824   16.924269947575  369.873473570217
     0.435886704174   36.736478983655   16.873021204858  367.700600835898
     0.436338876529   36.598239773987   16.845633014794  365.448163990476
     0.436791048884   36.799030259259   16.870991719052  366.637517388507
     0.437126048577   36.949736441595   16.889848772811  368.441925869956
     0.437480715751   37.020503680971   16.898849366738  368.815291390748
     0.437775973257   37.067243098624   16.907684111437  369.073709125045
     0.438089730798   37.077068927584   16.916082064248  368.980070797324
     0.438418151216   37.088748799603   16.929785031919  368.836521229067
     0.438746571634   37.258266175785   16.955222192595  370.507763125380
     0.439094945310   37.472433044925   16.972281944997  371.039354139365
     0.439395210476   37.803432093226   17.012575082605  372.692866777946
     0.439789408311   38.148473609556   17.051168843795  374.747879826100
     0.440087898927   38.256142801552   17.065578788958  375.521997682455
     0.440490030044   38.314157248328   17.091770196488  377.803495974684
     0.440892161161   38.097855532106   17.085724767412  377.454096777091
     0.441294292279   37.781080192593   17.048979949396  376.222687664125
     0.441696423396   37.468953254163   17.010979132826  374.073889681837
     0.442098554513   37.147545847429   16.960334309290  372.105399573401
     0.442500685631   36.942817398473   16.955311983847  371.968792017401
     0.442902816748   36.856131224943   16.943338520799  371.062435643325
     0.443288996576   36.853119937410   16.943455169659  371.045507111874
     0.443683101077   36.802234342977   16.940614025603  370.644653995882
     0.444143238814   36.764367593280   16.933232494549  369.984286601842
     0.444629787581   36.833621057472   16.941114210141  370.124805995144
     0.445116336348   36.915976298008   16.949845318035  369.987711334647
     0.445532773937   36.954489945415   16.952132494651  370.132426243034
     0.446027445680   37.055869281715   16.984317625741  373.101775967754
     0.446513994448   37.117354294074   16.989050965722  373.744325416308
     0.447000543215   37.149443651667   16.987616682827  372.591014407944
     0.447487091982   37.210664805607   16.986724145957  372.043638844731
     0.447973640749   37.389277831694   17.030052098784  375.227326559657
     0.448460189516   37.437512906153   17.053813146673  376.603024212893
     0.448947285608   37.267649389624   17.019907029737  374.109467783027
     0.449491536922   37.076980561543   16.974304491056  372.081291044030
     0.449979376524   36.986947904141   16.973329847928  371.666890569044
     0.450396362309   36.981090143677   16.976376951752  371.735389220592
     0.450734243398   37.058202288841   16.979087557617  373.371277478224
     0.451072124486   37.181043142053   17.013750842756  375.381788383107
     0.451548568917   37.308394788601   17.030930932661  375.579865403096
     0.452148900620   37.363899886427   17.055307194577  375.478707293890
     0.452734964952   37.479786510556   17.052689302263  374.993673610005
     0.453228655584   37.616124833665   17.057182988682  376.827179271373
     0.453686008704   37.808228682483   17.097605774199  379.614544495861
     0.454143264319   37.766424413329   17.098772213249  378.938766742179
     0.454596812180   37.590502641421   17.055785198959  376.697113856978
     0.455053923747   37.530950322803   17.064151167469  377.681664497948
     0.455510969648   37.507118542739   17.075313142356  378.353090206097
     0.455967943912   37.433753837230   17.086885406520  378.843521597450
     0.456424850349   37.284051679414   17.085312646202  378.311666401328
     0.457010692224   37.051045982971   17.026473347434  375.029325392303
     0.457697893113   36.837289655586   17.031224579820  376.158686929102
     0.458331958160   36.662267453799   17.008401416764  375.275655782408
     0.458809475037   36.402352828782   16.970176105360  373.584092202052
     0.459265943588   36.422572813877   16.973295215689  373.508208670234
     0.459722345661   36.425444635865   16.974981157597  373.719447100770
     0.460175024258   36.438978153744   16.998976190950  374.705731342072
     0.460613037426   36.500180518419   17.006126498666  374.240527356607
     0.461040036890   36.532707181140   16.993521686550  373.433778111222
     0.461464246674   36.536845584781   16.997825345095  373.232088293314
     0.461818639258   36.543611027320   17.002319104406  372.933189900752
     0.462173316196   36.532115394857   17.007633082491  372.678079233995
     0.462527963698   36.523240762248   17.012416076843  373.317639640311
     0.462882563576   36.631004946405   17.036330556252  375.511202648490
     0.463237128768   36.730122517922   17.072431722100  377.247564833348
     0.463591647496   36.762750312638   17.079965427207  377.718532722769
     0.463946123896   36.739330258825   17.079584005761  377.851680334910
     0.464300564181   36.725244915798   17.081269180733  377.902769493051
     0.464654957403   36.742123109953   17.084161913421  378.029542113525
     0.465009311105   36.745474748771   17.085628668680  378.119322388367
     0.465363626526   36.770102500281   17.092011125916  378.379545452078
     0.465717898308   36.741383308055   17.091791481416  378.305879198863
     0.466072128175   36.708380210228   17.088839945912  378.133833029123
     0.466426318347   36.729264124551   17.094014508242  378.264354784860
     0.466780462137   36.710665773265   17.090572684495  378.086525537574
     0.467134566771   36.722139101539   17.088783228932  378.151566566290
     0.467488628242   36.784351900870   17.092565809389  378.346042248382
     0.467842645758   36.783478548851   17.085503865568  377.529634535932
     0.468275249355   36.835806168677   17.077749147322  376.921401494820
     0.468725757473   36.896479305319   17.088872917712  377.039384835152
     0.469176265590   36.876830502256   17.089227620033  376.385177465952
     0.469626773708   36.875408677948   17.078885131623  376.060541276021
     0.470077281826   36.985394441825   17.099353324116  378.373585001488
     0.470527789943   37.108249039400   17.127108915002  380.799704006020
     0.470978298061   37.210480338299   17.146169884585  381.991329872629
     0.471428806179   37.173918115887   17.148895862595  382.137280308874
     0.471860983121   37.123684249395   17.154449944506  382.116474096502
     0.472298877011   36.972981755458   17.142195487334  380.969355308314
     0.472736770902   36.889656118950   17.122487540889  379.232151109168
     0.473174664792   36.783858892162   17.093017677263  377.138822127697
     0.473612558683   36.848548591906   17.102875613978  379.080828645865
     0.474050452573   37.039837941590   17.131138360963  381.092180414318
     0.474488346463   37.150684860495   17.142699861643  381.187598431283
     0.474926240354   37.140972906301   17.143101683486  381.440938466519
     0.475364134244   37.113744794740   17.150826663036  382.398998273341
     0.475802028135   37.120638969270   17.159627880586  382.909574862302
     0.476239922025   37.144640478704   17.161730646540  383.000394912067
     0.476677815915   37.117363263051   17.159112129628  382.881828361696
     0.477115709806   37.116672616438   17.163441932452  383.120533478956
     0.477553603696   37.108585063349   17.165162543303  383.152122032131
     0.477991497586   37.120918036908   17.170456157339  383.402444685518
     0.478429391477   37.159206867947   17.178575163151  383.707170115019
     0.478867285367   37.162698609202   17.174994265163  383.517153524970
     0.479305179258   37.179974037002   17.174067911099  383.196340649316
     0.479743073148   37.179634818089   17.166179145897  382.098469484882
     0.480180967038   37.214355479366   17.157883087510  381.686314014699
     0.480618860929   37.277675793065   17.172165112352  381.891568352844
     0.481056754819   37.259878516524   17.177616300688  381.383553439221
     0.481494648709   37.275011854780   17.189655189097  381.965326600785
     0.481932542600   37.408681626462   17.220448399873  384.843429902452
     0.482370436490   37.510353865604   17.242887107561  386.749382910924
     0.482808330381   37.528763524056   17.252292594389  387.339136499796
     0.483246224271   37.448353769783   17.254220712006  387.290318976782
     0.483675360284   37.313260875142   17.245168107592  386.301344882075
     0.483928615675   37.253110771619   17.223101884636  384.614232218680
     0.484381245020   37.057683608625   17.164327181978  381.073142629224
     0.484833829716   36.921025008073   17.148040603721  380.164436984067
     0.485288547580   37.011131343286   17.200910065603  381.871971169126
     0.485873453557   36.576096780158   17.123847243673  377.070338060789
     0.486344787963   36.405828287863   17.093281526134  375.099374151422
     0.486766665827   36.638248850595   17.123024560485  376.651492851935
     0.487188779437   36.802682660425   17.153721724315  379.249913084002
     0.487610893046   36.929872201601   17.189371675713  381.267455175369
     0.488033006656   36.972755555434   17.208838755033  382.282460938954
     0.488455120265   36.928919152017   17.206471556893  382.210844906404
     0.488877233875   36.889266434948   17.207364103155  382.320968020235
     0.489299347485   36.854008450767   17.201700506833  381.965846807773
     0.489721461094   36.832656525417   17.203853095904  382.130261484392
     0.490082084963   36.767602380249   17.193332546886  381.493097506504
     0.490419966051   36.746051714581   17.187786643834  381.041549506109
     0.490757847140   36.783948318530   17.188395238772  380.799128356545
     0.491095728228   36.852403459722   17.191683053740  380.669810350476
     0.491433609316   36.869349584879   17.193853426630  380.624841560675
     0.491771490404   36.948983224341   17.204932016534  381.125749364372
     0.492109371493   37.052734335549   17.215515682647  381.398385255850
     0.492447252581   37.106527521678   17.221220418025  381.402623235396
     0.492783062480   37.184228050378   17.233303834431  381.981192007963
     0.493184107645   37.088396642040   17.227849866765  381.934093939735
     0.493585086700   36.995087830790   17.220170958430  381.754587413642
     0.493986010670   36.913408898999   17.212436727882  381.317988380246
     0.494370362786   36.926145843275   17.212240103305  381.193546967586
     0.494771167869   36.918448862373   17.211140360063  381.193370402768
     0.495171916786   36.884551303057   17.209490268051  381.226214702389
     0.495572602871   36.833955977133   17.206685476516  381.212986505263
     0.495973234575   36.769290874912   17.200184957690  380.769168038124
     0.496373805410   36.852091168150   17.211208674451  381.131617523370
     0.496774317521   36.883956682098   17.218243352493  381.279337590434
     0.497174769923   36.887394142028   17.222417929910  381.444982720445
     0.497627264966   36.859028353678   17.219290384456  381.239535540540
     0.498164427292   36.934980450312   17.229542776452  381.665298373092
     0.498564505663   36.933030939887   17.230768152174  381.686714799604
     0.498956283304   36.960420325277   17.236500196400  382.375432832494
     0.499348060944   37.232293275442   17.269083578964  384.913646204141
     0.499739838584   37.567142453131   17.322190084256  387.529254506045
     0.500041507368   37.735010467777   17.350381384539  388.899114059321
