# {0} signal over time, extracted at r = 500 km
# All quantities are measured in a resting observer's frame at infinity
# cols=4 rows=943
#              time        luminosity               <e>             <e^2>
#               "s"           "foe/s"           "MeV^1"           "MeV^2"
  -4.6104138548e-04  1.1253734185e-06    7.754988602044   72.046703830665
  -4.3563258948e-04  1.0959201861e-06    4.789444396660   33.327933779323
  -4.2102208593e-04  1.0906234812e-06    4.352338514718   27.620816359557
  -4.1046138209e-04  1.0920891957e-06    4.159976401059   25.108909737754
  -4.0027417773e-04  1.0977266683e-06    4.026110016356   23.360518310138
  -3.9037131673e-04  1.1071958028e-06    3.926998967446   22.065692068053
  -3.8880725221e-04  1.1090525750e-06    3.913438969787   21.888500954371
  -3.7999664278e-04  1.1213489177e-06    3.845447384412   20.999842918950
  -3.7006317864e-04  1.1389720373e-06    3.782584709222   20.177803121241
  -3.5937650067e-04  1.1623923809e-06    3.727134967323   19.452169334808
  -3.4850610481e-04  1.1909665819e-06    3.680472414145   18.840915812151
  -3.3806255001e-04  1.2229345051e-06    3.642746018590   18.346089598017
  -3.2880834624e-04  1.2549583010e-06    3.613928427376   17.967552333567
  -3.2003002986e-04  1.2885425481e-06    3.589871473322   17.651026770385
  -3.1255966903e-04  1.3195777556e-06    3.571524981165   17.409209718808
  -3.0407306689e-04  1.3575694935e-06    3.552718449579   17.160829800289
  -2.9767085888e-04  1.3881522569e-06    3.539787642689   16.989682434210
  -2.8987829501e-04  1.4276138742e-06    3.525334029045   16.797933334333
  -2.8452275382e-04  1.4561726002e-06    3.516137951852   16.675638012255
  -2.7775404183e-04  1.4939703370e-06    3.505292078263   16.531046221444
  -2.6954502844e-04  1.5424051864e-06    3.493193083113   16.369202195386
  -2.6282502862e-04  1.5841851278e-06    3.484065528905   16.246652950744
  -2.5559341197e-04  1.6313032710e-06    3.474952295340   16.123817307288
  -2.4705714996e-04  1.6898279015e-06    3.465058090001   15.989784357216
  -2.3916964387e-04  1.7467211042e-06    3.456673386281   15.875512560896
  -2.3101402262e-04  1.8084139550e-06    3.448701960811   15.766133172674
  -2.2311286934e-04  1.8709738112e-06    3.441600756666   15.667936174573
  -2.1476984476e-04  1.9400265097e-06    3.434712766528   15.571836320195
  -2.0711011389e-04  2.0061355240e-06    3.428898333875   15.489909573743
  -1.9887353830e-04  2.0801231428e-06    3.423148785218   15.408003163187
  -1.9045991136e-04  2.1588009802e-06    3.417773219160   15.330436623132
  -1.8217521178e-04  2.2393294363e-06    3.412934320764   15.259608071402
  -1.7339844438e-04  2.3279396746e-06    3.408262216795   15.190103432250
  -1.6447221472e-04  2.4215258669e-06    3.403952743117   15.124786903877
  -1.5400038456e-04  2.5357561304e-06    3.399418468655   15.054483501315
  -1.4413309226e-04  2.6477539794e-06    3.395616748950   14.993945136860
  -1.3302857522e-04  2.7788409771e-06    3.391834989662   14.931838802783
  -1.2195478898e-04  2.9148874627e-06    3.388538377871   14.875674895551
  -1.1142490839e-04  3.0491959092e-06    3.385800808873   14.827118693985
  -1.0147974360e-04  3.1804947234e-06    3.383537337912   14.785215272925
  -9.4737986713e-05  3.2719707039e-06    3.382166275407   14.758828387512
  -8.6011867631e-05  3.3933629114e-06    3.380573137517   14.726931050802
  -7.8160549232e-05  3.5054895020e-06    3.379302590416   14.700269439194
  -7.0807647626e-05  3.6130166860e-06    3.378242904532   14.676940303831
  -6.3509390535e-05  3.7221787551e-06    3.377307654056   14.655261988497
  -5.7072906371e-05  3.8204826830e-06    3.376573452708   14.637299258049
  -5.0767315263e-05  3.9186542515e-06    3.375932039577   14.620700481752
  -4.5373675475e-05  4.0041073348e-06    3.375441513927   14.607251849924
  -3.9734881046e-05  4.0949187869e-06    3.374983424793   14.593900922929
  -3.4356370923e-05  4.1829557829e-06    3.374596418511   14.581815963592
  -2.9470051671e-05  4.2641473343e-06    3.374285408101   14.571367020134
  -2.4427871709e-05  4.3491490688e-06    3.374003508769   14.561096345031
  -1.9688645126e-05  4.4301836592e-06    3.373773440111   14.551901566644
  -1.5156201323e-05  4.5087252324e-06    3.373584019884   14.543511575091
  -1.0601128905e-05  4.5886950349e-06    3.373422901289   14.535466223935
  -6.1487724647e-06  4.6678737179e-06    3.373292944096   14.527966843361
  -1.8667684744e-06  4.7449744953e-06    3.373192943545   14.521085797353
   1.9946554100e-06  4.8153084964e-06    3.373123253862   14.515152733435
   6.2428344825e-06  4.8935776042e-06    3.373068535929   14.508917131826
   1.0277904026e-05  4.9687901922e-06    3.373037390120   14.503271304288
   1.4474779660e-05  5.0479250473e-06    3.373026084861   14.497679516876
   1.8336769186e-05  5.1215672460e-06    3.373034297587   14.492781495337
   1.8769766880e-05  5.1298732203e-06    3.373036316922   14.492246941699
   2.5572360128e-05  5.2941794780e-06    3.374073439355   14.491150082879
   4.0745252620e-05  5.6013394439e-06    3.374232451759   14.474574044790
   5.7751633834e-05  5.9587699454e-06    3.374600183223   14.459006151452
   7.5661927212e-05  6.3505142975e-06    3.375229682449   14.445856568584
   9.2064899969e-05  6.7237209684e-06    3.376080018200   14.437564633383
   1.0817846566e-04  7.1041588236e-06    3.377181942651   14.432665943987
   1.2392409648e-04  7.4895920337e-06    3.378532302718   14.431067243747
   1.4132784367e-04  7.9319121783e-06    3.380357316667   14.433043946298
   1.5733884710e-04  8.3544558624e-06    3.382356953847   14.438383003507
   1.7445595634e-04  8.8233247037e-06    3.384845352267   14.447863859506
   1.8966191757e-04  9.2551457710e-06    3.387365506113   14.459571568728
   2.0739369609e-04  9.7774674382e-06    3.390677705827   14.477143352808
   2.2362070840e-04  1.0273668892e-05    3.394062970869   14.496914603329
   2.4100644355e-04  1.0825185988e-05    3.398066836296   14.522004648773
   2.5953336984e-04  1.1436180811e-05    3.402761799574   14.553169547165
   2.7688527289e-04  1.2030792542e-05    3.407557303932   14.586473266932
   2.9543272741e-04  1.2690959371e-05    3.413106382240   14.626447472858
   3.1505489425e-04  1.3417766758e-05    3.419448266811   14.673623982286
   3.3580502367e-04  1.4218961008e-05    3.426675342245   14.728933255967
   3.5793210502e-04  1.5111253971e-05    3.434962722329   14.793996328914
   3.7952784527e-04  1.6020849949e-05    3.443617397619   14.863480084979
   4.0188434952e-04  1.7003835647e-05    3.453149670841   14.941540154247
   4.2552847521e-04  1.8090440256e-05    3.463829638310   15.030668085471
   4.5063318811e-04  1.9299182585e-05    3.475743108463   15.132085203866
   4.7740959249e-04  2.0657251851e-05    3.488759340937   15.245814791985
   5.0614629902e-04  2.2221776873e-05    3.501415276898   15.364039593289
   5.3685853380e-04  2.4151719192e-05    3.507326854812   15.445318163550
   5.6981568395e-04  2.7219834368e-05    3.485041378008   15.313672621712
   6.0538246158e-04  3.3450013486e-05    3.381935554029   14.493643048898
   6.4361998088e-04  4.5872786333e-05    3.254869416453   13.314225487061
   6.7897659119e-04  6.4007484740e-05    3.212528583756   12.764406311692
   7.1911341521e-04  9.3727205639e-05    3.238261296400   12.769593491663
   7.6265974788e-04  1.3933686722e-04    3.274061016144   12.922548742906
   8.0863404444e-04  2.0858862643e-04    3.313117973877   13.167223080300
   8.5784089326e-04  3.1670988219e-04    3.351830516684   13.484074853656
   9.0996267329e-04  4.8296926179e-04    3.381571060947   13.701234743995
   9.6644580764e-04  7.4841820811e-04    3.422330462511   14.018009336695
   1.0288913266e-03  1.1950705911e-03    3.479330061405   14.483215153454
   1.0951226124e-03  1.9316075409e-03    3.539256007090   14.993052185248
   1.1732820485e-03  3.3417285511e-03    3.610242924313   15.585384280021
   1.2593297008e-03  5.9701979078e-03    3.687849968778   16.253796825244
   1.3497191080e-03    0.010690288087    3.769930681285   16.961712358843
   1.4551682644e-03    0.020326516061    3.869047561370   17.814492657203
   1.5702470958e-03    0.039294467735    3.983662809110   18.825152183434
   1.7021805376e-03    0.077870637750    4.129632269763   20.157162581203
   1.8303860915e-03    0.136588894347    4.305538943933   21.895333525884
   1.9809924275e-03    0.233580566576    4.554501418095   24.571758526767
   2.1210346946e-03    0.352502766023    4.833165952079   27.790846393155
   2.2879441572e-03    0.536822516296    5.226563921987   32.683411838428
   2.4557853478e-03    0.781514365269    5.693160624274   38.987473477110
   2.6236265385e-03    1.103207316163    6.218872447705   46.700076811738
   2.7914677291e-03    1.512372588663    6.768817559162   55.403787589449
   2.9593089197e-03    2.009163161942    7.310046471710   64.614444296404
   3.1271501104e-03    2.581015661473    7.817752586975   73.828830835701
   3.2949913010e-03    3.208129570873    8.286313741768   82.867001283697
   3.4628324916e-03    3.870837228009    8.712783487716   91.569827548777
   3.6701921784e-03    4.708723558892    9.186777733673  101.834644443002
   3.8747535825e-03    5.523158295779    9.603581409362  111.432754849720
   4.0793149866e-03    6.300058846939    9.975663198955  120.504948763899
   4.2838763907e-03    7.023935141595   10.309196222569  129.085341421451
   4.4884377948e-03    7.687743031208   10.610069156751  137.224918094995
   4.6929991989e-03    8.290449909170   10.882141311050  144.947998026078
   4.8975606030e-03    8.826404519986   11.125926918260  152.204560955956
   5.1492096798e-03    9.345584352548   11.383192059454  160.315592464876
   5.2136641208e-03    9.446171868181   11.440315978318  162.202914990875
   5.4653433668e-03    9.727016213609   11.624111099514  168.588757831674
   5.7170226128e-03    9.899293324927   11.748883525692  173.319504125856
   5.9687018588e-03   10.042290951785   11.831958681667  176.719785893062
   6.2203811048e-03   10.198321559871   11.891454966043  179.253701372398
   6.4720603508e-03   10.383744773461   11.940509208223  181.312930685695
   6.7237395968e-03   10.598050590604   11.986773630004  183.152852491156
   6.9754188428e-03   10.839883166495   12.034650816448  184.928360018993
   7.2270980888e-03   11.105045318786   12.085528411899  186.708070436377
   7.4806624893e-03   11.389461631961   12.138762122897  188.503636376397
   7.7344271897e-03   11.696471320641   12.192968496677  190.283338008228
   7.9881918901e-03   12.030326725131   12.246929828471  192.010208266197
   8.2419565905e-03   12.389125897496   12.300804349586  193.687161934518
   8.4957212909e-03   12.778737940774   12.357392633133  195.407673872537
   8.7494859912e-03   13.196174170662   12.414701841934  197.130362775181
   9.0032506916e-03   13.640413021505   12.474329283990  198.912502894490
   9.2570153920e-03   14.117498939028   12.538280866006  200.809855729491
   9.5107800924e-03   14.612708324331   12.601418241268  202.686959325489
   9.7645447928e-03   15.136965731963   12.666163655361  204.595618831695
     0.010018309493   15.685917847394   12.731177043610  206.509035724160
     0.010272074194   16.234324206368   12.791649865345  208.305372976708
     0.010525838894   16.798123511849   12.851862359631  210.083322875731
     0.010777311067   17.375088920836   12.911615129968  211.841136132548
     0.011033414115   17.949385859883   12.966738752737  213.479247514083
     0.011289517162   18.514013112710   13.018302324142  215.008504823883
     0.011545620210   19.090635270356   13.070589171695  216.547360556299
     0.011801723257   19.650145418908   13.118335113184  217.966806834353
     0.012057826304   20.175783511445   13.158625786242  219.176488008853
     0.012313929352   20.699794780333   13.198941924850  220.387980970827
     0.012570032399   21.228543137485   13.241276447576  221.689110544251
     0.012826135446   21.703594442853   13.274418156208  222.699838677991
     0.013082238494   22.168500393238   13.305025106041  223.606290087605
     0.013338341541   22.638524319345   13.335922227916  224.504592446346
     0.013594444589   23.065007603147   13.359758305788  225.201745067165
     0.013850547636   23.464275427663   13.379440253974  225.770239826745
     0.014106650683   23.880601931193   13.402003870358  226.408937547179
     0.014362753731   24.297726911835   13.423893648502  227.025076258309
     0.014618856778   24.671248203172   13.438358284815  227.420357024024
     0.014874959825   25.020821277129   13.451021488442  227.759832572397
     0.015131241219   25.385642224103   13.468726887941  228.256383670537
     0.015391007785   25.767804765168   13.487865438019  228.801592647354
     0.015650774350   26.120166259200   13.500215814184  229.137671460618
     0.015910540916   26.452183425586   13.510812619594  229.425382839471
     0.016170307482   26.783356072593   13.523787153665  229.794141935350
     0.016430074047   27.119717036313   13.538045701019  230.223097193391
     0.016689840613   27.454642519363   13.551238185716  230.639113120997
     0.016949607179   27.766317923817   13.559808170994  230.876541393900
     0.017209373744   28.065588177104   13.568847905280  231.106920938817
     0.017469140310   28.365806043095   13.582301072929  231.487949396032
     0.017728906876   28.666393627679   13.597166404660  231.926083509538
     0.017988673441   28.942350973430   13.604836135207  232.133552602873
     0.018248440007   29.182509898068   13.606306584457  232.131125117838
     0.018508206573   29.411145036411   13.610215536460  232.208532185726
     0.018767973138   29.650696906796   13.619772464405  232.484077345642
     0.019027739704   29.912567071172   13.632449391345  232.872638936741
     0.019287506270   30.137000116298   13.636120723326  232.949132301688
     0.019547272835   30.311031602074   13.633392839293  232.807570577998
     0.019807039401   30.470579895039   13.632529272052  232.741717654316
     0.020066805967   30.653552339026   13.637673617626  232.889002600361
     0.020321557459   30.868934596178   13.646660948745  233.153599014706
     0.020575968981   31.074633925964   13.650806879715  233.243267677429
     0.020831934823   31.234248000264   13.649626535175  233.158235276016
     0.021085775348   31.358114342037   13.649085100664  233.114588197524
     0.021341765861   31.474303983647   13.649779432192  233.135733872207
     0.021599674192   31.620780551631   13.656383786677  233.389954886489
     0.021860309471   31.789497724001   13.665747635685  233.684751976422
     0.022114255149   31.912437139707   13.661576280892  233.430653651310
     0.022372748756   32.013712640056   13.653390878317  233.096468651499
     0.022629761231   32.125728077851   13.650484852983  233.020463520877
     0.022886773706   32.254195226994   13.651578346929  233.111855460504
     0.023136882446   32.405969459348   13.659326793564  233.435738334085
     0.023393758893   32.585313554843   13.673704799615  233.901496303302
     0.023644388198   32.723485202159   13.673149604481  233.726491808137
     0.023895037827   32.848211070645   13.666352642699  233.420849864025
     0.024147051355   32.978584637778   13.664040742971  233.376072602405
     0.024401452124   33.106616975285   13.663820523976  233.423228111725
     0.024655852893   33.244396858512   13.665880688574  233.568572372677
     0.024910653264   33.398606720552   13.668640124198  233.750794916720
     0.025007967445   33.463702476397   13.670396679348  233.847579518693
     0.026013369296   34.044783339058   13.669666339231  233.826507907574
     0.027024915254   34.604800696994   13.677965016309  234.419928691662
     0.028033652903   34.983306108338   13.674254086477  234.449992351563
     0.029041807340   35.168695398006   13.672063120175  234.411416320385
     0.030044454409   35.435795107749   13.665804183138  234.245195145003
     0.031062111242   35.615925243743   13.662747901882  234.306099015202
     0.032072483573   35.882636798145   13.672994348015  234.739491965380
     0.033086025062   36.145785186293   13.676223941476  234.687493546419
     0.034097619149   36.419484904947   13.699150371965  235.795365265032
     0.035120723031   36.668860445885   13.701964283036  235.723100122579
     0.036120881417   36.802488644346   13.700726050632  235.848343769811
     0.037121261565   37.033223737164   13.722068320602  236.877095641878
     0.038150828193   37.357994951710   13.739772677625  237.220992700489
     0.039180394822   37.390001573440   13.733510983712  237.061117197932
     0.040209961451   37.556840888626   13.747850081552  237.671528142100
     0.041239528080   37.875345917410   13.774845310575  238.717593156402
     0.042286206931   38.290420133578   13.818291184957  240.350081821789
     0.043318799015   38.477552847433   13.801697943270  240.060901532629
     0.044351391099   38.704883056141   13.827599922054  241.004600413055
     0.045383983183   38.809290095617   13.845979171080  241.687297256554
     0.046416575268   38.718791793334   13.831806153811  241.145100546077
     0.047449167352   38.618075413038   13.810515083468  240.418288004267
     0.048481759436   38.890682133475   13.835923195692  241.388653688084
     0.049514351520   39.319448553318   13.874760496460  242.835251136932
     0.050546941263   39.420678846931   13.888045376615  243.353299091964
     0.051579530129   39.372210233143   13.876954943402  242.908383677932
     0.052612118994   39.451382847531   13.884218586046  243.282270870740
     0.053644707860   39.592734387852   13.922035027410  244.736196404265
     0.054694484043   39.580217843219   13.937342301462  245.087665195470
     0.055720482217   39.333636199160   13.897208618487  243.863712856173
     0.056729007907   39.250595542828   13.931886283943  244.808004343734
     0.057753971971   39.361188100459   13.973424846231  246.300526342706
     0.058772870851   39.507372913244   13.994988371027  247.183365427559
     0.059791769732   39.518178143807   13.993602223171  246.805782604916
     0.060834798156   39.443356960319   13.994385930814  246.796182455722
     0.061842798156   39.405728524343   14.004747970261  247.341938208225
     0.062875291877   39.443202261812   14.027074386456  248.227454252875
     0.063912715553   39.410311948372   14.040149300737  248.201366714093
     0.064966717782   39.345004795719   14.020127194826  248.085127869738
     0.066019334818   39.416210130689   14.066045828209  249.745198211610
     0.067036493218   39.516215033316   14.109413745557  251.150521100488
     0.068096966276   39.358738886105   14.090810643944  250.143742000620
     0.069174604037   39.144411583592   14.060261639551  249.439053547793
     0.070216174955   39.011809752786   14.049211088618  249.356704076762
     0.071224104053   38.993924181596   14.062880373779  249.911450677156
     0.072240692009   39.048748025287   14.103750214741  251.146517120514
     0.073272335753   39.101315059858   14.117505149149  251.638242997698
     0.074302043753   39.084213901781   14.131751479303  252.071666024214
     0.075336384622   39.061901710588   14.169458272775  253.101310214400
     0.076375674134   39.101709694656   14.171129651373  253.907905592737
     0.077396821031   39.148496349640   14.188702170896  254.704675842627
     0.078448804417   39.195735854505   14.209780112236  255.500346487831
     0.079456804417   39.267263606673   14.237048866131  256.366064373498
     0.080464804417   39.321773392518   14.251640777293  257.136425553882
     0.081538868432   39.339751145321   14.287480281209  258.435914261133
     0.082543733434   39.269820964243   14.291845234228  259.038150957185
     0.083615483636   39.224487472705   14.333058331717  260.230242155901
     0.084643431297   39.143352941858   14.301729315118  259.640872251604
     0.085698712827   39.201253487201   14.322784872945  260.585356043080
     0.086723171239   39.350626970867   14.395067294686  262.748280887268
     0.087747629652   39.388125513042   14.392799121421  263.058427514573
     0.088772088064   39.296539772742   14.403281583001  263.529815603862
     0.089796546476   39.104427661006   14.402445080180  263.593593355600
     0.089988632429   39.074140916941   14.402680399518  263.612993685037
     0.090992036329   38.974897464100   14.416596505293  264.136634061883
     0.092012036329   38.959167801222   14.430884813447  264.733266108528
     0.093057394719   38.947245318027   14.438645614267  265.399793679207
     0.094093654719   38.954321307207   14.471728712554  266.363844213464
     0.095135100573   38.863980306379   14.489977103204  266.712491200507
     0.096174351828   38.902212315787   14.500790367519  267.830104550267
     0.097199401149   38.930349668374   14.526795094359  269.063550082141
     0.098233014853   38.789101788663   14.521302151520  269.056081625964
     0.099286591434   38.671806117782   14.518469185892  269.091377920628
     0.100340168015   38.580438758511   14.535014945034  269.662965784834
     0.101360709273   38.582050036398   14.557100479650  270.504034056755
     0.102366729273   38.559903158979   14.602651322979  271.737159380839
     0.103372749273   38.540546861233   14.607401970173  272.658367619000
     0.104378769273   38.437843857417   14.623289257869  273.471732161500
     0.105384789273   38.295587885379   14.629349460321  273.773078363199
     0.106390809273   38.191940795687   14.638248229265  274.162284426402
     0.107396829273   38.117003781438   14.645274620696  274.492662447880
     0.108402849273   38.072654728620   14.653957256859  274.845379829357
     0.109408869273   37.970687664843   14.659716713323  274.980761648232
     0.110414887688   37.766060854975   14.658945688945  274.840732770940
     0.111420900397   37.708304213972   14.671797810328  275.897292730871
     0.112426913106   37.739372872969   14.702615037056  277.364028251051
     0.113432925815   37.687303341949   14.714132821830  277.848501364421
     0.114438938523   37.537174446428   14.715074357950  277.828550718759
     0.115444951232   37.426422429053   14.722732055460  278.097373348568
     0.116473649647   37.356471123953   14.739449195169  278.781124524557
     0.117486149647   37.290143830500   14.776986450490  280.431976383418
     0.118498649647   37.189732457544   14.784760902023  281.161069501959
     0.119511149647   37.050395345766   14.789584369007  281.412225806470
     0.120523649647   36.976654735395   14.798530968560  281.816260093478
     0.121536149647   36.885313433023   14.803698019219  281.999880798385
     0.122548649647   36.707823478707   14.804274816419  281.833305983174
     0.123561149225   36.544979424141   14.806763657944  282.250101844237
     0.124573636572   36.533861406437   14.838407741494  284.135972685183
     0.125586123918   36.484555679769   14.853266784665  284.692404735924
     0.126598611264   36.339476220659   14.849636023832  284.366172536307
     0.127611098610   36.145662923294   14.849956467954  284.237744956116
     0.128623585956   36.156072093299   14.874803284285  286.092198927635
     0.129636073302   36.084924447417   14.899552811247  287.186158966197
     0.130648560648   35.953191684172   14.898616838237  287.087633632942
     0.131661047995   35.798052349980   14.899357248369  286.967000923527
     0.132673535341   35.636809401154   14.901470767162  286.989749257201
     0.133686022687   35.595349693398   14.925075876815  288.824723698092
     0.134698510033   35.530900559378   14.944046280359  289.657659825293
     0.135710997379   35.350629074926   14.937235054269  289.263957913404
     0.136740247381   35.185341970573   14.939027533211  289.200029310402
     0.137741869771   35.075930549216   14.949024566439  289.613418520628
     0.138743492161   35.031924026742   14.973882567239  291.275430470940
     0.139745114551   34.877859215261   14.972976302932  291.190565459988
     0.140745581795   34.736647200245   14.976005106763  291.094626689647
     0.141765934162   34.641394276670   14.988871237723  291.968713018862
     0.142786286529   34.566230762004   15.012821195763  293.333756045273
     0.143806638895   34.381770600435   15.006781830735  292.904805251842
     0.144826991262   34.264904318754   15.013031493429  292.900458884393
     0.145847148276   34.206580146506   15.023545873888  294.282412365454
     0.146866303080   34.098447162384   15.042313136063  295.161343983354
     0.147873161825   33.909781955220   15.036505743678  294.590947702040
     0.148884291756   33.835597215541   15.052124200123  295.464743662092
     0.149895421687   33.762296937548   15.074653508545  296.915602115690
     0.150898279747   33.619879263601   15.066851672103  296.197006357493
     0.151900185735   33.457303425331   15.066188434498  296.352015667779
     0.152902086444   33.456293920427   15.111907235016  298.923844650745
     0.153903987153   33.298700964924   15.106155254647  298.602432426197
     0.154905887862   33.080070859406   15.089800633381  297.331199780544
     0.155907788571   33.062439400339   15.106478919155  299.014102063987
     0.156909689280   32.993806109601   15.127488820574  299.974796795179
     0.157915853396   32.743529271588   15.106874793483  298.602669320720
     0.158926624225   32.655561824014   15.131133785714  299.505385843904
     0.159945721253   32.586536032065   15.163813352898  301.397707069678
     0.160964818282   32.407999055420   15.122598006996  299.827910027469
     0.161983915310   32.330685337302   15.134262176422  300.815664320875
     0.162989862089   32.261492855260   15.160896689664  302.048460058373
     0.164000780058   32.131486220498   15.164778848738  301.532476108729
     0.165011698026   32.049203806739   15.196045952529  303.804479792944
     0.166030311500   31.929584075435   15.196492962328  303.801320852327
     0.167039567930   31.786474851563   15.177637605680  302.558717835301
     0.168041942930   31.629755609857   15.213407900505  303.871782369757
     0.169044413289   31.599892262553   15.229547666580  305.660594299317
     0.170045835495   31.431809584580   15.185596676317  303.783261109503
     0.171050675524   31.298699033076   15.222871975384  304.678779562915
     0.172056240342   31.229303845410   15.239374270023  306.325447614570
     0.173056977794   31.103154079373   15.194701904671  304.725533452818
     0.174057715246   30.953346716879   15.198287539113  304.908372426761
     0.175064611083   30.937064558186   15.235270729748  307.157665179672
     0.175988368731   30.810915262727   15.231471388300  305.998303185924
     0.176912126379   30.768032819796   15.289576217713  308.744625786751
     0.177924018089   30.621642938466   15.279992812503  308.923967977451
     0.178936094494   30.469621378457   15.226646035531  306.899047356571
     0.179948170899   30.339746529077   15.230699412733  307.109961406168
     0.180951604449   30.328502478356   15.268391119132  309.035214023253
     0.181953314744   30.231976481814   15.289731104290  309.364120670765
     0.182961513680   30.182352057942   15.311721266953  311.153261397834
     0.183968626440   30.050450928538   15.303045387640  310.787313629033
     0.184970452058   29.826954585778   15.281379444620  309.531596919277
     0.185824064351   29.684616745527   15.244292460831  307.892355035797
     0.186824942468   29.732170916006   15.323003575317  311.758488011223
     0.187595882843   29.586784729508   15.271400597721  309.565280483760
     0.188366823218   29.517238643677   15.322582471186  311.216870854002
     0.189319152110   29.501362131557   15.352960864745  313.721633242345
     0.190323318211   29.298416812434   15.295661930548  311.178072212065
     0.191037355847   29.180935757209   15.281995265917  309.906432873418
     0.192003030005   29.282858602311   15.388521958058  314.960685038469
     0.192964460762   29.069974543259   15.309177284721  312.156838114800
     0.193901744287   28.962592142869   15.313091779950  311.737826652252
     0.194622557275   28.821465612992   15.297317224418  310.664242392603
     0.195394021656   28.776307413931   15.339124679773  312.772914257930
     0.196291511871   28.745508462534   15.356797862808  314.425277676338
     0.197079938589   28.601597548936   15.300544372521  311.768063701683
     0.197867714761   28.627806301908   15.371767984584  315.423860252705
     0.198788695848   28.539610290714   15.366755702148  315.414592000358
     0.199483331065   28.438864481243   15.351319936258  314.225511727613
     0.200132062754   28.281309838856   15.291572677414  311.704931525607
     0.200977017841   28.334231236679   15.393435170933  316.245181216256
     0.201625749531   28.236169396923   15.361041497065  315.145705910202
     0.202274481220   28.174039471822   15.350907593574  314.331963903588
     0.203096822918   28.207052390481   15.409502033255  317.852197769304
     0.203697500409   28.095079522595   15.380454037180  316.262424399265
     0.204298177899   28.040084163551   15.361243061273  315.111430386795
     0.204898855389   28.108804320110   15.439144241100  318.991334151034
     0.205430829926   28.074704426188   15.440082550660  319.689286222856
     0.206060658608   28.023211237988   15.446939170278  320.204043932031
     0.206717172543   27.918671503455   15.442752192808  320.420079765778
     0.207450765788   27.790356292565   15.425195566704  319.232622225896
     0.208051443278   27.732586471429   15.419321169375  318.986705286867
     0.208733163879   27.610840955286   15.375855454467  316.422192301664
     0.209273773621   27.666458943628   15.428411218915  318.797336867058
     0.209814383362   27.576575057262   15.391559864198  317.236272008032
     0.210354993103   27.603363737298   15.449883250360  319.857920663559
     0.210895602844   27.642637267342   15.474068017097  321.797332501562
     0.211436212585   27.590395286681   15.470129574036  321.670838531029
     0.212101229528   27.485183051518   15.455177239011  320.828871405804
     0.212912289708   27.363362433958   15.443105644847  320.079812703445
     0.213463317015   27.298446142045   15.397063772201  318.312545953450
     0.214003926756   27.224561552650   15.397205239156  317.410533053572
     0.214544536498   27.190772975712   15.424771369116  318.553116469765
     0.215085146239   27.247220987249   15.472218717536  321.853849091898
     0.215625755980   27.217083221509   15.472190395776  322.149153910799
     0.216166365721   27.168413936763   15.470580277542  322.023085134366
     0.216930436112   27.030730415869   15.455290888421  321.171858488662
     0.217471045853   26.921274230891   15.433607419025  319.866387638487
     0.218011655595   26.852377013176   15.388455012599  317.843209032240
     0.218552265336   26.900515038583   15.446238836915  320.191755975158
     0.219092875077   26.920148297565   15.482828904824  322.897963094292
     0.219633484818   26.867338967525   15.484686247282  323.342795459573
     0.220174094560   26.820759362575   15.485915028311  323.467548927024
     0.220714704301   26.727773423706   15.472239100519  322.761594132598
     0.221402756768   26.651759345006   15.464438681677  322.328912441424
     0.221943366509   26.608966533958   15.465652981892  322.263383822547
     0.222543466730   26.436784084627   15.397455270499  318.753901320042
     0.223023257875   26.468675433530   15.445457208587  320.922604754447
     0.223509806642   26.521870284477   15.477216472795  322.849136013287
     0.223996355409   26.434907620650   15.444205033651  320.888790973223
     0.224482904176   26.469157661999   15.490450353376  323.283876096423
     0.224969452943   26.318976367067   15.480139149883  322.703493717632
     0.225456001710   26.355739791670   15.470532210791  322.357535904460
     0.225942550477   26.341222953632   15.471175035507  322.465892116376
     0.226429099244   26.236003077413   15.464218727378  322.273690246471
     0.226915648012   26.188619788884   15.461429650076  322.138292728828
     0.227402196779   26.208287521485   15.472384339667  322.668797913312
     0.227888745546   26.138726664130   15.468456021061  322.573141790188
     0.228375294313   26.075574132697   15.464796167838  322.472511625893
     0.228861843080   26.062042252153   15.470752565047  322.824047727401
     0.229348391847   25.983188219650   15.461252734143  322.410399683833
     0.229951778730   25.940139401096   15.458676845586  322.248283201531
     0.230681740240   25.875881118645   15.449501215517  321.577049799898
     0.231446119367   25.764848265078   15.404638849363  319.541245213651
     0.232194987981   25.711278298256   15.405012158578  318.551339108253
     0.232943856595   25.667479924884   15.396661843844  318.955973878148
     0.233692725209   25.807692053084   15.504715859078  325.811227532006
     0.234441593823   25.744755968432   15.505554808604  326.099693246475
     0.235190462437   25.571452543000   15.475044022911  323.003594506389
     0.235939331051   25.278523544680   15.370521892234  317.027578106059
     0.236688199665   25.200899441158   15.359705495380  316.395939664429
     0.237437068279   25.353883530932   15.436215612249  322.137429390403
     0.238185936893   25.308096708639   15.454434720063  323.449779644675
     0.238934805507   25.247648968534   15.454142490787  323.451208473900
     0.239683674120   25.141576286972   15.431839211365  321.954181137257
     0.240432542734   25.062301937538   15.413261293331  320.532239885217
     0.241179888709   24.958877691935   15.397997830054  319.514938437879
     0.241852625384   24.868342726977   15.387578290208  318.773735836693
     0.242525362058   24.793683909963   15.377657980441  318.095264699446
     0.243198098732   24.921977982518   15.453056222820  323.510819480539
     0.243870835406   24.871338054420   15.455211519383  323.568427243120
     0.244543572080   24.808078167642   15.437632042573  322.399262189311
     0.245206212880   24.712047071554   15.425875771280  321.482715205352
     0.245811643730   24.620837545623   15.408697841143  320.101323276932
     0.246398831919   24.632830299094   15.413051717521  321.165069062087
     0.246970764733   24.766800974924   15.505539195106  326.867947814418
     0.247542697548   24.731529922246   15.512954177751  327.440190318527
     0.248114630362   24.670681725526   15.509372714169  327.262840401561
     0.248682178478   24.610982108431   15.502346676063  326.915173227233
     0.249258885555   24.556698061248   15.487237762167  325.794102468416
     0.249844774380   24.474446283579   15.466560914133  324.256150905149
     0.250435094917   24.409524137279   15.447358574310  322.822818954430
     0.251025154481   24.343828071732   15.436317238331  321.937578584915
     0.251614904834   24.270486109550   15.425079060011  321.008180503255
     0.252204415256   24.218151692784   15.417027312536  320.447388514386
     0.252835679842   24.161220377461   15.411948214960  320.322894819569
     0.253359273270   24.098379833639   15.406757847842  320.140672799985
     0.253735058027   24.041590785893   15.401175486147  319.829965674484
     0.254110842784   24.001176404081   15.391532897253  319.693414479237
     0.254486627541   24.094014628252   15.424407487957  322.865791336860
     0.254862412298   24.192647727209   15.517172639712  327.522183652742
     0.255238197055   24.153699692771   15.530400565935  328.072796405341
     0.255613981812   24.096878931463   15.506571756462  327.133982068693
     0.255989766569   24.081995625235   15.505783830999  327.188818427502
     0.256365551326   24.069657165891   15.515254482606  327.842007868109
     0.256876651638   24.004288590703   15.512855348365  327.845099665478
     0.257439514966   23.954072891868   15.505280755142  327.392173349913
     0.258007580894   23.890297737824   15.477103146767  325.696616099302
     0.258422932937   23.847171450131   15.449141427554  323.840787059241
     0.258774918004   23.808829687579   15.443018042836  322.726523803003
     0.259126903072   23.818727151152   15.447910489290  323.476181979620
     0.259478888139   23.924146104828   15.499278255183  327.661303920537
     0.259830873207   23.978991736043   15.572034024983  331.161983766426
     0.260182858274   23.946891812589   15.583198706269  331.522224181167
     0.260534843342   23.895760342750   15.565306828604  330.931135515301
     0.260774193188   23.861186948879   15.556487294419  330.512551278097
     0.261282821493   23.800283776401   15.542869901146  329.778267164775
     0.261830018954   23.759829368159   15.536714348206  329.284897901809
     0.262245203010   23.699087670539   15.515291530468  327.948054715144
     0.262656856289   23.625855328320   15.475756358467  325.858845275037
     0.263058157202   23.571847165143   15.461139388365  324.217110943492
     0.263476338577   23.636987888938   15.488819983565  326.012776173871
     0.263901195186   23.708169067210   15.544951777050  329.399835521422
     0.264325885226   23.649204297537   15.532839007157  328.525521779335
     0.264750450795   23.584370490225   15.506980372516  326.647668213097
     0.265174900655   23.534276125753   15.490336464797  325.539938115115
     0.265726037614   23.472679498736   15.480528370691  324.839578608648
     0.266223933596   23.414128655988   15.472574915707  324.423141336424
     0.266721829579   23.331016473724   15.455181093824  323.517211501999
     0.267158359394   23.370964783651   15.461941565614  325.088077221230
     0.267596223332   23.507212521505   15.545245579324  330.135163286915
     0.268046423646   23.482962607249   15.550158670097  330.257703431357
     0.268479027744   23.438664194443   15.541462277076  329.414459843930
     0.268902348409   23.430237883704   15.551116468363  330.347042269353
     0.269325524842   23.403452027093   15.560847635520  331.379162652969
     0.269748581569   23.358983340110   15.559830789942  331.318680608437
     0.270171533431   23.339277994670   15.560613728366  331.074723060291
     0.270594337802   23.299192259416   15.550438837157  330.385652515310
     0.271017015274   23.255324212787   15.534999879310  329.354097532425
     0.271439595264   23.207966413057   15.522012365002  328.489924871592
     0.271960615348   23.145077212120   15.508709102771  327.528112196026
     0.272385972830   23.112308193843   15.504489124956  327.107076197413
     0.272791274034   23.043544331808   15.486631457703  325.692596738576
     0.273193069783   23.027066977515   15.468359914930  325.390242245476
     0.273608248935   23.186266638935   15.552835211033  330.885770855113
     0.274030082271   23.247373902829   15.608535374511  334.226566844907
     0.274451784693   23.204633560626   15.604433992626  334.241350054145
     0.274873354530   23.191986063278   15.610579163895  334.893721911121
     0.275291441158   23.195407822178   15.626487222867  336.010862918014
     0.275712782328   23.141614059622   15.620913604807  335.747366273888
     0.276133990763   23.106671491527   15.616466021099  335.552368177368
     0.276555081897   23.109408480540   15.623713951856  335.879285472105
     0.276976067518   23.069312481562   15.611917204296  335.110119765352
     0.277386815998   23.034963903539   15.601240051647  334.457823685167
     0.277780623572   23.027134691895   15.605355879803  334.683427671617
     0.278184434674   22.989958543904   15.601352331651  334.439700149135
     0.278588120863   22.938163055856   15.590440492288  333.697092732744
     0.278978240869   22.893460718211   15.578523764295  332.766451891011
     0.279480431230   22.826352382046   15.553112359902  330.811170535048
     0.279936273468   22.751468519151   15.522520119265  328.428246536083
     0.280392115705   22.708430242296   15.502845989510  326.630797500485
     0.280847957942   22.735377211505   15.497237355709  327.418340069127
     0.281303800180   22.867709326725   15.589191376070  333.700363932583
     0.281759642417   22.918817041588   15.645669049023  337.446201086243
     0.282215484654   22.883664011127   15.647700197440  337.675559012444
     0.282671326891   22.841494500400   15.636850406417  337.312035813927
     0.283127169129   22.833209414470   15.641719732771  337.624883642505
     0.283583011366   22.816227197747   15.641802182475  337.463609935728
     0.284038853603   22.752384705062   15.626283081900  336.391236864163
     0.284459335729   22.687597543407   15.602059300115  334.718572159642
     0.284868048807   22.667079982037   15.588709397941  333.595873749162
     0.285273294293   22.637419618709   15.576316855405  332.494422090946
     0.285688465013   22.575436442820   15.560493147484  331.312500958848
     0.286205013663   22.513673936276   15.548192187309  330.248725412614
     0.286653531004   22.478824501120   15.537099389080  329.303223049043
     0.287065578213   22.443787709711   15.524933412572  328.269791408883
     0.287477625423   22.468413686942   15.527969876866  329.691606206519
     0.287889672632   22.587224056356   15.616321844097  335.543501309494
     0.288301719842   22.636290581299   15.663705958247  338.559185665337
     0.288713767052   22.640084966079   15.677174955023  339.652445647076
     0.289105253697   22.610974261385   15.680675950222  339.975707431787
     0.289477079663   22.567056668269   15.675221552775  339.677900040948
     0.289845705737   22.547405875480   15.670005378283  339.292059314834
     0.290220217914   22.541246667591   15.667145022534  339.127750788914
     0.290604358085   22.526764660416   15.668353844191  339.184078431888
     0.290929372942   22.517454339902   15.670803289922  339.321700525142
     0.291324414805   22.499045233911   15.667152052285  339.147710537979
     0.291741281190   22.456118136062   15.653259171843  338.135998563543
     0.292158037722   22.394380338403   15.627247323709  336.129825943523
     0.292624751077   22.322575564325   15.594454007020  333.459062284841
     0.293028404678   22.274236392230   15.569276257575  331.357232344146
     0.293432058280   22.249735925498   15.556263009713  330.171271774482
     0.293835711881   22.245574592872   15.550927568642  330.667876063793
     0.294154244872   22.336556835008   15.607119846040  334.939517557759
     0.294565075447   22.442707431252   15.687595537079  340.267695120045
     0.295056849558   22.468344913613   15.711049523811  341.979530004455
     0.295472296158   22.444065130189   15.720953883740  342.387921196782
     0.295842163003   22.404040657429   15.721200160081  342.487181210975
     0.296247849788   22.328979170561   15.681265492968  340.127993481265
     0.296630177421   22.195423447010   15.612643181477  334.775100424069
     0.296897712302   22.114246601669   15.577276524829  332.329209877091
     0.297173664856   22.053362567359   15.565591993961  331.328702863214
     0.297485146315   21.999661959636   15.545278712254  330.309570672398
     0.297794071963   21.976498300022   15.535227433515  329.762638028460
     0.298100459821   22.053449848824   15.572512703706  332.313283096093
     0.298406786693   22.146080548834   15.643543484800  336.413819137759
     0.298764692019   22.150578199968   15.651877376123  337.316083314633
     0.299231417782   22.097261021663   15.625408747675  335.623270048188
     0.299698014352   22.056101256986   15.609477361952  334.145147345828
     0.300154545822   22.009837230204   15.587901437495  332.469137351962
     0.300573784067   22.038276897115   15.588687625102  333.102577974972
     0.300993022313   22.101602635517   15.640790004300  336.315908785842
     0.301412260559   21.990896925125   15.599658208533  333.621692734343
     0.301831498805   21.943215685349   15.582910288651  332.772511640506
     0.302234211576   21.931219666172   15.595098437382  333.986059195779
     0.302641296820   21.883170048807   15.593371328028  333.914453701841
     0.303023295424   21.847736710718   15.581049699790  333.104276295659
     0.303398534035   21.826263938901   15.577691336362  332.672402278678
     0.303787747265   21.790249087486   15.571031811909  331.860836189806
     0.304164558636   21.777325234678   15.565890695026  331.519635234586
     0.304556088120   21.758570800502   15.569705202487  332.127484503875
     0.304952151277   21.732217117749   15.575949018387  332.853988145751
     0.305345969751   21.702859795782   15.575194222190  333.046874313616
     0.305759123463   21.665138863889   15.570411552424  332.612800214168
     0.306172181381   21.633841299930   15.558799838435  331.712882655292
     0.306585140606   21.609073341664   15.552440995407  331.202136861108
     0.306997997708   21.565279316322   15.541868581590  330.720495465860
     0.307410747131   21.576245895974   15.547570948577  331.585165921319
     0.307823390153   21.574134167503   15.566851300419  333.320537370437
     0.308235936199   21.535565545963   15.572873232780  334.019271680735
     0.308648370899   21.527563152543   15.580905551286  334.732016928170
     0.309060703833   21.506270616489   15.581667604325  334.658462441956
     0.309434718117   21.452779092444   15.561148921395  333.109137572099
     0.309816220886   21.413448106482   15.543609805386  331.929996347968
     0.310198659308   21.392208582774   15.538326921367  331.495429625343
     0.310571632462   21.373410005031   15.535509669022  331.291277409865
     0.310932579510   21.353419992761   15.539809588878  331.483485346317
     0.311326836222   21.310884009615   15.535102411706  331.432535729801
     0.311713775166   21.282438098281   15.532302333298  331.423870104549
     0.312091429202   21.260242230057   15.532720180477  331.500094248968
     0.312454375856   21.231486135667   15.526873795602  331.137487976450
     0.312806067551   21.196000593399   15.513915886254  330.438544590206
     0.313189253532   21.168978424195   15.509331946026  330.145912294603
     0.313572439513   21.160569009438   15.517155631303  330.783663463422
     0.313955625495   21.139271826097   15.525816487870  331.588170621000
     0.314338811476   21.109309504931   15.526633665681  332.060111012645
     0.314878639384   21.126315212429   15.549062445255  334.049769475884
     0.315396557599   21.132458973357   15.579004900059  336.291401205772
     0.315914475814   21.081631441201   15.577727029671  336.406836034274
     0.316413603376   20.908111434073   15.485040126802  329.945640445478
     0.316692651024   20.806508334755   15.430927012335  326.415101230866
     0.316985978914   20.748988858906   15.410387833263  325.009031809110
     0.317291253869   20.704576391341   15.401618197359  324.188684343870
     0.317598940051   20.688392517140   15.400371950542  324.152367796445
     0.317906588430   20.757084549695   15.441122153323  327.196146973551
     0.318214173837   20.818270206738   15.511276186435  331.174539517578
     0.318312584756   20.821215008271   15.521912828020  331.836482310113
     0.318620084427   20.799709254902   15.515498245455  331.859504506936
     0.318922632788   20.771526893443   15.496424851637  330.751372032973
     0.319227597028   20.746585211432   15.482638727304  329.796628076975
     0.319532486934   20.728744691754   15.476263069684  329.450752720251
     0.319967603421   20.730506015651   15.489243388901  330.537649689538
     0.320424745229   20.735576356678   15.514523495077  332.594172973214
     0.320885419678   20.708596986397   15.532787880394  334.084347113432
     0.321346024133   20.672895065805   15.518867921300  333.840305437508
     0.321806482394   20.558245333888   15.469943746799  329.825170202046
     0.322266828371   20.408933802004   15.382460127515  324.706837216377
     0.322727058670   20.392780548671   15.395383644454  326.215543177299
     0.323187170617   20.399459222061   15.434177081519  329.160380760064
     0.323647198880   20.372390966888   15.455984654198  329.768477245876
     0.324107066400   20.177353905047   15.355364515780  323.609847643622
     0.324552135408   20.086991621003   15.323970776039  322.421772383293
     0.325000756561   20.039661010954   15.324892779800  322.588937895434
     0.325434569404   19.956413668175   15.292519843638  319.854904443651
     0.325894040664   19.905328360203   15.260211485048  317.127196314619
     0.326342349878   19.877361192539   15.245776382586  316.480053792406
     0.326953576564   19.882731002975   15.270006958954  319.606969010681
     0.327517509094   19.858272907436   15.320213977071  323.004953958546
     0.328075072723   19.813361290764   15.302272952367  322.552774910166
     0.328632636351   19.634084541985   15.220520084081  316.921820519337
     0.329190199980   19.525226361572   15.177517057555  315.210045618626
     0.329747763609   19.474176263807   15.188503769098  315.873719330821
     0.330305327238   19.383005351162   15.155268533615  312.624816548267
     0.330862890867   19.422528372358   15.172503592720  315.077322937717
     0.331417959397   19.482096132720   15.239104380507  319.319772702260
     0.331977774397   19.419341387560   15.234973764700  318.725281678704
     0.332537421379   19.246309165180   15.139463886675  313.038745286400
     0.333096920501   19.152526550428   15.111483282629  311.593259108629
     0.333656264133   19.088548271815   15.091425784891  310.138912045426
     0.334215439842   19.068903189265   15.078271812847  310.223305031127
     0.334974621726   19.095761519298   15.164545606741  316.090181102269
     0.335734034984   18.939937097087   15.107867842611  313.540050967751
     0.336493448242   18.757233868823   15.018077741807  309.272965717593
     0.337209734525   18.677600887103   15.039613356617  309.447485061288
     0.337920215430   18.492898794925   14.927647008035  304.012984637495
     0.338619091643   18.500714638614   14.994699183109  308.110534939987
     0.339329102567   18.456485255148   14.992537572299  308.288526931290
     0.340038886279   18.387163651981   14.981394829566  307.829755698367
     0.340748431954   18.343569778299   14.964139531917  306.982282040772
     0.341457760195   18.287502768239   14.949528865247  306.357034391194
     0.342166853731   18.237627904423   14.955958904074  306.728693272144
     0.342875705942   18.156851965630   14.921969496970  305.025970873719
     0.343584348990   18.058296051731   14.884964403335  301.740419164647
     0.344292767742   18.006691354953   14.863826121361  300.242742430356
     0.345000930120   18.028656914833   14.903036923790  303.321472633914
     0.345708902696   17.973563503606   14.902015597084  303.212307817645
     0.346416653590   17.821499286470   14.810253347806  298.508310748564
     0.347124152506   17.804186813137   14.850618223827  301.655067467890
     0.347831460001   17.783557723593   14.881465957369  303.274994143712
     0.348538535794   17.652690073419   14.816507619179  299.747046258964
     0.349242583776   17.561645733836   14.809584913571  298.908977405487
     0.349918176744   17.438293933491   14.743237099383  295.948618049278
     0.350618977513   17.388851760187   14.769695199115  296.629415730517
     0.351319612184   17.302374234731   14.722721756945  294.018799495855
     0.352025681651   17.191775120076   14.662717289154  290.568640468647
     0.352731537345   17.225607942960   14.695794389372  293.442163055842
     0.353437209245   17.215640626670   14.707269581535  294.202230228297
     0.354142676743   17.174576338410   14.705278405252  294.334604103974
     0.354847924786   17.139058066885   14.702348655284  294.224400043602
     0.355552988257   17.098895746499   14.682147807031  293.224659957587
     0.356257849628   17.052346364487   14.670040321819  292.629356803469
     0.356532683737   17.034645916758   14.667121985301  292.500414621074
     0.357237274018   16.967934711298   14.650507618765  291.194638298588
     0.357941643796   16.877499665757   14.618502913351  288.389156119938
     0.358645841048   16.940442785286   14.639717697137  290.973508865295
     0.359349836152   16.961958698295   14.685485353235  293.698042672347
     0.360053620914   16.914918860071   14.680993793249  293.624599497430
     0.360757221269   16.879306334869   14.674001260048  293.362147714389
     0.361438111836   16.842332102737   14.660134003118  292.683317963250
     0.362141312908   16.770189369627   14.636613261879  290.789655496110
     0.362844319174   16.711936554056   14.612457011598  289.201225952860
     0.363530273791   16.665499283925   14.600932031179  288.331053498377
     0.364227295276   16.620158257924   14.580617833911  287.467115411941
     0.364929736372   16.578011937784   14.589298105772  287.363771399566
     0.365631987296   16.648751959908   14.620532277336  290.687251870690
     0.366334048156   16.647386875877   14.637812844131  291.648274213026
     0.367035920936   16.548919312190   14.605456031958  288.394441684280
     0.367737601378   16.554859473498   14.602267014874  289.023066350218
     0.368439087108   16.594688275472   14.636448998955  291.956891503080
     0.369140372406   16.557792206654   14.631750061797  291.369042444081
     0.369835865886   16.483461906849   14.600229954633  289.007088477470
     0.370508741126   16.450792063037   14.586836373173  288.437772650685
     0.371164632307   16.405998422608   14.583041695584  287.736785556599
     0.371837173045   16.366888719939   14.571700211283  286.685244013221
     0.372537558895   16.398659794901   14.602246101701  289.341346423008
     0.373237747837   16.433125629634   14.638962100929  292.431180445040
     0.373937752446   16.428810348967   14.654274645647  293.382919675945
     0.374637572664   16.405297306693   14.654440003676  293.437870120007
     0.375337205806   16.376295825208   14.646640156924  293.179111112634
     0.376036644630   16.363837174894   14.647178101887  293.227250720247
     0.376735894514   16.320558744311   14.622295445145  291.986739885663
     0.377434974894   16.258573151592   14.604271253047  289.835961533186
     0.378133853686   16.241043199381   14.589706303130  288.909890727264
     0.378832552831   16.311575988596   14.638377436383  292.924032422944
     0.379531064894   16.318445375126   14.654492049905  293.959223310050
     0.380229392706   16.283224341210   14.644157846366  293.428140351033
     0.380927531953   16.269046873574   14.651326057461  293.844170662428
     0.381625485494   16.229083424918   14.633222616715  292.868747250191
     0.382323258149   16.190842012670   14.619736913263  291.841534191737
     0.383020849955   16.159706901088   14.604852490358  290.777204239491
     0.383718258863   16.159166373570   14.612140320587  291.671841605522
     0.384415481220   16.149020387918   14.627635130964  292.674560385314
     0.385095783775   16.112284913620   14.614041480913  291.632791814033
     0.385759194136   16.050441385263   14.591380325599  289.225213002010
     0.386455897165   16.010322171448   14.569084084407  287.541509906923
     0.387152414426   15.996343442623   14.572584636944  288.036778661858
     0.387848746833   16.077009710089   14.623710378749  292.322883681848
     0.388544910533   16.099643616397   14.650367890644  294.208075425146
     0.389240894241   16.078646075807   14.653786646477  294.431192229649
     0.389936691256   16.058482181700   14.650365882252  294.338118894701
     0.390632311298   16.038301692848   14.641933415835  293.895056570395
     0.391327758807   16.012634367754   14.632113885810  293.269847883900
     0.392023026336   15.997692599295   14.635403181106  293.459340810328
     0.392718109023   15.979057667703   14.634997076320  293.496385185021
     0.393413028813   15.945752786853   14.624781134534  292.560937354061
     0.394107765704   15.877215824842   14.602066505319  289.958559426458
     0.394802329361   15.932419535510   14.621031487540  292.175173836617
     0.395496713944   15.987673879421   14.670759961613  295.678063378546
     0.396190920273   15.973949042563   14.673909844329  296.057845280447
     0.396884957431   15.973573085683   14.689806002244  296.849852075937
     0.397578817169   15.949101486263   14.683315191694  296.496712055181
     0.398272501785   15.931072112564   14.685040869535  296.610579259631
     0.398966012007   15.913401379763   14.680365245918  296.301991577288
     0.399305767551   15.898645580936   14.671086435226  295.826334064736
     0.399999020365   15.891459072889   14.672404244632  295.994129250079
     0.400692093637   15.873372048775   14.668036119114  295.726446133789
     0.401384995490   15.853445462678   14.662544108311  295.363591628044
     0.402077727761   15.831385419207   14.654724082842  294.785975898420
     0.402770287135   15.795251093831   14.647005575211  293.949216775858
     0.403462668911   15.730142970695   14.628017532862  291.591068138376
     0.404154890206   15.792728283580   14.648776955985  293.812044283765
     0.404846940733   15.839341043207   14.697773652978  297.324934227684
     0.405538812651   15.830895891463   14.707746625911  297.908272953107
     0.406230513753   15.821728788063   14.711666991432  298.103748392017
     0.406922050659   15.804561510595   14.710111216315  298.065174296294
     0.407613417783   15.784169612734   14.702829712338  297.758282641941
     0.408304604331   15.777809826774   14.704465422893  298.006605185784
     0.408995620152   15.761657638840   14.694161618171  297.472089984337
     0.409686467460   15.743371552684   14.689094691575  297.032974640993
     0.410190672594   15.715776423060   14.679794634271  296.077919470329
     0.410721378558   15.685153293489   14.663490135502  294.623298239178
     0.411259478023   15.650084612435   14.652805911487  293.461214716572
     0.411784436646   15.583961277369   14.650262021217  292.157445871566
     0.412313677739   15.493598615436   14.600667833698  289.252907528947
     0.412803746479   15.545898146607   14.618539808077  290.810469645852
     0.413280774712   15.597773654576   14.659717497636  293.511096344003
     0.413770676440   15.614648831947   14.678239246587  294.747490837283
     0.414269199471   15.619902614057   14.690837383380  295.526267920317
     0.414810944383   15.607638201846   14.692726433313  295.539501555568
     0.415352600151   15.586351744191   14.677653164733  294.366197254603
     0.415894161574   15.510114023246   14.621622588472  291.201434805652
     0.416435590318   15.496432362692   14.616871928725  290.886730692046
     0.416976950824   15.484303490634   14.618751786200  290.863138761103
     0.417518179120   15.471008841033   14.615055945752  290.391922805146
     0.418059330311   15.469781857448   14.617426565447  290.339658318573
     0.418587392711   15.466736225004   14.622957022000  290.767743702816
     0.419111018043   15.521049724681   14.663808509110  293.514402787761
     0.419651875924   15.545866091493   14.691574888599  295.430439648580
     0.420192598336   15.560739108410   14.707756485337  296.513848167791
     0.420733247273   15.562212462100   14.715119275659  297.086201863535
     0.421226200706   15.553943095405   14.718602024757  297.274525679538
     0.421736380003   15.541595183017   14.720287753359  297.260391779788
     0.422276724110   15.509308034577   14.711094951737  296.477628729123
     0.422816957925   15.453190127241   14.670442390315  293.706620200629
     0.423357117204   15.384432983831   14.626147977681  291.125491370185
     0.423897152071   15.369505911290   14.622886585956  290.731033240636
     0.424432784168   15.408877088592   14.648163816831  292.493217871116
     0.424972628149   15.473779317044   14.698648455390  296.027948536394
     0.425512362495   15.503380669683   14.725185786113  297.788810406273
     0.426052012325   15.503108803667   14.735675713267  298.511224127341
     0.426587225687   15.495029652072   14.739797085014  298.629403153028
     0.427113727220   15.475108873363   14.732898276497  298.127973974293
     0.427640122257   15.455114599778   14.727437719030  297.784228504426
     0.428175051120   15.443329541571   14.724760803818  297.572341068461
     0.428714200065   15.434595561664   14.722907306752  297.534701212190
     0.429253235181   15.436849809525   14.727343106119  297.851598118174
     0.429792185452   15.433395696049   14.729316346003  298.027059911787
     0.430331023511   15.434308779930   14.735056221486  298.381180588434
     0.430869767242   15.431093725044   14.737567517704  298.561238766633
     0.431408414749   15.421694128178   14.738569187251  298.645815063321
     0.431946953137   15.418503195426   14.740171385000  298.770475719854
     0.432485404747   15.412056826068   14.741167370986  298.889433661434
     0.433023746520   15.408900288547   14.744736519510  299.145182042954
     0.433561994120   15.403845807853   14.746025299211  299.265047287296
     0.434100144019   15.397695388132   14.747430860474  299.397150770221
     0.434638186298   15.397878106454   14.750274518598  299.630784211987
     0.435176139982   15.393547841417   14.752447923069  299.796120033444
     0.435713983957   15.389423558090   14.753816450184  299.876935872230
     0.436251733840   15.382597309894   14.753356810847  299.828346116863
     0.436759278354   15.373223385294   14.751340635363  299.698298738718
     0.437249529458   15.367239485415   14.749798485128  299.560410189854
     0.437748301776   15.356103872751   14.746984771000  299.321267738773
     0.438285667748   15.347110886282   14.745177248017  299.045279509118
     0.438822940763   15.329441652804   14.738098059639  298.478761811123
     0.439360107775   15.311916754921   14.727866789629  297.770467993943
     0.439884287282   15.293438728157   14.719588965688  297.052795470334
     0.440365418241   15.274841156610   14.711919164666  296.381443960765
     0.440885122703   15.255965017203   14.704539701123  295.641992525232
     0.441400448604   15.238497188798   14.699707515336  295.054800251510
     0.441937144695   15.230666279021   14.700896475797  295.071344007637
     0.442473744226   15.266351436395   14.732610972452  297.374669905545
     0.443010244540   15.298271806847   14.763640723913  299.606391878113
     0.443546639326   15.307553528046   14.777650471569  300.599971127898
     0.444082944068   15.301888336931   14.782220439591  300.921135587867
     0.444619146976   15.290924422296   14.782962038195  300.907258731783
     0.445150969000   15.274068933429   14.778153659599  300.530299639256
     0.445686982155   15.254468743111   14.770562672364  299.999338856910
     0.446222899669   15.241484306438   14.764933040822  299.618824757939
     0.446758719443   15.239701518388   14.766070210908  299.768520737993
     0.447294444095   15.246956217759   14.773947577511  300.321767145814
     0.447680103951   15.248752071543   14.778568662834  300.668115941682
     0.448215664967   15.248993091743   14.783641888069  301.029307923457
     0.448751125194   15.246952190972   14.786592137432  301.273860290366
     0.449286491948   15.248375290506   14.790935956550  301.531760027458
     0.449821763992   15.238971903431   14.792673854219  301.652786248992
     0.450356937534   15.225908167283   14.791233949076  301.529737650345
     0.450892019385   15.213004329581   14.787389825578  301.342495210903
     0.451427004092   15.210498902086   14.787788240075  301.401766813893
     0.451961892763   15.211707272617   14.790649034983  301.696663770542
     0.452496688919   15.213057276479   14.796769013014  302.170170393587
     0.453031386259   15.212571645467   14.801094459110  302.503455093806
     0.453565991500   15.209738516535   14.803510467372  302.714470149379
     0.454100500677   15.207198172498   14.806373336794  302.951890628077
     0.454634912568   15.203958601998   14.808369354220  303.131022478633
     0.455169232945   15.199599462608   14.810422866919  303.317526068549
     0.455703454901   15.195858776723   14.812588931330  303.485309521932
     0.456237584139   15.190082757986   14.813281827746  303.542585076999
     0.456771619692   15.183507487176   14.813428530122  303.547506050526
     0.457305558504   15.176482166274   14.812621425471  303.491629985002
     0.457839405747   15.168448090578   14.811386876193  303.403424879625
     0.458373156349   15.160291966447   14.809554213371  303.271534797294
     0.458906812275   15.151694996000   14.807056885888  303.081772052047
     0.459440374372   15.139776764333   14.803663048730  302.815897893578
     0.459973839681   15.125835262459   14.798705699077  302.440085788532
     0.460507210251   15.109965313241   14.791981184156  301.889516663347
     0.461040486826   15.092035556126   14.784252907587  301.183458494535
     0.461573666114   15.071910987325   14.774590797250  300.352274222751
     0.462102488387   15.052164060123   14.765882404013  299.586602902882
     0.462622693510   15.032525201923   14.758017755856  298.841201278477
     0.463155600827   15.016788391590   14.752759507915  298.292574474234
     0.463688417558   15.011287208867   14.756762172771  298.454645938740
     0.464221137623   15.045240737536   14.786403148289  300.605313922883
     0.464753761212   15.069783185854   14.811903219632  302.446310005685
     0.465286295985   15.075604231226   14.824103108653  303.326484591476
     0.465818736383   15.068908572243   14.827148387021  303.526940698580
     0.466351087230   15.052614555573   14.824129985209  303.281580200255
     0.466870573596   15.031797861024   14.814752449329  302.619554794322
     0.467381459838   15.017073030685   14.807255705501  302.086422661273
     0.467900772347   15.007755976785   14.804112649276  301.880116301971
     0.468424256917   15.007337484123   14.807277755999  302.113799037419
     0.468956158412   15.016083501135   14.815654476941  302.752748586462
     0.469487970216   15.024853025535   14.824693816902  303.429238928133
     0.470019691066   15.027126337860   14.831261395027  303.944679776126
     0.470551320595   15.022595888795   14.833498924856  304.079960368298
     0.471082859160   15.015876267963   14.834546164506  304.175097719132
     0.471614307106   15.010265155378   14.833628730898  304.171916211018
     0.472145663326   15.009360824413   14.836764293936  304.438589014077
     0.472676931726   15.006373520104   14.839122911821  304.573548121523
     0.473208106099   14.999806295966   14.840139927174  304.713548085271
     0.473739191783   14.994821116212   14.840230932448  304.718223016931
     0.474270187197   14.997584127200   14.842886358168  304.995867478799
     0.474801089763   15.000035301826   14.849813328914  305.497557474296
     0.475331905503   14.994383371099   14.852751226145  305.694464355442
     0.475862629297   14.985791610801   14.851940499407  305.651214075911
     0.476393262772   14.976466922359   14.850857990391  305.643764190542
     0.476919563993   14.973002022672   14.851922914423  305.805240743280
     0.477450017399   14.972399784806   14.855083694085  306.086190608519
     0.477980381758   14.970310985194   14.857966014044  306.330031798104
     0.478510656164   14.967485655760   14.860488906906  306.539040778866
     0.479040838786   14.963583183313   14.861566613949  306.629213447638
     0.479570933227   14.956798319027   14.861029931485  306.588482119011
     0.480100937369   14.949263783880   14.859324199047  306.472106825461
     0.480630849960   14.941820448074   14.857660047021  306.344009717386
     0.481160674328   14.933356093086   14.855627417065  306.183595641071
     0.481690406289   14.924477960215   14.853040949096  305.969807505493
     0.482220047657   14.914680609882   14.849236932040  305.638695412320
     0.482749598249   14.900687535110   14.842780725568  305.114961041427
     0.483279056661   14.884258402998   14.836346082757  304.462432620997
     0.483808424417   14.863204834980   14.826366105920  303.566668729712
     0.484337703491   14.843199204131   14.817271437742  302.713972084860
     0.484866896834   14.824139328880   14.810059923611  301.948481253459
     0.485396001053   14.812133002407   14.808635296243  301.620859508638
     0.485925014370   14.834282809893   14.829436713534  303.057243983749
     0.486099568730   14.847362842171   14.840587673352  303.887154930280
     0.486628462851   14.876673708857   14.869461665145  306.021252935495
     0.487157269330   14.884372536014   14.882186047853  306.988287279080
     0.487685984331   14.878609347112   14.886234031892  307.292160696568
     0.488214612616   14.866320632014   14.884793845631  307.195373846463
     0.488743144739   14.853532616146   14.880941897095  306.950602506864
     0.489271593370   14.848737664604   14.880733946711  306.911407891300
     0.489799950572   14.842010618601   14.879964140923  306.890588273744
     0.490328222986   14.839390865474   14.881651423990  307.017801142190
     0.490856410129   14.839385745459   14.883990291999  307.206536977564
     0.491384504485   14.841675196319   14.887837426032  307.514950998814
     0.491912515863   14.840675457526   14.892461713705  307.803531015446
     0.492440436574   14.831680281142   14.890417909160  307.751700783931
     0.492968268892   14.829099128968   14.894146829238  307.964427255753
     0.493496015533   14.819920450183   14.891523463635  307.907656944177
     0.494023670716   14.820260546184   14.897673477634  308.327595971114
     0.494551240788   14.817023704375   14.896734934965  308.323557309601
     0.495078724483   14.819282772085   14.904964262000  308.837147319681
     0.495606119317   14.804858583957   14.902058993281  308.586901804079
     0.496133428651   14.791792204187   14.896644695002  308.286694855745
     0.496660650885   14.792491134607   14.895170473531  308.299654969800
     0.497187784047   14.801837774736   14.901853835589  308.957681198226
     0.497714832597   14.806360142131   14.911484341311  309.637297861492
     0.498241794768   14.802948207015   14.915468605150  309.882509266823
     0.498768668699   14.794282699313   14.915366629975  309.847671391633
     0.499295458410   14.784821270398   14.912710359997  309.678356887430
     0.499822160871   14.778706640655   14.911022024302  309.627047542269
     0.500017019363   14.776762760582   14.910901973826  309.645156541129
