# {0} signal over time, extracted at r = 500 km
# All quantities are measured in a resting observer's frame at infinity
# cols=4 rows=943
#              time        luminosity               <e>             <e^2>
#               "s"           "foe/s"           "MeV^1"           "MeV^2"
  -4.6104138548e-04  1.1214833291e-06    6.885809283648   61.244326233284
  -4.3563258948e-04  1.0496515048e-06    3.685946355300   20.580681962702
  -4.2102208593e-04  1.0295587841e-06    3.428423262070   17.308085669346
  -4.1046138209e-04  1.0247050560e-06    3.324404061281   15.985989895180
  -4.0027417773e-04  1.0277530158e-06    3.255067994156   15.104469779301
  -3.9037131673e-04  1.0380304957e-06    3.205278297276   14.471175775578
  -3.8880725221e-04  1.0403172558e-06    3.198566659466   14.385777873215
  -3.7999664278e-04  1.0565801860e-06    3.165275939378   13.962031348842
  -3.7006317864e-04  1.0818529779e-06    3.135036788264   13.576784896127
  -3.5937650067e-04  1.1173044495e-06    3.108804799082   13.242142494074
  -3.4850610481e-04  1.1622045014e-06    3.087066931510   12.964304006972
  -3.3806255001e-04  1.2137836261e-06    3.069735998092   12.742235834037
  -3.2880834624e-04  1.2664330037e-06    3.056660711765   12.574195097212
  -3.2003002986e-04  1.3224269996e-06    3.045867386667   12.435008211686
  -3.1255966903e-04  1.3747279660e-06    3.037720497290   12.329558927530
  -3.0407306689e-04  1.4393408913e-06    3.029455886556   12.222125395374
  -2.9767085888e-04  1.4917474422e-06    3.023831167096   12.148665896622
  -2.8987829501e-04  1.5598173285e-06    3.017608112739   12.066974470813
  -2.8452275382e-04  1.6093684518e-06    3.013688456760   12.015242516418
  -2.7775404183e-04  1.6752904996e-06    3.009110955295   11.954491148621
  -2.6954502844e-04  1.7602641597e-06    3.004070826229   11.887080530879
  -2.6282502862e-04  1.8340032903e-06    3.000323088307   11.836511294217
  -2.5559341197e-04  1.9176493827e-06    2.996635377868   11.786287979846
  -2.4705714996e-04  2.0222083508e-06    2.992703567938   11.732091035946
  -2.3916964387e-04  2.1245122852e-06    2.989441818998   11.686465356972
  -2.3101402262e-04  2.2361381158e-06    2.986412826510   11.643380729720
  -2.2311286934e-04  2.3500254894e-06    2.983784585535   11.605268754410
  -2.1476984476e-04  2.4764713057e-06    2.981311062167   11.568577170726
  -2.0711011389e-04  2.5981768949e-06    2.979292751005   11.537846430823
  -1.9887353830e-04  2.7350500559e-06    2.977372628570   11.507710664407
  -1.9045991136e-04  2.8812613834e-06    2.975659570842   11.479799080628
  -1.8217521178e-04  3.0315021752e-06    2.974200063416   11.454930675130
  -1.7339844438e-04  3.1973829577e-06    2.972881694092   11.431195259033
  -1.6447221472e-04  3.3730787804e-06    2.971763135886   11.409593191350
  -1.5400038456e-04  3.5880327866e-06    2.970713467660   11.387240101522
  -1.4413309226e-04  3.7991249198e-06    2.969961661590   11.368875473540
  -1.3302857522e-04  4.0463827209e-06    2.969365988931   11.351054849672
  -1.2195478898e-04  4.3029356849e-06    2.969011472831   11.336010514860
  -1.1142490839e-04  4.5559102746e-06    2.968875280705   11.323999104172
  -1.0147974360e-04  4.8027407132e-06    2.968910203791   11.314529521320
  -9.4737986713e-05  4.9743512828e-06    2.969017118214   11.309068603361
  -8.6011867631e-05  5.2015545381e-06    2.969248534143   11.303075200577
  -7.8160549232e-05  5.4108297109e-06    2.969540546725   11.298655431742
  -7.0807647626e-05  5.6109789581e-06    2.969880784995   11.295296964216
  -6.3509390535e-05  5.8136145678e-06    2.970277866856   11.292663458887
  -5.7072906371e-05  5.9956075043e-06    2.970673877666   11.290885684009
  -5.0767315263e-05  6.1768914138e-06    2.971100947928   11.289612673232
  -4.5373675475e-05  6.3343116905e-06    2.971495257774   11.288873896063
  -3.9734881046e-05  6.5012188409e-06    2.971934665399   11.288431616927
  -3.4356370923e-05  6.6626510018e-06    2.972378457560   11.288311203669
  -2.9470051671e-05  6.8112056561e-06    2.972801590031   11.288447037778
  -2.4427871709e-05  6.9664006890e-06    2.973257349542   11.288823386140
  -1.9688645126e-05  7.1140405236e-06    2.973702770193   11.289388495913
  -1.5156201323e-05  7.2568507736e-06    2.974143681797   11.290114690168
  -1.0601128905e-05  7.4019710253e-06    2.974601049062   11.291022386964
  -6.1487724647e-06  7.5453744248e-06    2.975061519963   11.292077427840
  -1.8667684744e-06  7.6847497039e-06    2.975516559156   11.293244772591
   1.9946554100e-06  7.8116683329e-06    2.975936909405   11.294422954359
   6.2428344825e-06  7.9526581095e-06    2.976410108619   11.295853943836
   1.0277904026e-05  8.0879002157e-06    2.976869787533   11.297341348504
   1.4474779660e-05  8.2299436442e-06    2.977358283513   11.299018562426
   1.8336769186e-05  8.3619005248e-06    2.977816993077   11.300677119116
   1.8769766880e-05  8.3767701183e-06    2.977868966799   11.300869882132
   2.5572360128e-05  8.6433724354e-06    2.979690741479   11.311398350139
   4.0745252620e-05  9.1815509479e-06    2.981521419660   11.318872864558
   5.7751633834e-05  9.8028303778e-06    2.983641910408   11.328421110913
   7.5661927212e-05  1.0478494292e-05    2.985990905561   11.340051531377
   9.2064899969e-05  1.1117320942e-05    2.988276723059   11.352318044568
   1.0817846566e-04  1.1764355259e-05    2.990671675039   11.366033935966
   1.2392409648e-04  1.2416066792e-05    2.993173919660   11.381160206874
   1.4132784367e-04  1.3159747974e-05    2.996144859911   11.399992783272
   1.5733884710e-04  1.3866412248e-05    2.999082298444   11.419375581961
   1.7445595634e-04  1.4646669550e-05    3.002451965199   11.442369345906
   1.8966191757e-04  1.5361977122e-05    3.005651961952   11.464820869293
   2.0739369609e-04  1.6223297753e-05    3.009637163098   11.493469162066
   2.2362070840e-04  1.7037853840e-05    3.013528121562   11.522048866756
   2.4100644355e-04  1.7939230604e-05    3.017959868553   11.555209075755
   2.5953336984e-04  1.8933145393e-05    3.022984496244   11.593461057381
   2.7688527289e-04  1.9895877793e-05    3.027973727805   11.632024967879
   2.9543272741e-04  2.0959671640e-05    3.033609852098   11.676183179624
   3.1505489425e-04  2.2124828180e-05    3.039911967930   11.726202112007
   3.3580502367e-04  2.3402089674e-05    3.046952787922   11.782778715156
   3.5793210502e-04  2.4815948717e-05    3.054881795181   11.847256704165
   3.7952784527e-04  2.6248049631e-05    3.063031852969   11.914274022632
   4.0188434952e-04  2.7785431933e-05    3.071887983499   11.987854515622
   4.2552847521e-04  2.9472395769e-05    3.081704843108   12.070242627953
   4.5063318811e-04  3.1332306118e-05    3.092616175274   12.162732234559
   4.7740959249e-04  3.3393632761e-05    3.104780086135   12.266864466881
   5.0614629902e-04  3.5693577680e-05    3.118396942836   12.384592748804
   5.3685853380e-04  3.8249155690e-05    3.133532407572   12.516747516370
   5.6981568395e-04  4.1098439129e-05    3.150355293918   12.665085513716
   6.0538246158e-04  4.4288866897e-05    3.169059570083   12.831637384937
   6.4361998088e-04  4.7839289286e-05    3.189632876218   13.016631058970
   6.7897659119e-04  5.1218680742e-05    3.208914808494   13.191588394849
   7.1911341521e-04  5.5148463224e-05    3.230905660135   13.392864715518
   7.6265974788e-04  5.9500709917e-05    3.254666174898   13.612300088499
   8.0863404444e-04  6.4167550367e-05    3.279361869039   13.842476734356
   8.5784089326e-04  6.9215780312e-05    3.305130694854   14.084877826051
   9.0996267329e-04  7.4596445218e-05    3.331479041356   14.335051786796
   9.6644580764e-04  8.0443676114e-05    3.358781752779   14.596745691205
   1.0288913266e-03  8.6910495028e-05    3.387356890507   14.873274038805
   1.0951226124e-03  9.3759535409e-05    3.415785982724   15.150952620546
   1.1732820485e-03  1.0190652701e-04    3.447200084266   15.459464505061
   1.2593297008e-03  1.1676548308e-04    3.513913046504   16.028190708822
   1.3497191080e-03  1.8304170456e-04    3.905007593859   19.059989671624
   1.4551682644e-03  3.8459965254e-04    4.327888380721   22.258433148329
   1.5702470958e-03  8.8154595034e-04    4.511726214740   23.713790093941
   1.7021805376e-03  2.1307483066e-03    4.575050783026   24.362306137431
   1.8303860915e-03  4.6502380074e-03    4.613836043629   24.801949962097
   1.9809924275e-03    0.010058963475    4.707009272509   25.823395205993
   2.1210346946e-03    0.016809099192    4.882720786056   27.817794663316
   2.2879441572e-03    0.024582498217    5.170767986561   31.343309504787
   2.4557853478e-03    0.030912573920    5.492228219911   35.653634249534
   2.6236265385e-03    0.036122595994    5.803326409672   40.198503117109
   2.7914677291e-03    0.040746299521    6.080598313517   44.570107734050
   2.9593089197e-03    0.045112998016    6.317501908456   48.548560096466
   3.1271501104e-03    0.049425092696    6.521176718415   52.131003731504
   3.2949913010e-03    0.053910705111    6.702306990886   55.410716623069
   3.4628324916e-03    0.058919266402    6.872095778913   58.536362040229
   3.6701921784e-03    0.066499393404    7.082024882129   62.427261924146
   3.8747535825e-03    0.076306283845    7.304488389786   66.554231016650
   4.0793149866e-03    0.089403558694    7.551977562827   71.157224627640
   4.2838763907e-03    0.106916872921    7.825732274584   76.298082881813
   4.4884377948e-03    0.130167501956    8.120826572518   81.935066259608
   4.6929991989e-03    0.160703962172    8.429430873476   87.969508758004
   4.8975606030e-03    0.200258062593    8.742437963426   94.266374574824
   5.1492096798e-03    0.263145544145    9.115978548034  102.050287820495
   5.2136641208e-03    0.281958855361    9.206785108477  103.987894754296
   5.4653433668e-03    0.367728639766    9.535441690037  111.126644340685
   5.7170226128e-03    0.477791251166    9.827430074973  117.622641883203
   5.9687018588e-03    0.618246304626   10.094201851619  123.710433786287
   6.2203811048e-03    0.790458524442   10.330208673909  129.245764421941
   6.4720603508e-03    0.992221978220   10.527887251733  133.998138816152
   6.7237395968e-03    1.218714534999   10.684240529445  137.826628224781
   6.9754188428e-03    1.463808850054   10.801997695005  140.758066927584
   7.2270980888e-03    1.720965201180   10.885445063998  142.859931540351
   7.4806624893e-03    1.985304838590   10.937355711850  144.183377749746
   7.7344271897e-03    2.254725351074   10.963353541257  144.841594898122
   7.9881918901e-03    2.531822637546   10.972963102348  145.051920333800
   8.2419565905e-03    2.819766347840   10.969705562735  144.868809644657
   8.4957212909e-03    3.125584386395   10.968304302996  144.696519801735
   8.7494859912e-03    3.446297054293   10.971642733520  144.672915434617
   9.0032506916e-03    3.770410327186   10.970930784386  144.575542944033
   9.2570153920e-03    4.094102307781   10.961884008923  144.245247515550
   9.5107800924e-03    4.416723593363   10.945538406906  143.723360240161
   9.7645447928e-03    4.744829042055   10.932743049854  143.312750491922
     0.010018309493    5.078263138221   10.923745953945  143.015524268885
     0.010272074194    5.411124388732   10.912975923577  142.672134668225
     0.010525838894    5.745207162375   10.903698234718  142.357075939674
     0.010777311067    6.077649888171   10.897622413384  142.150029654374
     0.011033414115    6.411962686574   10.889958158215  141.923467484270
     0.011289517162    6.740254210693   10.879143962799  141.585890020341
     0.011545620210    7.070127958147   10.869419211989  141.254020072859
     0.011801723257    7.402663189026   10.863175208967  141.046967115755
     0.012057826304    7.737245412865   10.860884270664  140.982273512421
     0.012313929352    8.084888695258   10.864380033784  141.065324976533
     0.012570032399    8.445579772740   10.871079268044  141.214523332843
     0.012826135446    8.801011919946   10.876113970341  141.324791343069
     0.013082238494    9.169196846770   10.887142652632  141.613394846651
     0.013338341541    9.556722885040   10.902533519519  142.006833059485
     0.013594444589    9.941438499241   10.912790513263  142.244354625160
     0.013850547636   10.324044954207   10.920586830438  142.400886194241
     0.014106650683   10.721245819114   10.932046884496  142.641423582709
     0.014362753731   11.135669962950   10.947791226262  143.021335869365
     0.014618856778   11.559217971525   10.965274958943  143.494147329216
     0.014874959825   11.995298817664   10.984769971083  144.011831236949
     0.015131241219   12.445469773067   11.007403593657  144.584993344670
     0.015391007785   12.901603469384   11.029570669599  145.145957991550
     0.015650774350   13.350437200708   11.047666890671  145.621883035997
     0.015910540916   13.811653689979   11.068017424169  146.163093415097
     0.016170307482   14.286178958350   11.090270200694  146.735090023005
     0.016430074047   14.759926466001   11.111508567733  147.289475742964
     0.016689840613   15.224833478961   11.129974385403  147.790674948834
     0.016949607179   15.681606937569   11.145568539498  148.201355830424
     0.017209373744   16.146134530523   11.163981937813  148.674963681430
     0.017469140310   16.624234569187   11.187622941580  149.290258441118
     0.017728906876   17.110347338267   11.213889372671  149.987692286207
     0.017988673441   17.589165511110   11.235681739172  150.585227810980
     0.018248440007   18.053469559046   11.252705421744  151.053783355311
     0.018508206573   18.503171273725   11.267852240454  151.439712661737
     0.018767973138   18.941134338904   11.283977548774  151.841159458583
     0.019027739704   19.379992403925   11.303122569102  152.357722612775
     0.019287506270   19.805973360882   11.318424127531  152.804644858459
     0.019547272835   20.221891865145   11.330604947884  153.148476334011
     0.019807039401   20.638893160758   11.342907812031  153.451657861979
     0.020066805967   21.062474888860   11.357202286157  153.799851974117
     0.020321557459   21.487464790286   11.372303676051  154.176947380412
     0.020575968981   21.910202170991   11.384839564521  154.508895677260
     0.020831934823   22.321956726552   11.396043452780  154.813914302016
     0.021085775348   22.715673133913   11.407007441295  155.080300682996
     0.021341765861   23.103698910981   11.416821582066  155.301179178350
     0.021599674192   23.503185400243   11.430135164200  155.663153011187
     0.021860309471   23.913453860214   11.445842275680  156.097527633134
     0.022114255149   24.311347457350   11.456789058422  156.394251117166
     0.022372748756   24.743886639704   11.472787730024  156.894385017735
     0.022629761231   25.190604836677   11.492950031945  157.519525592825
     0.022886773706   25.603254172640   11.507100027312  157.930018412399
     0.023136882446   25.959227800749   11.513874936725  158.087492648083
     0.023393758893   26.325536749421   11.522885903177  158.253283040115
     0.023644388198   26.709442049039   11.531701818789  158.406873418425
     0.023895037827   27.149811890122   11.547953080247  158.881173944054
     0.024147051355   27.630790500880   11.572642291652  159.663566031491
     0.024401452124   28.104130194935   11.597127464656  160.421942424525
     0.024655852893   28.541528159566   11.616379852404  160.995725503439
     0.024910653264   28.936095459140   11.628647015458  161.354229506285
     0.025007967445   29.073350759283   11.631414884686  161.433201213045
     0.026013369296   30.432627563278   11.658169199555  162.102815246665
     0.027024915254   31.830559338187   11.689167800140  162.835341349760
     0.028033652903   33.078553389752   11.714869207025  163.558117703916
     0.029041807340   34.176977010359   11.745019680101  164.396814079976
     0.030044454409   35.373170708516   11.775392672498  165.235547920113
     0.031062111242   36.491126466287   11.803305636350  166.136403359635
     0.032072483573   37.677025952118   11.838908935254  167.180897516989
     0.033086025062   38.774889717383   11.867161328070  167.915874490738
     0.034097619149   39.819539803607   11.901976752068  169.109671474170
     0.035120723031   40.877164316194   11.931154627862  169.822546797813
     0.036120881417   41.730176790518   11.959597967623  170.814824934183
     0.037121261565   42.400840329973   11.986008914204  171.831189507956
     0.038150828193   43.334122931026   12.020005268002  172.653272690032
     0.039180394822   44.259692013134   12.048324505418  173.536757893352
     0.040209961451   45.120840037441   12.075096376785  174.391391956717
     0.041239528080   46.244284171289   12.118286379308  175.724014240081
     0.042286206931   47.646349773074   12.183556751962  177.696623429233
     0.043318799015   48.427048680641   12.186335052026  178.023244559023
     0.044351391099   48.728901858476   12.198098997980  178.486128960190
     0.045383983183   48.860072777192   12.208106591963  178.806105736380
     0.046416575268   49.225426069123   12.211318021356  178.838871799134
     0.047449167352   49.728477099427   12.207347054000  178.730856197353
     0.048481759436   50.417283842860   12.225807444869  179.292944931267
     0.049514351520   51.462562306089   12.272570019930  180.703540203139
     0.050546941263   52.190235940989   12.306397185645  181.709932700600
     0.051579530129   52.640718298421   12.316061741870  181.974530807665
     0.052612118994   53.114608123058   12.328274750631  182.435004127922
     0.053644707860   53.558528481514   12.361897210543  183.517538944279
     0.054694484043   53.793750524922   12.379565558595  183.931706528743
     0.055720482217   53.820032404321   12.352085120185  183.348763553206
     0.056729007907   54.128862495891   12.384566098488  184.239602048116
     0.057753971971   54.731619359563   12.421681014293  185.366968026146
     0.058772870851   55.294994506477   12.444211109416  186.181852998119
     0.059791769732   55.479863946884   12.447959082824  186.166202344138
     0.060834798156   55.520221649467   12.453417759616  186.385971500060
     0.061842798156   55.471916989041   12.454937674992  186.556353172449
     0.062875291877   55.536931363865   12.470235611404  187.053596400399
     0.063912715553   55.722045897311   12.491843584792  187.405572621215
     0.064966717782   56.023527324163   12.492007008134  187.811369470476
     0.066019334818   56.474156126667   12.539166042080  189.239062232126
     0.067036493218   56.708096130217   12.578184548347  190.313915121250
     0.068096966276   56.487758833043   12.570956120250  189.863116785956
     0.069174604037   56.269533955687   12.549291335162  189.508487610433
     0.070216174955   56.421006297591   12.555675379590  189.803857221459
     0.071224104053   56.913651796234   12.581976841902  190.622045108590
     0.072240692009   57.667948378249   12.617788865410  191.743219673131
     0.073272335753   58.420373163606   12.675838927292  193.283131447197
     0.074302043753   59.013795282974   12.705150814658  194.218217690322
     0.075336384622   59.544879311969   12.765772524377  195.826541268589
     0.076375674134   60.188921128292   12.791139597788  197.042099708720
     0.077396821031   60.803183524320   12.831081221206  198.325527964909
     0.078448804417   61.394294429796   12.861735733615  199.390527001115
     0.079456804417   61.906639993684   12.910729276221  200.806214785621
     0.080464804417   62.233191957243   12.934500887757  201.764463212764
     0.081538868432   62.309183639356   12.964920772455  202.795218114823
     0.082543733434   62.102979801581   12.976407508457  203.343149651826
     0.083615483636   61.856064843004   13.000627905119  203.922715973191
     0.084643431297   61.872387020073   12.994889557821  203.939669882204
     0.085698712827   62.488437563555   13.026634747425  205.095551497709
     0.086723171239   63.180981993287   13.102395490524  207.234119834638
     0.087747629652   63.469477494345   13.115905796763  207.865576735432
     0.088772088064   63.221117952015   13.130621342966  208.380353258883
     0.089796546476   62.740797841401   13.129435727006  208.399028739729
     0.089988632429   62.670084318045   13.129612852625  208.406847753041
     0.090992036329   62.488712022928   13.144578160521  208.854384896317
     0.092012036329   62.779125571208   13.173851980431  209.678742102632
     0.093057394719   63.130522749996   13.191563533793  210.448370643639
     0.094093654719   63.684785467234   13.249388539865  212.123365271589
     0.095135100573   64.086250768272   13.302857453239  213.582722444743
     0.096174351828   64.493226439442   13.335842753603  215.081357115465
     0.097199401149   64.548143533435   13.362859218386  216.114393500650
     0.098233014853   64.122168260401   13.359707403128  216.133870691448
     0.099286591434   63.799492761678   13.352989521792  216.077202734953
     0.100340168015   63.850403172475   13.379864269556  216.954559377181
     0.101360709273   64.275292778792   13.421785734893  218.329698738190
     0.102366729273   64.515353338161   13.486228679438  220.096474858996
     0.103372749273   64.488946738933   13.505612299362  221.140271393173
     0.104378769273   64.225129558126   13.521576585764  221.770624121963
     0.105384789273   63.922206806964   13.529467668579  222.056652176933
     0.106390809273   63.833078429428   13.547159774758  222.660500637497
     0.107396829273   63.986914368223   13.572765901383  223.546778502762
     0.108402849273   64.185548856572   13.598301084557  224.400184367319
     0.109408869273   64.115697259428   13.616058143837  224.937087656546
     0.110414887688   63.839723941572   13.629410341378  225.318528009654
     0.111420900397   63.947136202266   13.657506922140  226.642833954697
     0.112426913106   64.263679846704   13.695483370704  228.055479244609
     0.113432925815   64.409357421998   13.722734131398  228.993355253242
     0.114438938523   64.291947125659   13.739292963760  229.512984515719
     0.115444951232   64.259869916993   13.762047474616  230.271259887983
     0.116473649647   64.356276083910   13.795324014472  231.435290323484
     0.117486149647   64.319596591117   13.842238327938  233.123573465545
     0.118498649647   64.136613496323   13.855139689434  233.713388450949
     0.119511149647   64.027631262795   13.872552209248  234.324974717016
     0.120523649647   64.205451065670   13.901400231903  235.349264514424
     0.121536149647   64.250087719077   13.924208166011  236.119428260011
     0.122548649647   63.867026117532   13.933686801453  236.323984096973
     0.123561149225   63.692428899868   13.954212142154  237.277474180279
     0.124573636572   63.968292657857   13.995727346214  239.089051046865
     0.125586123918   64.157211596578   14.027685982824  240.146389376078
     0.126598611264   63.986734073055   14.042221841997  240.541260671645
     0.127611098610   63.842097360275   14.062863169470  241.196245211854
     0.128623585956   64.085964242362   14.102379142796  243.195082836255
     0.129636073302   64.122860976797   14.135579129470  244.380278195730
     0.130648560648   64.022040469912   14.150591121254  244.867686805686
     0.131661047995   63.802054770289   14.164645495696  245.279043535684
     0.132673535341   63.703036125588   14.189758092712  246.145736692276
     0.133686022687   63.839405105017   14.224520967473  248.006735217726
     0.134698510033   63.743337264234   14.246282592302  248.785448817441
     0.135710997379   63.479422070146   14.254454824369  248.988941310929
     0.136740247381   63.406175730772   14.276146944400  249.686428624612
     0.137741869771   63.462272151049   14.312757851854  251.042512750507
     0.138743492161   63.449436754698   14.346495773702  252.636117707296
     0.139745114551   63.277316791915   14.355791852981  252.880180621046
     0.140745581795   63.329732624281   14.385924056279  253.837195305499
     0.141765934162   63.372873325427   14.420731680216  255.409363175488
     0.142786286529   63.272507364223   14.451025343020  256.641731059174
     0.143806638895   63.090265632245   14.461346971878  256.840733570266
     0.144826991262   63.165393374600   14.496293960057  257.981325241919
     0.145847148276   63.159503724048   14.519701232084  259.574285209612
     0.146866303080   63.005307790909   14.538124015609  260.246978898709
     0.147873161825   62.844145001401   14.554483701957  260.585891266202
     0.148884291756   62.961841898669   14.602798590967  262.569703412179
     0.149895421687   62.977376051609   14.627928711546  263.779584530265
     0.150898279747   62.867256269152   14.642000731124  263.987108783303
     0.151900185735   62.781971694558   14.673705109265  265.374678544351
     0.152902086444   62.890686444988   14.716400215646  267.418153893515
     0.153903987153   62.543106545111   14.722573837239  267.422578624045
     0.154905887862   62.246718938829   14.730437324070  267.330461761827
     0.155907788571   62.711322797174   14.779774194025  270.008619116736
     0.156909689280   62.556711213655   14.799437326665  270.717905323365
     0.157915853396   62.071862375988   14.797858481949  270.290232981532
     0.158926624225   62.181050373768   14.853467661729  272.374971853363
     0.159945721253   62.170477874838   14.900659841050  274.143841269841
     0.160964818282   61.921874541128   14.872225424558  273.310040307471
     0.161983915310   62.007758148716   14.904793570885  275.158211727931
     0.162989862089   62.107749653066   14.935658538947  276.298770648347
     0.164000780058   62.089355057317   14.972827676085  277.217060984307
     0.165011698026   61.835491189573   15.014098303321  279.306905301243
     0.166030311500   61.919738623113   15.031946456746  279.827278488950
     0.167039567930   61.761475604175   15.040229356004  279.879648735582
     0.168041942930   61.346984748433   15.080663032737  281.557270943311
     0.169044413289   61.454739309285   15.108803930060  282.967747190054
     0.170045835495   61.413790279631   15.092610704412  282.355035769562
     0.171050675524   61.091236872704   15.141104967733  284.105123971993
     0.172056240342   61.175747036586   15.172896490462  285.560063975021
     0.173056977794   61.195183535122   15.152402250593  285.057382981764
     0.174057715246   60.894999892514   15.167390078607  286.108110822797
     0.175064611083   60.980684631868   15.193691825119  287.485202341347
     0.175988368731   61.148912527626   15.232834183235  288.234014275954
     0.176912126379   61.057422408774   15.306629818652  291.227267148208
     0.177924018089   60.790282754181   15.308687071479  291.342482546958
     0.178936094494   60.667769452540   15.275349851451  290.333265286419
     0.179948170899   60.466819673580   15.293363301438  291.549988935289
     0.180951604449   60.686340969333   15.328494791473  292.986280743452
     0.181953314744   60.805269285417   15.399784937887  295.414207239269
     0.182961513680   60.781139644466   15.425827657705  296.725035778083
     0.183968626440   60.541730969057   15.430220153889  296.902583176896
     0.184970452058   59.930458063061   15.411534397381  295.908854546180
     0.185824064351   59.801163866841   15.393503363852  295.369765253546
     0.186824942468   60.167809537196   15.496553583936  299.507741851354
     0.187595882843   59.946342028917   15.457961626665  297.991909026253
     0.188366823218   59.837249801224   15.526846615332  300.732523762415
     0.189319152110   59.993529345978   15.563673187285  302.528815082423
     0.190323318211   59.571861229255   15.517698624117  300.621820033031
     0.191037355847   59.526025739035   15.522450068187  300.687215280250
     0.192003030005   59.902394745645   15.636895717433  305.589242886101
     0.192964460762   59.484157793721   15.574518542009  303.302822959263
     0.193901744287   59.436594101835   15.598468904291  304.016985859138
     0.194622557275   59.126378090512   15.596043000250  303.653065677614
     0.195394021656   58.911770758538   15.638077084760  305.835874926109
     0.196291511871   59.076768982365   15.668331798216  307.037776289759
     0.197079938589   58.980920393284   15.634694613473  305.713611823578
     0.197867714761   59.019961146231   15.713585912504  309.483826866595
     0.198788695848   58.989784604640   15.713103213354  309.338283317476
     0.199483331065   58.904767399777   15.717913170192  309.155899199021
     0.200132062754   58.610259032452   15.670646080695  307.557583913569
     0.200977017841   58.775828595430   15.781205457683  312.034939566728
     0.201625749531   58.779049898535   15.762578549700  311.129519811323
     0.202274481220   58.871418188336   15.775224898978  311.772128059604
     0.203096822918   58.930922264721   15.834679578254  314.599579945569
     0.203697500409   58.856526361739   15.815495100235  313.417431786077
     0.204298177899   58.924147335636   15.817695770087  313.691993907195
     0.204898855389   59.212590071635   15.908616964272  317.667253601846
     0.205430829926   59.124931325619   15.905800772590  317.714630820821
     0.206060658608   58.897415230363   15.908737448867  317.991925899411
     0.206717172543   58.500086821530   15.899157160015  317.874936906419
     0.207450765788   58.092499740065   15.885887189470  317.239463893425
     0.208051443278   58.094771592009   15.884861700817  316.987081414080
     0.208733163879   58.237745170023   15.876158216732  316.350281377296
     0.209273773621   58.546967050189   15.947231821383  319.328999235595
     0.209814383362   58.552504065402   15.925488661460  318.312331120267
     0.210354993103   58.715143276585   15.997725621797  321.606426792127
     0.210895602844   58.944798445118   16.022461286685  322.884801518735
     0.211436212585   58.861107616912   16.022437865377  322.805526294735
     0.212101229528   58.557845596719   16.008877231421  322.116618601105
     0.212912289708   58.301586871366   16.004252403774  321.766422913038
     0.213463317015   58.279182662760   15.968213497738  320.599092839616
     0.214003926756   58.141166255866   15.978315577276  320.689614766372
     0.214544536498   58.125644524962   16.023622274840  322.738389283130
     0.215085146239   58.143738275807   16.055990225120  324.540920371056
     0.215625755980   58.228579641740   16.063164128135  324.811736038492
     0.216166365721   58.223178296510   16.073194236142  325.196176050218
     0.216930436112   57.712289185311   16.053494332860  324.244973687877
     0.217471045853   57.503586144477   16.040213197742  323.434126626907
     0.218011655595   57.553243804420   16.011893888830  322.436311250983
     0.218552265336   57.802969881074   16.092290671077  326.087285821866
     0.219092875077   57.758061456751   16.117113463269  327.455870044561
     0.219633484818   57.647303655487   16.118075562659  327.612159711101
     0.220174094560   57.487715359636   16.117781517699  327.620218016672
     0.220714704301   57.281145192226   16.110985173483  327.234324711930
     0.221402756768   57.224371538530   16.117062796489  327.489299204234
     0.221943366509   57.075237402109   16.118237202078  327.399637791938
     0.222543466730   56.663028001597   16.060628783160  324.759855479057
     0.223023257875   56.988429852120   16.133579454895  328.255358488642
     0.223509806642   57.359444808035   16.170506173974  329.736963726302
     0.223996355409   57.296232370675   16.153470737422  328.642259454929
     0.224482904176   57.364813252764   16.209564859714  331.435239462248
     0.224969452943   57.003087965316   16.182415743344  329.388861246525
     0.225456001710   56.956699212514   16.156205855792  327.974554408809
     0.225942550477   56.818410433595   16.160269646646  328.229889389840
     0.226429099244   56.566479686180   16.154480074795  327.995845568264
     0.226915648012   56.417106172853   16.145204341891  327.589102795590
     0.227402196779   56.568130143028   16.165562543374  328.493633059157
     0.227888745546   56.482523236571   16.176118623023  328.991853247890
     0.228375294313   56.208945941200   16.162186092793  328.443737954807
     0.228861843080   56.088844912319   16.166094526979  328.685579233516
     0.229348391847   55.962785572384   16.166818964564  328.691430985193
     0.229951778730   56.069951907947   16.176224820774  329.051743371821
     0.230681740240   56.003526683144   16.183940756690  329.170277474045
     0.231446119367   55.908246366025   16.158586997338  328.276221161993
     0.232194987981   56.029516281446   16.185337684391  328.908228461508
     0.232943856595   56.066879132299   16.201837433841  330.576517435045
     0.233692725209   56.270618411082   16.272161783344  334.689225923725
     0.234441593823   56.150521637044   16.274703348352  334.859650722963
     0.235190462437   55.638752403016   16.248208684975  332.260942115073
     0.235939331051   54.796072544412   16.166407237351  328.268637045834
     0.236688199665   54.840475072522   16.183607136610  329.013237395930
     0.237437068279   55.181791228223   16.246268790784  333.352489007672
     0.238185936893   55.019852157314   16.255339595646  333.876566424576
     0.238934805507   54.923665883919   16.259595027126  334.026482157595
     0.239683674120   54.809265209293   16.255710697606  333.475109898729
     0.240432542734   54.797189690728   16.262759483990  333.442571199178
     0.241179888709   54.575933451779   16.262182642357  333.261136597908
     0.241852625384   54.326638494465   16.256907214935  332.872947204009
     0.242525362058   54.263380148595   16.266765878359  333.220813495080
     0.243198098732   54.639962962285   16.333969638019  337.481451508115
     0.243870835406   54.656827310741   16.340894139448  337.430304107444
     0.244543572080   54.615539056038   16.341877317787  337.303605934832
     0.245206212880   54.410748588428   16.337726005322  336.835232468887
     0.245811643730   54.291713726794   16.338069418952  336.458904757812
     0.246398831919   54.421785391927   16.361080739306  338.392782876337
     0.246970764733   54.816541688576   16.435650195496  342.396644893737
     0.247542697548   54.687603595027   16.438193355087  342.431591463846
     0.248114630362   54.476856830512   16.433492315196  342.174613845995
     0.248682178478   54.435091533096   16.435286958762  342.155959919206
     0.249258885555   54.449434865482   16.435605863156  341.848842409271
     0.249844774380   54.371112436626   16.433927943545  341.377454139850
     0.250435094917   54.320118605350   16.432919787224  341.048550167276
     0.251025154481   54.254950670875   16.439450766203  341.141858234492
     0.251614904834   54.113509060288   16.439210694307  340.888816186112
     0.252204415256   54.002436215551   16.443435054426  341.028067534715
     0.252835679842   53.855817245823   16.443803502774  341.166911876906
     0.253359273270   53.501157798947   16.427024896054  340.484468114426
     0.253735058027   53.295104963447   16.419923883395  340.130714726713
     0.254110842784   53.245058705378   16.416938656848  340.287074681480
     0.254486627541   53.466327251985   16.447809645963  343.152362144007
     0.254862412298   53.655436063320   16.516813867917  346.115545504734
     0.255238197055   53.636362818967   16.531354372354  346.151763754537
     0.255613981812   53.551408557858   16.516886812033  345.446230865801
     0.255989766569   53.575402819865   16.526283640067  345.992697906596
     0.256365551326   53.555413951075   16.540204819286  346.763394855840
     0.256876651638   53.243412044755   16.527240972794  346.210074208027
     0.257439514966   53.147471994706   16.523403424803  345.947390695904
     0.258007580894   53.257347862497   16.520950539043  345.503589369661
     0.258422932937   53.352821868564   16.518049439209  345.219861893526
     0.258774918004   53.380500230489   16.534198101985  345.612796455634
     0.259126903072   53.460749782722   16.557211431267  347.377691230171
     0.259478888139   53.719534684935   16.601615039859  350.777146378006
     0.259830873207   53.919640561848   16.658831579824  352.990478065368
     0.260182858274   53.928066667635   16.675694618640  353.213515933855
     0.260534843342   53.776423171125   16.661070774862  352.549316299897
     0.260774193188   53.653812803782   16.652556268961  352.134160764620
     0.261282821493   53.512034262863   16.643750067444  351.670825763977
     0.261830018954   53.550625197809   16.651043885769  351.829428029333
     0.262245203010   53.384502305062   16.635064842284  350.878819680874
     0.262656856289   53.230232362603   16.608320259901  349.696840904487
     0.263058157202   53.271264938800   16.617175849534  349.679213725035
     0.263476338577   53.640792521334   16.672398103631  352.950481303717
     0.263901195186   53.953160743366   16.726970600778  355.576482597486
     0.264325885226   53.935229200567   16.724218902820  354.908119672015
     0.264750450795   53.842334504347   16.713158336758  353.982072555024
     0.265174900655   53.792326010138   16.713847049738  353.942268885223
     0.265726037614   53.677551130441   16.712476894405  353.776064508426
     0.266223933596   53.373433966483   16.697759866044  353.144255266422
     0.266721829579   53.068270680265   16.678885240411  352.228566260477
     0.267158359394   53.203762606507   16.690787886492  354.084914366553
     0.267596223332   53.590821008019   16.757955438029  357.774828459918
     0.268046423646   53.704067780381   16.769514735265  357.822031695873
     0.268479027744   53.607516425972   16.769217086802  357.558163446660
     0.268902348409   53.496743685447   16.778368569810  358.410207343407
     0.269325524842   53.308883264962   16.775251231835  358.583018817755
     0.269748581569   53.136160729451   16.765933433089  358.064011673773
     0.270171533431   53.209834439743   16.778802112097  358.395964454549
     0.270594337802   53.203261081774   16.781216838532  358.287934667736
     0.271017015274   53.078625723118   16.769312394903  357.556466412085
     0.271439595264   52.949766301761   16.762338234788  357.111836964508
     0.271960615348   52.909749271857   16.764954071693  357.020544960831
     0.272385972830   52.902237107183   16.769436164925  357.076517775758
     0.272791274034   52.689878737670   16.755852747208  356.016303396042
     0.273193069783   52.745574917872   16.756065849126  356.768170843887
     0.273608248935   53.222580802988   16.833954732344  361.580825709602
     0.274030082271   53.378006301503   16.871117950956  363.273654369114
     0.274451784693   53.254337228247   16.865939475740  362.988988978461
     0.274873354530   53.174799875872   16.868900726317  363.440777620708
     0.275291441158   53.108834682707   16.876713156731  364.030081194388
     0.275712782328   52.910386055710   16.868288841630  363.575906741192
     0.276133990763   52.886971618534   16.869066748160  363.629384382399
     0.276555081897   52.988806950056   16.883620324724  364.267264949606
     0.276976067518   52.890559473060   16.876089258137  363.731057416626
     0.277386815998   52.871942708151   16.875640023708  363.663252451327
     0.277780623572   52.908945108165   16.885551722460  364.165982750101
     0.278184434674   52.781442212842   16.881448519200  363.916344114236
     0.278588120863   52.694941870844   16.875867035178  363.466548795310
     0.278978240869   52.665410942410   16.872124062094  362.992671789063
     0.279480431230   52.627727739770   16.863393009055  361.985916929328
     0.279936273468   52.595248276024   16.856356413020  361.011129510859
     0.280392115705   52.634196720776   16.860906768888  360.750625752478
     0.280847957942   52.748932986356   16.870541357340  362.382090244523
     0.281303800180   52.929783451936   16.931536616787  366.644206737780
     0.281759642417   53.066881748393   16.967079599033  368.609219221958
     0.282215484654   52.868651368988   16.958606857442  368.155903918526
     0.282671326891   52.667851502069   16.943264918690  367.563351925948
     0.283127169129   52.798360670574   16.957290233376  368.216982929256
     0.283583011366   52.863623960060   16.966970924893  368.505228307643
     0.284038853603   52.668752462949   16.954872203351  367.689041347224
     0.284459335729   52.557818831705   16.938233467106  366.536117425210
     0.284868048807   52.724522555050   16.945414447414  366.532931261414
     0.285273294293   52.813808848723   16.953122497337  366.536666201492
     0.285688465013   52.629846670339   16.943016292376  365.826874244091
     0.286205013663   52.427920865699   16.933592391614  365.046936934969
     0.286653531004   52.499455225907   16.939063451439  364.924756732847
     0.287065578213   52.517061856375   16.943497534533  364.847937587059
     0.287477625423   52.485466351930   16.947488071088  366.420624439892
     0.287889672632   52.650264846719   17.006173455865  370.312080862693
     0.288301719842   52.826766251182   17.038256674606  371.900155310184
     0.288713767052   52.825436332801   17.047706101702  372.454139283640
     0.289105253697   52.696349310308   17.047499056681  372.459234303940
     0.289477079663   52.516097360123   17.038524662898  371.978692284788
     0.289845705737   52.504404857909   17.036775878440  371.786487887375
     0.290220217914   52.577604782441   17.044717618960  372.161243765188
     0.290604358085   52.577576932168   17.049716488622  372.375260837405
     0.290929372942   52.562855195548   17.052338213241  372.454704944825
     0.291324414805   52.556119426205   17.052830212040  372.414355302892
     0.291741281190   52.537422741908   17.047917708725  371.852434967381
     0.292158037722   52.508901421760   17.036575560329  370.739863100656
     0.292624751077   52.512038900062   17.029355484045  369.653438038025
     0.293028404678   52.585149342405   17.031685161910  369.262674808791
     0.293432058280   52.625239973621   17.037648854052  369.330125579973
     0.293835711881   52.556152009183   17.034398069232  370.049879981410
     0.294154244872   52.651580206489   17.070540589852  373.050151219692
     0.294565075447   52.942377992365   17.124841507126  376.155426255099
     0.295056849558   53.054018474009   17.140387068380  376.950517462196
     0.295472296158   52.870449787709   17.142861068920  376.969602090011
     0.295842163003   52.686668093424   17.138492864745  376.702621875797
     0.296247849788   52.473888015766   17.102365690055  374.772588091042
     0.296630177421   52.230527108548   17.060073098719  371.630309068627
     0.296897712302   52.002774251100   17.037290353896  370.255155284124
     0.297173664856   51.737302862309   17.021595644489  369.180592459289
     0.297485146315   51.556608136067   17.002516384902  368.197690211605
     0.297794071963   51.606960180876   17.005912098723  368.392569517654
     0.298100459821   51.899200947663   17.053958603699  371.457830673994
     0.298406786693   52.159727732307   17.112408441800  374.305761947717
     0.298764692019   52.268275515222   17.118054828982  374.315973723776
     0.299231417782   52.193703646830   17.102710168444  373.306554643930
     0.299698014352   52.196540840111   17.103330663771  372.913188823294
     0.300154545822   52.263275496472   17.105013894575  372.598971947358
     0.300573784067   52.404061148642   17.120963720329  374.314716463503
     0.300993022313   52.438924998554   17.155868033946  376.524827721880
     0.301412260559   52.084108652835   17.109222678200  373.691479013348
     0.301831498805   51.893239989874   17.093335572612  373.137058652423
     0.302234211576   51.768047229049   17.095579315726  373.618748844594
     0.302641296820   51.496940551711   17.077298025128  372.570467817146
     0.303023295424   51.403485178690   17.070142124193  372.129348480409
     0.303398534035   51.462082237825   17.080984301225  372.428462417620
     0.303787747265   51.376290912597   17.082341611716  372.138284515632
     0.304164558636   51.327847192212   17.086505375356  372.402008511295
     0.304556088120   51.237703188300   17.091280293507  373.001724965881
     0.304952151277   51.033011734737   17.079881570829  372.670622854842
     0.305345969751   50.866338907839   17.071711383036  372.425034247532
     0.305759123463   50.824100258988   17.071470577535  372.151447408351
     0.306172181381   50.806369512030   17.072383950530  372.014393430962
     0.306585140606   50.754667330318   17.076829177464  372.169076478429
     0.306997997708   50.565616599156   17.065564450573  371.744200387881
     0.307410747131   50.567685725986   17.069977434230  372.560883000758
     0.307823390153   50.424275855093   17.073151402625  373.255718568647
     0.308235936199   50.132221699022   17.059184768687  372.772745568459
     0.308648370899   50.080985368356   17.063545512876  373.208201733264
     0.309060703833   50.083413750313   17.068963195873  373.234187568056
     0.309434718117   49.970226084121   17.057553898865  372.258268891780
     0.309816220886   49.923077788233   17.055165469921  372.030215586725
     0.310198659308   49.898165758126   17.058580932126  372.120702962355
     0.310571632462   49.875084403556   17.062842340917  372.319272924745
     0.310932579510   49.822080610494   17.071221467511  372.709457208515
     0.311326836222   49.625141025114   17.061255434260  372.307236166369
     0.311713775166   49.518663355259   17.058260158336  372.282451196442
     0.312091429202   49.456376564914   17.059983459257  372.374062380383
     0.312454375856   49.345713128341   17.053587394206  371.967653012012
     0.312806067551   49.214156876153   17.042260936780  371.446632546432
     0.313189253532   49.150993457297   17.044351248139  371.607945407834
     0.313572439513   49.122531502070   17.054237672909  372.325381174358
     0.313955625495   48.939829075410   17.051431367147  372.425373902022
     0.314338811476   48.730507580343   17.041317751050  372.236743160929
     0.314878639384   48.728617226801   17.059949353086  373.857527891365
     0.315396557599   48.584382578680   17.074654261499  375.062724687837
     0.315914475814   48.295100337076   17.062148296740  374.528793510009
     0.316413603376   47.851119416672   16.985965274941  369.705488543912
     0.316692651024   47.595644431230   16.949600683975  367.680829673503
     0.316985978914   47.422610575207   16.935148204228  366.829125876735
     0.317291253869   47.319646689747   16.933342583850  366.466571663036
     0.317598940051   47.359148150490   16.946747925232  367.241978946653
     0.317906588430   47.537370221097   16.991722418135  370.366173387753
     0.318214173837   47.633339563195   17.043207998179  372.766541917063
     0.318312584756   47.646634752141   17.049337870578  372.925661039741
     0.318620084427   47.685325878579   17.045654534138  372.473717361387
     0.318922632788   47.693018932953   17.038900496322  371.962596473388
     0.319227597028   47.640345799732   17.033554003320  371.581433084730
     0.319532486934   47.614986278794   17.035898961958  371.773698840396
     0.319967603421   47.606559115491   17.050019685428  372.871404746505
     0.320424745229   47.427138978156   17.056957172193  373.822353986260
     0.320885419678   47.220721027997   17.059125746984  374.249589833181
     0.321346024133   47.058316743127   17.040255237312  373.770676658096
     0.321806482394   46.718020586325   17.000749725184  370.844200438101
     0.322266828371   46.303053171315   16.933524892082  367.593030180481
     0.322727058670   46.012548242609   16.926846556633  368.229094185206
     0.323187170617   45.879483088245   16.947382685271  369.926624759237
     0.323647198880   45.671291291424   16.956794349031  369.777164316794
     0.324107066400   45.039077152524   16.868741729587  364.835717757216
     0.324552135408   44.574633940130   16.825166489077  363.435629789737
     0.325000756561   44.306420547527   16.811899694097  362.756824351082
     0.325434569404   44.256414030693   16.800518038740  361.085016512872
     0.325894040664   44.319474063207   16.812574091905  360.998525219438
     0.326342349878   44.257454069669   16.819579334230  361.624725395872
     0.326953576564   43.908492339166   16.810186752310  363.029476176008
     0.327517509094   43.489060934347   16.811895716971  363.547754474403
     0.328075072723   43.308213640519   16.794495952203  363.101853302664
     0.328632636351   42.774814271599   16.722513056761  358.685313886363
     0.329190199980   42.182384469785   16.665016944787  356.758774838704
     0.329747763609   41.941961663310   16.657905002449  356.280189997551
     0.330305327238   41.906434678722   16.664289738951  355.214998744531
     0.330862890867   41.976518940938   16.700257097921  358.655111803324
     0.331417959397   42.077110394325   16.747142002017  361.367117179794
     0.331977774397   41.835127067212   16.741141797947  360.625874839409
     0.332537421379   41.357779176671   16.658214695475  356.063630025112
     0.333096920501   41.030050598255   16.627006068016  354.660445801932
     0.333656264133   40.894686631531   16.618298729758  353.857723877525
     0.334215439842   40.778029120053   16.613941878134  354.510171638731
     0.334974621726   40.398710015891   16.646926112566  357.446655690582
     0.335734034984   39.620592839873   16.564816370389  353.953314289663
     0.336493448242   38.762832626206   16.435495935440  348.698399344097
     0.337209734525   38.295292681850   16.437026501949  347.767946973429
     0.337920215430   37.546467524426   16.311496935184  342.479940666470
     0.338619091643   37.328328691008   16.347260717627  344.705451759799
     0.339329102567   37.027479586162   16.334979474596  344.197888331980
     0.340038886279   36.803306320578   16.325109589033  343.824270536663
     0.340748431954   36.856822447751   16.336523138401  344.274209401767
     0.341457760195   36.717941142809   16.331995755446  344.305021481730
     0.342166853731   36.542112012320   16.336409276332  344.518545865366
     0.342875705942   36.332274517870   16.306910353147  343.013076693239
     0.343584348990   36.313755567096   16.307736028361  341.722532530758
     0.344292767742   36.349303905765   16.343712483635  343.418675784361
     0.345000930120   36.283174146630   16.370289416979  345.565948157115
     0.345708902696   36.096310790786   16.364771550679  345.156002360528
     0.346416653590   35.672994384121   16.274278144006  340.883107012976
     0.347124152506   35.300707446135   16.268707188012  341.816876591056
     0.347831460001   35.057469905698   16.277651629915  342.093871646879
     0.348538535794   34.594381074891   16.203559402841  338.284532386162
     0.349242583776   33.985970699489   16.152587469718  335.674871808537
     0.349918176744   33.428407969835   16.061597406495  332.050423452440
     0.350618977513   33.128856284481   16.069999935237  331.662019707938
     0.351319612184   32.877156280706   16.034866106477  329.846559129505
     0.352025681651   32.713540904038   16.002285414292  328.055504887690
     0.352731537345   32.709679091979   16.021595273359  330.008838501259
     0.353437209245   32.793867933394   16.046722519684  331.277383181293
     0.354142676743   32.649856668438   16.038074952628  331.073809924577
     0.354847924786   32.652354742562   16.048216915358  331.505464124339
     0.355552988257   32.679481207161   16.049593824375  331.488856955810
     0.356257849628   32.606468039230   16.044210441386  331.299846093517
     0.356532683737   32.551443983528   16.041222354024  331.196171034948
     0.357237274018   32.391572602747   16.028123614870  330.010266635982
     0.357941643796   32.325734126239   16.031285714299  329.089473707849
     0.358645841048   32.511383180401   16.073624252459  332.722330005124
     0.359349836152   32.587739564329   16.109454866603  334.538065324089
     0.360053620914   32.393317634791   16.097743357044  334.092501178918
     0.360757221269   32.336469243471   16.095034610263  334.018587891290
     0.361438111836   32.321119020912   16.089569698186  333.708497137574
     0.362141312908   32.203429953190   16.079450545811  332.616894594128
     0.362844319174   32.162782683717   16.083433745696  332.511188261202
     0.363530273791   32.040402248510   16.075575833160  331.835507635421
     0.364227295276   31.950374734309   16.065921291608  331.593164243966
     0.364929736372   31.835857176660   16.076836204260  331.620333679200
     0.365631987296   31.988148885378   16.114686104566  335.147745827188
     0.366334048156   32.081340260616   16.130065556038  335.535102221952
     0.367035920936   32.025842434714   16.140888709520  334.615152199045
     0.367737601378   32.086234195961   16.163458732723  336.686377927755
     0.368439087108   32.163002315247   16.178219333750  338.291922563791
     0.369140372406   32.246139170469   16.192230415794  338.481379582398
     0.369835865886   32.140652411500   16.183243383681  337.375630314972
     0.370508741126   32.081474448802   16.176432586433  337.223229928429
     0.371164632307   31.952311135070   16.174279110806  336.546860480382
     0.371837173045   31.880526928322   16.177522026552  336.311470529952
     0.372537558895   31.894031463854   16.206920011056  338.857115412315
     0.373237747837   31.889556728803   16.214768824997  340.207832702035
     0.373937752446   31.865338095319   16.222825298822  340.732487816482
     0.374637572664   31.816117644910   16.223043975590  340.776090557522
     0.375337205806   31.748973620207   16.215400611823  340.522930596156
     0.376036644630   31.790501322334   16.226538005113  341.035429549207
     0.376735894514   31.697794331610   16.202056263614  339.807807624203
     0.377434974894   31.726607203249   16.209954203239  338.890331173695
     0.378133853686   31.917427662800   16.251607499506  340.883175655605
     0.378832552831   32.013798636344   16.274165521275  343.272309524995
     0.379531064894   32.163861392793   16.297780517377  344.459121748871
     0.380229392706   32.112131956655   16.289514885990  343.994925179826
     0.380927531953   32.113147567111   16.300825812955  344.600812198033
     0.381625485494   32.037677525287   16.281977254321  343.567474716318
     0.382323258149   32.001469041217   16.278770487181  343.084903153504
     0.383020849955   31.975853362915   16.278591848661  342.836559734348
     0.383718258863   31.940744086056   16.281747965605  343.607055852218
     0.384415481220   31.860339114390   16.285787338970  343.845069857832
     0.385095783775   31.823168630539   16.279969450565  343.125985198778
     0.385759194136   31.803417655874   16.287285882970  342.233405288927
     0.386455897165   31.795767758618   16.293866314096  342.116858399004
     0.387152414426   31.737139790455   16.300355629784  342.812930085484
     0.387848746833   31.861168370795   16.329367064660  345.750965155500
     0.388544910533   31.957433487188   16.349137224383  346.991769713212
     0.389240894241   31.903750116519   16.347267213000  346.944100548070
     0.389936691256   31.871105530760   16.344478664253  346.828181197550
     0.390632311298   31.882230777834   16.342566432570  346.708623036712
     0.391327758807   31.884637877508   16.340846467850  346.577114259568
     0.392023026336   31.884552096370   16.350453047018  347.059377685771
     0.392718109023   31.847351895893   16.351368990118  347.121200397946
     0.393413028813   31.833225623875   16.350964493977  346.591688980025
     0.394107765704   31.810847178905   16.361047701892  345.668826641141
     0.394802329361   31.993193253493   16.396697771216  348.703563003143
     0.395496713944   32.137595171512   16.426492158225  350.837617039992
     0.396190920273   32.112338361731   16.423636275681  350.849480055023
     0.396884957431   32.173726471774   16.446321491792  351.883014551829
     0.397578817169   32.121463950389   16.443967290267  351.726420303432
     0.398272501785   32.060534779381   16.443063645285  351.648681308166
     0.398966012007   32.053180994791   16.441817045392  351.479656986323
     0.399305767551   32.025474861301   16.435671766464  351.155266419336
     0.399999020365   32.059258556864   16.442178829699  351.637601745624
     0.400692093637   32.060736690354   16.444334794575  351.663420529512
     0.401384995490   32.056923137386   16.445981202068  351.626343492679
     0.402077727761   32.071632776255   16.449388313595  351.592451236741
     0.402770287135   32.021713211144   16.448970283853  351.093336361445
     0.403462668911   31.950259864118   16.457821143272  350.140303699964
     0.404154890206   32.184219918199   16.498273748562  353.347667565744
     0.404846940733   32.232152341878   16.516350949211  355.038249932787
     0.405538812651   32.223590556077   16.525902616838  355.436416857894
     0.406230513753   32.230845729817   16.533165357323  355.752642936921
     0.406922050659   32.188987189054   16.528219344666  355.585917267027
     0.407613417783   32.151070355289   16.524798823435  355.400538706405
     0.408304604331   32.159427548944   16.525195108595  355.562773867339
     0.408995620152   32.195657864950   16.521974005285  355.386967147807
     0.409686467460   32.231942349114   16.527679968738  355.477817098945
     0.410190672594   32.237255000155   16.530338517771  355.089011614633
     0.410721378558   32.262587047848   16.536539888556  354.812707114933
     0.411259478023   32.229937100540   16.542113943066  354.489835493998
     0.411784436646   32.110141022774   16.556180845056  353.977515206894
     0.412313677739   31.780725034040   16.486160941469  349.440481947682
     0.412803746479   31.726891342624   16.480438010560  349.781279520905
     0.413280774712   31.875915224671   16.515692937988  351.870104240449
     0.413770676440   31.889197313504   16.526830883594  352.540733443365
     0.414269199471   31.924200816647   16.536612117989  353.039359696345
     0.414810944383   31.885018244988   16.537858672727  352.960208754788
     0.415352600151   31.862258551098   16.526745357763  352.041370075954
     0.415894161574   31.728087235622   16.481978243165  349.666919636729
     0.416435590318   31.672689825151   16.476030916953  349.487239159179
     0.416976950824   31.705155060808   16.484370729232  349.663780184045
     0.417518179120   31.723898992682   16.492935379093  349.804252267284
     0.418059330311   31.795295234434   16.506492666549  350.321146994793
     0.418587392711   31.811975021116   16.517700591150  351.024572666189
     0.419111018043   31.944890479036   16.554556009205  353.436831666239
     0.419651875924   32.020170000480   16.575733574483  354.692688278480
     0.420192598336   32.084833116499   16.591984727152  355.600667730793
     0.420733247273   32.130860312527   16.600937323220  356.106985915128
     0.421226200706   32.103335908342   16.603314759636  356.203919308487
     0.421736380003   32.081520447339   16.603570234122  356.154770687033
     0.422276724110   31.967744472702   16.593268243619  355.377527510404
     0.422816957925   31.879838857559   16.563322266210  353.249801329213
     0.423357117204   31.714143999414   16.525295874781  351.265637216632
     0.423897152071   31.714330484118   16.529165867849  351.335192758583
     0.424432784168   31.860346291492   16.564520161837  353.579494673463
     0.424972628149   32.003758374736   16.603362329755  356.157444896352
     0.425512362495   32.113684956536   16.628142797808  357.526227575348
     0.426052012325   32.124942494129   16.635665356299  357.965371996861
     0.426587225687   32.124998718108   16.642003330574  358.143657023504
     0.427113727220   32.096304714338   16.638799204476  357.856582572485
     0.427640122257   32.028941918525   16.632637553916  357.520889356366
     0.428175051120   32.007061624179   16.629299755892  357.310844662695
     0.428714200065   31.987935837696   16.628424839042  357.316578550013
     0.429253235181   32.012304412919   16.634354345872  357.683907596024
     0.429792185452   32.035419962878   16.640959372467  358.015228421889
     0.430331023511   32.071797579924   16.651460407435  358.542983252294
     0.430869767242   32.099280472813   16.655177967479  358.762381735185
     0.431408414749   32.093917865089   16.657248855825  358.853931265522
     0.431946953137   32.104705067748   16.661291179231  359.090272408829
     0.432485404747   32.102215050236   16.663779840780  359.240597044930
     0.433023746520   32.105516891001   16.667799884980  359.490553294503
     0.433561994120   32.107382557991   16.671081817942  359.663834307170
     0.434100144019   32.112142021890   16.673402977477  359.803770957727
     0.434638186298   32.143883672491   16.679297006034  360.138187811648
     0.435176139982   32.163412205544   16.684191180735  360.375758411799
     0.435713983957   32.184505487298   16.688879147380  360.601425309155
     0.436251733840   32.204084902526   16.692632137816  360.735855168194
     0.436759278354   32.205281044629   16.694914161650  360.808560599572
     0.437249529458   32.223157842900   16.698077724338  360.911443690848
     0.437748301776   32.226470897335   16.700924851989  360.938419171248
     0.438285667748   32.244967206832   16.706021585584  361.014193068731
     0.438822940763   32.249398541128   16.705105350100  360.754077720399
     0.439360107775   32.253712498915   16.704185868261  360.568088456942
     0.439884287282   32.241842196783   16.701401725201  360.243476595451
     0.440365418241   32.231709642473   16.702117979241  360.048397604784
     0.440885122703   32.233065383588   16.704898300719  359.859959364247
     0.441400448604   32.234023861714   16.710362468144  359.846257078200
     0.441937144695   32.239934303676   16.720385988155  360.329571075729
     0.442473744226   32.306847435891   16.747113707010  362.320624260247
     0.443010244540   32.361881460022   16.766259312406  363.678052377111
     0.443546639326   32.378494171874   16.774991114922  364.274362808067
     0.444082944068   32.344855163206   16.775514781706  364.351629818918
     0.444619146976   32.299640468510   16.774867707250  364.270401630977
     0.445150969000   32.247959074605   16.771149868502  363.974326470415
     0.445686982155   32.194160326991   16.764672805839  363.549283565040
     0.446222899669   32.178688001512   16.761818872600  363.358961182505
     0.446758719443   32.183138277163   16.765615693565  363.636779539911
     0.447294444095   32.227185500781   16.776877865610  364.270485734855
     0.447680103951   32.243262219973   16.782033063222  364.592916974816
     0.448215664967   32.266746396014   16.787649658326  364.930440618540
     0.448751125194   32.281923655880   16.793249739013  365.250218025573
     0.449286491948   32.327022047488   16.803511611782  365.732408088997
     0.449821763992   32.297119639008   16.804276427750  365.788965983728
     0.450356937534   32.257643158349   16.802212482856  365.629912004933
     0.450892019385   32.218755193658   16.796750340014  365.388261025015
     0.451427004092   32.235534936144   16.800102729088  365.586210548189
     0.451961892763   32.254823551058   16.804675276203  365.942243757753
     0.452496688919   32.266509009420   16.810777344979  366.345709902552
     0.453031386259   32.283303277015   16.814554237791  366.614565361639
     0.453565991500   32.296721455302   16.819246257875  366.880919382082
     0.454100500677   32.313063447093   16.823732341530  367.160217332745
     0.454634912568   32.324722524782   16.827232140455  367.376255576648
     0.455169232945   32.323401320373   16.830388539254  367.578191822830
     0.455703454901   32.323226111099   16.832258505527  367.723004024182
     0.456237584139   32.320396651384   16.834293948145  367.823721120265
     0.456771619692   32.323672368334   16.836983607672  367.934528614386
     0.457305558504   32.330286299611   16.839873024450  368.037117432684
     0.457839405747   32.332900160838   16.842149631802  368.111611115625
     0.458373156349   32.334966301375   16.844605136242  368.184497085990
     0.458906812275   32.339761093371   16.846904510923  368.231833487749
     0.459440374372   32.344688788119   16.848371156441  368.224266240698
     0.459973839681   32.356586158543   16.849736928698  368.181925546225
     0.460507210251   32.358929423850   16.849602162555  368.000595742057
     0.461040486826   32.358350417578   16.851100131741  367.809297044587
     0.461573666114   32.341815055697   16.850119141794  367.498616346040
     0.462102488387   32.326589672505   16.850286484550  367.245710918480
     0.462622693510   32.310316202759   16.851290283413  367.021849489546
     0.463155600827   32.305863869057   16.854882457880  366.994453112173
     0.463688417558   32.305902313709   16.865246596207  367.531935677773
     0.464221137623   32.353515739033   16.890696751003  369.376655862665
     0.464753761212   32.376179433638   16.906481748115  370.504793726793
     0.465286295985   32.372114921887   16.912760876194  370.971018491826
     0.465818736383   32.338728097969   16.910471878632  370.902428570763
     0.466351087230   32.267140344195   16.906189467920  370.604122140355
     0.466870573596   32.200408556875   16.899157552506  370.101771881895
     0.467381459838   32.176109855806   16.894589466898  369.784115978576
     0.467900772347   32.158964216173   16.893859693564  369.725765313884
     0.468424256917   32.166430787094   16.898031706466  370.000989001972
     0.468956158412   32.209638469399   16.908777041355  370.670343256416
     0.469487970216   32.262540204237   16.920337322391  371.363240195090
     0.470019691066   32.286582765833   16.926643450216  371.798740345174
     0.470551320595   32.286308070922   16.930063544964  371.954314844798
     0.471082859160   32.276756693801   16.931247582127  372.046583036329
     0.471614307106   32.275984297639   16.931515484976  372.095002601795
     0.472145663326   32.287808157115   16.935778739189  372.393920257017
     0.472676931726   32.303806239479   16.941040818808  372.625207058777
     0.473208106099   32.274423311452   16.940213254226  372.668333479990
     0.473739191783   32.282050246143   16.943698143180  372.793372846832
     0.474270187197   32.312891241023   16.950055973547  373.238492621399
     0.474801089763   32.331143588448   16.957259847626  373.691356604713
     0.475331905503   32.318820722689   16.959610953243  373.820542055422
     0.475862629297   32.302159187499   16.959595577158  373.804368290073
     0.476393262772   32.306393584243   16.960480672887  373.884041161110
     0.476919563993   32.313743928336   16.963364836381  374.111105401049
     0.477450017399   32.326694015924   16.967411688923  374.410087178008
     0.477980381758   32.331697304955   16.972005696980  374.684634484914
     0.478510656164   32.335165617564   16.976315144600  374.927522342424
     0.479040838786   32.342097299302   16.979141178665  375.089525866996
     0.479570933227   32.347202326850   16.981107610219  375.167034868258
     0.480100937369   32.349390757644   16.983197478344  375.235827506295
     0.480630849960   32.356105346523   16.984386556366  375.270176623159
     0.481160674328   32.355324107471   16.985825292211  375.302088550638
     0.481690406289   32.354859717331   16.988400983808  375.353113186612
     0.482220047657   32.363385821489   16.990713627969  375.332996645563
     0.482749598249   32.370216967759   16.990240745771  375.161577025059
     0.483279056661   32.367167802568   16.992663968417  375.017495132205
     0.483808424417   32.346455040950   16.991406762966  374.667651225456
     0.484337703491   32.329990176207   16.993233634246  374.443346562404
     0.484866896834   32.319969027383   16.996692764182  374.303793641849
     0.485396001053   32.323241187039   17.006526625934  374.624533071382
     0.485925014370   32.373987202054   17.030389568558  376.245318370464
     0.486099568730   32.394387491695   17.038710816325  376.882768341993
     0.486628462851   32.437551508913   17.058385659111  378.292529676137
     0.487157269330   32.444362162398   17.066634539536  378.868430926392
     0.487685984331   32.410341343887   17.066572560457  378.917142750593
     0.488214612616   32.360813563890   17.062673908613  378.707647752561
     0.488743144739   32.306402004034   17.057907991498  378.435999822420
     0.489271593370   32.308601356172   17.059880014269  378.525515741127
     0.489799950572   32.286365780027   17.058431269739  378.486224788111
     0.490328222986   32.288650598439   17.062755656832  378.713937400893
     0.490856410129   32.308956730268   17.067097490330  378.994605933150
     0.491384504485   32.339553385354   17.073898214295  379.405059844137
     0.491912515863   32.360176013532   17.080630215817  379.760562751728
     0.492440436574   32.329187745972   17.077679512426  379.646430871228
     0.492968268892   32.362700513842   17.086227419518  380.059187279564
     0.493496015533   32.343187473705   17.084215397634  380.018174131238
     0.494023670716   32.354873516299   17.090464992241  380.395338539534
     0.494551240788   32.363126493421   17.091085112155  380.449959242065
     0.495078724483   32.376516513376   17.099592732614  380.966075900652
     0.495606119317   32.328211163749   17.097159292240  380.714208800426
     0.496133428651   32.292384471993   17.091940986047  380.446843641564
     0.496660650885   32.329380748191   17.096017568781  380.704468486519
     0.497187784047   32.371447406796   17.103390404604  381.355737128515
     0.497714832597   32.397993616658   17.112412938490  381.916559020410
     0.498241794768   32.400479673691   17.116196483456  382.114747008496
     0.498768668699   32.380664865491   17.116438993137  382.090834334355
     0.499295458410   32.359268783111   17.115968371737  382.029184754805
     0.499822160871   32.349225017262   17.116561940854  382.089663654059
     0.500017019363   32.346167508523   17.116675415879  382.117990804063
